Time	totMass	NInd	abovemass	belowmass	mean_ares	mean_bres	shannon	meanShannon	NPFT	meanNPFT	Cutted	NNonClonal	NClonal	mean_generation	mean_genet_size	NGenets
1	478.2	0	239.1	239.1	100	60	0	0.778739	39	37.9	0	25	2197	1	0.881072	1965
2	8952.22	0	3509.99	5442.23	100	60	0	0.778739	39	37.9	0	25	2197	1	0.874713	1965
3	41905.8	0	19517.2	22388.6	100	60	0	0.778739	39	37.9	0	25	2197	1	0.872967	1965
4	123754	0	57999.3	65754.8	100	60	0	0.778739	39	37.9	0	25	2197	1	0.872407	1965
5	272571	0	127459	145113	100	60	0	0.778739	39	37.9	0	25	2197	1	0.876068	1965
6	479310	572	224901	254409	100	60	2.5036	0.778739	39	37.9	0	25	2197	1.00529	0.880565	1965
7	693390	794	328444	364945	100	60	3.21184	0.778739	39	37.9	0	25	2197	1.01282	0.889888	1965
8	875193	850	419684	455509	100	60	3.3689	0.778739	39	37.9	0	25	2197	1.02148	0.9	1965
9	1.01349e+006	810	492473	521022	100	60	3.20759	0.778739	39	37.9	0	25	2197	1.04541	0.928483	1965
10	1.11365e+006	771	547563	566085	100	60	3.06929	0.778739	39	37.9	0	25	2197	1.06783	0.957254	1965
11	1.18921e+006	741	590552	598657	100	60	3.02126	0.778739	39	37.9	0	25	2197	1.07039	0.956873	1965
12	1.24268e+006	719	621783	620901	100	60	2.94664	0.778739	39	37.9	0	25	2197	1.09122	0.98613	1965
13	1.27729e+006	699	642607	634682	100	60	2.91568	0.778739	39	37.9	0	25	2197	1.10811	1.00144	1965
14	1.31634e+006	693	666271	650069	100	60	2.93698	0.778739	39	37.9	0	25	2197	1.13022	1.01757	1965
15	1.34934e+006	686	684865	664478	100	60	2.94146	0.778739	39	37.9	0	25	2197	1.14485	1.03715	1965
16	1.37895e+006	675	691094	667728	100	60	2.9085	0.778739	39	37.9	0	25	2197	1.16319	1.05909	1965
17	1.40784e+006	673	697277	671715	100	60	2.92432	0.778739	39	37.9	0	25	2197	1.18464	1.07692	1965
18	1.44135e+006	671	712211	685146	100	60	2.97797	0.778739	39	37.9	0	25	2197	1.1726	1.05763	1965
19	1.46103e+006	671	722656	693340	100	60	3.08151	0.778739	39	37.9	0	25	2197	1.16501	1.04114	1965
20	1.4646e+006	660	725386	695070	100	60	3.10066	0.778739	39	37.9	0	25	2197	1.16232	1.02903	1965
21	1.43145e+006	657	731424	700022	100	60	3.1475	0.778739	39	37.9	0	25	2197	1.15976	1.02142	1965
22	1.43413e+006	658	734141	699991	100	60	0.78256	0.778739	39	37.9	0	25	2197	1.02829	0.895991	1965
23	1.45385e+006	647	739074	714772	100	60	0.79366	0.778739	39	37.9	0	25	2197	1.02769	0.903664	1965
24	1.46849e+006	639	744073	724421	100	60	0.80338	0.778739	39	37.9	0	25	2197	1.0314	0.926475	1965
25	1.4498e+006	619	734340	715462	100	60	0.863638	0.778739	39	37.9	0	25	2197	1.03705	0.954322	1965
26	1.46078e+006	607	739093	721686	100	60	1.00178	0.778739	39	37.9	0	25	2197	1.04792	0.979497	1965
27	1.4849e+006	1456	748387	736510	100	60	2.36082	0.778739	39	37.9	0	25	2197	1.06612	1.00411	1965
28	1.51684e+006	1372	762563	754279	100	60	2.52685	0.778739	39	37.9	0	25	2197	1.08158	1.01572	1965
29	1.54278e+006	1282	773410	769373	100	60	2.58203	0.778739	39	37.9	0	25	2197	1.0932	1.02955	1965
30	1.17165e+006	1242	391630	780021	100	60	2.24871	0.778739	39	37.9	0	25	2197	1.34755	1.43787	1965
31	1.17208e+006	1058	456727	715251	100	60	1.01478	0.778739	39	37.9	0	25	2197	1.09324	0.992021	1965
32	1.1235e+006	873	470410	652874	100	60	0.821566	0.778739	39	37.9	0	25	2197	1.0677	0.957354	1965
33	1.06282e+006	735	460564	602062	100	60	0.675519	0.778739	39	37.9	0	25	2197	1.05075	0.927475	1965
34	1.05834e+006	665	470067	588081	100	60	0.81622	0.778739	39	37.9	0	25	2197	1.06055	0.946847	1965
35	772655	700	220447	552090	100	60	1.05352	0.778739	39	37.9	0	25	2197	1.0735	0.981879	1965
36	807095	819	284075	523020	100	60	1.50667	0.778739	39	37.9	0	25	2197	1.08877	1.01562	1965
37	830503	910	332234	498269	100	60	1.96363	0.778739	39	37.9	0	25	2197	1.09537	1.02302	1965
38	822338	1014	352155	470183	100	60	2.58004	0.778739	39	37.9	0	25	2197	1.11372	1.03625	1965
39	835173	824	374701	460473	100	60	2.61039	0.778739	39	37.9	0	25	2197	1.1318	1.04336	1965
40	541397	657	138565	402833	100	60	2.61626	0.778739	39	37.9	254993	25	2197	1.14959	1.04235	1965
41	495715	607	95310.8	400405	100	60	2.66364	0.778739	39	37.9	254993	25	2197	1.17223	1.0656	1965
42	519734	525	147104	372630	100	60	2.80581	0.778739	39	37.9	254993	25	2197	1.19269	1.07469	1965
43	571051	492	205949	365102	100	60	2.89357	0.778739	39	37.9	254993	25	2197	1.21682	1.08909	1965
44	570642	414	234329	336313	100	60	2.94617	0.778739	39	37.9	254993	25	2197	1.22551	1.08245	1965
45	561539	377	252648	308891	100	60	2.94248	0.778739	39	37.9	254993	25	2197	1.26087	1.09827	1965
46	412845	335	129084	282011	100	60	2.94656	0.778739	39	37.9	254993	25	2197	1.28448	1.09904	1965
47	430016	305	163578	257979	100	60	2.95455	0.778739	39	37.9	254993	25	2197	1.29114	1.10526	1965
48	463244	287	197920	254117	100	60	2.96888	0.778739	39	37.9	254993	25	2197	1.30717	1.1037	1965
49	467455	260	212753	241574	100	60	2.9459	0.778739	39	37.9	254993	25	2197	1.34615	1.13169	1965
50	461462	246	216714	232938	100	60	3.04928	0.778739	39	37.9	254993	25	2197	1.33613	1.11712	1965
51	331456	233	109152	222305	100	60	3.11952	0.778739	39	37.9	254993	25	2197	1.33333	1.13433	1965
52	275820	220	57695.1	218125	100	60	0.120017	0.778739	39	37.9	346785	25	2197	1.00546	0.930012	1965
53	429084	203	137707	291376	100	60	0.0947289	0.778739	39	37.9	346785	25	2197	1.00427	0.928748	1965
54	633017	191	236710	396307	100	60	0.0964241	0.778739	39	37.9	346785	25	2197	1.00443	0.938924	1965
55	673608	163	263750	409859	100	60	0.0955407	0.778739	39	37.9	346785	25	2197	1.00438	0.948836	1965
56	644689	143	265124	379566	100	60	0.103384	0.778739	39	37.9	346785	25	2197	1.00509	0.957188	1965
57	698627	2554	300560	398067	100	60	1.42062	0.778739	39	37.9	346785	25	2197	1.00707	0.964041	1965
58	786771	2268	347484	439287	100	60	1.63103	0.778739	39	37.9	346785	25	2197	1.00967	0.967633	1965
59	817753	1903	365000	452753	100	60	1.89768	0.778739	39	37.9	346785	25	2197	1.01342	0.971837	1965
60	648263	1750	190211	458052	100	60	2.05504	0.778739	39	37.9	346785	25	2197	1.10153	1.12536	1965
61	710472	1398	266102	444090	100	60	1.29438	0.778739	39	37.9	0	25	2197	1.05384	1.00195	1965
62	766686	1168	318968	447314	100	60	1.09369	0.778739	39	37.9	0	25	2197	1.03865	0.97675	1965
63	634181	941	174258	459674	100	60	0.951111	0.778739	39	37.9	0	25	2197	1.03013	0.966757	1965
64	725213	831	254744	470118	100	60	1.01647	0.778739	39	37.9	0	25	2197	1.035	0.970782	1965
65	802618	774	321089	481212	100	60	1.11891	0.778739	39	37.9	0	25	2197	1.04112	0.981548	1965
66	869528	1392	371431	498097	100	60	1.95752	0.778739	39	37.9	0	25	2197	1.04501	0.991551	1965
67	899684	1383	399306	500378	100	60	2.17408	0.778739	39	37.9	0	25	2197	1.05195	1.00126	1965
68	884538	1272	403171	481366	100	60	2.38052	0.778739	39	37.9	0	25	2197	1.05643	1.00241	1965
69	872352	1058	406754	465598	100	60	2.3253	0.778739	39	37.9	0	25	2197	1.06752	1.01257	1965
70	671444	920	217780	453665	100	60	2.35275	0.778739	39	37.9	209963	25	2197	1.08006	1.02899	1965
71	686137	803	261898	424239	100	60	2.41077	0.778739	39	37.9	209963	25	2197	1.07747	1.01916	1965
72	696381	712	293887	402494	100	60	2.54024	0.778739	39	37.9	209963	25	2197	1.09041	1.03333	1965
73	690677	639	310716	379961	100	60	2.62451	0.778739	39	37.9	209963	25	2197	1.12304	1.06006	1965
74	677742	580	317812	359930	100	60	2.70845	0.778739	39	37.9	209963	25	2197	1.14634	1.06239	1965
75	651218	525	314068	337150	100	60	2.78713	0.778739	39	37.9	209963	25	2197	1.15371	1.06139	1965
76	625839	474	301810	314038	100	60	2.78348	0.778739	39	37.9	209963	25	2197	1.15914	1.06565	1965
77	586935	421	283118	286546	100	60	2.78305	0.778739	39	37.9	209963	25	2197	1.19362	1.10224	1965
78	554878	378	269448	268642	100	60	2.80022	0.778739	39	37.9	209963	25	2197	1.20253	1.09167	1965
79	508131	329	249590	242912	100	60	2.80862	0.778739	39	37.9	209963	25	2197	1.20408	1.09646	1965
80	462029	283	229310	218882	100	60	2.7916	0.778739	39	37.9	209963	25	2197	1.18605	1.0625	1965
81	426675	262	218672	208003	100	60	2.79066	0.778739	39	37.9	209963	25	2197	1.18841	1.072	1965
82	248944	233	60891.7	188052	100	60	0.111226	0.778739	39	37.9	365859	25	2197	1.0038	0.959777	1965
83	439831	220	154163	285667	100	60	0.0847688	0.778739	39	37.9	365859	25	2197	1.003	0.958599	1965
84	621892	186	240052	381840	100	60	0.0766469	0.778739	39	37.9	365859	25	2197	1.00273	0.964528	1965
85	666489	167	266085	400404	100	60	0.0779269	0.778739	39	37.9	365859	25	2197	1.00274	0.97302	1965
86	475263	141	111936	363327	100	60	0.0822782	0.778739	39	37.9	365859	25	2197	1.00328	0.979429	1965
87	498653	2571	158822	339832	100	60	1.24528	0.778739	39	37.9	365859	25	2197	1.00415	0.97697	1965
88	611370	2562	229733	381638	100	60	1.58823	0.778739	39	37.9	365859	25	2197	1.00575	0.979464	1965
89	711937	2278	289300	422637	100	60	1.88331	0.778739	39	37.9	365859	25	2197	1.00814	0.981174	1965
90	567704	1943	153112	414592	100	60	2.13141	0.778739	36	37.9	365859	25	2197	1.06558	1.06904	1965
91	630080	1530	227783	401905	100	60	1.08868	0.778739	39	37.9	0	25	2197	1.02678	0.99041	1965
92	724815	1312	293746	430591	100	60	0.911697	0.778739	39	37.9	0	25	2197	1.01875	0.979519	1965
93	799293	1091	343652	455087	100	60	0.813822	0.778739	39	37.9	0	25	2197	1.01411	0.971907	1965
94	862183	901	381877	479795	100	60	0.824653	0.778739	39	37.9	0	25	2197	1.01422	0.975963	1965
95	902443	795	405730	496307	100	60	0.864796	0.778739	39	37.9	0	25	2197	1.01597	0.980438	1965
96	895377	1619	408440	486936	100	60	1.76068	0.778739	39	37.9	0	25	2197	1.0186	0.984062	1965
97	666701	1538	194187	472514	100	60	1.97565	0.778739	39	37.9	0	25	2197	1.02292	0.996092	1965
98	695004	1420	249445	445558	100	60	2.17821	0.778739	39	37.9	0	25	2197	1.02616	0.99359	1965
99	731634	1167	300277	431357	100	60	2.22023	0.778739	39	37.9	0	25	2197	1.0324	0.99827	1965
100	638010	986	218612	419398	100	60	2.3197	0.778739	39	37.9	122301	25	2197	1.03594	0.995906	1965
101	671841	870	266111	405730	100	60	2.44553	0.778739	39	37.9	122301	25	2197	1.0431	1.01045	1965
102	532586	773	145408	387178	100	60	2.5297	0.778739	39	37.9	122301	25	2197	1.05567	1.02749	1965
103	572785	699	202652	370133	100	60	2.56018	0.778739	39	37.9	122301	25	2197	1.07337	1.04354	1965
104	584488	611	242117	342371	100	60	2.62821	0.778739	39	37.9	122301	25	2197	1.08074	1.06167	1965
105	569099	535	256816	312283	100	60	2.68211	0.778739	39	37.9	122301	25	2197	1.07603	1.05916	1965
106	546546	461	254894	282216	100	60	2.63582	0.778739	39	37.9	122301	25	2197	1.09808	1.08407	1965
107	527549	410	248646	263614	100	60	2.62286	0.778739	39	37.9	122301	25	2197	1.11739	1.09701	1965
108	496825	360	238208	243707	100	60	2.69284	0.778739	39	37.9	122301	25	2197	1.10687	1.08621	1965
109	498062	346	241219	241441	100	60	2.75461	0.778739	39	37.9	122301	25	2197	1.10354	1.07855	1965
110	505988	337	247350	243727	100	60	2.75801	0.778739	39	37.9	122301	25	2197	1.10986	1.08411	1965
111	451656	304	229148	222509	100	60	2.84498	0.778739	39	37.9	122301	25	2197	1.1068	1.07292	1965
112	288921	281	74748.3	214172	100	60	0.123599	0.778739	39	37.9	279753	25	2197	1.00192	0.984534	1965
113	486370	261	171380	314990	100	60	0.0958174	0.778739	39	37.9	279753	25	2197	1.00149	0.982799	1965
114	680248	246	261983	418266	100	60	0.0959418	0.778739	39	37.9	279753	25	2197	1.00196	0.985177	1965
115	711578	225	283076	428503	100	60	0.102459	0.778739	39	37.9	279753	25	2197	1.00213	0.986482	1965
116	666227	214	276187	390040	100	60	0.118336	0.778739	39	37.9	279753	25	2197	1.00296	0.989615	1965
117	681315	2522	296109	385207	100	60	1.2278	0.778739	39	37.9	279753	25	2197	1.00456	0.990763	1965
118	576971	2428	153699	423272	100	60	1.45054	0.778739	39	37.9	279753	25	2197	1.00559	0.991239	1965
119	627781	2078	212272	415509	100	60	1.77078	0.778739	39	37.9	279753	25	2197	1.00788	0.992692	1965
120	491809	1926	62740.2	429069	100	60	2.04051	0.778739	37	37.9	279753	25	2197	1.0757	1.1023	1965
121	523553	1586	126841	396249	100	60	0.847544	0.778739	39	37.9	0	25	2197	1.02182	1.00231	1965
122	623447	1305	207641	415354	100	60	0.693818	0.778739	39	37.9	0	25	2197	1.01658	0.995312	1965
123	736267	1064	287048	448534	100	60	0.633821	0.778739	39	37.9	0	25	2197	1.01271	0.990851	1965
124	825432	902	342341	482414	100	60	0.673825	0.778739	39	37.9	0	25	2197	1.01357	0.990285	1965
125	849620	810	365751	483231	100	60	0.751711	0.778739	39	37.9	0	25	2197	1.01559	0.993145	1965
126	843862	1873	373705	470158	100	60	1.72691	0.778739	39	37.9	0	25	2197	1.01733	0.99691	1965
127	863280	1757	392144	471136	100	60	1.83965	0.778739	39	37.9	0	25	2197	1.01523	0.993014	1965
128	874796	1600	404369	470426	100	60	2.0748	0.778739	39	37.9	0	25	2197	1.02026	0.995595	1965
129	855064	1320	401616	453448	100	60	2.09967	0.778739	39	37.9	0	25	2197	1.0254	1	1965
130	710686	1149	263396	447291	100	60	2.22323	0.778739	39	37.9	157747	25	2197	1.02943	1.00525	1965
131	707919	966	292126	415793	100	60	2.29527	0.778739	39	37.9	157747	25	2197	1.03849	1.01773	1965
132	715994	861	318359	397635	100	60	2.36754	0.778739	39	37.9	157747	25	2197	1.04259	1.02217	1965
133	725836	780	338114	387722	100	60	2.44214	0.778739	39	37.9	157747	25	2197	1.05279	1.02975	1965
134	700397	698	335634	364763	100	60	2.50521	0.778739	39	37.9	157747	25	2197	1.07547	1.0521	1965
135	642468	594	313783	328685	100	60	2.53067	0.778739	39	37.9	157747	25	2197	1.08819	1.06814	1965
136	446942	521	146075	299311	100	60	2.56789	0.778739	39	37.9	157747	25	2197	1.10438	1.07393	1965
137	448420	457	172266	267852	100	60	2.62762	0.778739	39	37.9	157747	25	2197	1.11847	1.07556	1965
138	443327	403	190265	242706	100	60	2.65796	0.778739	39	37.9	157747	25	2197	1.11833	1.07868	1965
139	437399	362	199076	226251	100	60	2.70147	0.778739	39	37.9	157747	25	2197	1.10847	1.08023	1965
140	443047	341	209442	222384	100	60	2.74592	0.778739	39	37.9	157747	25	2197	1.10663	1.08282	1965
141	414797	309	204863	209933	100	60	2.77516	0.778739	39	37.9	157747	25	2197	1.12829	1.10309	1965
142	267732	280	67330	200402	100	60	0.125468	0.778739	39	37.9	194436	25	2197	1.00277	0.991108	1965
143	463241	262	163944	299297	100	60	0.0987244	0.778739	39	37.9	194436	25	2197	1.00223	0.989552	1965
144	657522	235	254261	403261	100	60	0.0940893	0.778739	39	37.9	194436	25	2197	1.00197	0.991147	1965
145	691093	210	276282	414811	100	60	0.0982286	0.778739	39	37.9	194436	25	2197	1.00227	0.992834	1965
146	480287	181	112391	367896	100	60	0.104211	0.778739	38	37.9	194436	25	2197	1.0029	0.994503	1965
147	516224	2462	161822	354402	100	60	1.2383	0.778739	38	37.9	194436	25	2197	1.00393	0.994009	1965
148	642971	2507	240400	402571	100	60	1.54821	0.778739	38	37.9	194436	25	2197	1.00522	0.99559	1965
149	722441	2206	293131	429310	100	60	1.83348	0.778739	38	37.9	194436	25	2197	1.00608	0.999609	1965
150	615365	1991	166881	448484	100	60	2.03713	0.778739	34	37.9	194436	25	2197	1.07779	1.11599	1965
151	652973	1544	234990	417262	100	60	1.05127	0.778739	39	37.9	0	25	2197	1.03112	1.02103	1965
152	720601	1269	293010	426586	100	60	0.852128	0.778739	39	37.9	0	25	2197	1.01977	1.0055	1965
153	807408	1048	349529	456535	100	60	0.763724	0.778739	39	37.9	0	25	2197	1.01587	0.999317	1965
154	855200	872	380526	473500	100	60	0.770157	0.778739	39	37.9	0	25	2197	1.0174	1.00043	1965
155	864811	787	391327	472498	100	60	0.834459	0.778739	39	37.9	0	25	2197	1.0179	1.00393	1965
156	846574	1597	389768	456805	100	60	1.70306	0.778739	39	37.9	0	25	2197	1.01846	1.0043	1965
157	840844	1517	392564	448280	100	60	1.82901	0.778739	39	37.9	0	25	2197	1.01794	1.00783	1965
158	828396	1441	392134	436262	100	60	2.0688	0.778739	39	37.9	0	25	2197	1.02158	1.01188	1965
159	839912	1234	402728	437184	100	60	2.10226	0.778739	39	37.9	0	25	2197	1.02696	1.0171	1965
160	657604	1027	247197	410407	100	60	2.20364	0.778739	39	37.9	159844	25	2197	1.03104	1.01961	1965
161	663465	883	277629	385835	100	60	2.32284	0.778739	39	37.9	159844	25	2197	1.03732	1.02397	1965
162	661978	784	297620	364359	100	60	2.37231	0.778739	39	37.9	159844	25	2197	1.04496	1.02821	1965
163	637576	682	298925	338651	100	60	2.45098	0.778739	39	37.9	159844	25	2197	1.05314	1.03682	1965
164	611754	600	294093	317661	100	60	2.48802	0.778739	39	37.9	159844	25	2197	1.06488	1.04181	1965
165	595112	547	290992	304120	100	60	2.53797	0.778739	39	37.9	159844	25	2197	1.06825	1.04029	1965
166	585608	510	285103	290950	100	60	2.54973	0.778739	39	37.9	159844	25	2197	1.07812	1.05118	1965
167	533752	437	258504	259836	100	60	2.55208	0.778739	39	37.9	159844	25	2197	1.10208	1.0787	1965
168	514949	399	251725	247928	100	60	2.57479	0.778739	39	37.9	159844	25	2197	1.09469	1.07634	1965
169	366016	371	126296	236741	100	60	2.62134	0.778739	39	37.9	159844	25	2197	1.08629	1.06612	1965
170	364005	329	147001	214316	100	60	2.63136	0.778739	39	37.9	159844	25	2197	1.10496	1.08438	1965
171	377554	315	170676	206878	100	60	2.60878	0.778739	39	37.9	159844	25	2197	1.12232	1.10561	1965
172	263646	277	77969.9	185676	100	60	0.184748	0.778739	39	37.9	262856	25	2197	1.00437	1.00292	1965
173	360556	225	132638	227918	100	60	0.119439	0.778739	39	37.9	262856	25	2197	1.00298	1.00191	1965
174	570739	200	234130	336609	100	60	0.107879	0.778739	39	37.9	262856	25	2197	1.00283	1.00178	1965
175	711219	185	295419	415801	100	60	0.109519	0.778739	39	37.9	262856	25	2197	1.00304	1.00236	1965
176	540227	160	133858	406369	100	60	0.116186	0.778739	38	37.9	262856	25	2197	1.00323	1.00374	1965
177	544395	2329	171564	372831	100	60	1.09175	0.778739	37	37.9	262856	25	2197	1.00374	1.00499	1965
178	648598	2307	243914	404684	100	60	1.27058	0.778739	37	37.9	262856	25	2197	1.00435	1.00611	1965
179	753414	2081	310000	443414	100	60	1.4992	0.778739	37	37.9	262856	25	2197	1.00631	1.0086	1965
180	524163	1923	79513.1	444650	100	60	1.67611	0.778739	35	37.9	262856	25	2197	1.0973	1.1596	1965
181	524870	1494	137561	385645	100	60	1.15281	0.778739	39	37.9	0	25	2197	1.05226	1.05744	1965
182	598875	1282	214352	382670	100	60	1.01735	0.778739	39	37.9	0	25	2197	1.03583	1.03404	1965
183	693501	1140	286689	403694	100	60	1.0231	0.778739	39	37.9	0	25	2197	1.02729	1.02095	1965
184	757059	981	336394	417914	100	60	1.09868	0.778739	39	37.9	0	25	2197	1.02617	1.01912	1965
185	799497	870	370786	426496	100	60	1.17773	0.778739	39	37.9	0	25	2197	1.02976	1.02104	1965
186	816113	1314	388388	427726	100	60	1.7898	0.778739	39	37.9	0	25	2197	1.03762	1.02912	1965
187	824391	1319	398923	425469	100	60	1.96822	0.778739	39	37.9	0	25	2197	1.0416	1.03191	1965
188	832289	1286	408481	423808	100	60	2.10347	0.778739	39	37.9	0	25	2197	1.04483	1.03421	1965
189	807954	1087	402762	405192	100	60	2.06393	0.778739	39	37.9	0	25	2197	1.0592	1.0507	1965
190	568366	956	181142	387224	100	60	2.06869	0.778739	39	37.9	12137.3	25	2197	1.0686	1.06531	1965
191	600561	866	235423	365139	100	60	2.12398	0.778739	39	37.9	12137.3	25	2197	1.07912	1.07185	1965
192	595934	755	264686	331248	100	60	2.14745	0.778739	39	37.9	12137.3	25	2197	1.09183	1.08772	1965
193	594175	687	284751	309424	100	60	2.15468	0.778739	39	37.9	12137.3	25	2197	1.09335	1.09118	1965
194	582811	630	290090	292720	100	60	2.17329	0.778739	39	37.9	12137.3	25	2197	1.11159	1.10806	1965
195	586889	606	298379	288509	100	60	2.17983	0.778739	39	37.9	12137.3	25	2197	1.13097	1.12331	1965
196	555456	555	282051	265320	100	60	2.17306	0.778739	39	37.9	12137.3	25	2197	1.14726	1.13889	1965
197	517302	503	261668	242342	100	60	2.15552	0.778739	39	37.9	12137.3	25	2197	1.15939	1.15258	1965
198	368226	471	132514	233323	100	60	2.18011	0.778739	39	37.9	12137.3	25	2197	1.15177	1.14602	1965
199	371374	426	153953	211448	100	60	2.16085	0.778739	39	37.9	12137.3	25	2197	1.15972	1.15517	1965
200	380588	398	175081	200033	100	60	2.20323	0.778739	39	37.9	12137.3	25	2197	1.15404	1.14589	1965
201	377784	380	186410	191375	100	60	2.18939	0.778739	39	37.9	12137.3	25	2197	1.18329	1.16807	1965
202	305056	353	124517	180539	100	60	0.138369	0.778739	39	37.9	79037.9	25	2197	1.00472	1.00422	1965
203	479600	315	201782	277818	100	60	0.110125	0.778739	39	37.9	79037.9	25	2197	1.00383	1.00351	1965
204	649607	270	273171	376436	100	60	0.100499	0.778739	39	37.9	79037.9	25	2197	1.0033	1.00288	1965
205	667669	242	282609	385060	100	60	0.103118	0.778739	39	37.9	79037.9	25	2197	1.00404	1.00373	1965
206	625414	228	272804	352610	100	60	0.115418	0.778739	39	37.9	79037.9	25	2197	1.00439	1.00457	1965
207	633262	2478	285092	348170	100	60	1.04381	0.778739	39	37.9	79037.9	25	2197	1.00544	1.00516	1965
208	733363	2210	336386	396976	100	60	1.15977	0.778739	39	37.9	79037.9	25	2197	1.00671	1.00765	1965
209	782628	1944	363699	418928	100	60	1.41893	0.778739	39	37.9	79037.9	25	2197	1.00964	1.00847	1965
210	603829	1821	186885	416945	100	60	1.58442	0.778739	35	37.9	79037.9	25	2197	1.09684	1.16327	1965
211	651708	1471	258813	390831	100	60	0.938235	0.778739	39	37.9	0	25	2197	1.04092	1.04379	1965
212	696541	1223	304562	389301	100	60	0.777993	0.778739	39	37.9	0	25	2197	1.02124	1.0182	1965
213	771559	1049	354153	414307	100	60	0.705609	0.778739	39	37.9	0	25	2197	1.0145	1.00984	1965
214	833142	906	388644	441573	100	60	0.735599	0.778739	39	37.9	0	25	2197	1.01396	1.00855	1965
215	878863	846	413997	462355	100	60	0.808134	0.778739	39	37.9	0	25	2197	1.0162	1.00883	1965
216	866224	1607	414019	452205	100	60	1.48852	0.778739	39	37.9	0	25	2197	1.01947	1.0121	1965
217	834995	1523	405267	429728	100	60	1.65027	0.778739	39	37.9	0	25	2197	1.02275	1.01399	1965
218	828794	1404	407706	421088	100	60	1.76557	0.778739	39	37.9	0	25	2197	1.0309	1.02652	1965
219	819179	1221	408278	410901	100	60	1.77158	0.778739	39	37.9	0	25	2197	1.03148	1.02968	1965
220	724148	1093	321143	403005	100	60	1.82674	0.778739	39	37.9	95575.7	25	2197	1.04154	1.03768	1965
221	704767	937	333476	371291	100	60	1.89949	0.778739	39	37.9	95575.7	25	2197	1.06418	1.06223	1965
222	687746	839	337404	350341	100	60	1.96563	0.778739	39	37.9	95575.7	25	2197	1.0721	1.07452	1965
223	640274	731	321742	318532	100	60	2.04493	0.778739	39	37.9	95575.7	25	2197	1.07683	1.07597	1965
224	600061	648	306333	293728	100	60	2.08671	0.778739	39	37.9	95575.7	25	2197	1.08748	1.08451	1965
225	553786	574	285877	267909	100	60	2.11651	0.778739	39	37.9	95575.7	25	2197	1.10111	1.09786	1965
226	529519	526	270906	250722	100	60	2.1351	0.778739	39	37.9	95575.7	25	2197	1.12943	1.12109	1965
227	497690	472	252472	231877	100	60	2.19506	0.778739	39	37.9	95575.7	25	2197	1.13265	1.11354	1965
228	492238	448	250255	228521	100	60	2.21165	0.778739	39	37.9	95575.7	25	2197	1.12364	1.10465	1965
229	464772	408	236902	215017	100	60	2.20577	0.778739	39	37.9	95575.7	25	2197	1.13002	1.10997	1965
230	426348	365	218011	196667	100	60	2.21365	0.778739	39	37.9	95575.7	25	2197	1.14058	1.11816	1965
231	376827	323	198594	178233	100	60	2.2321	0.778739	39	37.9	95575.7	25	2197	1.14414	1.10784	1965
232	274944	299	105869	169075	100	60	0.101168	0.778739	39	37.9	187337	25	2197	1.00256	0.997332	1965
233	499713	270	204952	294761	100	60	0.0850502	0.778739	39	37.9	187337	25	2197	1.00237	0.997157	1965
234	624410	231	258992	365418	100	60	0.0762437	0.778739	39	37.9	187337	25	2197	1.00228	0.999267	1965
235	606871	203	257465	349406	100	60	0.0784888	0.778739	39	37.9	187337	25	2197	1.00277	1.00016	1965
236	573764	180	251061	322703	100	60	0.0824837	0.778739	39	37.9	187337	25	2197	1.00323	1.00092	1965
237	667606	2938	301384	366221	100	60	1.13681	0.778739	39	37.9	187337	25	2197	1.00443	1.00229	1965
238	757585	2680	344766	412819	100	60	1.30873	0.778739	39	37.9	187337	25	2197	1.00572	1.00603	1965
239	794067	2339	364852	429215	100	60	1.5336	0.778739	39	37.9	187337	25	2197	1.00743	1.00718	1965
240	595582	2087	181884	413698	100	60	1.70146	0.778739	37	37.9	187337	25	2197	1.06682	1.10972	1965
241	645149	1657	252375	391025	100	60	0.822244	0.778739	39	37.9	0	25	2197	1.02303	1.01832	1965
242	564748	1387	151189	412919	100	60	0.672432	0.778739	39	37.9	0	25	2197	1.01357	1.00656	1965
243	677887	1170	242979	433102	100	60	0.544526	0.778739	39	37.9	0	25	2197	1.00834	1.00065	1965
244	758235	993	307498	448853	100	60	0.570025	0.778739	39	37.9	0	25	2197	1.00837	1.00131	1965
245	773995	874	336033	436474	100	60	0.629154	0.778739	39	37.9	0	25	2197	1.0093	1.0027	1965
246	587800	1702	162927	424873	100	60	1.29079	0.778739	39	37.9	0	25	2197	1.01061	1.00723	1965
247	641000	1618	229500	411500	100	60	1.49504	0.778739	39	37.9	0	25	2197	1.0125	1.0072	1965
248	719509	1731	299472	420038	100	60	1.87947	0.778739	39	37.9	0	25	2197	1.01725	1.01218	1965
249	752611	1443	338458	414153	100	60	1.93221	0.778739	39	37.9	0	25	2197	1.02163	1.02228	1965
250	679215	1188	290459	388755	100	60	2.00951	0.778739	39	37.9	64435.5	25	2197	1.02791	1.02707	1965
251	681277	1011	314324	366952	100	60	2.10333	0.778739	39	37.9	64435.5	25	2197	1.03277	1.0288	1965
252	682989	911	329240	353749	100	60	2.11814	0.778739	39	37.9	64435.5	25	2197	1.044	1.04405	1965
253	659611	806	326682	332930	100	60	2.16551	0.778739	39	37.9	64435.5	25	2197	1.04296	1.04224	1965
254	642338	735	323272	319066	100	60	2.20802	0.778739	39	37.9	64435.5	25	2197	1.05849	1.05738	1965
255	614304	676	313284	301021	100	60	2.25232	0.778739	39	37.9	64435.5	25	2197	1.07171	1.06726	1965
256	583261	611	296326	278075	100	60	2.24968	0.778739	39	37.9	64435.5	25	2197	1.08997	1.08264	1965
257	526613	528	265517	247125	100	60	2.24556	0.778739	39	37.9	64435.5	25	2197	1.10225	1.08795	1965
258	488739	460	246741	228185	100	60	2.29262	0.778739	39	37.9	64435.5	25	2197	1.09736	1.08609	1965
259	426938	383	216395	198151	100	60	2.2803	0.778739	39	37.9	64435.5	25	2197	1.11194	1.09893	1965
260	411693	356	209424	190859	100	60	2.28108	0.778739	39	37.9	64435.5	25	2197	1.11828	1.10465	1965
261	374276	324	195966	178310	100	60	2.29296	0.778739	39	37.9	64435.5	25	2197	1.12991	1.11327	1965
262	241321	261	89686.9	151634	100	60	0.0920564	0.778739	39	37.9	155889	25	2197	1.0024	0.997286	1965
263	367852	221	94725.7	273127	100	60	0.0708584	0.778739	39	37.9	155889	25	2197	1.00218	0.997597	1965
264	548012	203	178596	369417	100	60	0.0625821	0.778739	39	37.9	155889	25	2197	1.00184	0.998251	1965
265	572008	172	205117	366891	100	60	0.0629065	0.778739	39	37.9	155889	25	2197	1.00188	0.999471	1965
266	535079	153	208163	326916	100	60	0.0695495	0.778739	39	37.9	155889	25	2197	1.00219	1.00023	1965
267	462525	2798	109033	353493	100	60	1.07263	0.778739	39	37.9	155889	25	2197	1.00293	1.00109	1965
268	543828	2621	177952	365876	100	60	1.30201	0.778739	39	37.9	155889	25	2197	1.00409	1.00209	1965
269	651996	2477	250642	401354	100	60	1.62593	0.778739	39	37.9	155889	25	2197	1.00634	1.00411	1965
270	562255	2205	148573	413682	100	60	1.83907	0.778739	36	37.9	155889	25	2197	1.05776	1.08182	1965
271	612407	1734	222216	388709	100	60	0.895196	0.778739	39	37.9	0	25	2197	1.02008	1.01549	1965
272	691157	1423	284659	404805	100	60	0.720583	0.778739	39	37.9	0	25	2197	1.0113	1.00262	1965
273	792565	1204	347822	442387	100	60	0.659476	0.778739	39	37.9	0	25	2197	1.00781	0.999321	1965
274	843855	1023	379573	462356	100	60	0.686704	0.778739	39	37.9	0	25	2197	1.00826	1.00125	1965
275	847588	883	387961	457975	100	60	0.725005	0.778739	39	37.9	0	25	2197	1.0097	1.00566	1965
276	827804	1779	385528	442276	100	60	1.43152	0.778739	39	37.9	0	25	2197	1.0115	1.00986	1965
277	834322	1706	394424	439899	100	60	1.59809	0.778739	39	37.9	0	25	2197	1.01461	1.01224	1965
278	820684	1624	393155	427529	100	60	1.85544	0.778739	39	37.9	0	25	2197	1.01941	1.01607	1965
279	833994	1380	405901	428092	100	60	1.87193	0.778739	39	37.9	0	25	2197	1.0247	1.02112	1965
280	723929	1206	307653	416276	100	60	1.96238	0.778739	39	37.9	104728	25	2197	1.03044	1.02588	1965
281	687597	985	312587	375010	100	60	2.0067	0.778739	39	37.9	104728	25	2197	1.04108	1.03988	1965
282	682135	879	325077	357058	100	60	2.03596	0.778739	39	37.9	104728	25	2197	1.06119	1.06307	1965
283	643688	773	316142	327545	100	60	2.08415	0.778739	39	37.9	104728	25	2197	1.06681	1.06919	1965
284	637393	723	318612	318781	100	60	2.15093	0.778739	39	37.9	104728	25	2197	1.06901	1.06983	1965
285	609933	662	309118	300815	100	60	2.19024	0.778739	39	37.9	104728	25	2197	1.08267	1.08576	1965
286	558656	572	280398	269347	100	60	2.20714	0.778739	39	37.9	104728	25	2197	1.10427	1.10124	1965
287	402170	531	140298	258466	100	60	2.24022	0.778739	39	37.9	104728	25	2197	1.11014	1.09696	1965
288	393915	462	158295	228150	100	60	2.24358	0.778739	39	37.9	104728	25	2197	1.12398	1.10746	1965
289	379112	405	168730	201591	100	60	2.2628	0.778739	39	37.9	104728	25	2197	1.10465	1.07481	1965
290	371207	369	175337	187904	100	60	2.31946	0.778739	39	37.9	104728	25	2197	1.09661	1.06983	1965
291	355806	348	176150	179656	100	60	2.30286	0.778739	39	37.9	104728	25	2197	1.10249	1.07485	1965
292	261784	308	97574.2	164210	100	60	0.115027	0.778739	39	37.9	183535	25	2197	1.00242	1.0015	1965
293	459043	265	186340	272703	100	60	0.0882905	0.778739	39	37.9	183535	25	2197	1.00202	1.00133	1965
294	628746	221	258176	370570	100	60	0.0774174	0.778739	39	37.9	183535	25	2197	1.00193	1.00123	1965
295	645287	206	268640	376647	100	60	0.0851797	0.778739	39	37.9	183535	25	2197	1.00207	1.00175	1965
296	584427	174	250747	333679	100	60	0.0854817	0.778739	39	37.9	183535	25	2197	1.00256	1.00319	1965
297	627753	2636	280206	347547	100	60	1.08214	0.778739	39	37.9	183535	25	2197	1.00375	1.00487	1965
298	694306	2340	315904	378402	100	60	1.23759	0.778739	39	37.9	183535	25	2197	1.00507	1.00789	1965
299	753007	2058	347465	405542	100	60	1.51006	0.778739	39	37.9	183535	25	2197	1.00601	1.00817	1965
300	603237	1929	184931	418305	100	60	1.6964	0.778739	38	37.9	183535	25	2197	1.0793	1.13215	1965
301	664650	1582	259445	403657	100	60	0.922046	0.778739	39	37.9	0	25	2197	1.03051	1.03298	1965
302	729218	1343	312600	414498	100	60	0.777374	0.778739	39	37.9	0	25	2197	1.01866	1.01614	1965
303	798914	1129	360295	436238	100	60	0.722324	0.778739	39	37.9	0	25	2197	1.01347	1.00915	1965
304	861191	969	396421	462549	100	60	0.755457	0.778739	39	37.9	0	25	2197	1.01264	1.00734	1965
305	885532	880	412993	470608	100	60	0.806555	0.778739	39	37.9	0	25	2197	1.01542	1.01001	1965
306	860024	1795	405788	454236	100	60	1.56428	0.778739	39	37.9	0	25	2197	1.01741	1.01285	1965
307	853799	1672	408721	445078	100	60	1.68701	0.778739	39	37.9	0	25	2197	1.01896	1.01772	1965
308	846499	1541	410281	436217	100	60	1.85547	0.778739	39	37.9	0	25	2197	1.02331	1.02362	1965
309	848561	1322	416600	431962	100	60	1.91096	0.778739	39	37.9	0	25	2197	1.03026	1.02903	1965
310	702897	1122	300340	402556	100	60	1.98041	0.778739	39	37.9	110641	25	2197	1.03592	1.03237	1965
311	705557	982	324662	380895	100	60	2.04875	0.778739	39	37.9	110641	25	2197	1.0405	1.037	1965
312	700115	888	337028	363087	100	60	2.09738	0.778739	39	37.9	110641	25	2197	1.04562	1.04437	1965
313	660114	777	326327	333788	100	60	2.13241	0.778739	39	37.9	110641	25	2197	1.07036	1.06883	1965
314	447929	663	148343	299587	100	60	2.16164	0.778739	39	37.9	110641	25	2197	1.09009	1.08524	1965
315	455701	589	182921	272780	100	60	2.22939	0.778739	39	37.9	110641	25	2197	1.09618	1.08376	1965
316	460718	524	205685	247541	100	60	2.24846	0.778739	39	37.9	110641	25	2197	1.10351	1.09091	1965
317	448150	463	210817	226589	100	60	2.26858	0.778739	39	37.9	110641	25	2197	1.1129	1.09649	1965
318	440470	428	213709	214947	100	60	2.29421	0.778739	39	37.9	110641	25	2197	1.11486	1.1012	1965
319	418820	384	207122	200138	100	60	2.31681	0.778739	39	37.9	110641	25	2197	1.12152	1.09973	1965
320	395103	349	197132	187702	100	60	2.32748	0.778739	39	37.9	110641	25	2197	1.12784	1.10448	1965
321	367701	323	190613	177088	100	60	2.29642	0.778739	39	37.9	110641	25	2197	1.14019	1.11438	1965
322	282005	315	103513	178491	100	60	0.10948	0.778739	39	37.9	201523	25	2197	1.00265	1.00186	1965
323	500158	276	200464	299694	100	60	0.0898642	0.778739	39	37.9	201523	25	2197	1.00225	1.00153	1965
324	643645	249	262603	381041	100	60	0.0859239	0.778739	39	37.9	201523	25	2197	1.00226	1.00183	1965
325	626865	209	260592	366273	100	60	0.085715	0.778739	38	37.9	201523	25	2197	1.00245	1.00217	1965
326	590001	184	253827	336175	100	60	0.0899028	0.778739	38	37.9	201523	25	2197	1.0028	1.00321	1965
327	477814	2733	122034	355780	100	60	1.15635	0.778739	38	37.9	201523	25	2197	1.0041	1.00448	1965
328	558909	2418	191579	367330	100	60	1.3511	0.778739	38	37.9	201523	25	2197	1.00543	1.0062	1965
329	652447	2142	257249	395197	100	60	1.57479	0.778739	38	37.9	201523	25	2197	1.0074	1.00858	1965
330	551788	1950	149691	402097	100	60	1.77628	0.778739	36	37.9	201523	25	2197	1.07129	1.11289	1965
331	487148	1541	106309	380233	100	60	0.799047	0.778739	39	37.9	0	25	2197	1.02177	1.02256	1965
332	594992	1351	192523	400916	100	60	0.609239	0.778739	39	37.9	0	25	2197	1.01331	1.01208	1965
333	707481	1125	274619	431157	100	60	0.561587	0.778739	39	37.9	0	25	2197	1.0098	1.00727	1965
334	770283	913	322138	446311	100	60	0.575731	0.778739	39	37.9	0	25	2197	1.01078	1.00676	1965
335	787577	791	345930	440178	100	60	0.630514	0.778739	39	37.9	0	25	2197	1.01289	1.00793	1965
336	774593	1729	352551	422041	100	60	1.38111	0.778739	39	37.9	0	25	2197	1.01593	1.01314	1965
337	778792	1674	365100	413692	100	60	1.58692	0.778739	39	37.9	0	25	2197	1.01759	1.01682	1965
338	784852	1524	375358	409494	100	60	1.78559	0.778739	39	37.9	0	25	2197	1.01997	1.01848	1965
339	783552	1289	379569	403983	100	60	1.87231	0.778739	39	37.9	0	25	2197	1.02539	1.02578	1965
340	664967	1083	281890	383077	100	60	1.9727	0.778739	39	37.9	96658.7	25	2197	1.03262	1.03253	1965
341	513154	942	150515	362640	100	60	2.05102	0.778739	39	37.9	96658.7	25	2197	1.04233	1.04589	1965
342	536332	825	200221	336111	100	60	2.1168	0.778739	39	37.9	96658.7	25	2197	1.04817	1.05018	1965
343	436646	746	119805	316841	100	60	2.17085	0.778739	39	37.9	96658.7	25	2197	1.05935	1.06098	1965
344	453241	667	165079	288162	100	60	2.16151	0.778739	39	37.9	96658.7	25	2197	1.06557	1.06505	1965
345	469116	604	202923	266193	100	60	2.19714	0.778739	39	37.9	96658.7	25	2197	1.08892	1.07987	1965
346	472243	547	217073	247340	100	60	2.22886	0.778739	39	37.9	96658.7	25	2197	1.09587	1.08704	1965
347	460596	491	217174	231210	100	60	2.23889	0.778739	39	37.9	96658.7	25	2197	1.10882	1.09856	1965
348	451700	451	217741	221333	100	60	2.26936	0.778739	39	37.9	96658.7	25	2197	1.08607	1.08315	1965
349	423392	402	206896	204231	100	60	2.30539	0.778739	39	37.9	96658.7	25	2197	1.08038	1.06835	1965
350	400483	363	197165	192328	100	60	2.28998	0.778739	39	37.9	96658.7	25	2197	1.08639	1.08708	1965
351	364145	329	185204	178941	100	60	2.30002	0.778739	39	37.9	96658.7	25	2197	1.08934	1.08359	1965
352	277766	314	103384	174382	100	60	0.109172	0.778739	39	37.9	180318	25	2197	1.00201	1.00137	1965
353	494389	274	199999	294390	100	60	0.0890504	0.778739	39	37.9	180318	25	2197	1.00181	1.00124	1965
354	644228	250	264037	380191	100	60	0.0853576	0.778739	39	37.9	180318	25	2197	1.00149	1.00125	1965
355	631863	224	264071	367792	100	60	0.0907294	0.778739	38	37.9	180318	25	2197	1.00191	1.00185	1965
356	604821	210	261122	343699	100	60	0.100565	0.778739	38	37.9	180318	25	2197	1.00216	1.00347	1965
357	656798	2746	291963	364835	100	60	1.14001	0.778739	38	37.9	180318	25	2197	1.00373	1.00562	1965
358	711851	2344	321432	390420	100	60	1.26348	0.778739	38	37.9	180318	25	2197	1.00457	1.00728	1965
359	752610	2111	345086	407524	100	60	1.57747	0.778739	38	37.9	180318	25	2197	1.00621	1.00868	1965
360	585635	1880	177829	407806	100	60	1.6671	0.778739	34	37.9	180318	25	2197	1.09019	1.15705	1965
361	642612	1567	251481	389924	100	60	0.813497	0.778739	39	37.9	0	25	2197	1.02805	1.02874	1965
362	709734	1306	304203	403912	100	60	0.662367	0.778739	39	37.9	0	25	2197	1.0151	1.01319	1965
363	773467	1049	345863	425680	100	60	0.568826	0.778739	39	37.9	0	25	2197	1.00949	1.00731	1965
364	816214	857	369204	445139	100	60	0.570776	0.778739	39	37.9	0	25	2197	1.00943	1.00797	1965
365	798723	733	366155	430996	100	60	0.598033	0.778739	39	37.9	0	25	2197	1.01112	1.01039	1965
366	786575	1820	368023	418551	100	60	1.42604	0.778739	39	37.9	0	25	2197	1.01307	1.01518	1965
367	799159	1693	378947	420212	100	60	1.51375	0.778739	39	37.9	0	25	2197	1.01339	1.01452	1965
368	795150	1603	381235	413915	100	60	1.77811	0.778739	39	37.9	0	25	2197	1.01757	1.0195	1965
369	766564	1298	372223	394341	100	60	1.83736	0.778739	39	37.9	0	25	2197	1.02678	1.03106	1965
370	633004	1044	264412	368592	100	60	1.91848	0.778739	39	37.9	101433	25	2197	1.03366	1.03865	1965
371	628271	892	283581	344690	100	60	2.03418	0.778739	39	37.9	101433	25	2197	1.0438	1.04633	1965
372	610581	772	290193	320388	100	60	2.08576	0.778739	39	37.9	101433	25	2197	1.04491	1.0483	1965
373	457085	712	146400	310685	100	60	2.13997	0.778739	39	37.9	101433	25	2197	1.05239	1.0625	1965
374	374526	638	89306.7	285219	100	60	2.20061	0.778739	39	37.9	101433	25	2197	1.06883	1.0832	1965
375	381461	542	128702	252760	100	60	2.2675	0.778739	39	37.9	101433	25	2197	1.07718	1.08475	1965
376	405721	494	164069	234642	100	60	2.27283	0.778739	39	37.9	101433	25	2197	1.09211	1.0911	1965
377	397806	433	177083	211300	100	60	2.28011	0.778739	39	37.9	101433	25	2197	1.08952	1.08726	1965
378	391418	392	182594	197837	100	60	2.32546	0.778739	39	37.9	101433	25	2197	1.08642	1.08684	1965
379	269646	339	90033.2	177517	100	60	2.37693	0.778739	39	37.9	101433	25	2197	1.06069	1.06116	1965
380	277832	308	111226	164634	100	60	2.37258	0.778739	39	37.9	101433	25	2197	1.06329	1.06689	1965
381	273715	278	124912	148803	100	60	2.32601	0.778739	39	37.9	101433	25	2197	1.08451	1.09294	1965
382	227061	264	82482.5	144579	100	60	0.153147	0.778739	39	37.9	158585	25	2197	1.00273	1.00188	1965
383	355823	240	144718	211106	100	60	0.114168	0.778739	39	37.9	158585	25	2197	1.0019	1.0011	1965
384	569643	217	243813	325830	100	60	0.107894	0.778739	39	37.9	158585	25	2197	1.00203	1.00122	1965
385	681779	197	289482	392297	100	60	0.110737	0.778739	39	37.9	158585	25	2197	1.00222	1.00136	1965
386	678702	182	292570	386132	100	60	0.123074	0.778739	39	37.9	158585	25	2197	1.00293	1.0035	1965
387	493834	2345	125286	368548	100	60	1.04816	0.778739	39	37.9	158585	25	2197	1.00419	1.00678	1965
388	446979	2106	82800.9	364178	100	60	1.15689	0.778739	39	37.9	158585	25	2197	1.00474	1.00862	1965
389	508605	1868	154255	354350	100	60	1.38098	0.778739	39	37.9	158585	25	2197	1.00619	1.0099	1965
390	490382	1766	115113	375269	100	60	1.58614	0.778739	34	37.9	158585	25	2197	1.08819	1.1314	1965
391	563953	1469	196268	365060	100	60	1.11242	0.778739	39	37.9	0	25	2197	1.04225	1.04195	1965
392	626330	1225	257469	366204	100	60	0.960986	0.778739	39	37.9	0	25	2197	1.02896	1.02269	1965
393	677073	1025	304425	368580	100	60	0.880418	0.778739	39	37.9	0	25	2197	1.01982	1.01026	1965
394	721057	836	338831	378823	100	60	0.881096	0.778739	39	37.9	0	25	2197	1.02093	1.00845	1965
395	768717	740	369417	396254	100	60	0.935505	0.778739	39	37.9	0	25	2197	1.0238	1.01147	1965
396	793522	1336	387050	406472	100	60	1.53989	0.778739	39	37.9	0	25	2197	1.02431	1.01122	1965
397	798704	1304	394476	404229	100	60	1.69163	0.778739	39	37.9	0	25	2197	1.03112	1.01668	1965
398	778992	1238	390648	388344	100	60	1.81421	0.778739	39	37.9	0	25	2197	1.032	1.01879	1965
399	756444	1051	384019	372425	100	60	1.83573	0.778739	39	37.9	0	25	2197	1.04093	1.0317	1965
400	654378	915	297583	356795	100	60	1.862	0.778739	39	37.9	87819.5	25	2197	1.05505	1.04736	1965
401	467712	765	146515	321197	100	60	1.87141	0.778739	39	37.9	87819.5	25	2197	1.06352	1.0527	1965
402	497698	697	196812	300885	100	60	1.88609	0.778739	39	37.9	87819.5	25	2197	1.06674	1.05789	1965
403	527093	646	239498	287595	100	60	1.91009	0.778739	39	37.9	87819.5	25	2197	1.08516	1.075	1965
404	529145	592	258220	270925	100	60	1.97047	0.778739	39	37.9	87819.5	25	2197	1.09254	1.08419	1965
405	505319	531	256907	248412	100	60	1.97043	0.778739	39	37.9	87819.5	25	2197	1.10751	1.09579	1965
406	466546	463	238430	221524	100	60	1.97424	0.778739	39	37.9	87819.5	25	2197	1.12877	1.11894	1965
407	434699	409	222235	201439	100	60	1.96828	0.778739	39	37.9	87819.5	25	2197	1.16197	1.14286	1965
408	389464	352	201013	178797	100	60	1.96242	0.778739	39	37.9	87819.5	25	2197	1.16209	1.13824	1965
409	370520	322	192797	168309	100	60	1.98595	0.778739	39	37.9	87819.5	25	2197	1.15337	1.12987	1965
410	328326	287	171773	148631	100	60	1.93151	0.778739	39	37.9	87819.5	25	2197	1.18947	1.15074	1965
411	292274	257	156559	135715	100	60	1.93176	0.778739	39	37.9	87819.5	25	2197	1.20158	1.16461	1965
412	217554	230	92911.4	124643	100	60	0.0760541	0.778739	39	37.9	146474	25	2197	1.00271	0.986938	1965
413	456673	223	192175	264498	100	60	0.0689928	0.778739	39	37.9	146474	25	2197	1.00274	0.986817	1965
414	611893	193	255144	356749	100	60	0.0635183	0.778739	39	37.9	146474	25	2197	1.00232	0.989547	1965
415	601621	161	254026	347595	100	60	0.0623392	0.778739	39	37.9	146474	25	2197	1.00258	0.992624	1965
416	562249	140	245777	316472	100	60	0.0645046	0.778739	38	37.9	146474	25	2197	1.00297	0.99487	1965
417	619167	2649	279692	339475	100	60	1.01432	0.778739	38	37.9	146474	25	2197	1.00419	0.996663	1965
418	712511	2354	327292	385218	100	60	1.15322	0.778739	38	37.9	146474	25	2197	1.00594	0.999706	1965
419	752352	2027	351056	401296	100	60	1.39501	0.778739	38	37.9	146474	25	2197	1.00824	1.00292	1965
420	575584	1782	179860	395724	100	60	1.54509	0.778739	33	37.9	146474	25	2197	1.08615	1.13713	1965
421	618481	1451	247227	368969	100	60	0.770576	0.778739	39	37.9	0	25	2197	1.02693	1.01517	1965
422	691740	1207	303654	385025	100	60	0.616072	0.778739	39	37.9	0	25	2197	1.01599	0.999593	1965
423	775801	1012	356221	415965	100	60	0.553297	0.778739	39	37.9	0	25	2197	1.0119	0.995012	1965
424	840769	862	390310	447137	100	60	0.576772	0.778739	39	37.9	0	25	2197	1.01167	0.996892	1965
425	830491	758	390266	437478	100	60	0.622663	0.778739	39	37.9	0	25	2197	1.01317	0.998121	1965
426	816705	1679	393256	423449	100	60	1.30477	0.778739	39	37.9	0	25	2197	1.01883	1.00365	1965
427	791427	1548	386171	405256	100	60	1.433	0.778739	39	37.9	0	25	2197	1.02308	1.00764	1965
428	790509	1473	390399	400110	100	60	1.62739	0.778739	39	37.9	0	25	2197	1.02789	1.01298	1965
429	765792	1222	383550	382243	100	60	1.68547	0.778739	39	37.9	0	25	2197	1.0343	1.02305	1965
430	654357	1035	294330	360027	100	60	1.74101	0.778739	39	37.9	87908.6	25	2197	1.0415	1.02913	1965
431	648841	892	309647	339194	100	60	1.7914	0.778739	39	37.9	87908.6	25	2197	1.05199	1.04397	1965
432	636525	796	316183	320342	100	60	1.81977	0.778739	39	37.9	87908.6	25	2197	1.0625	1.0519	1965
433	579556	671	294992	284564	100	60	1.84642	0.778739	39	37.9	87908.6	25	2197	1.08275	1.06747	1965
434	544328	588	281159	263169	100	60	1.89752	0.778739	39	37.9	87908.6	25	2197	1.10224	1.08748	1965
435	529359	546	276172	253186	100	60	1.9487	0.778739	39	37.9	87908.6	25	2197	1.12862	1.12059	1965
436	516981	510	267388	242285	100	60	1.97365	0.778739	39	37.9	87908.6	25	2197	1.16456	1.1523	1965
437	505292	475	259053	233210	100	60	2.01999	0.778739	39	37.9	87908.6	25	2197	1.15737	1.14009	1965
438	460580	419	237522	210832	100	60	2.01016	0.778739	39	37.9	87908.6	25	2197	1.18501	1.14815	1965
439	321050	389	118781	200089	100	60	2.03406	0.778739	39	37.9	87908.6	25	2197	1.17136	1.13137	1965
440	312924	341	134882	176176	100	60	2.00637	0.778739	39	37.9	87908.6	25	2197	1.1763	1.12844	1965
441	317439	319	151254	166185	100	60	2.00684	0.778739	39	37.9	87908.6	25	2197	1.20257	1.1745	1965
442	250075	277	102228	147847	100	60	0.131555	0.778739	39	37.9	143821	25	2197	1.0053	1.00346	1965
443	403634	260	171321	232313	100	60	0.104016	0.778739	39	37.9	143821	25	2197	1.00414	1.00278	1965
444	484248	229	133480	350768	100	60	0.0954989	0.778739	39	37.9	143821	25	2197	1.00443	1.00348	1965
445	577275	221	186615	390660	100	60	0.0953219	0.778739	39	37.9	143821	25	2197	1.00408	1.00293	1965
446	588403	208	212982	375420	100	60	0.109259	0.778739	39	37.9	143821	25	2197	1.00501	1.00484	1965
447	456281	2163	101706	354575	100	60	0.799727	0.778739	39	37.9	143821	25	2197	1.00652	1.00475	1965
448	521414	2045	170687	350727	100	60	0.944956	0.778739	39	37.9	143821	25	2197	1.00775	1.00544	1965
449	624727	1842	246871	377857	100	60	1.12391	0.778739	39	37.9	143821	25	2197	1.00961	1.00643	1965
450	542705	1822	150191	392514	100	60	1.32724	0.778739	36	37.9	143821	25	2197	1.08603	1.13003	1965
451	594209	1446	226205	364765	100	60	0.936703	0.778739	39	37.9	0	25	2197	1.04382	1.04327	1965
452	663059	1203	288042	371452	100	60	0.796512	0.778739	39	37.9	0	25	2197	1.02538	1.01861	1965
453	745158	1062	346688	393091	100	60	0.768112	0.778739	39	37.9	0	25	2197	1.01841	1.00872	1965
454	793170	901	380695	407685	100	60	0.806001	0.778739	39	37.9	0	25	2197	1.02018	1.00974	1965
455	824526	810	402516	417951	100	60	0.874278	0.778739	39	37.9	0	25	2197	1.02229	1.00961	1965
456	613721	1289	198305	415417	100	60	1.29655	0.778739	39	37.9	0	25	2197	1.02695	1.01662	1965
457	529936	1315	129307	400629	100	60	1.42633	0.778739	39	37.9	0	25	2197	1.02943	1.01824	1965
458	577016	1297	200396	376620	100	60	1.5335	0.778739	39	37.9	0	25	2197	1.0376	1.02948	1965
459	637579	1131	270445	367134	100	60	1.55088	0.778739	39	37.9	0	25	2197	1.04013	1.03559	1965
460	646596	980	291265	355331	100	60	1.5861	0.778739	39	37.9	24637.2	25	2197	1.04563	1.03905	1965
461	659969	865	320783	339186	100	60	1.62698	0.778739	39	37.9	24637.2	25	2197	1.06567	1.05821	1965
462	633702	743	322190	311512	100	60	1.64636	0.778739	39	37.9	24637.2	25	2197	1.08454	1.07463	1965
463	620955	679	323194	297762	100	60	1.66096	0.778739	39	37.9	24637.2	25	2197	1.10566	1.09701	1965
464	573458	593	302968	270490	100	60	1.62804	0.778739	39	37.9	24637.2	25	2197	1.1345	1.12842	1965
465	528200	522	281347	246853	100	60	1.64295	0.778739	39	37.9	24637.2	25	2197	1.1448	1.13922	1965
466	523855	499	276556	240808	100	60	1.64179	0.778739	39	37.9	24637.2	25	2197	1.15971	1.15844	1965
467	484432	449	253610	219855	100	60	1.65516	0.778739	39	37.9	24637.2	25	2197	1.19321	1.18561	1965
468	439703	394	230296	199555	100	60	1.62673	0.778739	39	37.9	24637.2	25	2197	1.21411	1.21658	1965
469	421122	371	221103	190559	100	60	1.63617	0.778739	39	37.9	24637.2	25	2197	1.22252	1.21965	1965
470	392282	339	207201	176685	100	60	1.5949	0.778739	39	37.9	24637.2	25	2197	1.21662	1.20382	1965
471	369212	322	199889	169323	100	60	1.58924	0.778739	39	37.9	24637.2	25	2197	1.23003	1.22449	1965
472	284482	292	129121	155361	100	60	0.0883483	0.778739	39	37.9	88046.4	25	2197	1.00387	1.0032	1965
473	499337	267	216773	282565	100	60	0.0762028	0.778739	39	37.9	88046.4	25	2197	1.00352	1.00276	1965
474	633426	240	269513	363913	100	60	0.0720763	0.778739	39	37.9	88046.4	25	2197	1.00346	1.00324	1965
475	610003	210	264727	345276	100	60	0.0769543	0.778739	39	37.9	88046.4	25	2197	1.004	1.00369	1965
476	572496	197	256758	315738	100	60	0.0852287	0.778739	39	37.9	88046.4	25	2197	1.00456	1.00571	1965
477	469440	2415	126516	342924	100	60	0.914494	0.778739	39	37.9	88046.4	25	2197	1.0073	1.00855	1965
478	548661	2134	194236	354425	100	60	1.07153	0.778739	39	37.9	88046.4	25	2197	1.00942	1.00986	1965
479	644705	1991	262586	382120	100	60	1.30767	0.778739	39	37.9	88046.4	25	2197	1.01306	1.01446	1965
480	536241	1810	151640	384601	100	60	1.46753	0.778739	36	37.9	88046.4	25	2197	1.07866	1.12625	1965
481	580445	1418	223472	354453	100	60	0.659056	0.778739	39	37.9	0	25	2197	1.02252	1.02129	1965
482	667169	1162	287606	376419	100	60	0.52232	0.778739	39	37.9	0	25	2197	1.01394	1.01001	1965
483	787477	1011	357322	426002	100	60	0.493668	0.778739	39	37.9	0	25	2197	1.01046	1.00593	1965
484	630448	815	188981	441107	100	60	0.488094	0.778739	39	37.9	0	25	2197	1.01139	1.00487	1965
485	686538	745	254839	431403	100	60	0.533682	0.778739	39	37.9	0	25	2197	1.01386	1.00648	1965
486	732533	1751	309029	423505	100	60	1.14341	0.778739	39	37.9	0	25	2197	1.01693	1.00883	1965
487	758554	1605	344449	414106	100	60	1.26667	0.778739	39	37.9	0	25	2197	1.01889	1.0117	1965
488	766579	1570	364216	402363	100	60	1.51954	0.778739	39	37.9	0	25	2197	1.02691	1.02047	1965
489	784646	1316	384080	400565	100	60	1.58698	0.778739	39	37.9	0	25	2197	1.03335	1.02979	1965
490	701126	1108	322252	378874	100	60	1.65493	0.778739	39	37.9	65520.3	25	2197	1.03317	1.02627	1965
491	709483	973	343241	366242	100	60	1.72795	0.778739	39	37.9	65520.3	25	2197	1.04287	1.03715	1965
492	680683	830	341649	339035	100	60	1.7579	0.778739	39	37.9	65520.3	25	2197	1.06649	1.06424	1965
493	650433	730	334770	315663	100	60	1.78837	0.778739	39	37.9	65520.3	25	2197	1.08529	1.08575	1965
494	436289	630	153750	282539	100	60	1.79192	0.778739	39	37.9	65520.3	25	2197	1.09769	1.0947	1965
495	455781	574	190601	265181	100	60	1.83826	0.778739	39	37.9	65520.3	25	2197	1.1159	1.10915	1965
496	476098	530	219672	249662	100	60	1.88912	0.778739	39	37.9	65520.3	25	2197	1.12248	1.11619	1965
497	458623	471	222995	224823	100	60	1.92631	0.778739	39	37.9	65520.3	25	2197	1.13609	1.12095	1965
498	441796	426	222129	208353	100	60	1.92719	0.778739	39	37.9	65520.3	25	2197	1.14732	1.13253	1965
499	413836	384	213437	189850	100	60	1.87946	0.778739	39	37.9	65520.3	25	2197	1.15423	1.13137	1965
500	276520	347	100678	174235	100	60	1.93227	0.778739	39	37.9	65520.3	25	2197	1.14773	1.11976	1965
501	292299	329	125676	166623	100	60	1.90976	0.778739	39	37.9	65520.3	25	2197	1.18654	1.15064	1965
502	259248	296	108392	150856	100	60	0.225741	0.778739	39	37.9	100641	25	2197	1.01041	1.00745	1965
503	323884	254	144392	179492	100	60	0.159231	0.778739	39	37.9	100641	25	2197	1.00745	1.00475	1965
504	490365	227	226698	263667	100	60	0.144579	0.778739	39	37.9	100641	25	2197	1.00672	1.00416	1965
505	662267	207	299872	362395	100	60	0.143409	0.778739	39	37.9	100641	25	2197	1.00692	1.00371	1965
506	736262	176	329454	406807	100	60	0.144543	0.778739	39	37.9	100641	25	2197	1.00619	1.00378	1965
507	714946	2040	325744	389202	100	60	0.960371	0.778739	39	37.9	100641	25	2197	1.00848	1.009	1965
508	721653	1797	336947	384706	100	60	1.01982	0.778739	38	37.9	100641	25	2197	1.00919	1.01245	1965
509	780921	1676	372636	408285	100	60	1.13528	0.778739	38	37.9	100641	25	2197	1.01117	1.01413	1965
510	612428	1496	198093	414335	100	60	1.1117	0.778739	34	37.9	100641	25	2197	1.16407	1.32167	1965
511	654306	1233	271428	380425	100	60	1.031	0.778739	39	37.9	0	25	2197	1.12318	1.15637	1965
512	683045	1030	314920	364537	100	60	0.979948	0.778739	39	37.9	0	25	2197	1.07759	1.07389	1965
513	728527	918	354808	369472	100	60	0.968918	0.778739	39	37.9	0	25	2197	1.04332	1.03114	1965
514	758040	815	380052	373980	100	60	1.00509	0.778739	39	37.9	0	25	2197	1.03944	1.02318	1965
515	776326	766	394118	378816	100	60	1.08943	0.778739	39	37.9	0	25	2197	1.04232	1.02287	1965
516	788920	1013	403686	385234	100	60	1.43973	0.778739	39	37.9	0	25	2197	1.04681	1.0256	1965
517	789883	1033	406360	383522	100	60	1.59857	0.778739	39	37.9	0	25	2197	1.05107	1.02827	1965
518	783369	1011	405856	377513	100	60	1.66936	0.778739	39	37.9	0	25	2197	1.05376	1.03532	1965
519	785336	916	411522	373814	100	60	1.66016	0.778739	39	37.9	0	25	2197	1.05776	1.0455	1965
520	670407	813	315080	355327	100	60	1.65239	0.778739	39	37.9	91188.5	25	2197	1.07128	1.06258	1965
521	505614	744	166809	338805	100	60	1.65741	0.778739	39	37.9	91188.5	25	2197	1.09049	1.0847	1965
522	528797	675	217625	311172	100	60	1.65031	0.778739	39	37.9	91188.5	25	2197	1.11068	1.10542	1965
523	545804	619	256493	289310	100	60	1.66906	0.778739	39	37.9	91188.5	25	2197	1.1173	1.10544	1965
524	549775	568	276490	273285	100	60	1.67333	0.778739	39	37.9	91188.5	25	2197	1.14821	1.13718	1965
525	525516	511	273985	251531	100	60	1.67166	0.778739	39	37.9	91188.5	25	2197	1.16574	1.15789	1965
526	519239	481	270612	240519	100	60	1.68473	0.778739	39	37.9	91188.5	25	2197	1.16802	1.15584	1965
527	472589	430	245376	213777	100	60	1.68562	0.778739	39	37.9	91188.5	25	2197	1.17647	1.15725	1965
528	458793	399	239750	206302	100	60	1.7074	0.778739	39	37.9	91188.5	25	2197	1.16624	1.13793	1965
529	404394	339	212366	180538	100	60	1.77738	0.778739	39	37.9	91188.5	25	2197	1.1571	1.11526	1965
530	358518	289	190239	158339	100	60	1.67734	0.778739	39	37.9	91188.5	25	2197	1.16901	1.13504	1965
531	330488	270	180317	150170	100	60	1.67238	0.778739	39	37.9	91188.5	25	2197	1.17424	1.14567	1965
532	245055	237	106513	138542	100	60	0.073048	0.778739	39	37.9	156373	25	2197	1.00239	0.99303	1965
533	484737	221	204402	280335	100	60	0.0646148	0.778739	39	37.9	156373	25	2197	1.00222	0.992875	1965
534	609890	197	254288	355602	100	60	0.0614686	0.778739	39	37.9	156373	25	2197	1.00234	0.994696	1965
535	592184	186	253429	338755	100	60	0.0688893	0.778739	39	37.9	156373	25	2197	1.00273	0.997263	1965
536	565423	177	252230	313193	100	60	0.0781599	0.778739	39	37.9	156373	25	2197	1.00363	0.999122	1965
537	626634	2376	288247	338388	100	60	0.873059	0.778739	39	37.9	156373	25	2197	1.00544	0.999777	1965
538	725739	2194	338243	387496	100	60	1.0266	0.778739	39	37.9	156373	25	2197	1.00698	1.00282	1965
539	772982	1916	364862	408120	100	60	1.24261	0.778739	39	37.9	156373	25	2197	1.01069	1.0044	1965
540	584633	1700	185381	399252	100	60	1.37771	0.778739	35	37.9	156373	25	2197	1.09424	1.14676	1965
541	635230	1399	257048	375583	100	60	0.638548	0.778739	39	37.9	0	25	2197	1.02516	1.01735	1965
542	707227	1161	312913	390765	100	60	0.508797	0.778739	39	37.9	0	25	2197	1.01221	1.00228	1965
543	809851	999	373625	431986	100	60	0.464728	0.778739	39	37.9	0	25	2197	1.009	0.997426	1965
544	846115	838	395398	447059	100	60	0.486781	0.778739	39	37.9	0	25	2197	1.01062	0.998498	1965
545	846765	761	402678	440918	100	60	0.530914	0.778739	39	37.9	0	25	2197	1.01237	1.00253	1965
546	811902	1666	393922	417980	100	60	1.12729	0.778739	39	37.9	0	25	2197	1.01344	1.00039	1965
547	771127	1511	379620	391507	100	60	1.21176	0.778739	39	37.9	0	25	2197	1.01587	1.00163	1965
548	773513	1447	387360	386153	100	60	1.42985	0.778739	39	37.9	0	25	2197	1.02003	1.00695	1965
549	567439	1224	188180	379260	100	60	1.4712	0.778739	39	37.9	0	25	2197	1.02687	1.01397	1965
550	560135	1004	222515	337620	100	60	1.52893	0.778739	39	37.9	8830.67	25	2197	1.03351	1.02402	1965
551	594937	894	269378	325559	100	60	1.61327	0.778739	39	37.9	8830.67	25	2197	1.04372	1.03712	1965
552	601974	784	293771	308203	100	60	1.66204	0.778739	39	37.9	8830.67	25	2197	1.0484	1.03718	1965
553	594750	707	302579	292171	100	60	1.71204	0.778739	39	37.9	8830.67	25	2197	1.06727	1.05413	1965
554	564326	625	294891	269434	100	60	1.76772	0.778739	39	37.9	8830.67	25	2197	1.08731	1.06602	1965
555	545258	575	290249	255009	100	60	1.77898	0.778739	39	37.9	8830.67	25	2197	1.09472	1.06678	1965
556	521855	527	276796	237283	100	60	1.78195	0.778739	39	37.9	8830.67	25	2197	1.11498	1.08846	1965
557	500047	487	263142	223095	100	60	1.74885	0.778739	39	37.9	8830.67	25	2197	1.14695	1.12708	1965
558	462846	432	243763	206177	100	60	1.78639	0.778739	39	37.9	8830.67	25	2197	1.13158	1.10824	1965
559	441691	405	233365	196052	100	60	1.82728	0.778739	39	37.9	8830.67	25	2197	1.12589	1.08397	1965
560	399689	358	211702	177236	100	60	1.79822	0.778739	39	37.9	8830.67	25	2197	1.13172	1.10145	1965
561	375206	341	204869	170337	100	60	1.79643	0.778739	39	37.9	8830.67	25	2197	1.13636	1.11043	1965
562	246453	317	86961.9	159492	100	60	0.0971085	0.778739	39	37.9	19704.2	25	2197	1.00222	0.995102	1965
563	492823	293	195967	296856	100	60	0.0835577	0.778739	39	37.9	19704.2	25	2197	1.00191	0.993852	1965
564	492297	236	125579	366718	100	60	0.0711771	0.778739	39	37.9	19704.2	25	2197	1.00178	0.994339	1965
565	483153	201	149178	333975	100	60	0.0651255	0.778739	39	37.9	19704.2	25	2197	1.00168	0.994162	1965
566	503466	174	182362	321103	100	60	0.0702046	0.778739	39	37.9	19704.2	25	2197	1.00181	0.994874	1965
567	588778	2615	241399	347379	100	60	0.850614	0.778739	39	37.9	19704.2	25	2197	1.00293	0.995831	1965
568	662758	2322	288569	374189	100	60	1.00855	0.778739	39	37.9	19704.2	25	2197	1.00405	0.995521	1965
569	722432	2024	326756	395676	100	60	1.16782	0.778739	39	37.9	19704.2	25	2197	1.00378	0.996336	1965
570	572560	2019	174819	397741	100	60	1.39532	0.778739	36	37.9	19704.2	25	2197	1.05304	1.08474	1965
571	477813	1553	114767	362531	100	60	0.690355	0.778739	39	37.9	0	25	2197	1.01716	1.00895	1965
572	556785	1273	191621	363332	100	60	0.50348	0.778739	39	37.9	0	25	2197	1.00779	0.998216	1965
573	680643	1037	276948	401612	100	60	0.440586	0.778739	39	37.9	0	25	2197	1.00477	0.994739	1965
574	771064	879	335205	433206	100	60	0.458438	0.778739	39	37.9	0	25	2197	1.0042	0.993869	1965
575	780102	750	353788	424084	100	60	0.48804	0.778739	39	37.9	0	25	2197	1.00484	0.995577	1965
576	773225	1705	364868	408357	100	60	1.1132	0.778739	39	37.9	0	25	2197	1.00678	0.99748	1965
577	783780	1735	378418	405362	100	60	1.28408	0.778739	39	37.9	0	25	2197	1.00951	1.00196	1965
578	822131	1695	403351	418780	100	60	1.49527	0.778739	39	37.9	0	25	2197	1.01477	1.00709	1965
579	813887	1403	405849	408039	100	60	1.55521	0.778739	39	37.9	0	25	2197	1.01813	1.01071	1965
580	717085	1182	326228	390857	100	60	1.62913	0.778739	39	37.9	80599.4	25	2197	1.02557	1.02119	1965
581	529582	1016	164644	364938	100	60	1.70324	0.778739	39	37.9	80599.4	25	2197	1.03134	1.0286	1965
582	543377	886	211383	331995	100	60	1.7412	0.778739	39	37.9	80599.4	25	2197	1.03807	1.03394	1965
583	552262	779	247711	304551	100	60	1.77189	0.778739	39	37.9	80599.4	25	2197	1.04871	1.04499	1965
584	426106	712	134870	291236	100	60	1.80057	0.778739	39	37.9	80599.4	25	2197	1.06629	1.06347	1965
585	435802	628	173020	262782	100	60	1.84154	0.778739	39	37.9	80599.4	25	2197	1.07641	1.0704	1965
586	464018	578	208459	248409	100	60	1.87391	0.778739	39	37.9	80599.4	25	2197	1.08571	1.07679	1965
587	472561	527	226859	233864	100	60	1.88159	0.778739	39	37.9	80599.4	25	2197	1.09966	1.09387	1965
588	474495	484	237190	224703	100	60	1.91961	0.778739	39	37.9	80599.4	25	2197	1.09496	1.09034	1965
589	458247	445	233823	212302	100	60	1.95083	0.778739	39	37.9	80599.4	25	2197	1.08387	1.07657	1965
590	453660	420	235162	206927	100	60	1.9594	0.778739	39	37.9	80599.4	25	2197	1.08776	1.08088	1965
591	409169	378	219350	189819	100	60	1.96451	0.778739	39	37.9	80599.4	25	2197	1.09845	1.09016	1965
592	303954	344	126660	177294	100	60	0.109067	0.778739	39	37.9	166681	25	2197	1.00222	0.994304	1965
593	531283	325	223587	307696	100	60	0.0980968	0.778739	39	37.9	166681	25	2197	1.00232	0.99366	1965
594	671930	311	285479	386450	100	60	0.098138	0.778739	39	37.9	166681	25	2197	1.00233	0.993849	1965
595	638207	265	276336	361872	100	60	0.101218	0.778739	39	37.9	166681	25	2197	1.00239	0.994169	1965
596	584123	216	260841	323281	100	60	0.0998468	0.778739	39	37.9	166681	25	2197	1.0023	0.994886	1965
597	646679	2411	297273	349407	100	60	0.963668	0.778739	39	37.9	166681	25	2197	1.00394	0.996639	1965
598	715411	2183	332803	382609	100	60	1.10573	0.778739	39	37.9	166681	25	2197	1.00431	0.997055	1965
599	746149	1980	351413	394736	100	60	1.35476	0.778739	39	37.9	166681	25	2197	1.00568	0.997463	1965
600	582600	1805	184485	398115	100	60	1.48762	0.778739	34	37.9	166681	25	2197	1.08966	1.14405	1965
601	611364	1405	247031	362370	100	60	0.641449	0.778739	39	37.9	0	25	2197	1.02366	1.01619	1965
602	701848	1162	308945	390046	100	60	0.51002	0.778739	39	37.9	0	25	2197	1.01473	1.00651	1965
603	802370	983	366310	432784	100	60	0.46523	0.778739	39	37.9	0	25	2197	1.00917	0.99977	1965
604	836903	822	386803	447299	100	60	0.480377	0.778739	39	37.9	0	25	2197	1.00912	0.9989	1965
605	822444	742	388119	431954	100	60	0.52647	0.778739	39	37.9	0	25	2197	1.00866	0.996341	1965
606	590502	1764	177921	412581	100	60	1.20273	0.778739	39	37.9	0	25	2197	1.01151	0.997354	1965
607	642848	1672	241735	401113	100	60	1.3569	0.778739	39	37.9	0	25	2197	1.01364	0.997984	1965
608	697568	1609	297902	399666	100	60	1.63269	0.778739	39	37.9	0	25	2197	1.01609	1.00375	1965
609	715399	1317	329715	385683	100	60	1.71192	0.778739	39	37.9	0	25	2197	1.01912	1.00611	1965
610	645545	1105	280909	364635	100	60	1.76855	0.778739	39	37.9	66631.5	25	2197	1.02863	1.0182	1965
611	650324	955	304599	345725	100	60	1.78891	0.778739	39	37.9	66631.5	25	2197	1.03942	1.03368	1965
612	640140	831	314439	325701	100	60	1.82541	0.778739	39	37.9	66631.5	25	2197	1.04937	1.04343	1965
613	600011	705	304507	295504	100	60	1.85676	0.778739	39	37.9	66631.5	25	2197	1.06257	1.05966	1965
614	557526	609	289122	268403	100	60	1.9273	0.778739	39	37.9	66631.5	25	2197	1.0764	1.07603	1965
615	513076	527	270647	242428	100	60	1.95241	0.778739	39	37.9	66631.5	25	2197	1.09167	1.0819	1965
616	473729	457	247926	218264	100	60	1.97525	0.778739	39	37.9	66631.5	25	2197	1.11111	1.09534	1965
617	443548	408	229853	200810	100	60	2.04051	0.778739	39	37.9	66631.5	25	2197	1.10023	1.08354	1965
618	431150	378	223992	194520	100	60	2.0516	0.778739	39	37.9	66631.5	25	2197	1.09273	1.07065	1965
619	410113	351	214963	183084	100	60	2.05301	0.778739	39	37.9	66631.5	25	2197	1.07945	1.06195	1965
620	379886	319	200761	168464	100	60	1.99511	0.778739	39	37.9	66631.5	25	2197	1.09226	1.07792	1965
621	341665	290	186509	155156	100	60	2.0038	0.778739	39	37.9	66631.5	25	2197	1.09967	1.09286	1965
622	242165	271	93195.5	148969	100	60	0.0863771	0.778739	39	37.9	158392	25	2197	1.00187	0.996851	1965
623	480566	249	195813	284753	100	60	0.0752492	0.778739	39	37.9	158392	25	2197	1.00178	0.996812	1965
624	617723	203	253371	364352	100	60	0.0657273	0.778739	39	37.9	158392	25	2197	1.0018	0.996801	1965
625	620671	187	260616	360055	100	60	0.0696956	0.778739	39	37.9	158392	25	2197	1.00211	0.997099	1965
626	578488	171	251621	326867	100	60	0.0751549	0.778739	39	37.9	158392	25	2197	1.00213	0.997092	1965
627	640526	2873	288621	351905	100	60	0.979003	0.778739	39	37.9	158392	25	2197	1.00244	0.997069	1965
628	716071	2530	327802	388269	100	60	1.09627	0.778739	39	37.9	158392	25	2197	1.0038	0.999738	1965
629	755848	2193	351065	404783	100	60	1.3318	0.778739	39	37.9	158392	25	2197	1.0054	1.00258	1965
630	583939	2013	181575	402364	100	60	1.51954	0.778739	35	37.9	158392	25	2197	1.0649	1.10768	1965
631	625742	1603	248573	375233	100	60	0.731708	0.778739	39	37.9	0	25	2197	1.02145	1.01545	1965
632	718127	1331	313443	402137	100	60	0.592262	0.778739	39	37.9	0	25	2197	1.01173	1.00467	1965
633	807444	1118	368713	435637	100	60	0.540115	0.778739	39	37.9	0	25	2197	1.00816	1.00025	1965
634	845804	923	391820	451408	100	60	0.557443	0.778739	39	37.9	0	25	2197	1.0091	1.00066	1965
635	837077	824	395632	439264	100	60	0.61167	0.778739	39	37.9	0	25	2197	1.01077	1.00075	1965
636	826441	1734	399725	426716	100	60	1.26445	0.778739	39	37.9	0	25	2197	1.01236	1.00418	1965
637	823878	1679	405045	418833	100	60	1.43058	0.778739	39	37.9	0	25	2197	1.01663	1.0093	1965
638	815452	1536	406450	409002	100	60	1.62942	0.778739	39	37.9	0	25	2197	1.02189	1.017	1965
639	815565	1316	410147	405419	100	60	1.72285	0.778739	39	37.9	0	25	2197	1.02327	1.01757	1965
640	684164	1123	294418	389745	100	60	1.79416	0.778739	39	37.9	120816	25	2197	1.02977	1.02145	1965
641	683435	976	317485	365951	100	60	1.8655	0.778739	39	37.9	120816	25	2197	1.04025	1.03289	1965
642	679644	879	332186	347458	100	60	1.87849	0.778739	39	37.9	120816	25	2197	1.04973	1.04691	1965
643	644604	765	325180	319424	100	60	1.93286	0.778739	39	37.9	120816	25	2197	1.06332	1.06069	1965
644	622169	689	320977	301192	100	60	1.95578	0.778739	39	37.9	120816	25	2197	1.07214	1.07206	1965
645	574969	604	301112	273857	100	60	1.97041	0.778739	39	37.9	120816	25	2197	1.08734	1.07873	1965
646	532546	522	276737	247121	100	60	2.00252	0.778739	39	37.9	120816	25	2197	1.09278	1.08317	1965
647	501520	468	258978	227740	100	60	2.01637	0.778739	39	37.9	120816	25	2197	1.10891	1.09524	1965
648	480208	431	248253	217683	100	60	2.05327	0.778739	39	37.9	120816	25	2197	1.09348	1.07565	1965
649	449098	393	233102	202357	100	60	2.04993	0.778739	39	37.9	120816	25	2197	1.08571	1.06977	1965
650	435727	371	227585	195319	100	60	2.10215	0.778739	39	37.9	120816	25	2197	1.08247	1.0663	1965
651	387084	332	209133	177951	100	60	2.13276	0.778739	39	37.9	120816	25	2197	1.07267	1.05556	1965
652	250430	285	91546.5	158884	100	60	0.091607	0.778739	39	37.9	227237	25	2197	1.00139	0.996621	1965
653	493158	267	198738	294420	100	60	0.0799852	0.778739	39	37.9	227237	25	2197	1.00172	0.996969	1965
654	633325	232	260031	373293	100	60	0.0737404	0.778739	39	37.9	227237	25	2197	1.00156	0.996602	1965
655	616421	199	258449	357971	100	60	0.0742623	0.778739	39	37.9	227237	25	2197	1.00161	0.997226	1965
656	583687	185	254059	329628	100	60	0.0824021	0.778739	39	37.9	227237	25	2197	1.00189	0.997753	1965
657	635068	2777	286882	348186	100	60	0.987811	0.778739	39	37.9	227237	25	2197	1.00303	1.00018	1965
658	701878	2493	322315	379563	100	60	1.14356	0.778739	39	37.9	227237	25	2197	1.00256	0.99921	1965
659	748849	2257	348092	400758	100	60	1.37538	0.778739	39	37.9	227237	25	2197	1.00329	0.999637	1965
660	574052	2050	177425	396627	100	60	1.5509	0.778739	35	37.9	227237	25	2197	1.06571	1.10742	1965
661	632555	1698	248671	382313	100	60	0.736029	0.778739	39	37.9	0	25	2197	1.01834	1.01437	1965
662	720184	1396	310499	407700	100	60	0.583607	0.778739	39	37.9	0	25	2197	1.00917	1.00409	1965
663	832135	1193	374167	455373	100	60	0.537796	0.778739	39	37.9	0	25	2197	1.00604	1.00089	1965
664	873509	980	398629	472538	100	60	0.552103	0.778739	39	37.9	0	25	2197	1.00682	1.00121	1965
665	877573	906	408897	466626	100	60	0.62427	0.778739	39	37.9	0	25	2197	1.00878	1.0023	1965
666	831873	1802	396486	435387	100	60	1.26369	0.778739	39	37.9	0	25	2197	1.01047	1.00141	1965
667	833794	1695	404353	429441	100	60	1.39983	0.778739	39	37.9	0	25	2197	1.01173	1.00281	1965
668	828919	1690	407269	421650	100	60	1.68255	0.778739	39	37.9	0	25	2197	1.01449	1.00593	1965
669	803969	1382	399426	404543	100	60	1.71038	0.778739	39	37.9	0	25	2197	1.01766	1.01014	1965
670	675062	1174	284954	390108	100	60	1.76303	0.778739	39	37.9	123600	25	2197	1.02205	1.01536	1965
671	682278	1025	310770	371508	100	60	1.84263	0.778739	39	37.9	123600	25	2197	1.03206	1.02639	1965
672	678791	907	325527	353263	100	60	1.90231	0.778739	39	37.9	123600	25	2197	1.03645	1.03087	1965
673	672816	826	334549	338267	100	60	1.96144	0.778739	39	37.9	123600	25	2197	1.05432	1.04854	1965
674	652716	748	332508	320208	100	60	1.99374	0.778739	39	37.9	123600	25	2197	1.05856	1.04692	1965
675	619842	669	321122	298720	100	60	2.06091	0.778739	39	37.9	123600	25	2197	1.06422	1.04962	1965
676	434057	605	155478	276920	100	60	2.08905	0.778739	39	37.9	123600	25	2197	1.07738	1.06156	1965
677	439715	534	180674	251054	100	60	2.09042	0.778739	39	37.9	123600	25	2197	1.0785	1.06215	1965
678	447353	493	201887	235430	100	60	2.13595	0.778739	39	37.9	123600	25	2197	1.07519	1.05797	1965
679	443426	452	211877	219701	100	60	2.11024	0.778739	39	37.9	123600	25	2197	1.07536	1.04698	1965
680	418142	398	207700	200059	100	60	2.12033	0.778739	39	37.9	123600	25	2197	1.09155	1.05344	1965
681	408010	382	212498	195512	100	60	2.14258	0.778739	39	37.9	123600	25	2197	1.08437	1.0563	1965
682	289802	348	106759	183043	100	60	0.11856	0.778739	39	37.9	231942	25	2197	1.00228	0.993542	1965
683	489889	297	197088	292802	100	60	0.0923962	0.778739	39	37.9	231942	25	2197	1.00189	0.992938	1965
684	649440	278	267521	381919	100	60	0.0913073	0.778739	39	37.9	231942	25	2197	1.00185	0.992854	1965
685	651049	261	274199	376850	100	60	0.100946	0.778739	39	37.9	231942	25	2197	1.00179	0.993022	1965
686	622994	242	271841	351153	100	60	0.109801	0.778739	39	37.9	231942	25	2197	1.00241	0.994662	1965
687	665530	2708	300319	365211	100	60	1.05911	0.778739	39	37.9	231942	25	2197	1.00349	0.995985	1965
688	735485	2428	337405	398080	100	60	1.21143	0.778739	39	37.9	231942	25	2197	1.00409	0.996044	1965
689	771346	2087	358850	412496	100	60	1.46119	0.778739	39	37.9	231942	25	2197	1.00671	0.998017	1965
690	589556	1912	181919	407637	100	60	1.60564	0.778739	37	37.9	231942	25	2197	1.08307	1.1267	1965
691	667443	1611	263575	402311	100	60	0.791702	0.778739	39	37.9	0	25	2197	1.02696	1.02099	1965
692	736088	1326	318944	415098	100	60	0.647179	0.778739	39	37.9	0	25	2197	1.01604	1.0086	1965
693	837079	1131	379537	454930	100	60	0.598906	0.778739	39	37.9	0	25	2197	1.01087	1.00229	1965
694	870138	948	401596	466323	100	60	0.618565	0.778739	39	37.9	0	25	2197	1.01073	1.00214	1965
695	848574	818	397457	449249	100	60	0.650768	0.778739	39	37.9	0	25	2197	1.01301	1.00442	1965
696	849842	1819	405451	444391	100	60	1.394	0.778739	39	37.9	0	25	2197	1.01618	1.00647	1965
697	841215	1629	407147	434068	100	60	1.50429	0.778739	39	37.9	0	25	2197	1.01751	1.00719	1965
698	823489	1549	403853	419636	100	60	1.71888	0.778739	39	37.9	0	25	2197	1.01856	1.00714	1965
699	811196	1290	403273	407923	100	60	1.7639	0.778739	39	37.9	0	25	2197	1.02064	1.0109	1965
700	653690	1071	275064	378626	100	60	1.84645	0.778739	39	37.9	123275	25	2197	1.02734	1.01687	1965
701	655795	913	298400	357396	100	60	1.96497	0.778739	39	37.9	123275	25	2197	1.03612	1.0264	1965
702	488696	809	153592	335104	100	60	2.04343	0.778739	39	37.9	123275	25	2197	1.04266	1.03602	1965
703	508496	722	198508	309987	100	60	2.08559	0.778739	39	37.9	123275	25	2197	1.0463	1.03626	1965
704	531489	658	238071	293418	100	60	2.12253	0.778739	39	37.9	123275	25	2197	1.0483	1.03522	1965
705	527064	598	254247	272817	100	60	2.14068	0.778739	39	37.9	123275	25	2197	1.07036	1.05593	1965
706	524856	553	258862	257674	100	60	2.15543	0.778739	39	37.9	123275	25	2197	1.08086	1.0641	1965
707	509038	508	253561	241155	100	60	2.1523	0.778739	39	37.9	123275	25	2197	1.08958	1.07847	1965
708	472513	441	239098	219897	100	60	2.14112	0.778739	39	37.9	123275	25	2197	1.10661	1.08966	1965
709	438428	392	224262	201499	100	60	2.16621	0.778739	39	37.9	123275	25	2197	1.10269	1.08594	1965
710	403983	346	208582	184143	100	60	2.17851	0.778739	39	37.9	123275	25	2197	1.10924	1.09496	1965
711	373253	319	199271	173982	100	60	2.20072	0.778739	39	37.9	123275	25	2197	1.10092	1.09385	1965
712	264786	294	100058	164728	100	60	0.0991486	0.778739	39	37.9	221757	25	2197	1.00237	0.999328	1965
713	495207	276	201557	293650	100	60	0.0852874	0.778739	39	37.9	221757	25	2197	1.00227	0.999164	1965
714	645550	257	266488	379062	100	60	0.0840644	0.778739	39	37.9	221757	25	2197	1.00225	0.999326	1965
715	641903	238	271421	370482	100	60	0.0928869	0.778739	39	37.9	221757	25	2197	1.0025	1.00048	1965
716	587899	203	257079	330820	100	60	0.0946946	0.778739	39	37.9	221757	25	2197	1.00193	1.00055	1965
717	643707	2738	290292	353415	100	60	1.08253	0.778739	39	37.9	221757	25	2197	1.00283	1.00121	1965
718	733700	2453	335356	398344	100	60	1.21406	0.778739	39	37.9	221757	25	2197	1.00369	1.00224	1965
719	759070	2054	350440	408630	100	60	1.43205	0.778739	39	37.9	221757	25	2197	1.00534	1.00352	1965
720	579486	1850	178577	400909	100	60	1.61866	0.778739	36	37.9	221757	25	2197	1.08001	1.13518	1965
721	635364	1500	251034	382711	100	60	0.764833	0.778739	39	37.9	0	25	2197	1.02459	1.02204	1965
722	711480	1236	307706	401743	100	60	0.611866	0.778739	39	37.9	0	25	2197	1.01439	1.00882	1965
723	606898	1023	176540	429847	100	60	0.54072	0.778739	39	37.9	0	25	2197	1.01052	1.00328	1965
724	708662	871	256393	451070	100	60	0.553805	0.778739	39	37.9	0	25	2197	1.00937	1.00212	1965
725	758551	797	309470	448026	100	60	0.60833	0.778739	39	37.9	0	25	2197	1.01103	1.0036	1965
726	770122	1864	338533	431589	100	60	1.3436	0.778739	39	37.9	0	25	2197	1.01207	1.00431	1965
727	789164	1768	364181	424983	100	60	1.49407	0.778739	39	37.9	0	25	2197	1.01705	1.01119	1965
728	787293	1612	374061	413232	100	60	1.71557	0.778739	39	37.9	0	25	2197	1.02122	1.01686	1965
729	794610	1339	385758	408852	100	60	1.78165	0.778739	39	37.9	0	25	2197	1.02117	1.01349	1965
730	701926	1164	296126	405799	100	60	1.87827	0.778739	39	37.9	106663	25	2197	1.02269	1.01638	1965
731	525556	986	152337	373219	100	60	1.95176	0.778739	39	37.9	106663	25	2197	1.03171	1.02541	1965
732	434315	855	97466	336849	100	60	1.99523	0.778739	39	37.9	106663	25	2197	1.04021	1.03634	1965
733	461808	766	152009	309799	100	60	2.04137	0.778739	39	37.9	106663	25	2197	1.05236	1.04712	1965
734	482058	679	197337	284721	100	60	2.07585	0.778739	39	37.9	106663	25	2197	1.05651	1.04727	1965
735	497117	617	227563	269554	100	60	2.11725	0.778739	39	37.9	106663	25	2197	1.07255	1.057	1965
736	509635	578	243074	258486	100	60	2.13871	0.778739	39	37.9	106663	25	2197	1.08819	1.0662	1965
737	467188	490	226117	228266	100	60	2.16148	0.778739	39	37.9	106663	25	2197	1.09023	1.05955	1965
738	448834	441	221597	214734	100	60	2.156	0.778739	39	37.9	106663	25	2197	1.08577	1.0595	1965
739	419647	390	210450	197496	100	60	2.16494	0.778739	39	37.9	106663	25	2197	1.08654	1.06234	1965
740	393719	356	200043	183343	100	60	2.1736	0.778739	39	37.9	106663	25	2197	1.0914	1.06052	1965
741	362143	322	190496	171647	100	60	2.16804	0.778739	39	37.9	106663	25	2197	1.1021	1.07668	1965
742	261149	297	98770	162379	100	60	0.1029	0.778739	39	37.9	197675	25	2197	1.00215	0.991324	1965
743	378702	265	97478.6	281223	100	60	0.0841249	0.778739	39	37.9	197675	25	2197	1.00196	0.990916	1965
744	555189	246	183304	371885	100	60	0.0747751	0.778739	39	37.9	197675	25	2197	1.00184	0.992043	1965
745	595342	216	216723	378619	100	60	0.0769336	0.778739	39	37.9	197675	25	2197	1.00202	0.990326	1965
746	564241	187	221353	342888	100	60	0.0821945	0.778739	39	37.9	197675	25	2197	1.0022	0.990067	1965
747	608803	2594	256659	352144	100	60	0.975068	0.778739	39	37.9	197675	25	2197	1.00302	0.988303	1965
748	681823	2339	300139	381684	100	60	1.14199	0.778739	39	37.9	197675	25	2197	1.00387	0.988428	1965
749	751830	2223	340555	411274	100	60	1.45727	0.778739	39	37.9	197675	25	2197	1.00554	0.991483	1965
750	603838	2039	181586	422252	100	60	1.63964	0.778739	31	37.9	197675	25	2197	1.07082	1.10177	1965
751	581202	1576	186338	393575	100	60	0.872517	0.778739	39	37.9	0	25	2197	1.02795	1.01871	1965
752	663914	1302	263724	398739	100	60	0.677975	0.778739	39	37.9	0	25	2197	1.01735	1.00668	1965
753	762959	1110	330125	430790	100	60	0.625833	0.778739	39	37.9	0	25	2197	1.01142	0.99957	1965
754	819062	928	366804	450574	100	60	0.649419	0.778739	39	37.9	0	25	2197	1.01119	0.997533	1965
755	839345	828	386026	451763	100	60	0.71684	0.778739	39	37.9	0	25	2197	1.01293	0.998358	1965
756	846351	1668	398668	447683	100	60	1.41414	0.778739	39	37.9	0	25	2197	1.0159	0.99724	1965
757	828940	1590	398093	430847	100	60	1.60605	0.778739	39	37.9	0	25	2197	1.01618	0.994652	1965
758	826020	1509	403332	422687	100	60	1.82203	0.778739	39	37.9	0	25	2197	1.02115	0.999334	1965
759	811604	1276	401585	410019	100	60	1.83526	0.778739	39	37.9	0	25	2197	1.02633	1.00472	1965
760	703617	1127	298706	404911	100	60	1.92111	0.778739	39	37.9	117346	25	2197	1.03021	1.01161	1965
761	541953	986	158455	383498	100	60	1.98843	0.778739	39	37.9	117346	25	2197	1.02872	1.01224	1965
762	574428	895	214803	359625	100	60	2.03254	0.778739	39	37.9	117346	25	2197	1.04248	1.02921	1965
763	593086	805	259273	333812	100	60	2.06502	0.778739	39	37.9	117346	25	2197	1.05112	1.03367	1965
764	591751	727	280054	311697	100	60	2.10717	0.778739	39	37.9	117346	25	2197	1.06383	1.04703	1965
765	563465	639	278689	284776	100	60	2.1431	0.778739	39	37.9	117346	25	2197	1.06593	1.04094	1965
766	521797	552	260285	253147	100	60	2.20222	0.778739	39	37.9	117346	25	2197	1.08153	1.04918	1965
767	383821	524	132822	248163	100	60	2.21448	0.778739	39	37.9	117346	25	2197	1.09769	1.05962	1965
768	330953	508	86673.6	242865	100	60	2.24708	0.778739	39	37.9	117346	25	2197	1.09774	1.05823	1965
769	280648	451	60403.1	219260	100	60	2.26586	0.778739	39	37.9	117346	25	2197	1.10043	1.06561	1965
770	255501	421	47608.8	207813	100	60	2.26503	0.778739	39	37.9	117346	25	2197	1.11574	1.08068	1965
771	269917	383	79853.5	190064	100	60	2.26126	0.778739	39	37.9	117346	25	2197	1.12214	1.08378	1965
772	276469	354	98389.2	178080	100	60	0.299177	0.778739	39	37.9	133633	25	2197	1.00878	1.00464	1965
773	373012	348	154609	218402	100	60	0.243994	0.778739	39	37.9	133633	25	2197	1.00696	1.0038	1965
774	535197	340	240589	294608	100	60	0.240765	0.778739	38	37.9	133633	25	2197	1.0078	1.0054	1965
775	674631	306	303792	370839	100	60	0.247376	0.778739	38	37.9	133633	25	2197	1.00833	1.00524	1965
776	739752	275	333299	406452	100	60	0.270226	0.778739	38	37.9	133633	25	2197	1.00979	1.00591	1965
777	732019	1886	333740	398279	100	60	0.763455	0.778739	38	37.9	133633	25	2197	1.01155	1.00865	1965
778	732160	1690	342476	389684	100	60	0.827605	0.778739	38	37.9	133633	25	2197	1.01026	1.01038	1965
779	780421	1484	374227	406194	100	60	0.892624	0.778739	38	37.9	133633	25	2197	1.01241	1.01368	1965
780	613314	1364	199268	414046	100	60	0.876766	0.778739	37	37.9	133633	25	2197	1.21198	1.39793	1965
781	644673	1134	264081	373055	100	60	0.846108	0.778739	39	37.9	0	25	2197	1.18552	1.23609	1965
782	699115	1004	316384	371558	100	60	0.837734	0.778739	39	37.9	0	25	2197	1.15039	1.15722	1965
783	679893	806	324246	343555	100	60	0.806531	0.778739	39	37.9	0	25	2197	1.12589	1.10378	1965
784	689336	696	338172	340027	100	60	0.818865	0.778739	39	37.9	0	25	2197	1.1308	1.08916	1965
785	688981	708	344312	335340	100	60	0.913168	0.778739	39	37.9	0	25	2197	1.13255	1.0737	1965
786	709816	891	361973	347842	100	60	1.06666	0.778739	39	37.9	0	25	2197	1.13407	1.06973	1965
787	695280	891	357196	338084	100	60	1.17341	0.778739	39	37.9	0	25	2197	1.13964	1.07676	1965
788	677057	833	351659	325398	100	60	1.19759	0.778739	39	37.9	0	25	2197	1.14989	1.0894	1965
789	645903	711	339611	306292	100	60	1.17532	0.778739	39	37.9	0	25	2197	1.18113	1.13264	1965
790	531155	609	249266	281889	100	60	1.16333	0.778739	39	37.9	79942.2	25	2197	1.19706	1.15826	1965
791	515339	535	255793	259546	100	60	1.16947	0.778739	39	37.9	79942.2	25	2197	1.22804	1.21486	1965
792	381596	503	130675	250921	100	60	1.1549	0.778739	39	37.9	79942.2	25	2197	1.26087	1.2452	1965
793	393287	457	162747	230541	100	60	1.1664	0.778739	39	37.9	79942.2	25	2197	1.31942	1.30622	1965
794	307477	429	91818.2	215659	100	60	1.16482	0.778739	39	37.9	79942.2	25	2197	1.36385	1.32898	1965
795	261877	393	61087.2	200790	100	60	1.19704	0.778739	39	37.9	79942.2	25	2197	1.39211	1.36416	1965
796	238247	376	49258.4	188944	100	60	1.16439	0.778739	39	37.9	79942.2	25	2197	1.4273	1.39375	1965
797	212003	340	40063.5	171790	100	60	1.14983	0.778739	39	37.9	79942.2	25	2197	1.45946	1.42553	1965
798	234039	330	71490.1	161909	100	60	1.08992	0.778739	39	37.9	79942.2	25	2197	1.49458	1.46768	1965
799	248963	303	99551.9	148545	100	60	1.0835	0.778739	39	37.9	79942.2	25	2197	1.53175	1.5234	1965
800	266168	288	122712	142680	100	60	1.05408	0.778739	39	37.9	79942.2	25	2197	1.56769	1.54884	1965
801	253438	250	125932	127506	100	60	1.01913	0.778739	39	37.9	79942.2	25	2197	1.61111	1.56452	1965
802	224336	228	101558	122778	100	60	0.0622641	0.778739	39	37.9	109708	25	2197	1.00577	1.00363	1965
803	465843	218	197176	268667	100	60	0.0571501	0.778739	39	37.9	109708	25	2197	1.00532	1.00353	1965
804	612064	193	255175	356890	100	60	0.0538455	0.778739	39	37.9	109708	25	2197	1.00533	1.00362	1965
805	597584	166	253476	344108	100	60	0.0570335	0.778739	39	37.9	109708	25	2197	1.00605	1.00481	1965
806	567483	159	249496	317987	100	60	0.064363	0.778739	39	37.9	109708	25	2197	1.00683	1.0096	1965
807	635217	2288	286732	348485	100	60	0.716735	0.778739	39	37.9	109708	25	2197	1.01037	1.01242	1965
808	723192	2003	330587	392605	100	60	0.840959	0.778739	39	37.9	109708	25	2197	1.01534	1.01997	1965
809	744680	1716	345124	399556	100	60	0.998028	0.778739	39	37.9	109708	25	2197	1.01979	1.02222	1965
810	561513	1494	175583	385930	100	60	1.10467	0.778739	38	37.9	109708	25	2197	1.13932	1.24646	1965
811	596077	1199	239465	350831	100	60	0.583809	0.778739	39	37.9	0	25	2197	1.04401	1.04285	1965
812	670093	1002	295718	366764	100	60	0.476495	0.778739	39	37.9	0	25	2197	1.02872	1.02376	1965
813	566761	814	170690	394765	100	60	0.425944	0.778739	39	37.9	0	25	2197	1.02275	1.01449	1965
814	678791	696	254771	419612	100	60	0.437609	0.778739	39	37.9	0	25	2197	1.02431	1.01323	1965
815	724024	655	303946	416349	100	60	0.486767	0.778739	39	37.9	0	25	2197	1.02813	1.01436	1965
816	710256	1585	321387	388869	100	60	0.865153	0.778739	39	37.9	0	25	2197	1.02925	1.01567	1965
817	717705	1427	338726	378979	100	60	0.939341	0.778739	39	37.9	0	25	2197	1.03212	1.02229	1965
818	739871	1360	359223	380648	100	60	1.069	0.778739	39	37.9	0	25	2197	1.03976	1.03221	1965
819	741109	1116	368036	373073	100	60	1.12301	0.778739	39	37.9	0	25	2197	1.05652	1.05474	1965
820	536188	954	176308	359879	100	60	1.20551	0.778739	39	37.9	2027.45	25	2197	1.07917	1.07585	1965
821	546535	825	220196	326340	100	60	1.25364	0.778739	39	37.9	2027.45	25	2197	1.09487	1.08498	1965
822	562102	715	257187	304914	100	60	1.3055	0.778739	39	37.9	2027.45	25	2197	1.13482	1.11983	1965
823	566392	636	277700	288692	100	60	1.31701	0.778739	39	37.9	2027.45	25	2197	1.15113	1.13397	1965
824	562482	589	286259	276223	100	60	1.34318	0.778739	39	37.9	2027.45	25	2197	1.17322	1.15358	1965
825	535197	525	277260	257938	100	60	1.40382	0.778739	39	37.9	2027.45	25	2197	1.21404	1.1996	1965
826	528665	494	274193	250012	100	60	1.43226	0.778739	39	37.9	2027.45	25	2197	1.2434	1.22484	1965
827	510237	460	264465	238176	100	60	1.41842	0.778739	39	37.9	2027.45	25	2197	1.2914	1.26977	1965
828	482473	426	250817	224168	100	60	1.438	0.778739	39	37.9	2027.45	25	2197	1.31678	1.28792	1965
829	462042	392	240485	214345	100	60	1.43076	0.778739	39	37.9	2027.45	25	2197	1.35567	1.32303	1965
830	319508	364	115619	203256	100	60	1.45183	0.778739	39	37.9	2027.45	25	2197	1.36994	1.32919	1965
831	331947	339	141752	190195	100	60	1.40508	0.778739	39	37.9	2027.45	25	2197	1.39755	1.35906	1965
832	251575	311	75415.8	176159	100	60	0.13396	0.778739	39	37.9	5085.57	25	2197	1.01001	1.00794	1965
833	388257	272	145898	242360	100	60	0.0974654	0.778739	39	37.9	5085.57	25	2197	1.00719	1.00545	1965
834	603547	259	249834	353713	100	60	0.0984581	0.778739	39	37.9	5085.57	25	2197	1.00723	1.00543	1965
835	685828	240	289221	396607	100	60	0.104902	0.778739	39	37.9	5085.57	25	2197	1.00807	1.00709	1965
836	660543	222	286531	374012	100	60	0.121156	0.778739	39	37.9	5085.57	25	2197	1.01028	1.01241	1965
837	632477	1918	284520	347957	100	60	0.690462	0.778739	39	37.9	5085.57	25	2197	1.01226	1.01555	1965
838	698925	1769	323920	375005	100	60	0.78421	0.778739	39	37.9	5085.57	25	2197	1.01416	1.02508	1965
839	561515	1585	162140	399375	100	60	0.94241	0.778739	39	37.9	5085.57	25	2197	1.01946	1.0309	1965
840	433685	1446	51319.5	382366	100	60	1.02371	0.778739	39	37.9	5085.57	25	2197	1.16067	1.2818	1965
841	450747	1196	107423	339793	100	60	0.666199	0.778739	39	37.9	0	25	2197	1.068	1.07298	1965
842	506673	987	179191	323635	100	60	0.569079	0.778739	39	37.9	0	25	2197	1.04332	1.03713	1965
843	480183	876	128329	351047	100	60	0.559734	0.778739	39	37.9	0	25	2197	1.03641	1.02455	1965
844	591306	768	217423	369950	100	60	0.594161	0.778739	39	37.9	0	25	2197	1.04022	1.02188	1965
845	701011	750	299935	397598	100	60	0.671882	0.778739	39	37.9	0	25	2197	1.04434	1.02151	1965
846	761860	1476	349984	411876	100	60	1.0495	0.778739	39	37.9	0	25	2197	1.04992	1.02465	1965
847	772188	1364	369721	402467	100	60	1.15833	0.778739	39	37.9	0	25	2197	1.05611	1.03173	1965
848	783274	1321	386019	397255	100	60	1.22958	0.778739	39	37.9	0	25	2197	1.06609	1.04567	1965
849	761138	1091	383721	377417	100	60	1.2537	0.778739	39	37.9	0	25	2197	1.0741	1.05904	1965
850	671143	911	322096	349046	100	60	1.2503	0.778739	39	37.9	53480.2	25	2197	1.07903	1.06502	1965
851	648636	784	324897	323740	100	60	1.27027	0.778739	39	37.9	53480.2	25	2197	1.10526	1.09221	1965
852	641556	713	329708	311848	100	60	1.31169	0.778739	39	37.9	53480.2	25	2197	1.129	1.11655	1965
853	650481	689	339811	310670	100	60	1.32968	0.778739	39	37.9	53480.2	25	2197	1.18149	1.1762	1965
854	584158	601	307768	276391	100	60	1.34784	0.778739	39	37.9	53480.2	25	2197	1.20203	1.1848	1965
855	556476	550	295216	261260	100	60	1.37131	0.778739	39	37.9	53480.2	25	2197	1.23732	1.21632	1965
856	515710	495	271867	239354	100	60	1.38961	0.778739	39	37.9	53480.2	25	2197	1.26326	1.24204	1965
857	350224	448	129157	219985	100	60	1.36299	0.778739	38	37.9	53480.2	25	2197	1.30998	1.29176	1965
858	361465	416	154718	203267	100	60	1.39975	0.778739	38	37.9	53480.2	25	2197	1.28744	1.28125	1965
859	364977	383	171124	189303	100	60	1.36672	0.778739	38	37.9	53480.2	25	2197	1.29867	1.31287	1965
860	354931	355	175382	175632	100	60	1.35344	0.778739	38	37.9	53480.2	25	2197	1.33234	1.3301	1965
861	348937	334	179537	169400	100	60	1.34743	0.778739	38	37.9	53480.2	25	2197	1.36964	1.37413	1965
862	299135	318	138297	160839	100	60	0.10544	0.778739	38	37.9	94830.1	25	2197	1.00714	1.00248	1965
863	470534	274	205875	264659	100	60	0.0828105	0.778739	38	37.9	94830.1	25	2197	1.00536	1.00097	1965
864	647043	252	278786	368257	100	60	0.0811103	0.778739	38	37.9	94830.1	25	2197	1.00561	1.00081	1965
865	675293	227	292070	383223	100	60	0.0854736	0.778739	37	37.9	94830.1	25	2197	1.00619	1.00294	1965
866	606380	199	268985	337396	100	60	0.0879359	0.778739	36	37.9	94830.1	25	2197	1.0067	1.00807	1965
867	622508	2317	285617	336890	100	60	0.839319	0.778739	36	37.9	94830.1	25	2197	1.00964	1.01347	1965
868	714416	2073	332386	382030	100	60	0.954889	0.778739	36	37.9	94830.1	25	2197	1.01279	1.01793	1965
869	776031	1832	364279	411752	100	60	1.13217	0.778739	36	37.9	94830.1	25	2197	1.01715	1.02042	1965
870	605775	1742	190189	415586	100	60	1.26975	0.778739	33	37.9	94830.1	25	2197	1.1023	1.18161	1965
871	634910	1368	255099	376403	100	60	0.753916	0.778739	39	37.9	0	25	2197	1.04255	1.04366	1965
872	695389	1151	308043	382747	100	60	0.640443	0.778739	39	37.9	0	25	2197	1.02533	1.01627	1965
873	783341	1007	364374	413288	100	60	0.599956	0.778739	39	37.9	0	25	2197	1.01846	1.00973	1965
874	629269	845	194629	434173	100	60	0.616976	0.778739	39	37.9	0	25	2197	1.01915	1.00623	1965
875	700855	779	269380	431089	100	60	0.674957	0.778739	39	37.9	0	25	2197	1.02007	1.00475	1965
876	573040	1577	153027	420013	100	60	1.21373	0.778739	39	37.9	0	25	2197	1.02203	1.0069	1965
877	631005	1513	226923	404082	100	60	1.28933	0.778739	39	37.9	0	25	2197	1.02451	1.0119	1965
878	661507	1457	279202	382304	100	60	1.46865	0.778739	39	37.9	0	25	2197	1.02856	1.01527	1965
879	693623	1202	320312	373311	100	60	1.49377	0.778739	39	37.9	0	25	2197	1.03467	1.02187	1965
880	507858	989	159130	348728	100	60	1.55909	0.778739	39	37.9	1426.59	25	2197	1.04449	1.02863	1965
881	524834	845	208699	316135	100	60	1.59107	0.778739	39	37.9	1426.59	25	2197	1.0642	1.05257	1965
882	544538	746	249432	295105	100	60	1.62875	0.778739	39	37.9	1426.59	25	2197	1.07668	1.06504	1965
883	560654	679	275858	284796	100	60	1.66523	0.778739	39	37.9	1426.59	25	2197	1.08968	1.0806	1965
884	561614	628	287055	274559	100	60	1.65729	0.778739	39	37.9	1426.59	25	2197	1.11733	1.11507	1965
885	530700	555	277360	253340	100	60	1.66777	0.778739	39	37.9	1426.59	25	2197	1.13722	1.12386	1965
886	511120	508	266816	237575	100	60	1.66744	0.778739	39	37.9	1426.59	25	2197	1.15697	1.13519	1965
887	456078	431	237380	207747	100	60	1.70966	0.778739	39	37.9	1426.59	25	2197	1.18818	1.16038	1965
888	434745	400	226835	197397	100	60	1.72869	0.778739	39	37.9	1426.59	25	2197	1.20588	1.17571	1965
889	419911	378	219669	189951	100	60	1.72712	0.778739	39	37.9	1426.59	25	2197	1.21579	1.1856	1965
890	397547	348	208235	179829	100	60	1.74439	0.778739	39	37.9	1426.59	25	2197	1.19318	1.16119	1965
891	354902	316	190797	164105	100	60	1.7285	0.778739	39	37.9	1426.59	25	2197	1.20886	1.17508	1965
892	269850	279	120735	149115	100	60	0.0953535	0.778739	39	37.9	61505.5	25	2197	1.00428	0.996056	1965
893	471835	256	202976	268858	100	60	0.0791358	0.778739	39	37.9	61505.5	25	2197	1.00385	0.995793	1965
894	641987	235	273165	368822	100	60	0.0767908	0.778739	39	37.9	61505.5	25	2197	1.00397	0.994857	1965
895	647695	209	278287	369407	100	60	0.0802134	0.778739	39	37.9	61505.5	25	2197	1.00377	0.996433	1965
896	612400	200	271615	340785	100	60	0.0909866	0.778739	39	37.9	61505.5	25	2197	1.0044	0.996622	1965
897	638690	2422	291700	346990	100	60	0.989758	0.778739	39	37.9	61505.5	25	2197	1.00557	0.997667	1965
898	704198	2163	325368	378830	100	60	1.1413	0.778739	39	37.9	61505.5	25	2197	1.00736	1.00131	1965
899	760726	1910	355251	405475	100	60	1.36331	0.778739	39	37.9	61505.5	25	2197	1.01146	1.00492	1965
900	607670	1790	189171	418499	100	60	1.50596	0.778739	39	37.9	61505.5	25	2197	1.0998	1.15946	1965
901	514435	1430	123225	390962	100	60	0.81665	0.778739	39	37.9	0	25	2197	1.03648	1.03163	1965
902	588203	1197	201387	385660	100	60	0.611819	0.778739	39	37.9	0	25	2197	1.01911	1.01012	1965
903	694406	1014	284130	408873	100	60	0.561566	0.778739	39	37.9	0	25	2197	1.01309	1.00182	1965
904	776530	847	340447	434378	100	60	0.584434	0.778739	39	37.9	0	25	2197	1.01322	0.998883	1965
905	804865	761	366699	436778	100	60	0.656724	0.778739	39	37.9	0	25	2197	1.01766	1	1965
906	799972	1581	375089	424883	100	60	1.27274	0.778739	39	37.9	0	25	2197	1.02117	1	1965
907	797808	1574	381598	416211	100	60	1.46504	0.778739	39	37.9	0	25	2197	1.01847	0.998913	1965
908	599672	1496	186891	412782	100	60	1.66583	0.778739	39	37.9	0	25	2197	1.01866	0.997317	1965
909	620309	1228	237866	382443	100	60	1.69499	0.778739	39	37.9	0	25	2197	1.02187	1	1965
910	621116	1033	259978	361137	100	60	1.77879	0.778739	39	37.9	25086.1	25	2197	1.02893	1.01166	1965
911	634444	896	291426	343018	100	60	1.85733	0.778739	39	37.9	25086.1	25	2197	1.03899	1.0224	1965
912	631974	783	306819	325155	100	60	1.89865	0.778739	39	37.9	25086.1	25	2197	1.0555	1.03599	1965
913	644832	722	324304	320528	100	60	1.96238	0.778739	39	37.9	25086.1	25	2197	1.06397	1.04451	1965
914	615865	647	317061	298804	100	60	2.01644	0.778739	39	37.9	25086.1	25	2197	1.06755	1.0405	1965
915	566308	565	294649	271659	100	60	2.02159	0.778739	39	37.9	25086.1	25	2197	1.09134	1.06061	1965
916	544272	518	281075	254484	100	60	2.02143	0.778739	39	37.9	25086.1	25	2197	1.10193	1.07617	1965
917	503098	456	257713	230370	100	60	1.99597	0.778739	39	37.9	25086.1	25	2197	1.10345	1.08407	1965
918	481735	415	247007	220190	100	60	2.04787	0.778739	39	37.9	25086.1	25	2197	1.09955	1.06813	1965
919	458131	385	235912	208564	100	60	2.05861	0.778739	39	37.9	25086.1	25	2197	1.09291	1.05541	1965
920	435237	358	225038	197727	100	60	2.10436	0.778739	39	37.9	25086.1	25	2197	1.08511	1.04274	1965
921	393711	324	209567	184143	100	60	2.14907	0.778739	39	37.9	25086.1	25	2197	1.10638	1.06051	1965
922	275956	320	91433.1	184523	100	60	0.105268	0.778739	39	37.9	40381.4	25	2197	1.00233	0.991259	1965
923	397221	260	98409.7	298812	100	60	0.0787261	0.778739	39	37.9	40381.4	25	2197	1.002	0.990571	1965
924	564232	236	178144	386088	100	60	0.0692028	0.778739	38	37.9	40381.4	25	2197	1.00172	0.989419	1965
925	569953	204	200258	369695	100	60	0.0717626	0.778739	38	37.9	40381.4	25	2197	1.00184	0.990468	1965
926	527568	168	206658	320910	100	60	0.0725407	0.778739	38	37.9	40381.4	25	2197	1.00229	0.992026	1965
927	607339	2565	258980	348359	100	60	0.966063	0.778739	38	37.9	40381.4	25	2197	1.00276	0.991294	1965
928	699947	2414	311763	388184	100	60	1.19272	0.778739	38	37.9	40381.4	25	2197	1.00359	0.993005	1965
929	759320	2218	345214	414106	100	60	1.48538	0.778739	38	37.9	40381.4	25	2197	1.00624	0.994127	1965
930	608595	1967	184247	424348	100	60	1.59664	0.778739	34	37.9	40381.4	25	2197	1.07812	1.11807	1965
