Time	totMass	NInd	abovemass	belowmass	mean_ares	mean_bres	shannon	meanShannon	NPFT	meanNPFT	Cutted	NNonClonal	NClonal	mean_generation	mean_genet_size	NGenets
1	478.2	0	239.1	239.1	100	60	0	0.743053	39	38.7	0	1	2143	1	0.881072	1858
2	8952.22	0	3509.99	5442.23	100	60	0	0.743053	39	38.7	0	1	2143	1	0.874713	1858
3	41905.8	0	19517.2	22388.6	100	60	0	0.743053	39	38.7	0	1	2143	1	0.872967	1858
4	123754	0	57999.3	65754.8	100	60	0	0.743053	39	38.7	0	1	2143	1	0.872407	1858
5	272571	0	127459	145113	100	60	0	0.743053	39	38.7	0	1	2143	1	0.876068	1858
6	479310	572	224901	254409	100	60	2.5036	0.743053	39	38.7	0	1	2143	1.00529	0.880565	1858
7	693390	794	328444	364945	100	60	3.21184	0.743053	39	38.7	0	1	2143	1.01282	0.889888	1858
8	875193	850	419684	455509	100	60	3.3689	0.743053	39	38.7	0	1	2143	1.02148	0.9	1858
9	1.01349e+006	810	492473	521022	100	60	3.20759	0.743053	39	38.7	0	1	2143	1.04541	0.928483	1858
10	1.11365e+006	771	547563	566085	100	60	3.06929	0.743053	39	38.7	0	1	2143	1.06783	0.957254	1858
11	1.18921e+006	741	590552	598657	100	60	3.02126	0.743053	39	38.7	0	1	2143	1.07039	0.956873	1858
12	1.24268e+006	719	621783	620901	100	60	2.94664	0.743053	39	38.7	0	1	2143	1.09122	0.98613	1858
13	1.27729e+006	699	642607	634682	100	60	2.91568	0.743053	39	38.7	0	1	2143	1.10811	1.00144	1858
14	1.31634e+006	693	666271	650069	100	60	2.93698	0.743053	39	38.7	0	1	2143	1.13022	1.01757	1858
15	1.34934e+006	686	684865	664478	100	60	2.94146	0.743053	39	38.7	0	1	2143	1.14485	1.03715	1858
16	1.37895e+006	675	691094	667728	100	60	2.9085	0.743053	39	38.7	0	1	2143	1.16319	1.05909	1858
17	1.40784e+006	673	697277	671715	100	60	2.92432	0.743053	39	38.7	0	1	2143	1.18464	1.07692	1858
18	1.44135e+006	671	712211	685146	100	60	2.97797	0.743053	39	38.7	0	1	2143	1.1726	1.05763	1858
19	1.46103e+006	671	722656	693340	100	60	3.08151	0.743053	39	38.7	0	1	2143	1.16501	1.04114	1858
20	1.4646e+006	660	725386	695070	100	60	3.10066	0.743053	39	38.7	0	1	2143	1.16232	1.02903	1858
21	1.43145e+006	657	731424	700022	100	60	3.1475	0.743053	39	38.7	0	1	2143	1.15976	1.02142	1858
22	1.43413e+006	658	734141	699991	100	60	0.78256	0.743053	39	38.7	0	1	2143	1.02829	0.895991	1858
23	1.45385e+006	647	739074	714772	100	60	0.79366	0.743053	39	38.7	0	1	2143	1.02769	0.903664	1858
24	1.46849e+006	639	744073	724421	100	60	0.80338	0.743053	39	38.7	0	1	2143	1.0314	0.926475	1858
25	1.4498e+006	619	734340	715462	100	60	0.863638	0.743053	39	38.7	0	1	2143	1.03705	0.954322	1858
26	1.46078e+006	607	739093	721686	100	60	1.00178	0.743053	39	38.7	0	1	2143	1.04792	0.979497	1858
27	1.4849e+006	1456	748387	736510	100	60	2.36082	0.743053	39	38.7	0	1	2143	1.06612	1.00411	1858
28	1.51684e+006	1372	762563	754279	100	60	2.52685	0.743053	39	38.7	0	1	2143	1.08158	1.01572	1858
29	1.54278e+006	1282	773410	769373	100	60	2.58203	0.743053	39	38.7	0	1	2143	1.0932	1.02955	1858
30	1.17165e+006	1242	391630	780021	100	60	2.24871	0.743053	39	38.7	0	1	2143	1.34755	1.43787	1858
31	1.17208e+006	1058	456727	715251	100	60	1.01478	0.743053	39	38.7	0	1	2143	1.09324	0.992021	1858
32	1.1235e+006	873	470410	652874	100	60	0.821566	0.743053	39	38.7	0	1	2143	1.0677	0.957354	1858
33	1.06282e+006	735	460564	602062	100	60	0.675519	0.743053	39	38.7	0	1	2143	1.05075	0.927475	1858
34	1.05834e+006	665	470067	588081	100	60	0.81622	0.743053	39	38.7	0	1	2143	1.06055	0.946847	1858
35	787610	706	226177	561293	100	60	1.06007	0.743053	39	38.7	0	1	2143	1.07306	0.98353	1858
36	839649	831	295252	544398	100	60	1.4769	0.743053	39	38.7	0	1	2143	1.08923	1.01874	1858
37	878141	979	350665	527476	100	60	1.91853	0.743053	39	38.7	0	1	2143	1.09353	1.02791	1858
38	916253	1112	393973	522280	100	60	2.58033	0.743053	39	38.7	0	1	2143	1.11201	1.04804	1858
39	910375	908	409388	500987	100	60	2.58214	0.743053	39	38.7	0	1	2143	1.12846	1.0637	1858
40	640433	780	165080	475353	100	60	2.65338	0.743053	39	38.7	271768	1	2143	1.14418	1.06796	1858
41	687207	701	225251	461956	100	60	2.73168	0.743053	39	38.7	271768	1	2143	1.15588	1.07309	1858
42	706304	589	268934	437370	100	60	2.70427	0.743053	39	38.7	271768	1	2143	1.18741	1.0872	1858
43	699200	495	293303	405897	100	60	2.79497	0.743053	39	38.7	271768	1	2143	1.20144	1.09843	1858
44	708269	459	317911	390358	100	60	2.84218	0.743053	39	38.7	271768	1	2143	1.21976	1.10922	1858
45	682133	417	318851	363282	100	60	2.86433	0.743053	39	38.7	271768	1	2143	1.24368	1.13896	1858
46	482076	372	153650	326432	100	60	2.82127	0.743053	39	38.7	271768	1	2143	1.25445	1.14759	1858
47	504953	343	189395	306351	100	60	2.89008	0.743053	39	38.7	271768	1	2143	1.27666	1.14901	1858
48	515190	311	219260	283625	100	60	2.94997	0.743053	39	38.7	271768	1	2143	1.30464	1.16	1858
49	497649	272	226096	257760	100	60	2.99038	0.743053	39	38.7	271768	1	2143	1.30038	1.1358	1858
50	491186	249	231750	246913	100	60	3.04788	0.743053	39	38.7	271768	1	2143	1.30126	1.11312	1858
51	431167	222	213208	217959	100	60	3.02774	0.743053	39	38.7	271768	1	2143	1.34286	1.13333	1858
52	260997	208	57049.2	203948	100	60	0.129891	0.743053	39	38.7	437007	1	2143	1.00593	0.909517	1858
53	413788	195	137119	276670	100	60	0.0928967	0.743053	39	38.7	437007	1	2143	1.00408	0.902971	1858
54	492917	182	114096	378821	100	60	0.0928371	0.743053	39	38.7	437007	1	2143	1.0041	0.908638	1858
55	475642	162	76459.4	399182	100	60	0.0838725	0.743053	39	38.7	437007	1	2143	1.00371	0.919088	1858
56	488527	144	122523	366004	100	60	0.0931967	0.743053	39	38.7	437007	1	2143	1.00439	0.924982	1858
57	566146	2266	185579	380566	100	60	1.18685	0.743053	39	38.7	437007	1	2143	1.00629	0.930568	1858
58	654004	2362	245925	408079	100	60	1.58542	0.743053	39	38.7	437007	1	2143	1.0082	0.939798	1858
59	735466	2001	297374	438092	100	60	1.78488	0.743053	39	38.7	437007	1	2143	1.01089	0.946617	1858
60	612586	1947	164491	448096	100	60	2.0707	0.743053	38	38.7	437007	1	2143	1.06635	1.04887	1858
61	555797	1556	117036	438548	100	60	1.41266	0.743053	39	38.7	0	1	2143	1.03899	0.959271	1858
62	522077	1292	91630.8	430350	100	60	1.142	0.743053	39	38.7	0	1	2143	1.02636	0.928489	1858
63	597733	1089	173588	423822	100	60	0.98402	0.743053	39	38.7	0	1	2143	1.01855	0.924978	1858
64	714620	942	262044	452253	100	60	1.04073	0.743053	39	38.7	0	1	2143	1.01971	0.930693	1858
65	805291	839	326834	478224	100	60	1.13711	0.743053	39	38.7	0	1	2143	1.02543	0.94223	1858
66	849818	1336	365405	484413	100	60	1.9738	0.743053	39	38.7	0	1	2143	1.03086	0.954179	1858
67	894260	1370	398720	495540	100	60	2.26849	0.743053	39	38.7	0	1	2143	1.03589	0.963083	1858
68	886619	1281	406838	479780	100	60	2.45908	0.743053	39	38.7	0	1	2143	1.03881	0.969984	1858
69	671389	1063	198696	472693	100	60	2.44674	0.743053	39	38.7	0	1	2143	1.04525	0.979981	1858
70	615238	893	188773	426466	100	60	2.49663	0.743053	39	38.7	69900.1	1	2143	1.05192	0.985244	1858
71	666706	808	252504	414202	100	60	2.57059	0.743053	39	38.7	69900.1	1	2143	1.05833	0.986198	1858
72	664031	687	282504	381527	100	60	2.62253	0.743053	39	38.7	69900.1	1	2143	1.07631	1.00737	1858
73	688836	623	311871	376965	100	60	2.67057	0.743053	39	38.7	69900.1	1	2143	1.09233	1.01958	1858
74	660984	546	312636	348348	100	60	2.71515	0.743053	39	38.7	69900.1	1	2143	1.11232	1.04307	1858
75	633535	486	306792	326743	100	60	2.76694	0.743053	39	38.7	69900.1	1	2143	1.13346	1.0572	1858
76	621865	446	300872	311062	100	60	2.78767	0.743053	39	38.7	69900.1	1	2143	1.14784	1.07852	1858
77	609434	415	292971	298918	100	60	2.81157	0.743053	39	38.7	69900.1	1	2143	1.1618	1.08291	1858
78	600783	389	289454	293304	100	60	2.87082	0.743053	39	38.7	69900.1	1	2143	1.15012	1.05067	1858
79	558135	348	269914	271459	100	60	2.92691	0.743053	39	38.7	69900.1	1	2143	1.13774	1.02994	1858
80	529675	323	257742	256598	100	60	2.96535	0.743053	39	38.7	69900.1	1	2143	1.13253	1.02597	1858
81	348649	285	114723	233926	100	60	2.97506	0.743053	39	38.7	69900.1	1	2143	1.13495	1.02602	1858
82	274185	260	53591.3	220593	100	60	0.111755	0.743053	39	38.7	91416.2	1	2143	1.00261	0.931685	1858
83	482917	245	154253	328663	100	60	0.0928576	0.743053	39	38.7	91416.2	1	2143	1.00244	0.931464	1858
84	530101	223	117111	412990	100	60	0.0922894	0.743053	39	38.7	91416.2	1	2143	1.00256	0.940527	1858
85	573612	203	158215	415398	100	60	0.0867582	0.743053	39	38.7	91416.2	1	2143	1.00211	0.942445	1858
86	567284	182	183911	383373	100	60	0.0962245	0.743053	39	38.7	91416.2	1	2143	1.00225	0.94827	1858
87	625070	2659	233441	391629	100	60	1.20725	0.743053	39	38.7	91416.2	1	2143	1.00373	0.950319	1858
88	560773	2440	131720	429053	100	60	1.4629	0.743053	39	38.7	91416.2	1	2143	1.00419	0.954931	1858
89	627110	2089	199978	427132	100	60	1.73089	0.743053	39	38.7	91416.2	1	2143	1.00481	0.955466	1858
90	568659	2078	130078	438580	100	60	2.11961	0.743053	37	38.7	91416.2	1	2143	1.0605	1.04534	1858
91	530783	1654	102164	428373	100	60	1.17708	0.743053	39	38.7	0	1	2143	1.02715	0.965768	1858
92	604703	1361	180400	423929	100	60	0.881778	0.743053	39	38.7	0	1	2143	1.01753	0.949009	1858
93	737743	1150	272362	464790	100	60	0.809835	0.743053	39	38.7	0	1	2143	1.01306	0.9444	1858
94	657510	973	163296	493990	100	60	0.858278	0.743053	39	38.7	0	1	2143	1.01385	0.942001	1858
95	723153	881	238345	484604	100	60	0.978776	0.743053	39	38.7	0	1	2143	1.01755	0.946256	1858
96	774751	1540	297997	476754	100	60	1.76462	0.743053	39	38.7	0	1	2143	1.02121	0.959916	1858
97	800719	1527	334773	465946	100	60	2.01243	0.743053	39	38.7	0	1	2143	1.02362	0.965556	1858
98	833475	1419	367476	465999	100	60	2.22962	0.743053	39	38.7	0	1	2143	1.02993	0.968794	1858
99	816414	1156	372999	443416	100	60	2.19869	0.743053	39	38.7	0	1	2143	1.03092	0.970383	1858
100	622844	1049	168920	453924	100	60	2.29049	0.743053	39	38.7	28090.9	1	2143	1.03756	0.973077	1858
101	532694	906	110259	422436	100	60	2.404	0.743053	39	38.7	28090.9	1	2143	1.04274	0.977703	1858
102	549072	776	166489	382584	100	60	2.47874	0.743053	39	38.7	28090.9	1	2143	1.0597	0.994798	1858
103	564428	675	215186	349242	100	60	2.52919	0.743053	39	38.7	28090.9	1	2143	1.05799	0.998505	1858
104	587807	602	252832	334975	100	60	2.6438	0.743053	39	38.7	28090.9	1	2143	1.0699	1.00843	1858
105	600883	558	275904	324979	100	60	2.65785	0.743053	39	38.7	28090.9	1	2143	1.08176	1.02732	1858
106	592241	499	277263	305125	100	60	2.66423	0.743053	39	38.7	28090.9	1	2143	1.09874	1.04277	1858
107	569039	445	268232	284223	100	60	2.67764	0.743053	39	38.7	28090.9	1	2143	1.12762	1.06452	1858
108	556849	404	265786	274496	100	60	2.6895	0.743053	39	38.7	28090.9	1	2143	1.1224	1.04051	1858
109	547994	379	264361	267431	100	60	2.7194	0.743053	39	38.7	28090.9	1	2143	1.11084	1.02725	1858
110	505249	338	245873	244999	100	60	2.7228	0.743053	39	38.7	28090.9	1	2143	1.10833	1.03067	1858
111	474252	320	238946	235305	100	60	2.75048	0.743053	39	38.7	28090.9	1	2143	1.10682	1.02295	1858
112	316630	307	83770.2	232860	100	60	0.137679	0.743053	39	38.7	188566	1	2143	1.00291	0.959178	1858
113	415199	279	91460.8	323738	100	60	0.105312	0.743053	39	38.7	188566	1	2143	1.00203	0.95812	1858
114	596459	250	183721	412738	100	60	0.0902758	0.743053	38	38.7	188566	1	2143	1.0017	0.956655	1858
115	645951	224	223515	422436	100	60	0.0945919	0.743053	37	38.7	188566	1	2143	1.00212	0.954047	1858
116	470988	203	95443	375546	100	60	0.105592	0.743053	37	38.7	188566	1	2143	1.00261	0.957159	1858
117	511580	2292	150513	361067	100	60	1.08289	0.743053	37	38.7	188566	1	2143	1.00342	0.958317	1858
118	625983	2352	222902	403081	100	60	1.45876	0.743053	37	38.7	188566	1	2143	1.00509	0.96258	1858
119	714853	2299	282121	432732	100	60	1.85045	0.743053	37	38.7	188566	1	2143	1.0079	0.972025	1858
120	599154	2018	158440	440713	100	60	2.03405	0.743053	35	38.7	188566	1	2143	1.07261	1.07761	1858
121	651297	1519	230957	420073	100	60	1.05856	0.743053	39	38.7	0	1	2143	1.03066	0.994972	1858
122	736801	1275	296109	440302	100	60	0.871083	0.743053	39	38.7	0	1	2143	1.01881	0.979308	1858
123	793813	1006	340296	453082	100	60	0.745592	0.743053	39	38.7	0	1	2143	1.01391	0.971404	1858
124	665076	834	185143	479833	100	60	0.75415	0.743053	39	38.7	0	1	2143	1.0138	0.969789	1858
125	738259	758	257078	481113	100	60	0.82438	0.743053	39	38.7	0	1	2143	1.01588	0.970105	1858
126	793339	1578	313833	479506	100	60	1.66908	0.743053	39	38.7	0	1	2143	1.01671	0.972222	1858
127	827640	1536	353184	474455	100	60	1.83637	0.743053	39	38.7	0	1	2143	1.01658	0.97893	1858
128	857543	1509	383243	474300	100	60	2.08079	0.743053	39	38.7	0	1	2143	1.02009	0.983266	1858
129	839835	1201	387524	452310	100	60	2.04985	0.743053	39	38.7	0	1	2143	1.02633	0.996627	1858
130	684408	1044	242270	442139	100	60	2.15893	0.743053	39	38.7	167070	1	2143	1.0303	1.00097	1858
131	699756	900	283177	416579	100	60	2.27651	0.743053	39	38.7	167070	1	2143	1.03926	1.00676	1858
132	681007	766	300822	380185	100	60	2.33213	0.743053	39	38.7	167070	1	2143	1.05113	1.01852	1858
133	503454	667	149576	353878	100	60	2.39697	0.743053	39	38.7	167070	1	2143	1.06272	1.02283	1858
134	527295	607	196141	331154	100	60	2.47919	0.743053	39	38.7	167070	1	2143	1.08472	1.04384	1858
135	544681	552	231842	312838	100	60	2.50086	0.743053	39	38.7	167070	1	2143	1.09733	1.05893	1858
136	551259	507	246710	295004	100	60	2.51387	0.743053	39	38.7	167070	1	2143	1.09845	1.06237	1858
137	519772	438	238674	266017	100	60	2.56365	0.743053	39	38.7	167070	1	2143	1.12288	1.08451	1858
138	488222	380	229279	244353	100	60	2.63635	0.743053	39	38.7	167070	1	2143	1.11139	1.07104	1858
139	462439	342	221157	227351	100	60	2.65154	0.743053	39	38.7	167070	1	2143	1.10393	1.05471	1858
140	433840	304	209616	211782	100	60	2.69797	0.743053	39	38.7	167070	1	2143	1.10256	1.05479	1858
141	379431	262	190720	188711	100	60	2.72003	0.743053	39	38.7	167070	1	2143	1.10112	1.044	1858
142	244027	245	68579.9	175447	100	60	0.106651	0.743053	39	38.7	294757	1	2143	1.00185	0.974052	1858
143	444201	226	163651	280549	100	60	0.0836564	0.743053	39	38.7	294757	1	2143	1.00167	0.973623	1858
144	634221	197	249474	384747	100	60	0.0778499	0.743053	39	38.7	294757	1	2143	1.00208	0.974057	1858
145	684594	188	275926	408669	100	60	0.0844113	0.743053	39	38.7	294757	1	2143	1.0021	0.976751	1858
146	655223	182	272619	382604	100	60	0.0981565	0.743053	39	38.7	294757	1	2143	1.00281	0.979524	1858
147	666187	2531	288449	377738	100	60	1.17831	0.743053	39	38.7	294757	1	2143	1.00414	0.98249	1858
148	753823	2377	333924	419899	100	60	1.3653	0.743053	39	38.7	294757	1	2143	1.00536	0.98317	1858
149	807523	2042	362510	445013	100	60	1.70094	0.743053	39	38.7	294757	1	2143	1.00819	0.987267	1858
150	650290	1871	191504	458785	100	60	1.9221	0.743053	37	38.7	294757	1	2143	1.09345	1.13226	1858
151	687166	1438	259848	427232	100	60	1.06628	0.743053	39	38.7	0	1	2143	1.04113	1.02398	1858
152	736214	1157	308098	428005	100	60	0.848661	0.743053	39	38.7	0	1	2143	1.02548	1.00423	1858
153	628232	991	174195	453955	100	60	0.766689	0.743053	39	38.7	0	1	2143	1.01719	0.990481	1858
154	729341	836	258404	470901	100	60	0.765603	0.743053	39	38.7	0	1	2143	1.01845	0.988679	1858
155	795584	758	318615	476933	100	60	0.841027	0.743053	39	38.7	0	1	2143	1.022	0.991838	1858
156	830425	1570	354764	475661	100	60	1.66526	0.743053	39	38.7	0	1	2143	1.0232	0.993018	1858
157	831010	1499	370871	460139	100	60	1.85806	0.743053	39	38.7	0	1	2143	1.02638	0.994432	1858
158	815470	1430	374765	440705	100	60	2.0839	0.743053	39	38.7	0	1	2143	1.03085	1.00142	1858
159	832966	1224	390664	442302	100	60	2.10469	0.743053	39	38.7	0	1	2143	1.03264	1.00416	1858
160	674454	1058	245743	428711	100	60	2.15942	0.743053	39	38.7	160785	1	2143	1.04132	1.00962	1858
161	691666	927	285248	406418	100	60	2.23241	0.743053	39	38.7	160785	1	2143	1.05074	1.01974	1858
162	676285	796	302214	374071	100	60	2.26398	0.743053	39	38.7	160785	1	2143	1.06373	1.03685	1858
163	676161	709	316239	359923	100	60	2.35999	0.743053	39	38.7	160785	1	2143	1.07254	1.04131	1858
164	652356	635	314314	338042	100	60	2.41859	0.743053	39	38.7	160785	1	2143	1.07412	1.03981	1858
165	636554	583	311656	324898	100	60	2.44502	0.743053	39	38.7	160785	1	2143	1.07381	1.04181	1858
166	594932	514	289836	295021	100	60	2.47797	0.743053	39	38.7	160785	1	2143	1.09247	1.05545	1858
167	569522	471	275341	276713	100	60	2.51928	0.743053	39	38.7	160785	1	2143	1.09515	1.06114	1858
168	529336	418	256856	255734	100	60	2.5676	0.743053	39	38.7	160785	1	2143	1.09029	1.05185	1858
169	500903	379	244502	240758	100	60	2.62994	0.743053	39	38.7	160785	1	2143	1.07949	1.0467	1858
170	456438	326	223755	219020	100	60	2.63633	0.743053	39	38.7	160785	1	2143	1.0806	1.03846	1858
171	427173	305	216592	210581	100	60	2.61415	0.743053	39	38.7	160785	1	2143	1.08917	1.0411	1858
172	281303	287	80412.5	200890	100	60	0.117285	0.743053	39	38.7	297195	1	2143	1.00203	0.975172	1858
173	493829	270	181119	312710	100	60	0.0953037	0.743053	39	38.7	297195	1	2143	1.0017	0.975031	1858
174	670148	249	262911	407237	100	60	0.0934493	0.743053	39	38.7	297195	1	2143	1.00175	0.975927	1858
175	692257	232	279156	413102	100	60	0.102888	0.743053	38	38.7	297195	1	2143	1.00204	0.975366	1858
176	632434	203	263163	369271	100	60	0.109324	0.743053	38	38.7	297195	1	2143	1.00196	0.975064	1858
177	655654	2460	284364	371290	100	60	1.15044	0.743053	38	38.7	297195	1	2143	1.00329	0.977822	1858
178	733569	2275	324746	408823	100	60	1.35262	0.743053	38	38.7	297195	1	2143	1.00458	0.977969	1858
179	782738	1949	351136	431602	100	60	1.6393	0.743053	38	38.7	297195	1	2143	1.00601	0.976506	1858
180	603554	1753	177845	425709	100	60	1.84016	0.743053	37	38.7	297195	1	2143	1.09374	1.12715	1858
181	656033	1438	248855	407110	100	60	0.92027	0.743053	39	38.7	0	1	2143	1.03083	1.00796	1858
182	722147	1167	302085	419941	100	60	0.730638	0.743053	39	38.7	0	1	2143	1.01909	0.993915	1858
183	628844	995	172416	456354	100	60	0.67103	0.743053	39	38.7	0	1	2143	1.01445	0.990133	1858
184	737992	847	257499	480387	100	60	0.685754	0.743053	39	38.7	0	1	2143	1.01449	0.988105	1858
185	799906	801	316870	482945	100	60	0.787812	0.743053	39	38.7	0	1	2143	1.01852	0.989628	1858
186	800248	1618	340784	459464	100	60	1.56399	0.743053	39	38.7	0	1	2143	1.0205	0.990464	1858
187	815850	1541	363521	452330	100	60	1.72355	0.743053	39	38.7	0	1	2143	1.02062	0.990761	1858
188	615054	1474	178957	436097	100	60	1.98871	0.743053	39	38.7	0	1	2143	1.02013	0.984247	1858
189	636125	1200	234182	401942	100	60	2.02322	0.743053	39	38.7	0	1	2143	1.01958	0.987427	1858
190	615561	1029	222772	392789	100	60	2.14012	0.743053	39	38.7	68072	1	2143	1.01939	0.987267	1858
191	652658	903	271713	380945	100	60	2.21725	0.743053	39	38.7	68072	1	2143	1.02271	0.991071	1858
192	684965	821	308115	376850	100	60	2.27989	0.743053	39	38.7	68072	1	2143	1.03093	1	1858
193	677925	736	317922	360003	100	60	2.31979	0.743053	39	38.7	68072	1	2143	1.03796	1.01238	1858
194	650215	641	313021	337194	100	60	2.38378	0.743053	39	38.7	68072	1	2143	1.05402	1.02362	1858
195	636678	597	311565	325113	100	60	2.38256	0.743053	39	38.7	68072	1	2143	1.066	1.03378	1858
196	605695	535	293788	301510	100	60	2.44019	0.743053	39	38.7	68072	1	2143	1.06777	1.03788	1858
197	600956	503	288313	294025	100	60	2.44924	0.743053	39	38.7	68072	1	2143	1.07308	1.04453	1858
198	561168	444	270245	273069	100	60	2.47626	0.743053	39	38.7	68072	1	2143	1.08058	1.0485	1858
199	386885	396	131068	252288	100	60	2.50257	0.743053	39	38.7	68072	1	2143	1.07565	1.03646	1858
200	376456	340	151628	221695	100	60	2.54693	0.743053	39	38.7	68072	1	2143	1.08169	1.03354	1858
201	369998	305	167290	202708	100	60	2.54559	0.743053	39	38.7	68072	1	2143	1.10645	1.05802	1858
202	278314	289	81325.5	196988	100	60	0.210237	0.743053	39	38.7	171673	1	2143	1.00419	1.00084	1858
203	397224	275	147661	249563	100	60	0.156717	0.743053	39	38.7	171673	1	2143	1.0031	1.00027	1858
204	582399	245	243945	338454	100	60	0.145222	0.743053	39	38.7	171673	1	2143	1.00327	1.00037	1858
205	722264	229	305549	416715	100	60	0.150009	0.743053	39	38.7	171673	1	2143	1.00334	1.00156	1858
206	736674	202	315069	421605	100	60	0.16036	0.743053	38	38.7	171673	1	2143	1.00298	1.0017	1858
207	537022	2171	138665	398357	100	60	1.18669	0.743053	38	38.7	171673	1	2143	1.00399	1.00387	1858
208	599285	2046	202051	397234	100	60	1.31253	0.743053	38	38.7	171673	1	2143	1.00386	1.00464	1858
209	698195	1812	274391	423803	100	60	1.52693	0.743053	38	38.7	171673	1	2143	1.00565	1.00772	1858
210	601210	1692	162715	438495	100	60	1.63775	0.743053	34	38.7	171673	1	2143	1.12978	1.21569	1858
211	649009	1362	240078	408565	100	60	1.27938	0.743053	39	38.7	0	1	2143	1.08054	1.09283	1858
212	697429	1151	296361	400548	100	60	1.12687	0.743053	39	38.7	0	1	2143	1.04767	1.04574	1858
213	734180	976	333800	399750	100	60	1.08591	0.743053	39	38.7	0	1	2143	1.03557	1.02851	1858
214	594412	855	182322	411848	100	60	1.11931	0.743053	39	38.7	0	1	2143	1.03055	1.0183	1858
215	691006	812	266425	424375	100	60	1.2198	0.743053	39	38.7	0	1	2143	1.03289	1.01833	1858
216	788787	1264	341110	447677	100	60	1.81655	0.743053	39	38.7	0	1	2143	1.03603	1.01909	1858
217	826657	1327	378878	447779	100	60	2.04943	0.743053	39	38.7	0	1	2143	1.03667	1.01928	1858
218	611833	1229	187483	424351	100	60	2.15851	0.743053	39	38.7	0	1	2143	1.03811	1.02312	1858
219	638994	1051	243241	395753	100	60	2.14402	0.743053	39	38.7	0	1	2143	1.04012	1.02708	1858
220	631611	938	248626	382985	100	60	2.1562	0.743053	39	38.7	53483.9	1	2143	1.05161	1.04117	1858
221	496203	824	139170	357032	100	60	2.19079	0.743053	39	38.7	53483.9	1	2143	1.05627	1.04439	1858
222	523846	740	194285	329561	100	60	2.22559	0.743053	39	38.7	53483.9	1	2143	1.05695	1.04514	1858
223	545412	666	237629	307784	100	60	2.28494	0.743053	39	38.7	53483.9	1	2143	1.06693	1.05327	1858
224	543322	592	255884	287438	100	60	2.33193	0.743053	39	38.7	53483.9	1	2143	1.08204	1.06507	1858
225	536193	538	263482	272712	100	60	2.32954	0.743053	39	38.7	53483.9	1	2143	1.08778	1.07008	1858
226	519203	488	255631	254138	100	60	2.39422	0.743053	39	38.7	53483.9	1	2143	1.1002	1.08159	1858
227	491946	433	241971	234400	100	60	2.3709	0.743053	39	38.7	53483.9	1	2143	1.10458	1.08706	1858
228	461143	377	229115	217387	100	60	2.37522	0.743053	39	38.7	53483.9	1	2143	1.10354	1.09511	1858
229	420014	332	210039	196509	100	60	2.41384	0.743053	39	38.7	53483.9	1	2143	1.09884	1.08669	1858
230	390626	303	196663	182005	100	60	2.37501	0.743053	39	38.7	53483.9	1	2143	1.1028	1.09589	1858
231	354638	281	184213	170424	100	60	2.41504	0.743053	39	38.7	53483.9	1	2143	1.10997	1.09363	1858
232	233099	242	82733.5	150365	100	60	0.0926501	0.743053	39	38.7	148964	1	2143	1.00161	1.00078	1858
233	447781	215	178217	269564	100	60	0.0736148	0.743053	39	38.7	148964	1	2143	1.00148	1.00072	1858
234	480390	204	116591	363799	100	60	0.074745	0.743053	39	38.7	148964	1	2143	1.00163	1.00081	1858
235	506461	185	151080	355381	100	60	0.0702544	0.743053	39	38.7	148964	1	2143	1.00169	1.001	1858
236	519459	159	180283	339175	100	60	0.0750259	0.743053	39	38.7	148964	1	2143	1.00172	1.00118	1858
237	588960	2546	231480	357479	100	60	1.00459	0.743053	39	38.7	148964	1	2143	1.00225	1.00167	1858
238	670074	2351	281439	388635	100	60	1.2596	0.743053	39	38.7	148964	1	2143	1.00316	1.00318	1858
239	712788	1980	310885	401903	100	60	1.49722	0.743053	39	38.7	148964	1	2143	1.00433	1.00509	1858
240	563950	1859	164345	399605	100	60	1.69179	0.743053	37	38.7	148964	1	2143	1.07112	1.12386	1858
241	612460	1474	236205	375730	100	60	0.890616	0.743053	39	38.7	0	1	2143	1.02556	1.0259	1858
242	695669	1244	297872	396977	100	60	0.726813	0.743053	39	38.7	0	1	2143	1.01388	1.01182	1858
243	775715	1045	349582	425344	100	60	0.655442	0.743053	39	38.7	0	1	2143	1.01049	1.00712	1858
244	839245	883	383362	455100	100	60	0.675241	0.743053	39	38.7	0	1	2143	1.01099	1.00717	1858
245	866715	809	400992	465147	100	60	0.746839	0.743053	39	38.7	0	1	2143	1.0113	1.01001	1858
246	878511	1681	412831	465681	100	60	1.49279	0.743053	39	38.7	0	1	2143	1.01321	1.01363	1858
247	881634	1608	420303	461331	100	60	1.66834	0.743053	39	38.7	0	1	2143	1.01515	1.01404	1858
248	852518	1468	411271	441247	100	60	1.8501	0.743053	39	38.7	0	1	2143	1.01857	1.01854	1858
249	824812	1224	402221	422591	100	60	1.91757	0.743053	39	38.7	0	1	2143	1.0249	1.02718	1858
250	594810	1078	182860	411950	100	60	2.04685	0.743053	39	38.7	13601.2	1	2143	1.02801	1.02715	1858
251	630292	954	239700	390592	100	60	2.14654	0.743053	39	38.7	13601.2	1	2143	1.03745	1.03704	1858
252	636337	840	276335	360003	100	60	2.19695	0.743053	39	38.7	13601.2	1	2143	1.03728	1.03606	1858
253	618840	732	289663	329177	100	60	2.24494	0.743053	39	38.7	13601.2	1	2143	1.04778	1.04821	1858
254	599915	643	293078	306837	100	60	2.27496	0.743053	39	38.7	13601.2	1	2143	1.06045	1.05643	1858
255	586668	586	293867	292801	100	60	2.29626	0.743053	39	38.7	13601.2	1	2143	1.08209	1.07705	1858
256	556837	521	278157	269049	100	60	2.33856	0.743053	39	38.7	13601.2	1	2143	1.09862	1.0888	1858
257	530994	474	263620	250988	100	60	2.35216	0.743053	39	38.7	13601.2	1	2143	1.09789	1.08898	1858
258	516199	446	257599	242083	100	60	2.41624	0.743053	39	38.7	13601.2	1	2143	1.0913	1.07745	1858
259	490838	415	245728	229377	100	60	2.45904	0.743053	39	38.7	13601.2	1	2143	1.08353	1.06667	1858
260	465651	388	233897	217412	100	60	2.50519	0.743053	39	38.7	13601.2	1	2143	1.07018	1.05851	1858
261	422646	357	220330	202316	100	60	2.5181	0.743053	39	38.7	13601.2	1	2143	1.06575	1.05523	1858
262	288728	321	102783	185945	100	60	0.116075	0.743053	39	38.7	126173	1	2143	1.00168	0.999188	1858
263	517247	307	205191	312057	100	60	0.102088	0.743053	39	38.7	126173	1	2143	1.0017	0.998931	1858
264	659901	277	268801	391100	100	60	0.0978257	0.743053	39	38.7	126173	1	2143	1.00159	0.999014	1858
265	656758	251	274404	382354	100	60	0.104938	0.743053	39	38.7	126173	1	2143	1.00154	0.999426	1858
266	588236	213	254207	334029	100	60	0.107343	0.743053	39	38.7	126173	1	2143	1.00165	1	1858
267	662472	2466	297005	365467	100	60	1.14589	0.743053	39	38.7	126173	1	2143	1.0029	1.00129	1858
268	540720	2237	148481	392240	100	60	1.34408	0.743053	39	38.7	126173	1	2143	1.00431	1.00339	1858
269	583621	1975	206293	377328	100	60	1.6098	0.743053	39	38.7	126173	1	2143	1.0051	1.00462	1858
270	451067	1851	61473.3	389594	100	60	1.84444	0.743053	38	38.7	126173	1	2143	1.07698	1.12419	1858
271	474650	1473	121964	352230	100	60	0.662525	0.743053	39	38.7	0	1	2143	1.01862	1.01498	1858
272	486525	1241	101165	385266	100	60	0.547311	0.743053	39	38.7	0	1	2143	1.01257	1.00867	1858
273	604991	1023	197488	406986	100	60	0.492846	0.743053	39	38.7	0	1	2143	1.01019	1.00424	1858
274	707993	831	272017	435491	100	60	0.499161	0.743053	39	38.7	0	1	2143	1.01044	1.00312	1858
275	743463	744	309107	433977	100	60	0.564374	0.743053	39	38.7	0	1	2143	1.01223	1.0011	1858
276	583436	2021	152606	430830	100	60	1.46609	0.743053	39	38.7	0	1	2143	1.01573	1.00343	1858
277	639905	1840	221445	418460	100	60	1.64565	0.743053	39	38.7	0	1	2143	1.0164	1.00515	1858
278	735386	1807	298539	436847	100	60	1.93076	0.743053	39	38.7	0	1	2143	1.01979	1.01113	1858
279	767845	1493	336932	430913	100	60	1.96897	0.743053	39	38.7	0	1	2143	1.02439	1.0155	1858
280	712255	1232	297700	414555	100	60	2.09606	0.743053	39	38.7	66451.4	1	2143	1.02718	1.01959	1858
281	728291	1072	328814	399476	100	60	2.14166	0.743053	39	38.7	66451.4	1	2143	1.03936	1.03286	1858
282	722002	947	341818	380184	100	60	2.18932	0.743053	39	38.7	66451.4	1	2143	1.04211	1.03397	1858
283	696700	828	340857	355843	100	60	2.22552	0.743053	39	38.7	66451.4	1	2143	1.04653	1.03515	1858
284	670161	735	333950	336211	100	60	2.28965	0.743053	39	38.7	66451.4	1	2143	1.049	1.03699	1858
285	475727	662	158954	316773	100	60	2.36056	0.743053	39	38.7	66451.4	1	2143	1.05455	1.04262	1858
286	486060	585	190597	287661	100	60	2.41629	0.743053	39	38.7	66451.4	1	2143	1.06462	1.06228	1858
287	502795	538	219856	271162	100	60	2.44964	0.743053	39	38.7	66451.4	1	2143	1.06814	1.06427	1858
288	460648	453	213414	233865	100	60	2.42346	0.743053	39	38.7	66451.4	1	2143	1.07099	1.06757	1858
289	327093	402	110046	214497	100	60	2.45149	0.743053	39	38.7	66451.4	1	2143	1.05594	1.04822	1858
290	336411	363	136742	197360	100	60	2.43925	0.743053	39	38.7	66451.4	1	2143	1.05959	1.05322	1858
291	351053	344	160550	190503	100	60	2.43815	0.743053	39	38.7	66451.4	1	2143	1.06887	1.06825	1858
292	280124	319	100204	179920	100	60	0.236155	0.743053	39	38.7	142154	1	2143	1.00331	1.00268	1858
293	285114	272	73416.4	211698	100	60	0.162642	0.743053	39	38.7	142154	1	2143	1.00258	1.00172	1858
294	498298	252	186470	311828	100	60	0.140369	0.743053	39	38.7	142154	1	2143	1.00216	1.00157	1858
295	675818	227	273443	402374	100	60	0.140145	0.743053	39	38.7	142154	1	2143	1.00211	1.00166	1858
296	718315	208	300191	418124	100	60	0.156344	0.743053	39	38.7	142154	1	2143	1.0025	1.00257	1858
297	702245	2138	304301	397944	100	60	1.03228	0.743053	38	38.7	142154	1	2143	1.00375	1.00513	1858
298	745539	2014	336003	409535	100	60	1.12436	0.743053	38	38.7	142154	1	2143	1.00501	1.00954	1858
299	786914	1779	364931	421982	100	60	1.29932	0.743053	38	38.7	142154	1	2143	1.00617	1.01035	1858
300	614235	1563	192478	421757	100	60	1.31037	0.743053	31	38.7	142154	1	2143	1.14286	1.27407	1858
301	671405	1306	271459	397966	100	60	1.13864	0.743053	39	38.7	0	1	2143	1.09116	1.11148	1858
302	722640	1117	325840	393908	100	60	1.09294	0.743053	39	38.7	0	1	2143	1.05949	1.05826	1858
303	741059	945	353646	383960	100	60	1.02796	0.743053	39	38.7	0	1	2143	1.03483	1.0278	1858
304	776050	833	380968	392034	100	60	1.06246	0.743053	39	38.7	0	1	2143	1.03247	1.0233	1858
305	798358	784	397935	397823	100	60	1.1812	0.743053	39	38.7	0	1	2143	1.03689	1.02474	1858
306	828165	1147	417772	410392	100	60	1.62638	0.743053	39	38.7	0	1	2143	1.04398	1.02836	1858
307	786907	1086	400336	386571	100	60	1.75851	0.743053	39	38.7	0	1	2143	1.05177	1.0314	1858
308	772107	1057	396449	375658	100	60	1.85224	0.743053	39	38.7	0	1	2143	1.05247	1.03438	1858
309	770372	939	399882	370491	100	60	1.85771	0.743053	39	38.7	0	1	2143	1.06234	1.04511	1858
310	623307	812	282347	340960	100	60	1.847	0.743053	39	38.7	106861	1	2143	1.073	1.06203	1858
311	611283	715	295096	316187	100	60	1.8815	0.743053	39	38.7	106861	1	2143	1.08314	1.07183	1858
312	583198	624	294088	289110	100	60	1.91034	0.743053	39	38.7	106861	1	2143	1.08266	1.07767	1858
313	554286	564	286415	267871	100	60	1.92913	0.743053	39	38.7	106861	1	2143	1.08978	1.09336	1858
314	528393	517	277381	251013	100	60	1.93464	0.743053	39	38.7	106861	1	2143	1.11532	1.11984	1858
315	485455	463	257613	227841	100	60	1.95052	0.743053	39	38.7	106861	1	2143	1.14659	1.14128	1858
316	468020	430	245936	214797	100	60	1.9897	0.743053	39	38.7	106861	1	2143	1.15232	1.13571	1858
317	422385	368	219470	191003	100	60	1.96792	0.743053	39	38.7	106861	1	2143	1.1811	1.16156	1858
318	408499	341	212593	183902	100	60	2.00535	0.743053	39	38.7	106861	1	2143	1.17232	1.13855	1858
319	349357	288	183786	155446	100	60	2.01014	0.743053	39	38.7	106861	1	2143	1.1661	1.11429	1858
320	333216	269	176097	147821	100	60	2.03928	0.743053	39	38.7	106861	1	2143	1.15926	1.12157	1858
321	303782	247	165929	137853	100	60	2.04056	0.743053	39	38.7	106861	1	2143	1.15984	1.12121	1858
322	220296	223	90908.8	129387	100	60	0.0752632	0.743053	39	38.7	178297	1	2143	1.00244	0.99934	1858
323	456774	205	188857	267917	100	60	0.0633177	0.743053	39	38.7	178297	1	2143	1.00227	0.999228	1858
324	620249	196	257233	363016	100	60	0.0644783	0.743053	39	38.7	178297	1	2143	1.00223	1.00028	1858
325	598182	171	253360	344822	100	60	0.0690222	0.743053	39	38.7	178297	1	2143	1.00279	1.00169	1858
326	555022	155	243765	311257	100	60	0.0747407	0.743053	39	38.7	178297	1	2143	1.00338	1.00387	1858
327	619584	2462	281411	338173	100	60	1.02049	0.743053	39	38.7	178297	1	2143	1.00468	1.00583	1858
328	702751	2160	323916	378835	100	60	1.1739	0.743053	39	38.7	178297	1	2143	1.00627	1.00857	1858
329	753561	1925	351503	402057	100	60	1.40604	0.743053	39	38.7	178297	1	2143	1.00814	1.01078	1858
330	589092	1765	183681	405410	100	60	1.57347	0.743053	35	38.7	178297	1	2143	1.09296	1.16295	1858
331	620622	1402	247646	371069	100	60	0.757698	0.743053	39	38.7	0	1	2143	1.02989	1.02918	1858
332	709473	1199	310420	396285	100	60	0.620194	0.743053	39	38.7	0	1	2143	1.01739	1.01334	1858
333	787084	986	360266	423731	100	60	0.558388	0.743053	39	38.7	0	1	2143	1.013	1.00691	1858
334	819096	808	381129	435316	100	60	0.567568	0.743053	39	38.7	0	1	2143	1.01334	1.00552	1858
335	834891	768	396356	436260	100	60	0.665972	0.743053	39	38.7	0	1	2143	1.01652	1.00876	1858
336	818581	1581	396557	422024	100	60	1.30322	0.743053	39	38.7	0	1	2143	1.01726	1.01076	1858
337	804711	1557	394820	409891	100	60	1.47066	0.743053	39	38.7	0	1	2143	1.02031	1.01594	1858
338	806078	1442	399953	406125	100	60	1.64861	0.743053	39	38.7	0	1	2143	1.03109	1.03287	1858
339	766179	1176	384980	381198	100	60	1.68846	0.743053	39	38.7	0	1	2143	1.03911	1.04031	1858
340	676401	1031	304810	371592	100	60	1.78246	0.743053	39	38.7	89578.8	1	2143	1.04701	1.0459	1858
341	647116	866	309612	337504	100	60	1.85611	0.743053	39	38.7	89578.8	1	2143	1.05584	1.04878	1858
342	641324	774	319808	321516	100	60	1.91779	0.743053	39	38.7	89578.8	1	2143	1.055	1.04805	1858
343	619718	699	316583	303135	100	60	1.99718	0.743053	39	38.7	89578.8	1	2143	1.06949	1.06676	1858
344	591014	631	306804	284210	100	60	2.02709	0.743053	39	38.7	89578.8	1	2143	1.09302	1.08374	1858
345	549263	561	287774	261490	100	60	2.06814	0.743053	39	38.7	89578.8	1	2143	1.09826	1.0929	1858
346	505571	491	262404	235389	100	60	2.10664	0.743053	39	38.7	89578.8	1	2143	1.11006	1.10647	1858
347	487483	458	251126	222946	100	60	2.12112	0.743053	39	38.7	89578.8	1	2143	1.11753	1.11312	1858
348	448109	402	231312	204185	100	60	2.12222	0.743053	39	38.7	89578.8	1	2143	1.13146	1.13111	1858
349	420113	368	217950	190535	100	60	2.11605	0.743053	39	38.7	89578.8	1	2143	1.14062	1.12921	1858
350	381584	328	198891	172285	100	60	2.14398	0.743053	39	38.7	89578.8	1	2143	1.1403	1.11859	1858
351	349581	298	187926	161655	100	60	2.14302	0.743053	39	38.7	89578.8	1	2143	1.15461	1.12324	1858
352	264003	283	108739	155263	100	60	0.0970167	0.743053	39	38.7	168960	1	2143	1.00246	0.996649	1858
353	486560	256	203054	283506	100	60	0.0815185	0.743053	39	38.7	168960	1	2143	1.00223	0.996151	1858
354	626038	226	261112	364926	100	60	0.0761398	0.743053	39	38.7	168960	1	2143	1.00235	0.997799	1858
355	604418	201	257782	346636	100	60	0.0818558	0.743053	39	38.7	168960	1	2143	1.00275	1.00119	1858
356	583428	187	258378	325050	100	60	0.0900688	0.743053	39	38.7	168960	1	2143	1.00301	1.00171	1858
357	649518	2482	295786	353732	100	60	1.07113	0.743053	39	38.7	168960	1	2143	1.00434	1.00275	1858
358	736399	2306	338640	397760	100	60	1.24547	0.743053	39	38.7	168960	1	2143	1.00541	1.00478	1858
359	766170	1996	355706	410465	100	60	1.47904	0.743053	39	38.7	168960	1	2143	1.00779	1.00922	1858
360	601981	1861	186014	415967	100	60	1.63613	0.743053	33	38.7	168960	1	2143	1.09065	1.15256	1858
361	645810	1485	255167	388918	100	60	0.808038	0.743053	39	38.7	0	1	2143	1.02942	1.02694	1858
362	730760	1252	317127	411189	100	60	0.664218	0.743053	39	38.7	0	1	2143	1.01785	1.01303	1858
363	623970	1065	180415	442812	100	60	0.609728	0.743053	39	38.7	0	1	2143	1.01109	1.00607	1858
364	702659	868	254700	446430	100	60	0.601434	0.743053	39	38.7	0	1	2143	1.01051	1.00506	1858
365	767307	800	314165	451786	100	60	0.67039	0.743053	39	38.7	0	1	2143	1.01166	1.00816	1858
366	781906	1607	345438	436468	100	60	1.33723	0.743053	39	38.7	0	1	2143	1.01724	1.01443	1858
367	791861	1572	367404	424457	100	60	1.50868	0.743053	39	38.7	0	1	2143	1.01625	1.01289	1858
368	606120	1511	183373	422747	100	60	1.74207	0.743053	39	38.7	0	1	2143	1.02208	1.01865	1858
369	639817	1288	243335	396482	100	60	1.81241	0.743053	39	38.7	0	1	2143	1.02571	1.02027	1858
370	623751	1041	255912	367838	100	60	1.91059	0.743053	39	38.7	29280	1	2143	1.03854	1.03468	1858
371	653968	925	297244	356724	100	60	2.00119	0.743053	39	38.7	29280	1	2143	1.05094	1.05441	1858
372	668296	838	321895	346401	100	60	2.06696	0.743053	39	38.7	29280	1	2143	1.06557	1.06611	1858
373	634924	720	317071	317853	100	60	2.13544	0.743053	39	38.7	29280	1	2143	1.07294	1.07133	1858
374	618452	649	315818	302634	100	60	2.16792	0.743053	39	38.7	29280	1	2143	1.083	1.08075	1858
375	574520	572	297817	276703	100	60	2.19262	0.743053	39	38.7	29280	1	2143	1.1104	1.10265	1858
376	537514	508	276368	252680	100	60	2.21475	0.743053	39	38.7	29280	1	2143	1.12868	1.12274	1858
377	499891	454	255219	230363	100	60	2.18306	0.743053	39	38.7	29280	1	2143	1.12603	1.11937	1858
378	475482	411	243145	218554	100	60	2.21746	0.743053	39	38.7	29280	1	2143	1.10956	1.105	1858
379	464305	389	238343	212448	100	60	2.23209	0.743053	39	38.7	29280	1	2143	1.105	1.10372	1858
380	424638	349	218509	194126	100	60	2.26918	0.743053	39	38.7	29280	1	2143	1.12069	1.12121	1858
381	376370	306	199969	176401	100	60	2.26976	0.743053	39	38.7	29280	1	2143	1.12541	1.13149	1858
382	249730	265	96205	153525	100	60	0.0931733	0.743053	39	38.7	123750	1	2143	1.00206	1.00143	1858
383	491884	259	200982	290902	100	60	0.082426	0.743053	39	38.7	123750	1	2143	1.00202	1.00145	1858
384	640596	236	263728	376868	100	60	0.0806253	0.743053	39	38.7	123750	1	2143	1.002	1.00184	1858
385	622085	209	261419	360666	100	60	0.0842353	0.743053	39	38.7	123750	1	2143	1.00232	1.00269	1858
386	588615	187	255894	332721	100	60	0.0897893	0.743053	39	38.7	123750	1	2143	1.00271	1.00375	1858
387	644870	2488	289925	354946	100	60	1.08203	0.743053	39	38.7	123750	1	2143	1.00399	1.00496	1858
388	723353	2278	330089	393263	100	60	1.2693	0.743053	39	38.7	123750	1	2143	1.00585	1.00822	1858
389	763641	1969	353624	410017	100	60	1.51311	0.743053	39	38.7	123750	1	2143	1.00803	1.01057	1858
390	592555	1799	183247	409308	100	60	1.68158	0.743053	33	38.7	123750	1	2143	1.09106	1.15672	1858
391	626835	1402	249143	376388	100	60	0.788485	0.743053	39	38.7	0	1	2143	1.03015	1.03121	1858
392	724120	1215	315172	407164	100	60	0.669472	0.743053	39	38.7	0	1	2143	1.01851	1.01658	1858
393	802793	1042	364727	435808	100	60	0.618865	0.743053	39	38.7	0	1	2143	1.01369	1.00991	1858
394	853542	901	393645	457821	100	60	0.668175	0.743053	39	38.7	0	1	2143	1.01404	1.0084	1858
395	860677	816	402737	456223	100	60	0.734424	0.743053	39	38.7	0	1	2143	1.01496	1.01132	1858
396	828272	1578	393841	434431	100	60	1.40957	0.743053	39	38.7	0	1	2143	1.01784	1.01641	1858
397	822351	1564	397006	425345	100	60	1.59973	0.743053	39	38.7	0	1	2143	1.02019	1.01675	1858
398	822958	1442	403489	419469	100	60	1.80578	0.743053	39	38.7	0	1	2143	1.02781	1.02309	1858
399	817646	1221	405364	412282	100	60	1.86613	0.743053	39	38.7	0	1	2143	1.03439	1.0289	1858
400	669662	1028	281577	388085	100	60	1.9505	0.743053	39	38.7	122327	1	2143	1.04392	1.03725	1858
401	674146	901	306738	367408	100	60	2.03352	0.743053	39	38.7	122327	1	2143	1.05294	1.04489	1858
402	673736	805	323623	350114	100	60	2.07399	0.743053	39	38.7	122327	1	2143	1.05797	1.04756	1858
403	655496	724	325792	329704	100	60	2.14004	0.743053	39	38.7	122327	1	2143	1.07281	1.06389	1858
404	626312	646	317717	308595	100	60	2.17085	0.743053	39	38.7	122327	1	2143	1.09225	1.08621	1858
405	567496	558	292468	275029	100	60	2.20008	0.743053	39	38.7	122327	1	2143	1.10048	1.09074	1858
406	522055	484	267384	245860	100	60	2.23276	0.743053	39	38.7	122327	1	2143	1.09696	1.09091	1858
407	473214	418	240697	218524	100	60	2.22007	0.743053	39	38.7	122327	1	2143	1.12195	1.1068	1858
408	296561	344	106119	188052	100	60	2.21457	0.743053	39	38.7	122327	1	2143	1.11828	1.09735	1858
409	310569	319	128668	175933	100	60	2.21943	0.743053	39	38.7	122327	1	2143	1.14201	1.11465	1858
410	292246	267	134982	152268	100	60	2.26691	0.743053	39	38.7	122327	1	2143	1.15884	1.1323	1858
411	283157	248	140643	142514	100	60	2.26908	0.743053	39	38.7	122327	1	2143	1.15789	1.13675	1858
412	207965	224	77893.6	130072	100	60	0.0953177	0.743053	39	38.7	190166	1	2143	1.00269	1.00186	1858
413	396651	207	160893	235757	100	60	0.0768571	0.743053	39	38.7	190166	1	2143	1.00222	1.0013	1858
414	595908	172	246174	349734	100	60	0.0684929	0.743053	39	38.7	190166	1	2143	1.00198	1.0012	1858
415	642342	154	266726	375616	100	60	0.0700646	0.743053	39	38.7	190166	1	2143	1.00228	1.00173	1858
416	584809	139	250523	334285	100	60	0.0748952	0.743053	38	38.7	190166	1	2143	1.00234	1.00268	1858
417	602644	2438	269182	333462	100	60	1.0157	0.743053	38	38.7	190166	1	2143	1.00332	1.00426	1858
418	687764	2195	314670	373094	100	60	1.18312	0.743053	38	38.7	190166	1	2143	1.00387	1.00499	1858
419	562545	1862	161059	401486	100	60	1.46356	0.743053	38	38.7	190166	1	2143	1.00701	1.00749	1858
420	491996	1679	108748	383249	100	60	1.62708	0.743053	35	38.7	190166	1	2143	1.08239	1.13457	1858
421	536718	1352	183416	351325	100	60	0.896195	0.743053	39	38.7	0	1	2143	1.02894	1.02844	1858
422	633162	1158	257028	374038	100	60	0.73842	0.743053	39	38.7	0	1	2143	1.01954	1.0161	1858
423	738428	1038	326604	408542	100	60	0.734738	0.743053	39	38.7	0	1	2143	1.01538	1.01024	1858
424	626118	926	183330	442257	100	60	0.811073	0.743053	39	38.7	0	1	2143	1.0171	1.0076	1858
425	712566	829	265348	446784	100	60	0.86611	0.743053	39	38.7	0	1	2143	1.02033	1.00957	1858
426	759759	1538	320079	439680	100	60	1.52753	0.743053	39	38.7	0	1	2143	1.02347	1.01393	1858
427	779697	1513	352202	427495	100	60	1.7139	0.743053	39	38.7	0	1	2143	1.02526	1.01701	1858
428	603742	1413	181614	422127	100	60	1.82247	0.743053	39	38.7	0	1	2143	1.02797	1.02359	1858
429	656204	1214	249126	407078	100	60	1.84537	0.743053	39	38.7	0	1	2143	1.03569	1.03161	1858
430	671376	1072	278353	393024	100	60	1.93125	0.743053	39	38.7	28930.3	1	2143	1.04863	1.04533	1858
431	525987	948	155788	370198	100	60	1.96365	0.743053	39	38.7	28930.3	1	2143	1.05858	1.05207	1858
432	552263	845	211561	340702	100	60	2.0067	0.743053	39	38.7	28930.3	1	2143	1.06814	1.06235	1858
433	567265	751	253149	314116	100	60	2.04459	0.743053	39	38.7	28930.3	1	2143	1.08305	1.07734	1858
434	565599	669	271985	293615	100	60	2.05657	0.743053	39	38.7	28930.3	1	2143	1.0991	1.0898	1858
435	578084	638	288850	289234	100	60	2.06405	0.743053	39	38.7	28930.3	1	2143	1.11951	1.1056	1858
436	554645	580	277910	268563	100	60	2.10169	0.743053	39	38.7	28930.3	1	2143	1.14399	1.12766	1858
437	533163	533	266789	252604	100	60	2.113	0.743053	39	38.7	28930.3	1	2143	1.15986	1.14035	1858
438	485358	467	245385	227355	100	60	2.13749	0.743053	39	38.7	28930.3	1	2143	1.14669	1.12528	1858
439	470916	437	240082	218380	100	60	2.13471	0.743053	39	38.7	28930.3	1	2143	1.13072	1.10664	1858
440	420801	378	216224	193800	100	60	2.14047	0.743053	39	38.7	28930.3	1	2143	1.14359	1.11634	1858
441	360281	320	191252	169030	100	60	2.15497	0.743053	39	38.7	28930.3	1	2143	1.14688	1.13	1858
442	263014	287	105502	157512	100	60	0.101303	0.743053	39	38.7	109810	1	2143	1.003	1.00202	1858
443	385039	273	98646.4	286393	100	60	0.088663	0.743053	39	38.7	109810	1	2143	1.00279	1.00201	1858
444	458377	239	88752.1	369625	100	60	0.0750962	0.743053	39	38.7	109810	1	2143	1.0022	1.00153	1858
445	481779	190	132448	349332	100	60	0.0677329	0.743053	39	38.7	109810	1	2143	1.00199	1.00117	1858
446	487755	148	167416	320340	100	60	0.0675602	0.743053	39	38.7	109810	1	2143	1.00237	1.00116	1858
447	559180	2546	220880	338300	100	60	0.928878	0.743053	39	38.7	109810	1	2143	1.00323	1.00149	1858
448	638932	2280	270497	368435	100	60	1.13922	0.743053	39	38.7	109810	1	2143	1.00461	1.00232	1858
449	724138	2258	318721	405417	100	60	1.44909	0.743053	39	38.7	109810	1	2143	1.00574	1.00216	1858
450	587725	2087	172243	415482	100	60	1.67203	0.743053	32	38.7	109810	1	2143	1.06212	1.0988	1858
451	516136	1669	117813	398004	100	60	0.93613	0.743053	39	38.7	0	1	2143	1.02591	1.02752	1858
452	590410	1384	195422	394101	100	60	0.707153	0.743053	39	38.7	0	1	2143	1.01545	1.01307	1858
453	696654	1134	280048	415344	100	60	0.630645	0.743053	39	38.7	0	1	2143	1.01025	1.00787	1858
454	779089	928	335857	441956	100	60	0.632314	0.743053	39	38.7	0	1	2143	1.00988	1.00609	1858
455	821873	839	368284	452458	100	60	0.701758	0.743053	39	38.7	0	1	2143	1.01177	1.00679	1858
456	806467	1640	372658	433808	100	60	1.37415	0.743053	39	38.7	0	1	2143	1.01601	1.01154	1858
457	797633	1561	378752	418882	100	60	1.53395	0.743053	39	38.7	0	1	2143	1.01806	1.0145	1858
458	813853	1497	394202	419651	100	60	1.76058	0.743053	39	38.7	0	1	2143	1.01936	1.01745	1858
459	780058	1224	383183	396876	100	60	1.80771	0.743053	39	38.7	0	1	2143	1.02301	1.02463	1858
460	670241	1057	288352	381889	100	60	1.91307	0.743053	39	38.7	99792.7	1	2143	1.02802	1.02751	1858
461	505946	917	149921	356025	100	60	2.00792	0.743053	39	38.7	99792.7	1	2143	1.03364	1.03392	1858
462	431790	816	100132	331658	100	60	2.05304	0.743053	39	38.7	99792.7	1	2143	1.03729	1.03686	1858
463	447045	707	149972	297073	100	60	2.11883	0.743053	39	38.7	99792.7	1	2143	1.04152	1.03977	1858
464	480131	646	199798	280333	100	60	2.14542	0.743053	39	38.7	99792.7	1	2143	1.05214	1.04984	1858
465	500884	602	231471	269413	100	60	2.14219	0.743053	39	38.7	99792.7	1	2143	1.07783	1.07846	1858
466	495758	552	237294	249676	100	60	2.15902	0.743053	39	38.7	99792.7	1	2143	1.08197	1.07818	1858
467	502482	520	243869	243328	100	60	2.1684	0.743053	39	38.7	99792.7	1	2143	1.08113	1.07752	1858
468	342217	456	117754	221663	100	60	2.20315	0.743053	39	38.7	99792.7	1	2143	1.07377	1.06874	1858
469	349390	401	141286	201062	100	60	2.18432	0.743053	39	38.7	99792.7	1	2143	1.09091	1.09137	1858
470	314430	326	144142	164550	100	60	2.19156	0.743053	39	38.7	99792.7	1	2143	1.0944	1.09206	1858
471	288414	280	143649	144765	100	60	2.20527	0.743053	39	38.7	99792.7	1	2143	1.12014	1.12782	1858
472	221282	253	84394.2	136888	100	60	0.104344	0.743053	39	38.7	163643	1	2143	1.00228	1.00209	1858
473	406946	220	167047	239899	100	60	0.0794998	0.743053	39	38.7	163643	1	2143	1.00169	1.00138	1858
474	615329	211	256269	359061	100	60	0.0811845	0.743053	39	38.7	163643	1	2143	1.00165	1.00163	1858
475	654189	196	274207	379982	100	60	0.0877007	0.743053	39	38.7	163643	1	2143	1.00174	1.00169	1858
476	586790	163	251725	335065	100	60	0.0874445	0.743053	36	38.7	163643	1	2143	1.00186	1.00302	1858
477	613975	2409	274577	339397	100	60	1.00816	0.743053	36	38.7	163643	1	2143	1.00283	1.00559	1858
478	706215	2142	322501	383714	100	60	1.11361	0.743053	36	38.7	163643	1	2143	1.00397	1.00863	1858
479	566231	1859	162014	404217	100	60	1.35793	0.743053	35	38.7	163643	1	2143	1.00615	1.01081	1858
480	489104	1702	108649	380454	100	60	1.56489	0.743053	33	38.7	163643	1	2143	1.0918	1.15398	1858
481	539298	1376	185790	351891	100	60	0.821809	0.743053	39	38.7	0	1	2143	1.03214	1.03311	1858
482	501527	1174	127535	373475	100	60	0.695854	0.743053	39	38.7	0	1	2143	1.01986	1.01782	1858
483	609997	1020	218021	390349	100	60	0.629182	0.743053	39	38.7	0	1	2143	1.01385	1.00906	1858
484	722019	899	297244	422927	100	60	0.686998	0.743053	39	38.7	0	1	2143	1.01455	1.00878	1858
485	614409	833	169882	444467	100	60	0.774199	0.743053	39	38.7	0	1	2143	1.01567	1.0082	1858
486	664657	1653	237382	427275	100	60	1.45752	0.743053	39	38.7	0	1	2143	1.01736	1.01056	1858
487	713298	1584	294472	418826	100	60	1.60314	0.743053	39	38.7	0	1	2143	1.01902	1.01138	1858
488	747975	1503	336590	411384	100	60	1.75726	0.743053	39	38.7	0	1	2143	1.02177	1.0174	1858
489	582007	1272	175823	406183	100	60	1.75243	0.743053	39	38.7	0	1	2143	1.02634	1.02054	1858
490	633739	1145	240662	393076	100	60	1.79892	0.743053	39	38.7	7137.56	1	2143	1.0314	1.02722	1858
491	657096	1000	290245	366851	100	60	1.88004	0.743053	39	38.7	7137.56	1	2143	1.04198	1.03722	1858
492	664057	892	315674	348383	100	60	1.92544	0.743053	39	38.7	7137.56	1	2143	1.05712	1.05543	1858
493	647347	806	322000	325346	100	60	1.96002	0.743053	39	38.7	7137.56	1	2143	1.06159	1.05625	1858
494	613384	714	311806	301578	100	60	1.97922	0.743053	39	38.7	7137.56	1	2143	1.06963	1.06338	1858
495	571952	635	295455	276497	100	60	2.01533	0.743053	39	38.7	7137.56	1	2143	1.07876	1.06508	1858
496	534403	568	273411	252073	100	60	2.03769	0.743053	39	38.7	7137.56	1	2143	1.08466	1.06762	1858
497	502285	508	254350	232887	100	60	2.06584	0.743053	39	38.7	7137.56	1	2143	1.09524	1.08383	1858
498	470530	449	239310	216979	100	60	2.07544	0.743053	39	38.7	7137.56	1	2143	1.08577	1.075	1858
499	323581	411	118417	202345	100	60	2.09474	0.743053	39	38.7	7137.56	1	2143	1.09133	1.0802	1858
500	326336	370	139942	183813	100	60	2.07653	0.743053	39	38.7	7137.56	1	2143	1.10156	1.09167	1858
501	309431	326	147846	161585	100	60	2.11393	0.743053	39	38.7	7137.56	1	2143	1.10909	1.09554	1858
502	246384	292	98825.3	147559	100	60	0.19531	0.743053	39	38.7	64669	1	2143	1.00418	1.00215	1858
503	338829	254	146884	191945	100	60	0.138482	0.743053	39	38.7	64669	1	2143	1.00325	1.00154	1858
504	414039	228	120680	293359	100	60	0.127234	0.743053	39	38.7	64669	1	2143	1.00327	1.00146	1858
505	571648	214	200363	371285	100	60	0.120102	0.743053	39	38.7	64669	1	2143	1.00316	1.00118	1858
506	632294	171	244783	387510	100	60	0.117847	0.743053	38	38.7	64669	1	2143	1.00344	1.00223	1858
507	652657	2151	270942	381715	100	60	0.914307	0.743053	38	38.7	64669	1	2143	1.00473	1.00458	1858
508	691156	1983	305063	386094	100	60	1.0031	0.743053	38	38.7	64669	1	2143	1.00624	1.00846	1858
509	739414	1702	340867	398547	100	60	1.13376	0.743053	38	38.7	64669	1	2143	1.00751	1.00703	1858
510	577598	1557	180034	397564	100	60	1.18484	0.743053	34	38.7	64669	1	2143	1.13395	1.25081	1858
511	619090	1250	253517	364977	100	60	1.03383	0.743053	39	38.7	0	1	2143	1.09286	1.11169	1858
512	662219	1069	302564	358710	100	60	0.969282	0.743053	39	38.7	0	1	2143	1.05303	1.0516	1858
513	680439	905	328752	350610	100	60	0.931404	0.743053	39	38.7	0	1	2143	1.03054	1.02134	1858
514	727538	810	361273	365177	100	60	0.973117	0.743053	39	38.7	0	1	2143	1.02522	1.01327	1858
515	763715	757	384156	378667	100	60	1.06636	0.743053	39	38.7	0	1	2143	1.02958	1.01677	1858
516	788467	1059	399015	389453	100	60	1.45189	0.743053	39	38.7	0	1	2143	1.03791	1.0281	1858
517	789036	1101	400711	388325	100	60	1.62382	0.743053	39	38.7	0	1	2143	1.0411	1.03105	1858
518	782009	1070	401006	381004	100	60	1.68097	0.743053	39	38.7	0	1	2143	1.05019	1.04364	1858
519	755325	932	391589	363736	100	60	1.6597	0.743053	39	38.7	0	1	2143	1.05304	1.05114	1858
520	642169	838	292730	349439	100	60	1.65429	0.743053	39	38.7	100288	1	2143	1.06426	1.06416	1858
521	610757	713	298650	312107	100	60	1.66279	0.743053	39	38.7	100288	1	2143	1.06437	1.06073	1858
522	583966	629	299225	284742	100	60	1.67094	0.743053	39	38.7	100288	1	2143	1.07181	1.0672	1858
523	563825	576	295705	268120	100	60	1.71694	0.743053	39	38.7	100288	1	2143	1.08576	1.0826	1858
524	513674	503	273192	240483	100	60	1.72445	0.743053	39	38.7	100288	1	2143	1.09123	1.08835	1858
525	489839	464	262048	227791	100	60	1.72585	0.743053	39	38.7	100288	1	2143	1.10474	1.1048	1858
526	471489	432	248197	214639	100	60	1.72714	0.743053	39	38.7	100288	1	2143	1.12069	1.12207	1858
527	438690	395	227480	196388	100	60	1.7676	0.743053	39	38.7	100288	1	2143	1.1253	1.11979	1858
528	403343	347	209011	180680	100	60	1.79799	0.743053	39	38.7	100288	1	2143	1.10383	1.07918	1858
529	383083	318	198916	171264	100	60	1.82136	0.743053	39	38.7	100288	1	2143	1.0991	1.07372	1858
530	362128	296	188270	162008	100	60	1.86518	0.743053	39	38.7	100288	1	2143	1.09967	1.07343	1858
531	230151	263	86047.7	144104	100	60	1.82493	0.743053	39	38.7	100288	1	2143	1.10985	1.08	1858
532	222770	239	87454.1	135316	100	60	0.0709498	0.743053	39	38.7	121166	1	2143	1.00162	1.00083	1858
533	473951	223	192329	281622	100	60	0.0665548	0.743053	39	38.7	121166	1	2143	1.00156	1.00101	1858
534	609757	197	248755	361002	100	60	0.0628801	0.743053	39	38.7	121166	1	2143	1.00169	1.00154	1858
535	586567	184	246855	339713	100	60	0.0703287	0.743053	39	38.7	121166	1	2143	1.00207	1.00233	1858
536	571932	176	250635	321297	100	60	0.07855	0.743053	39	38.7	121166	1	2143	1.00233	1.00346	1858
537	637044	2597	287822	349222	100	60	0.969715	0.743053	39	38.7	121166	1	2143	1.0033	1.00439	1858
538	725908	2228	332065	393843	100	60	1.08134	0.743053	39	38.7	121166	1	2143	1.00431	1.00621	1858
539	759766	1922	353561	406205	100	60	1.27757	0.743053	39	38.7	121166	1	2143	1.00639	1.00881	1858
540	589035	1732	183416	405619	100	60	1.39451	0.743053	33	38.7	121166	1	2143	1.08931	1.16077	1858
541	640794	1407	258454	381007	100	60	0.709382	0.743053	39	38.7	0	1	2143	1.02802	1.02936	1858
542	562131	1216	156009	405607	100	60	0.590963	0.743053	39	38.7	0	1	2143	1.01561	1.0145	1858
543	667588	1028	246098	420203	100	60	0.491389	0.743053	39	38.7	0	1	2143	1.00883	1.00623	1858
544	770154	903	321935	446745	100	60	0.524328	0.743053	39	38.7	0	1	2143	1.00854	1.00531	1858
545	602278	829	165729	436418	100	60	0.610806	0.743053	39	38.7	0	1	2143	1.01158	1.00707	1858
546	631639	1609	226205	405434	100	60	1.1713	0.743053	39	38.7	0	1	2143	1.01392	1.00839	1858
547	685177	1547	287052	398125	100	60	1.32133	0.743053	39	38.7	0	1	2143	1.01476	1.01145	1858
548	745783	1596	339644	406139	100	60	1.57965	0.743053	39	38.7	0	1	2143	1.02275	1.02141	1858
549	763351	1348	364194	399157	100	60	1.63099	0.743053	39	38.7	0	1	2143	1.02276	1.02007	1858
550	709751	1159	324318	385433	100	60	1.67567	0.743053	39	38.7	52460.7	1	2143	1.02687	1.02684	1858
551	740571	1056	358602	381969	100	60	1.73663	0.743053	39	38.7	52460.7	1	2143	1.03354	1.03039	1858
552	723783	937	362943	360840	100	60	1.76852	0.743053	39	38.7	52460.7	1	2143	1.04848	1.04599	1858
553	679147	820	348619	330527	100	60	1.79537	0.743053	39	38.7	52460.7	1	2143	1.04748	1.0439	1858
554	640145	734	333029	307116	100	60	1.81494	0.743053	39	38.7	52460.7	1	2143	1.05862	1.05738	1858
555	584730	647	306319	278410	100	60	1.85299	0.743053	39	38.7	52460.7	1	2143	1.05726	1.05616	1858
556	543407	574	281697	252835	100	60	1.86721	0.743053	39	38.7	52460.7	1	2143	1.07704	1.0776	1858
557	497494	495	255397	226923	100	60	1.83152	0.743053	39	38.7	52460.7	1	2143	1.08633	1.08793	1858
558	475590	452	244234	216782	100	60	1.86619	0.743053	39	38.7	52460.7	1	2143	1.083	1.07883	1858
559	435762	401	224689	197555	100	60	1.89359	0.743053	39	38.7	52460.7	1	2143	1.07407	1.06361	1858
560	389326	351	200372	177151	100	60	1.90697	0.743053	39	38.7	52460.7	1	2143	1.08	1.06395	1858
561	351864	318	187329	164535	100	60	1.92893	0.743053	39	38.7	52460.7	1	2143	1.09063	1.0712	1858
562	245206	267	102228	142977	100	60	0.0891662	0.743053	39	38.7	124923	1	2143	1.00202	1.00128	1858
563	478247	251	201039	277208	100	60	0.0770218	0.743053	39	38.7	124923	1	2143	1.00205	1.00143	1858
564	622826	225	260284	362542	100	60	0.0727041	0.743053	39	38.7	124923	1	2143	1.00179	1.00115	1858
565	605795	209	258511	347284	100	60	0.0807808	0.743053	39	38.7	124923	1	2143	1.0025	1.00239	1858
566	558277	178	246489	311788	100	60	0.0817546	0.743053	39	38.7	124923	1	2143	1.00249	1.00335	1858
567	622201	2403	283145	339056	100	60	0.94035	0.743053	39	38.7	124923	1	2143	1.00325	1.00436	1858
568	703269	2209	322002	381267	100	60	1.10298	0.743053	39	38.7	124923	1	2143	1.00388	1.00505	1858
569	744879	1889	345835	399044	100	60	1.32618	0.743053	39	38.7	124923	1	2143	1.00598	1.0072	1858
570	483244	1733	83315.6	399929	100	60	1.42954	0.743053	38	38.7	124923	1	2143	1.08875	1.15884	1858
571	427051	1390	70909	356090	100	60	0.604172	0.743053	39	38.7	0	1	2143	1.02241	1.02227	1858
572	515800	1187	152183	363345	100	60	0.47195	0.743053	39	38.7	0	1	2143	1.01251	1.00996	1858
573	530963	1014	122827	408079	100	60	0.442319	0.743053	39	38.7	0	1	2143	1.0087	1.00511	1858
574	618557	843	204061	414220	100	60	0.467869	0.743053	39	38.7	0	1	2143	1.00839	1.00388	1858
575	683059	738	268260	414530	100	60	0.515962	0.743053	39	38.7	0	1	2143	1.009	1.00369	1858
576	716051	1793	308827	407223	100	60	1.1625	0.743053	39	38.7	0	1	2143	1.0107	1.00427	1858
577	742137	1720	338840	403296	100	60	1.31475	0.743053	39	38.7	0	1	2143	1.01265	1.00651	1858
578	765632	1602	362295	403337	100	60	1.51914	0.743053	39	38.7	0	1	2143	1.01136	1.00812	1858
579	756885	1306	367225	389660	100	60	1.61268	0.743053	39	38.7	0	1	2143	1.01323	1.0138	1858
580	660484	1084	297027	363456	100	60	1.66243	0.743053	39	38.7	69725.4	1	2143	1.02329	1.02868	1858
581	636555	893	305891	330664	100	60	1.7507	0.743053	39	38.7	69725.4	1	2143	1.03023	1.03479	1858
582	636456	803	317517	318939	100	60	1.78891	0.743053	39	38.7	69725.4	1	2143	1.03074	1.03371	1858
583	461086	729	156245	304841	100	60	1.79888	0.743053	39	38.7	69725.4	1	2143	1.04301	1.04677	1858
584	495710	681	205066	290644	100	60	1.832	0.743053	39	38.7	69725.4	1	2143	1.05162	1.05605	1858
585	483562	590	225976	257586	100	60	1.86352	0.743053	39	38.7	69725.4	1	2143	1.06871	1.06985	1858
586	453896	507	220275	225053	100	60	1.91317	0.743053	39	38.7	69725.4	1	2143	1.08319	1.07723	1858
587	429105	445	211559	203797	100	60	1.92546	0.743053	39	38.7	69725.4	1	2143	1.08025	1.07675	1858
588	403033	396	201706	188121	100	60	1.95493	0.743053	39	38.7	69725.4	1	2143	1.07059	1.05598	1858
589	379860	363	191995	175605	100	60	2.00184	0.743053	39	38.7	69725.4	1	2143	1.04724	1.03621	1858
590	365419	341	185868	168088	100	60	2.03511	0.743053	39	38.7	69725.4	1	2143	1.03672	1.02687	1858
591	313417	292	165570	147848	100	60	2.02225	0.743053	39	38.7	69725.4	1	2143	1.03974	1.02787	1858
592	237076	269	96412.1	140664	100	60	0.0890882	0.743053	39	38.7	137639	1	2143	1.00083	0.998956	1858
593	466901	243	194415	272486	100	60	0.0756108	0.743053	39	38.7	137639	1	2143	1.0009	0.998905	1858
594	605681	205	250951	354730	100	60	0.0673684	0.743053	39	38.7	137639	1	2143	1.0009	0.999136	1858
595	585932	168	247525	338408	100	60	0.0659412	0.743053	38	38.7	137639	1	2143	1.00083	0.999347	1858
596	550345	149	239647	310699	100	60	0.0693046	0.743053	38	38.7	137639	1	2143	1.00128	1.00042	1858
597	617685	2434	277525	340160	100	60	0.948968	0.743053	38	38.7	137639	1	2143	1.0022	1.0021	1858
598	525010	2166	143240	381770	100	60	1.08119	0.743053	37	38.7	137639	1	2143	1.00249	1.00209	1858
599	563758	1885	200651	363107	100	60	1.28658	0.743053	37	38.7	137639	1	2143	1.00231	1.00085	1858
600	505560	1839	131433	374127	100	60	1.51583	0.743053	35	38.7	137639	1	2143	1.05109	1.08424	1858
601	576342	1487	214184	361683	100	60	0.709304	0.743053	39	38.7	0	1	2143	1.01638	1.01387	1858
602	671868	1243	282370	389004	100	60	0.579633	0.743053	39	38.7	0	1	2143	1.01072	1.00764	1858
603	762241	1046	340086	421327	100	60	0.538719	0.743053	39	38.7	0	1	2143	1.00701	1.00317	1858
604	812395	888	370796	440817	100	60	0.566341	0.743053	39	38.7	0	1	2143	1.00646	1.00108	1858
605	615500	771	180738	434649	100	60	0.595751	0.743053	39	38.7	0	1	2143	1.00661	1.00027	1858
606	675206	1730	247745	427461	100	60	1.25826	0.743053	39	38.7	0	1	2143	1.00897	1.0039	1858
607	717173	1620	303057	414117	100	60	1.39088	0.743053	39	38.7	0	1	2143	1.01023	1.00421	1858
608	771558	1582	351053	420504	100	60	1.60753	0.743053	39	38.7	0	1	2143	1.01162	1.00697	1858
609	777969	1315	369096	408873	100	60	1.66502	0.743053	39	38.7	0	1	2143	1.01471	1.01143	1858
610	711860	1148	312981	398879	100	60	1.75476	0.743053	39	38.7	72587.8	1	2143	1.02092	1.01832	1858
611	536896	999	162266	374630	100	60	1.80429	0.743053	39	38.7	72587.8	1	2143	1.0313	1.03006	1858
612	554331	868	213813	340519	100	60	1.84645	0.743053	39	38.7	72587.8	1	2143	1.04007	1.03922	1858
613	564806	763	252559	312247	100	60	1.88235	0.743053	39	38.7	72587.8	1	2143	1.04822	1.04599	1858
614	557882	680	269344	288538	100	60	1.91346	0.743053	39	38.7	72587.8	1	2143	1.05238	1.04713	1858
615	511423	582	257016	254407	100	60	1.93432	0.743053	39	38.7	72587.8	1	2143	1.05761	1.0519	1858
616	489490	524	245948	234552	100	60	1.96178	0.743053	39	38.7	72587.8	1	2143	1.07192	1.06538	1858
617	480340	488	239835	225069	100	60	2.00424	0.743053	39	38.7	72587.8	1	2143	1.08365	1.07629	1858
618	470780	460	236191	219456	100	60	2.04672	0.743053	39	38.7	72587.8	1	2143	1.07216	1.06402	1858
619	448831	430	226742	207565	100	60	2.06009	0.743053	39	38.7	72587.8	1	2143	1.05778	1.03529	1858
620	412958	390	210397	189472	100	60	2.04982	0.743053	39	38.7	72587.8	1	2143	1.05637	1.03125	1858
621	385159	368	203175	181984	100	60	2.0607	0.743053	39	38.7	72587.8	1	2143	1.05774	1.03315	1858
622	281017	330	113411	167606	100	60	0.107414	0.743053	39	38.7	153298	1	2143	1.00157	1.00068	1858
623	499840	288	208379	291461	100	60	0.0884203	0.743053	39	38.7	153298	1	2143	1.00153	1.00072	1858
624	631950	257	263952	367998	100	60	0.0822082	0.743053	39	38.7	153298	1	2143	1.00147	1.00098	1858
625	457837	219	112349	345488	100	60	0.0847048	0.743053	39	38.7	153298	1	2143	1.00173	1.00166	1858
626	444686	204	141029	303657	100	60	0.0969911	0.743053	39	38.7	153298	1	2143	1.00165	1.00236	1858
627	548647	2451	211582	337065	100	60	0.972703	0.743053	39	38.7	153298	1	2143	1.00237	1.00321	1858
628	641096	2191	268723	372373	100	60	1.20073	0.743053	39	38.7	153298	1	2143	1.00322	1.0043	1858
629	683571	1940	300425	383146	100	60	1.39129	0.743053	39	38.7	153298	1	2143	1.00399	1.00569	1858
630	548979	1726	162282	386697	100	60	1.50353	0.743053	36	38.7	153298	1	2143	1.09568	1.15942	1858
631	613924	1410	240116	373582	100	60	0.669275	0.743053	39	38.7	0	1	2143	1.02646	1.02682	1858
632	671042	1124	289265	381418	100	60	0.532703	0.743053	39	38.7	0	1	2143	1.01373	1.01174	1858
633	579714	934	166164	413427	100	60	0.471503	0.743053	39	38.7	0	1	2143	1.0093	1.00597	1858
634	703660	837	253705	449672	100	60	0.505137	0.743053	39	38.7	0	1	2143	1.00935	1.00645	1858
635	739338	741	302422	436647	100	60	0.534828	0.743053	39	38.7	0	1	2143	1.00997	1.0071	1858
636	736957	1767	324354	412603	100	60	1.22174	0.743053	39	38.7	0	1	2143	1.01152	1.00924	1858
637	742731	1581	342702	400029	100	60	1.30225	0.743053	39	38.7	0	1	2143	1.01196	1.00856	1858
638	749812	1538	356555	393257	100	60	1.57518	0.743053	39	38.7	0	1	2143	1.01495	1.01046	1858
639	750845	1277	364313	386532	100	60	1.64752	0.743053	39	38.7	0	1	2143	1.01793	1.01656	1858
640	649938	1087	278796	371142	100	60	1.73914	0.743053	39	38.7	89369.9	1	2143	1.02222	1.0213	1858
641	649140	933	301794	347346	100	60	1.84531	0.743053	39	38.7	89369.9	1	2143	1.0296	1.0302	1858
642	634447	811	309833	324614	100	60	1.902	0.743053	39	38.7	89369.9	1	2143	1.03575	1.03589	1858
643	618671	735	309901	308770	100	60	1.92293	0.743053	39	38.7	89369.9	1	2143	1.0495	1.05321	1858
644	585684	653	297582	288102	100	60	1.91859	0.743053	39	38.7	89369.9	1	2143	1.05604	1.05684	1858
645	566673	608	291010	275662	100	60	1.97794	0.743053	39	38.7	89369.9	1	2143	1.05924	1.0562	1858
646	531104	545	269297	252028	100	60	2.01204	0.743053	39	38.7	89369.9	1	2143	1.06536	1.06458	1858
647	472488	458	237573	219238	100	60	2.0092	0.743053	39	38.7	89369.9	1	2143	1.07723	1.08389	1858
648	313211	398	113279	196748	100	60	2.04448	0.743053	39	38.7	89369.9	1	2143	1.04378	1.03291	1858
649	325613	359	136365	181824	100	60	2.03257	0.743053	39	38.7	89369.9	1	2143	1.06122	1.05042	1858
650	337826	337	158132	172723	100	60	2.06078	0.743053	39	38.7	89369.9	1	2143	1.07102	1.06006	1858
651	231542	299	77015.5	154526	100	60	2.03453	0.743053	39	38.7	89369.9	1	2143	1.07717	1.06397	1858
652	217624	263	77543.7	140080	100	60	0.0975947	0.743053	39	38.7	111612	1	2143	1.00147	0.997302	1858
653	421569	249	168515	253055	100	60	0.0844255	0.743053	39	38.7	111612	1	2143	1.00152	0.997124	1858
654	616568	229	252557	364011	100	60	0.0835479	0.743053	39	38.7	111612	1	2143	1.00157	0.998252	1858
655	636685	194	264016	372668	100	60	0.083491	0.743053	39	38.7	111612	1	2143	1.00112	0.999401	1858
656	591010	181	253959	337052	100	60	0.0923844	0.743053	39	38.7	111612	1	2143	1.00151	1.00093	1858
657	612902	2487	273722	339181	100	60	1.03389	0.743053	39	38.7	111612	1	2143	1.0021	1.00206	1858
658	711276	2208	323682	387594	100	60	1.15525	0.743053	39	38.7	111612	1	2143	1.00195	1.00208	1858
659	750556	1910	345597	404959	100	60	1.43105	0.743053	39	38.7	111612	1	2143	1.00258	1.00233	1858
660	582890	1664	178863	404028	100	60	1.55296	0.743053	37	38.7	111612	1	2143	1.10918	1.17739	1858
661	622126	1318	248825	372803	100	60	0.88198	0.743053	39	38.7	0	1	2143	1.0413	1.04165	1858
662	690705	1143	305749	384215	100	60	0.732033	0.743053	39	38.7	0	1	2143	1.02315	1.01833	1858
663	749499	962	347940	400776	100	60	0.664373	0.743053	39	38.7	0	1	2143	1.0144	1.00676	1858
664	810853	853	381984	428073	100	60	0.713313	0.743053	39	38.7	0	1	2143	1.01328	1.00552	1858
665	844205	787	400958	442534	100	60	0.787653	0.743053	39	38.7	0	1	2143	1.01566	1.00856	1858
666	833492	1570	399483	434009	100	60	1.45928	0.743053	39	38.7	0	1	2143	1.01691	1.00855	1858
667	834845	1541	404308	430537	100	60	1.59625	0.743053	39	38.7	0	1	2143	1.01907	1.01097	1858
668	810985	1412	397130	413855	100	60	1.71484	0.743053	39	38.7	0	1	2143	1.02486	1.01858	1858
669	777493	1175	385577	391917	100	60	1.73767	0.743053	39	38.7	0	1	2143	1.02773	1.0258	1858
670	648335	999	279739	368596	100	60	1.79319	0.743053	39	38.7	102046	1	2143	1.03249	1.02932	1858
671	654772	881	305497	349275	100	60	1.875	0.743053	39	38.7	102046	1	2143	1.03553	1.03211	1858
672	640668	783	313278	327390	100	60	1.92533	0.743053	39	38.7	102046	1	2143	1.04192	1.03213	1858
673	601782	682	302538	299244	100	60	1.94369	0.743053	39	38.7	102046	1	2143	1.05697	1.04277	1858
674	573644	614	293312	280332	100	60	1.99221	0.743053	39	38.7	102046	1	2143	1.0696	1.05401	1858
675	535719	556	276343	259376	100	60	2.02534	0.743053	39	38.7	102046	1	2143	1.07642	1.05216	1858
676	497795	495	253225	235234	100	60	2.02788	0.743053	39	38.7	102046	1	2143	1.09358	1.06225	1858
677	469314	447	236133	217900	100	60	2.06148	0.743053	39	38.7	102046	1	2143	1.09603	1.06278	1858
678	431510	396	218116	199225	100	60	2.06989	0.743053	39	38.7	102046	1	2143	1.08551	1.04835	1858
679	409235	366	207361	188259	100	60	2.08295	0.743053	39	38.7	102046	1	2143	1.07792	1.0442	1858
680	376438	329	191319	172819	100	60	2.06501	0.743053	39	38.7	102046	1	2143	1.06069	1.03385	1858
681	331272	293	173793	157479	100	60	2.08074	0.743053	39	38.7	102046	1	2143	1.06189	1.03484	1858
682	224711	252	85402.1	139309	100	60	0.0841665	0.743053	39	38.7	181655	1	2143	1.00097	0.993517	1858
683	467537	232	190279	277258	100	60	0.0715073	0.743053	39	38.7	181655	1	2143	1.0011	0.993416	1858
684	607292	208	248799	358493	100	60	0.0679849	0.743053	39	38.7	181655	1	2143	1.00106	0.995072	1858
685	449299	185	107850	341449	100	60	0.0739127	0.743053	39	38.7	181655	1	2143	1.00132	0.993422	1858
686	436491	168	136723	299768	100	60	0.0827133	0.743053	38	38.7	181655	1	2143	1.00143	0.992703	1858
687	563237	2597	214501	348736	100	60	1.02431	0.743053	38	38.7	181655	1	2143	1.00206	0.991461	1858
688	676322	2425	280424	395898	100	60	1.31296	0.743053	38	38.7	181655	1	2143	1.00296	0.991777	1858
689	711586	2033	308953	402633	100	60	1.47759	0.743053	38	38.7	181655	1	2143	1.00422	0.995331	1858
690	559402	1778	164567	394835	100	60	1.57485	0.743053	36	38.7	181655	1	2143	1.08154	1.1243	1858
691	627559	1461	244227	382540	100	60	0.726432	0.743053	39	38.7	0	1	2143	1.02363	1.01687	1858
692	702826	1211	301902	399764	100	60	0.583721	0.743053	39	38.7	0	1	2143	1.01406	1.00328	1858
693	781995	1027	351415	429272	100	60	0.545715	0.743053	39	38.7	0	1	2143	1.00907	0.996784	1858
694	831948	889	379300	451396	100	60	0.588691	0.743053	39	38.7	0	1	2143	1.00821	0.99579	1858
695	836479	817	387677	447745	100	60	0.648387	0.743053	39	38.7	0	1	2143	1.00961	0.998626	1858
696	815928	1683	384681	431247	100	60	1.31699	0.743053	39	38.7	0	1	2143	1.01167	1.0036	1858
697	814183	1621	388904	425280	100	60	1.49269	0.743053	39	38.7	0	1	2143	1.01201	1.00485	1858
698	796305	1477	385331	410974	100	60	1.70636	0.743053	39	38.7	0	1	2143	1.01737	1.00887	1858
699	790524	1244	387867	402657	100	60	1.75888	0.743053	39	38.7	0	1	2143	1.02674	1.01945	1858
700	664283	1045	284520	379763	100	60	1.83648	0.743053	39	38.7	100034	1	2143	1.03569	1.02992	1858
701	663481	912	308654	354827	100	60	1.91153	0.743053	39	38.7	100034	1	2143	1.03908	1.03204	1858
702	483661	797	153166	330495	100	60	1.96413	0.743053	39	38.7	100034	1	2143	1.04374	1.03797	1858
703	513200	717	204103	309097	100	60	2.0115	0.743053	39	38.7	100034	1	2143	1.0461	1.03803	1858
704	521028	642	237036	283992	100	60	2.0307	0.743053	39	38.7	100034	1	2143	1.05442	1.04574	1858
705	515068	584	251736	263332	100	60	2.06151	0.743053	39	38.7	100034	1	2143	1.05538	1.04333	1858
706	506685	536	250547	246869	100	60	2.05441	0.743053	39	38.7	100034	1	2143	1.07836	1.06616	1858
707	484879	480	240657	229286	100	60	2.0655	0.743053	39	38.7	100034	1	2143	1.08494	1.06947	1858
708	349066	448	122729	223423	100	60	2.12413	0.743053	39	38.7	100034	1	2143	1.07923	1.05656	1858
709	352828	393	146409	199113	100	60	2.11776	0.743053	39	38.7	100034	1	2143	1.07843	1.05913	1858
710	325039	324	151004	168000	100	60	2.16009	0.743053	39	38.7	100034	1	2143	1.06364	1.04702	1858
711	313984	301	156850	157134	100	60	2.17969	0.743053	39	38.7	100034	1	2143	1.05941	1.04422	1858
712	234346	269	92375.6	141971	100	60	0.106819	0.743053	39	38.7	165740	1	2143	1.00176	0.9983	1858
713	429521	252	179777	249745	100	60	0.0874337	0.743053	39	38.7	165740	1	2143	1.00171	0.998452	1858
714	627132	241	264632	362500	100	60	0.088275	0.743053	39	38.7	165740	1	2143	1.00192	0.998906	1858
715	658486	219	278829	379656	100	60	0.0926532	0.743053	39	38.7	165740	1	2143	1.00172	0.998717	1858
716	596160	193	259707	336453	100	60	0.0985294	0.743053	39	38.7	165740	1	2143	1.00194	0.999539	1858
717	634589	2405	286424	348165	100	60	1.01375	0.743053	39	38.7	165740	1	2143	1.00325	1.00146	1858
718	716346	2144	328791	387555	100	60	1.12746	0.743053	39	38.7	165740	1	2143	1.00357	1.00266	1858
719	782928	1870	363394	419534	100	60	1.35224	0.743053	39	38.7	165740	1	2143	1.00512	1.00389	1858
720	603506	1793	186428	417078	100	60	1.52962	0.743053	39	38.7	165740	1	2143	1.08955	1.14581	1858
721	656989	1462	260795	394702	100	60	0.925148	0.743053	39	38.7	0	1	2143	1.03774	1.03933	1858
722	718481	1237	314668	401610	100	60	0.76942	0.743053	39	38.7	0	1	2143	1.02021	1.01658	1858
723	777961	1046	358174	417233	100	60	0.704536	0.743053	39	38.7	0	1	2143	1.01362	1.00711	1858
724	814820	883	382487	429835	100	60	0.726344	0.743053	39	38.7	0	1	2143	1.01373	1.0041	1858
725	828735	782	392933	433585	100	60	0.782564	0.743053	39	38.7	0	1	2143	1.01522	1.00423	1858
726	845950	1535	406284	439666	100	60	1.43007	0.743053	39	38.7	0	1	2143	1.01934	1.00843	1858
727	605407	1439	186479	418928	100	60	1.56799	0.743053	39	38.7	0	1	2143	1.02364	1.01451	1858
728	639417	1362	245760	393657	100	60	1.75663	0.743053	39	38.7	0	1	2143	1.02428	1.01779	1858
729	671749	1149	294735	377014	100	60	1.77741	0.743053	39	38.7	0	1	2143	1.02768	1.02105	1858
730	637592	995	274160	363432	100	60	1.85563	0.743053	39	38.7	52950.3	1	2143	1.03191	1.02326	1858
731	665167	902	310748	354419	100	60	1.94931	0.743053	39	38.7	52950.3	1	2143	1.04087	1.02902	1858
732	473062	775	152190	320871	100	60	2.01374	0.743053	39	38.7	52950.3	1	2143	1.04726	1.03891	1858
733	490568	690	195258	295309	100	60	2.04582	0.743053	39	38.7	52950.3	1	2143	1.05772	1.04949	1858
734	489590	601	222508	267082	100	60	2.02746	0.743053	39	38.7	52950.3	1	2143	1.06541	1.06208	1858
735	488283	542	237602	250681	100	60	2.02104	0.743053	39	38.7	52950.3	1	2143	1.08278	1.07836	1858
736	460638	474	227345	225474	100	60	1.99504	0.743053	39	38.7	52950.3	1	2143	1.10476	1.09574	1858
737	316254	424	107755	206253	100	60	2.02276	0.743053	39	38.7	52950.3	1	2143	1.1116	1.09569	1858
738	336286	394	137475	192447	100	60	2.03581	0.743053	39	38.7	52950.3	1	2143	1.12683	1.10567	1858
739	344048	359	157915	178567	100	60	2.06758	0.743053	39	38.7	52950.3	1	2143	1.11828	1.0904	1858
740	344757	335	167638	170194	100	60	2.06239	0.743053	39	38.7	52950.3	1	2143	1.13372	1.11621	1858
741	329051	313	167439	161612	100	60	2.06678	0.743053	39	38.7	52950.3	1	2143	1.13565	1.12914	1858
742	261663	295	106300	155363	100	60	0.1061	0.743053	39	38.7	116578	1	2143	1.00285	1.00011	1858
743	460843	255	191336	269507	100	60	0.0843188	0.743053	39	38.7	116578	1	2143	1.00216	0.998895	1858
744	626953	229	262205	364747	100	60	0.0799924	0.743053	39	38.7	116578	1	2143	1.00205	0.999764	1858
745	614199	192	258749	355450	100	60	0.0799381	0.743053	39	38.7	116578	1	2143	1.00233	1.00025	1858
746	579128	179	252228	326901	100	60	0.0873113	0.743053	39	38.7	116578	1	2143	1.00271	1.0013	1858
747	465725	2513	120467	345259	100	60	1.00584	0.743053	39	38.7	116578	1	2143	1.00378	1.00222	1858
748	533274	2164	182790	350484	100	60	1.1518	0.743053	39	38.7	116578	1	2143	1.00483	1.00352	1858
749	635811	1974	252658	383153	100	60	1.41383	0.743053	39	38.7	116578	1	2143	1.00818	1.00685	1858
750	557360	1864	153619	403741	100	60	1.59442	0.743053	36	38.7	116578	1	2143	1.07454	1.1147	1858
751	550244	1498	165275	382993	100	60	0.815203	0.743053	39	38.7	0	1	2143	1.0263	1.02508	1858
752	627141	1227	244002	381337	100	60	0.639001	0.743053	39	38.7	0	1	2143	1.01464	1.01066	1858
753	722919	1013	312687	407679	100	60	0.578931	0.743053	39	38.7	0	1	2143	1.0116	1.00653	1858
754	807220	896	363891	440397	100	60	0.619768	0.743053	39	38.7	0	1	2143	1.01145	1.00661	1858
755	824641	817	381580	440636	100	60	0.704647	0.743053	39	38.7	0	1	2143	1.01352	1.00691	1858
756	804526	1592	380690	423836	100	60	1.33318	0.743053	39	38.7	0	1	2143	1.01601	1.00874	1858
757	789938	1473	380777	409162	100	60	1.45631	0.743053	39	38.7	0	1	2143	1.02152	1.01538	1858
758	803778	1463	393176	410602	100	60	1.68052	0.743053	39	38.7	0	1	2143	1.02749	1.01789	1858
759	785359	1222	389974	395385	100	60	1.71465	0.743053	39	38.7	0	1	2143	1.03007	1.02308	1858
760	669645	1028	304085	365560	100	60	1.76274	0.743053	39	38.7	76945.8	1	2143	1.03836	1.03036	1858
761	653383	881	314664	338719	100	60	1.82895	0.743053	39	38.7	76945.8	1	2143	1.05241	1.04452	1858
762	629119	768	314919	314200	100	60	1.86184	0.743053	39	38.7	76945.8	1	2143	1.06346	1.06029	1858
763	608462	699	310341	298121	100	60	1.87758	0.743053	39	38.7	76945.8	1	2143	1.08595	1.08213	1858
764	569919	619	294177	275741	100	60	1.90727	0.743053	39	38.7	76945.8	1	2143	1.11586	1.10552	1858
765	532902	561	278105	254797	100	60	1.93522	0.743053	39	38.7	76945.8	1	2143	1.11765	1.10631	1858
766	500462	505	258803	233687	100	60	1.94853	0.743053	39	38.7	76945.8	1	2143	1.12455	1.10442	1858
767	456633	443	234113	209668	100	60	1.95443	0.743053	39	38.7	76945.8	1	2143	1.14135	1.12442	1858
768	445669	414	229002	203950	100	60	1.97362	0.743053	39	38.7	76945.8	1	2143	1.14384	1.12219	1858
769	419454	379	215574	191730	100	60	2.00124	0.743053	39	38.7	76945.8	1	2143	1.14249	1.12603	1858
770	401568	355	207240	183072	100	60	2.0018	0.743053	39	38.7	76945.8	1	2143	1.13859	1.11404	1858
771	370688	334	197105	173583	100	60	2.00653	0.743053	39	38.7	76945.8	1	2143	1.14869	1.12226	1858
772	273578	308	113441	160137	100	60	0.0981513	0.743053	39	38.7	154055	1	2143	1.00238	1.00035	1858
773	394294	269	104947	289347	100	60	0.0825802	0.743053	39	38.7	154055	1	2143	1.00203	1.00028	1858
774	553016	261	182096	370920	100	60	0.075076	0.743053	39	38.7	154055	1	2143	1.00182	0.999901	1858
775	578732	234	210984	367748	100	60	0.080309	0.743053	39	38.7	154055	1	2143	1.00199	1.00083	1858
776	530560	187	211365	319195	100	60	0.0801956	0.743053	39	38.7	154055	1	2143	1.0017	1.00012	1858
777	608067	2512	262064	346003	100	60	0.976789	0.743053	39	38.7	154055	1	2143	1.0028	1.00115	1858
778	685492	2227	306507	378985	100	60	1.16612	0.743053	39	38.7	154055	1	2143	1.00374	1.0017	1858
779	731831	2037	334122	397709	100	60	1.44864	0.743053	39	38.7	154055	1	2143	1.00513	1.00321	1858
780	582361	1929	177304	405057	100	60	1.59584	0.743053	36	38.7	154055	1	2143	1.08111	1.13299	1858
781	519023	1586	124266	394219	100	60	0.775758	0.743053	39	38.7	0	1	2143	1.0256	1.02544	1858
782	601153	1316	204355	395146	100	60	0.570663	0.743053	39	38.7	0	1	2143	1.01365	1.01064	1858
783	724166	1097	291930	430213	100	60	0.511423	0.743053	39	38.7	0	1	2143	1.00904	1.00503	1858
784	796282	925	341918	451998	100	60	0.530421	0.743053	39	38.7	0	1	2143	1.00782	1.00361	1858
785	816300	850	363812	450389	100	60	0.598315	0.743053	39	38.7	0	1	2143	1.00965	1.00462	1858
786	780999	1764	359904	421094	100	60	1.25141	0.743053	39	38.7	0	1	2143	1.01306	1.00734	1858
787	783524	1665	370442	413082	100	60	1.41577	0.743053	39	38.7	0	1	2143	1.01535	1.01084	1858
788	764298	1532	366824	397474	100	60	1.64682	0.743053	39	38.7	0	1	2143	1.02213	1.01972	1858
789	758258	1281	369281	388977	100	60	1.75575	0.743053	39	38.7	0	1	2143	1.02506	1.02278	1858
790	641185	1052	282509	358676	100	60	1.84241	0.743053	39	38.7	78280	1	2143	1.02851	1.02679	1858
791	626872	885	294689	332184	100	60	1.93214	0.743053	39	38.7	78280	1	2143	1.03777	1.03759	1858
792	617706	781	302432	315274	100	60	1.96663	0.743053	39	38.7	78280	1	2143	1.04208	1.04376	1858
793	595878	701	298899	296979	100	60	2.01441	0.743053	39	38.7	78280	1	2143	1.04408	1.04735	1858
794	547520	607	278811	268709	100	60	2.05616	0.743053	39	38.7	78280	1	2143	1.05278	1.05307	1858
795	518672	549	266483	252189	100	60	2.06456	0.743053	39	38.7	78280	1	2143	1.05669	1.05495	1858
796	490344	492	249856	232314	100	60	2.10893	0.743053	39	38.7	78280	1	2143	1.07649	1.07582	1858
797	473726	456	238800	221044	100	60	2.15901	0.743053	39	38.7	78280	1	2143	1.07216	1.06652	1858
798	328366	418	116891	209168	100	60	2.17749	0.743053	39	38.7	78280	1	2143	1.07062	1.06553	1858
799	328052	367	136874	184954	100	60	2.12296	0.743053	39	38.7	78280	1	2143	1.06977	1.06319	1858
800	337871	342	156278	175888	100	60	2.12558	0.743053	39	38.7	78280	1	2143	1.08683	1.07988	1858
801	306700	301	151854	154845	100	60	2.09366	0.743053	39	38.7	78280	1	2143	1.1068	1.10473	1858
802	239842	274	94045.7	145796	100	60	0.104343	0.743053	39	38.7	141564	1	2143	1.00228	1.00114	1858
803	347574	246	90253.5	257321	100	60	0.0844767	0.743053	39	38.7	141564	1	2143	1.00197	1.00062	1858
804	542088	202	185712	356376	100	60	0.0682913	0.743053	39	38.7	141564	1	2143	1.00153	1.00021	1858
805	587889	169	219528	368361	100	60	0.0669361	0.743053	39	38.7	141564	1	2143	1.00138	1.00014	1858
806	547102	136	218339	328763	100	60	0.0664681	0.743053	39	38.7	141564	1	2143	1.00135	1.0005	1858
807	573040	2430	243859	329181	100	60	0.957803	0.743053	39	38.7	141564	1	2143	1.00214	1.00085	1858
808	653601	2148	289043	364557	100	60	1.08374	0.743053	39	38.7	141564	1	2143	1.00303	1.00216	1858
809	730391	2060	330324	400067	100	60	1.40023	0.743053	39	38.7	141564	1	2143	1.00391	1.00334	1858
810	558697	1762	168553	390143	100	60	1.52552	0.743053	33	38.7	141564	1	2143	1.08579	1.14432	1858
811	486482	1427	114923	370812	100	60	0.881072	0.743053	39	38.7	0	1	2143	1.03516	1.03841	1858
812	469019	1228	93723.9	374858	100	60	0.692496	0.743053	39	38.7	0	1	2143	1.02001	1.01808	1858
813	582018	1055	188904	391600	100	60	0.595965	0.743053	39	38.7	0	1	2143	1.01306	1.00945	1858
814	717466	925	281884	433951	100	60	0.63296	0.743053	39	38.7	0	1	2143	1.01342	1.00884	1858
815	779820	865	333384	445044	100	60	0.745905	0.743053	39	38.7	0	1	2143	1.01629	1.01001	1858
816	788946	1577	354795	434151	100	60	1.36188	0.743053	39	38.7	0	1	2143	1.01946	1.01122	1858
817	810882	1588	376968	433913	100	60	1.54655	0.743053	39	38.7	0	1	2143	1.02243	1.01525	1858
818	802401	1504	382745	419656	100	60	1.74204	0.743053	39	38.7	0	1	2143	1.024	1.01679	1858
819	582412	1222	182853	399559	100	60	1.77904	0.743053	39	38.7	0	1	2143	1.03122	1.02562	1858
820	610761	1065	232933	377828	100	60	1.85958	0.743053	39	38.7	10726.5	1	2143	1.03981	1.03033	1858
821	629494	931	275641	353854	100	60	1.93074	0.743053	39	38.7	10726.5	1	2143	1.04315	1.03796	1858
822	634883	832	300279	334604	100	60	1.96919	0.743053	39	38.7	10726.5	1	2143	1.05019	1.04982	1858
823	620852	748	305649	315204	100	60	2.01156	0.743053	39	38.7	10726.5	1	2143	1.06546	1.06065	1858
824	577678	660	292140	285537	100	60	2.05833	0.743053	39	38.7	10726.5	1	2143	1.06855	1.06	1858
825	533644	582	273700	259944	100	60	2.06139	0.743053	39	38.7	10726.5	1	2143	1.0858	1.08231	1858
826	515855	539	262703	245095	100	60	2.03847	0.743053	39	38.7	10726.5	1	2143	1.11205	1.10775	1858
827	463891	463	235260	215566	100	60	2.03745	0.743053	39	38.7	10726.5	1	2143	1.11824	1.10503	1858
828	454544	432	231181	210640	100	60	2.04014	0.743053	39	38.7	10726.5	1	2143	1.12418	1.10824	1858
829	441557	408	225800	203343	100	60	2.04939	0.743053	39	38.7	10726.5	1	2143	1.12471	1.10302	1858
830	415743	380	213891	190580	100	60	2.06955	0.743053	39	38.7	10726.5	1	2143	1.12113	1.09511	1858
831	284786	363	102510	182275	100	60	2.08549	0.743053	39	38.7	10726.5	1	2143	1.12707	1.10694	1858
832	273109	324	105064	168046	100	60	0.0986125	0.743053	39	38.7	32766.9	1	2143	1.00239	1.00067	1858
833	495574	283	200598	294976	100	60	0.0862466	0.743053	39	38.7	32766.9	1	2143	1.00225	1.00042	1858
834	620636	234	253953	366684	100	60	0.0762837	0.743053	39	38.7	32766.9	1	2143	1.00193	1.00051	1858
835	604284	207	252906	351378	100	60	0.0793158	0.743053	39	38.7	32766.9	1	2143	1.00204	0.999758	1858
836	569474	191	248418	321055	100	60	0.0871845	0.743053	39	38.7	32766.9	1	2143	1.00228	1.00028	1858
837	626431	2639	281575	344856	100	60	1.04904	0.743053	39	38.7	32766.9	1	2143	1.00286	1.0004	1858
838	704187	2255	319954	384233	100	60	1.15094	0.743053	39	38.7	32766.9	1	2143	1.00363	1.00169	1858
839	733791	2024	336762	397028	100	60	1.3835	0.743053	39	38.7	32766.9	1	2143	1.00548	1.00443	1858
840	568671	1890	173572	395099	100	60	1.55716	0.743053	37	38.7	32766.9	1	2143	1.08091	1.13687	1858
841	623065	1523	245796	375897	100	60	0.769686	0.743053	39	38.7	0	1	2143	1.02775	1.02764	1858
842	558591	1315	149989	407955	100	60	0.64256	0.743053	39	38.7	0	1	2143	1.01702	1.01455	1858
843	671975	1103	240693	429913	100	60	0.529315	0.743053	39	38.7	0	1	2143	1.01098	1.0073	1858
844	775045	964	313751	459672	100	60	0.561004	0.743053	39	38.7	0	1	2143	1.01008	1.00434	1858
845	784708	847	338511	444741	100	60	0.604487	0.743053	39	38.7	0	1	2143	1.0122	1.0054	1858
846	805376	1777	363592	441784	100	60	1.25124	0.743053	39	38.7	0	1	2143	1.01506	1.00712	1858
847	830906	1778	385724	445181	100	60	1.44381	0.743053	39	38.7	0	1	2143	1.01661	1.00935	1858
848	858062	1747	406660	451402	100	60	1.72197	0.743053	39	38.7	0	1	2143	1.0189	1.01327	1858
849	637141	1460	197666	439475	100	60	1.79013	0.743053	39	38.7	0	1	2143	1.02171	1.01725	1858
850	645769	1228	242143	403627	100	60	1.87393	0.743053	39	38.7	10740.8	1	2143	1.02377	1.02053	1858
851	674610	1063	290935	383674	100	60	1.95462	0.743053	39	38.7	10740.8	1	2143	1.03446	1.02936	1858
852	691908	957	322059	369849	100	60	2.01729	0.743053	39	38.7	10740.8	1	2143	1.0396	1.03358	1858
853	657377	824	318590	338787	100	60	2.04063	0.743053	39	38.7	10740.8	1	2143	1.04429	1.0378	1858
854	637274	744	317257	320018	100	60	2.07558	0.743053	39	38.7	10740.8	1	2143	1.06002	1.05277	1858
855	605031	670	306262	298769	100	60	2.11915	0.743053	39	38.7	10740.8	1	2143	1.06152	1.05113	1858
856	581986	615	292120	280096	100	60	2.13812	0.743053	39	38.7	10740.8	1	2143	1.07278	1.05565	1858
857	569133	574	284266	268253	100	60	2.13748	0.743053	39	38.7	10740.8	1	2143	1.08599	1.07368	1858
858	553957	544	277671	260014	100	60	2.16937	0.743053	39	38.7	10740.8	1	2143	1.07167	1.0632	1858
859	519067	499	261180	242557	100	60	2.21335	0.743053	39	38.7	10740.8	1	2143	1.06857	1.05955	1858
860	496574	464	251162	231144	100	60	2.22746	0.743053	39	38.7	10740.8	1	2143	1.07083	1.0643	1858
861	433896	409	226719	207177	100	60	2.22747	0.743053	39	38.7	10740.8	1	2143	1.08675	1.07089	1858
862	305891	359	120894	184998	100	60	0.118669	0.743053	39	38.7	106620	1	2143	1.00252	1.00184	1858
863	540044	344	225892	314152	100	60	0.106573	0.743053	39	38.7	106620	1	2143	1.00256	1.00203	1858
864	673548	325	282825	390723	100	60	0.105567	0.743053	39	38.7	106620	1	2143	1.00258	1.00241	1858
865	648856	289	278242	370614	100	60	0.112673	0.743053	39	38.7	106620	1	2143	1.00264	1.00269	1858
866	629923	265	277822	352101	100	60	0.119222	0.743053	39	38.7	106620	1	2143	1.00271	1.00389	1858
867	678540	2727	306653	371887	100	60	1.1023	0.743053	39	38.7	106620	1	2143	1.00407	1.00603	1858
868	726045	2419	331221	394824	100	60	1.26643	0.743053	39	38.7	106620	1	2143	1.0046	1.00763	1858
869	759196	2111	350358	408838	100	60	1.48636	0.743053	39	38.7	106620	1	2143	1.00643	1.00927	1858
870	592574	1874	181629	410945	100	60	1.62329	0.743053	39	38.7	106620	1	2143	1.09097	1.15541	1858
871	640992	1487	252912	386979	100	60	0.700699	0.743053	39	38.7	0	1	2143	1.0238	1.02474	1858
872	723915	1228	311135	411318	100	60	0.566526	0.743053	39	38.7	0	1	2143	1.01508	1.01365	1858
873	807522	1040	359745	446126	100	60	0.523799	0.743053	39	38.7	0	1	2143	1.01041	1.00699	1858
874	837733	887	378777	457380	100	60	0.554909	0.743053	39	38.7	0	1	2143	1.01049	1.00602	1858
875	813636	789	373954	438445	100	60	0.601096	0.743053	39	38.7	0	1	2143	1.01217	1.00925	1858
876	821964	1787	385474	436490	100	60	1.32297	0.743053	39	38.7	0	1	2143	1.01387	1.01274	1858
877	822126	1695	391134	430993	100	60	1.48536	0.743053	39	38.7	0	1	2143	1.01584	1.01538	1858
878	786904	1577	378637	408267	100	60	1.78573	0.743053	39	38.7	0	1	2143	1.01794	1.01729	1858
879	758040	1293	368769	389271	100	60	1.84158	0.743053	39	38.7	0	1	2143	1.02343	1.02426	1858
880	660222	1100	278159	382063	100	60	1.90206	0.743053	39	38.7	98419.5	1	2143	1.03046	1.03407	1858
881	665570	957	302446	363124	100	60	1.94831	0.743053	39	38.7	98419.5	1	2143	1.04052	1.04757	1858
882	658886	847	314190	344696	100	60	1.9815	0.743053	39	38.7	98419.5	1	2143	1.04959	1.05735	1858
883	624036	738	305895	318142	100	60	2.00389	0.743053	39	38.7	98419.5	1	2143	1.05308	1.05753	1858
884	591906	667	295905	296001	100	60	2.06295	0.743053	39	38.7	98419.5	1	2143	1.06072	1.06383	1858
885	554180	600	280024	274156	100	60	2.10006	0.743053	39	38.7	98419.5	1	2143	1.07482	1.07627	1858
886	510603	528	255207	246685	100	60	2.13972	0.743053	39	38.7	98419.5	1	2143	1.07614	1.07514	1858
887	484838	488	240453	230407	100	60	2.1844	0.743053	39	38.7	98419.5	1	2143	1.07533	1.07547	1858
888	469078	453	233530	221441	100	60	2.20912	0.743053	39	38.7	98419.5	1	2143	1.07231	1.07207	1858
889	433726	410	216444	204390	100	60	2.23937	0.743053	39	38.7	98419.5	1	2143	1.07026	1.06266	1858
890	280378	350	98424.7	179568	100	60	2.19564	0.743053	39	38.7	98419.5	1	2143	1.07357	1.06471	1858
891	268471	299	112148	156322	100	60	2.23419	0.743053	39	38.7	98419.5	1	2143	1.07869	1.07292	1858
892	233002	272	86836	146166	100	60	0.150174	0.743053	39	38.7	140536	1	2143	1.00274	1.00174	1858
893	372428	258	153745	218682	100	60	0.119237	0.743053	39	38.7	140536	1	2143	1.00227	1.00103	1858
894	590190	246	253875	336314	100	60	0.118653	0.743053	39	38.7	140536	1	2143	1.00236	1.00093	1858
895	690860	237	295557	395304	100	60	0.129242	0.743053	39	38.7	140536	1	2143	1.00368	1.00304	1858
896	646897	185	279824	367072	100	60	0.125851	0.743053	37	38.7	140536	1	2143	1.00401	1.0042	1858
897	646575	2156	288620	357955	100	60	0.984661	0.743053	37	38.7	140536	1	2143	1.0049	1.00685	1858
898	717672	2007	328384	389288	100	60	1.09159	0.743053	37	38.7	140536	1	2143	1.0054	1.00836	1858
899	770850	1742	359998	410852	100	60	1.30586	0.743053	37	38.7	140536	1	2143	1.0073	1.00977	1858
900	590928	1524	185882	405046	100	60	1.35741	0.743053	33	38.7	140536	1	2143	1.14253	1.2467	1858
901	620849	1219	251274	367312	100	60	1.00837	0.743053	39	38.7	0	1	2143	1.07998	1.09024	1858
902	666582	1038	299521	363822	100	60	0.880049	0.743053	39	38.7	0	1	2143	1.04843	1.04497	1858
903	724051	922	343454	376772	100	60	0.841021	0.743053	39	38.7	0	1	2143	1.03411	1.02632	1858
904	784430	831	380993	399693	100	60	0.899007	0.743053	39	38.7	0	1	2143	1.03143	1.0203	1858
905	804874	746	394458	407178	100	60	0.955643	0.743053	39	38.7	0	1	2143	1.03232	1.01849	1858
906	834502	1266	412077	422424	100	60	1.50422	0.743053	39	38.7	0	1	2143	1.03665	1.0192	1858
907	831253	1291	412405	418848	100	60	1.65376	0.743053	39	38.7	0	1	2143	1.04089	1.0264	1858
908	815684	1256	409198	406486	100	60	1.72628	0.743053	39	38.7	0	1	2143	1.04738	1.03069	1858
909	763537	1048	387889	375647	100	60	1.70811	0.743053	39	38.7	0	1	2143	1.04996	1.03981	1858
910	678918	932	312977	365941	100	60	1.72439	0.743053	39	38.7	78616.9	1	2143	1.06281	1.05349	1858
911	669790	817	326254	343536	100	60	1.75982	0.743053	39	38.7	78616.9	1	2143	1.07961	1.06974	1858
912	645468	726	326152	319315	100	60	1.79598	0.743053	39	38.7	78616.9	1	2143	1.09339	1.07972	1858
913	623270	662	321449	301821	100	60	1.81808	0.743053	39	38.7	78616.9	1	2143	1.11911	1.10185	1858
914	591353	595	308664	282689	100	60	1.8622	0.743053	39	38.7	78616.9	1	2143	1.11994	1.10274	1858
915	548988	538	289434	259554	100	60	1.8761	0.743053	39	38.7	78616.9	1	2143	1.12781	1.11069	1858
916	525614	500	274747	243281	100	60	1.86226	0.743053	39	38.7	78616.9	1	2143	1.1575	1.14639	1858
917	486430	442	251039	222724	100	60	1.90703	0.743053	39	38.7	78616.9	1	2143	1.15929	1.13817	1858
918	459889	405	237489	210165	100	60	1.94552	0.743053	39	38.7	78616.9	1	2143	1.16129	1.14249	1858
919	425602	362	221348	192718	100	60	1.92459	0.743053	39	38.7	78616.9	1	2143	1.15833	1.13584	1858
920	397414	331	207152	179598	100	60	1.89442	0.743053	39	38.7	78616.9	1	2143	1.15868	1.1118	1858
921	372362	320	199703	172659	100	60	1.89968	0.743053	39	38.7	78616.9	1	2143	1.18297	1.13158	1858
922	273957	288	116594	157363	100	60	0.090538	0.743053	39	38.7	154211	1	2143	1.00333	1.00212	1858
923	502405	259	212483	289921	100	60	0.0768136	0.743053	39	38.7	154211	1	2143	1.00305	1.0019	1858
924	632312	232	265748	366564	100	60	0.0722152	0.743053	39	38.7	154211	1	2143	1.0028	1.00203	1858
925	610873	218	262503	348371	100	60	0.0807248	0.743053	39	38.7	154211	1	2143	1.00318	1.00271	1858
926	571410	195	252585	318825	100	60	0.0875627	0.743053	39	38.7	154211	1	2143	1.00383	1.00421	1858
927	641157	2510	292353	348804	100	60	0.987071	0.743053	39	38.7	154211	1	2143	1.00629	1.00633	1858
928	724224	2347	334301	389923	100	60	1.19044	0.743053	39	38.7	154211	1	2143	1.00858	1.00951	1858
929	772010	2073	360256	411755	100	60	1.42619	0.743053	39	38.7	154211	1	2143	1.01242	1.01241	1858
930	591088	1866	184389	406698	100	60	1.5193	0.743053	36	38.7	154211	1	2143	1.09496	1.15339	1858
