Time	totMass	NInd	abovemass	belowmass	mean_ares	mean_bres	shannon	meanShannon	NPFT	meanNPFT	Cutted	NNonClonal	NClonal	mean_generation	mean_genet_size	NGenets
1	474.6	0	237.3	237.3	100	60	0	0.809181	39	38.8	0	1	2141	1	0.868739	1927
2	8721.15	0	3430.44	5290.71	100	60	0	0.809181	39	38.8	0	1	2141	1	0.866279	1927
3	40828.8	0	19003.3	21825.5	100	60	0	0.809181	39	38.8	0	1	2141	1	0.866273	1927
4	123269	0	57737.7	65531.6	100	60	0	0.809181	39	38.8	0	1	2141	1	0.867265	1927
5	277794	0	129924	147869	100	60	0	0.809181	39	38.8	0	1	2141	1	0.867482	1927
6	489738	559	229161	260577	100	60	2.38669	0.809181	39	38.8	0	1	2141	1.00407	0.871741	1927
7	710629	791	335131	375498	100	60	3.09526	0.809181	39	38.8	0	1	2141	1.01431	0.87905	1927
8	888535	874	424173	464362	100	60	3.31702	0.809181	39	38.8	0	1	2141	1.02778	0.892571	1927
9	1.02971e+006	836	497615	532095	100	60	3.18515	0.809181	39	38.8	0	1	2141	1.04668	0.915072	1927
10	1.11563e+006	786	544294	571332	100	60	3.03119	0.809181	39	38.8	0	1	2141	1.06519	0.934094	1927
11	1.18564e+006	750	583641	601995	100	60	2.95585	0.809181	39	38.8	0	1	2141	1.06989	0.957333	1927
12	1.25428e+006	730	622814	631466	100	60	2.924	0.809181	39	38.8	0	1	2141	1.08518	0.968363	1927
13	1.29215e+006	709	645304	646848	100	60	2.89432	0.809181	39	38.8	0	1	2141	1.10653	0.98862	1927
14	1.32651e+006	697	665296	661213	100	60	2.88368	0.809181	39	38.8	0	1	2141	1.12161	1	1927
15	1.34668e+006	688	677942	668734	100	60	2.886	0.809181	39	38.8	0	1	2141	1.14251	1.01475	1927
16	1.38228e+006	686	688005	674249	100	60	2.87973	0.809181	39	38.8	0	1	2141	1.17005	1.04641	1927
17	1.42372e+006	686	700095	684774	100	60	2.92359	0.809181	39	38.8	0	1	2141	1.18435	1.07089	1927
18	1.45403e+006	683	713202	696827	100	60	2.99167	0.809181	39	38.8	0	1	2141	1.18897	1.06697	1927
19	1.47901e+006	686	725813	708140	100	60	3.04595	0.809181	39	38.8	0	1	2141	1.19128	1.05846	1927
20	1.48468e+006	685	729154	711323	100	60	3.10639	0.809181	39	38.8	0	1	2141	1.18364	1.03599	1927
21	1.4488e+006	680	734343	714453	100	60	3.11754	0.809181	39	38.8	0	1	2141	1.19096	1.02556	1927
22	1.4586e+006	680	739806	718790	100	60	0.840444	0.809181	39	38.8	0	1	2141	1.03312	0.88763	1927
23	1.47424e+006	672	742652	731592	100	60	0.848357	0.809181	39	38.8	0	1	2141	1.03747	0.894352	1927
24	1.49362e+006	665	750442	743181	100	60	0.886518	0.809181	39	38.8	0	1	2141	1.0385	0.922773	1927
25	1.48359e+006	647	746028	737563	100	60	0.97917	0.809181	39	38.8	0	1	2141	1.04671	0.961319	1927
26	1.51001e+006	644	759033	750972	100	60	1.13089	0.809181	39	38.8	0	1	2141	1.06098	0.986265	1927
27	1.53387e+006	1399	769979	763892	100	60	2.48128	0.809181	39	38.8	0	1	2141	1.08268	1.00512	1927
28	1.55451e+006	1321	777933	776574	100	60	2.61513	0.809181	39	38.8	0	1	2141	1.10034	1.02327	1927
29	1.56596e+006	1218	782546	783411	100	60	2.61195	0.809181	39	38.8	0	1	2141	1.11249	1.03154	1927
30	1.19649e+006	1167	398297	798190	100	60	2.21201	0.809181	39	38.8	0	1	2141	1.3814	1.47779	1927
31	1.19322e+006	982	464726	728383	100	60	0.998853	0.809181	39	38.8	0	1	2141	1.1022	0.972404	1927
32	942606	859	242780	699658	100	60	0.838159	0.809181	39	38.8	0	1	2141	1.07353	0.93575	1927
33	963847	728	313720	649928	100	60	0.494695	0.809181	39	38.8	0	1	2141	1.03582	0.888019	1927
34	986398	651	363001	623206	100	60	0.582421	0.809181	39	38.8	0	1	2141	1.04175	0.906915	1927
35	969251	669	388968	580161	100	60	0.798171	0.809181	39	38.8	0	1	2141	1.0532	0.947122	1927
36	748095	788	195257	552838	100	60	1.18573	0.809181	39	38.8	0	1	2141	1.06706	0.969799	1927
37	808780	960	270166	538615	100	60	1.78278	0.809181	39	38.8	0	1	2141	1.08845	0.982597	1927
38	851163	1257	328958	522205	100	60	2.57914	0.809181	39	38.8	0	1	2141	1.10313	1.00505	1927
39	881888	1050	371029	510859	100	60	2.61853	0.809181	39	38.8	0	1	2141	1.11761	1.01407	1927
40	662043	878	175054	486990	100	60	2.57957	0.809181	39	38.8	239086	1	2141	1.11853	1.00963	1927
41	696260	755	231008	465252	100	60	2.63421	0.809181	39	38.8	239086	1	2141	1.13347	1.02241	1927
42	565678	651	132327	433351	100	60	2.68304	0.809181	39	38.8	239086	1	2141	1.15956	1.02585	1927
43	561157	563	181822	379336	100	60	2.72943	0.809181	39	38.8	239086	1	2141	1.1612	1.01484	1927
44	608650	523	236923	371726	100	60	2.82244	0.809181	39	38.8	239086	1	2141	1.16963	1.02196	1927
45	488812	468	130993	357819	100	60	2.9135	0.809181	39	38.8	239086	1	2141	1.18975	1.0316	1927
46	500366	420	172743	319975	100	60	3.01213	0.809181	39	38.8	239086	1	2141	1.19556	1.03266	1927
47	524281	387	207584	305695	100	60	2.98428	0.809181	39	38.8	239086	1	2141	1.2285	1.05738	1927
48	525902	353	224715	287293	100	60	3.02515	0.809181	39	38.8	239086	1	2141	1.24242	1.05672	1927
49	511196	318	228078	268871	100	60	3.06831	0.809181	39	38.8	239086	1	2141	1.23364	1.04698	1927
50	496738	296	229151	254637	100	60	3.10858	0.809181	39	38.8	239086	1	2141	1.21212	1.01449	1927
51	472414	269	228566	243848	100	60	3.07763	0.809181	39	38.8	239086	1	2141	1.22344	1.01594	1927
52	288480	232	62660.1	225820	100	60	0.138292	0.809181	39	38.8	412222	1	2141	1.00518	0.907845	1927
53	436517	212	139283	297234	100	60	0.0974327	0.809181	39	38.8	412222	1	2141	1.00402	0.907282	1927
54	617568	181	230748	386820	100	60	0.0887818	0.809181	39	38.8	412222	1	2141	1.00349	0.919924	1927
55	677138	172	263757	413381	100	60	0.0970636	0.809181	39	38.8	412222	1	2141	1.00365	0.933845	1927
56	661834	169	270773	391061	100	60	0.118551	0.809181	39	38.8	412222	1	2141	1.00469	0.952099	1927
57	698759	2333	300411	398347	100	60	1.3234	0.809181	39	38.8	412222	1	2141	1.00688	0.953842	1927
58	766657	2209	336929	429728	100	60	1.60551	0.809181	39	38.8	412222	1	2141	1.00844	0.956194	1927
59	805697	1842	358414	447283	100	60	1.847	0.809181	39	38.8	412222	1	2141	1.01108	0.957604	1927
60	643358	1683	187924	455434	100	60	2.00209	0.809181	39	38.8	412222	1	2141	1.10702	1.12978	1927
61	675847	1321	252929	422744	100	60	1.21911	0.809181	39	38.8	0	1	2141	1.04953	0.970527	1927
62	729377	1095	303328	425818	100	60	1.00271	0.809181	39	38.8	0	1	2141	1.03459	0.96146	1927
63	791398	908	347469	443652	100	60	0.895476	0.809181	39	38.8	0	1	2141	1.02555	0.946519	1927
64	658570	764	188160	470307	100	60	0.896924	0.809181	39	38.8	0	1	2141	1.02467	0.947103	1927
65	739381	723	262139	477158	100	60	0.997458	0.809181	39	38.8	0	1	2141	1.02932	0.956377	1927
66	788661	1295	314654	474007	100	60	1.8339	0.809181	39	38.8	0	1	2141	1.0353	0.962358	1927
67	821367	1349	350504	470863	100	60	2.12982	0.809181	39	38.8	0	1	2141	1.03836	0.974018	1927
68	857279	1322	382425	474854	100	60	2.38176	0.809181	39	38.8	0	1	2141	1.0444	0.974498	1927
69	857471	1089	394411	463060	100	60	2.36017	0.809181	39	38.8	0	1	2141	1.05329	0.979401	1927
70	670335	939	220795	449540	100	60	2.41534	0.809181	39	38.8	195807	1	2141	1.06368	0.993464	1927
71	541922	810	125918	416005	100	60	2.4556	0.809181	39	38.8	195807	1	2141	1.07273	1.00251	1927
72	578086	727	187423	390664	100	60	2.52424	0.809181	39	38.8	195807	1	2141	1.07814	1.00421	1927
73	594324	634	232961	361364	100	60	2.61477	0.809181	39	38.8	195807	1	2141	1.07731	1.00161	1927
74	594123	560	256771	337352	100	60	2.65975	0.809181	39	38.8	195807	1	2141	1.09361	1.01636	1927
75	586459	505	268979	317481	100	60	2.70656	0.809181	39	38.8	195807	1	2141	1.09677	1.02621	1927
76	557169	447	259589	288401	100	60	2.73195	0.809181	39	38.8	195807	1	2141	1.11753	1.05263	1927
77	545664	405	254929	274662	100	60	2.72271	0.809181	39	38.8	195807	1	2141	1.13801	1.07089	1927
78	536174	377	254496	265327	100	60	2.76218	0.809181	39	38.8	195807	1	2141	1.13466	1.06319	1927
79	493344	334	237375	241088	100	60	2.82638	0.809181	39	38.8	195807	1	2141	1.11932	1.03395	1927
80	448275	289	217216	218127	100	60	2.82013	0.809181	39	38.8	195807	1	2141	1.12211	1.02491	1927
81	404907	265	202277	202630	100	60	2.84212	0.809181	39	38.8	195807	1	2141	1.12	1.01984	1927
82	270358	252	69762.1	200596	100	60	0.118717	0.809181	39	38.8	334123	1	2141	1.00269	0.955873	1927
83	457038	230	161360	295678	100	60	0.0907138	0.809181	39	38.8	334123	1	2141	1.00221	0.956833	1927
84	636960	199	244200	392760	100	60	0.0833989	0.809181	39	38.8	334123	1	2141	1.0021	0.96119	1927
85	658790	171	259874	398916	100	60	0.0838861	0.809181	39	38.8	334123	1	2141	1.00235	0.97061	1927
86	639496	157	262790	376705	100	60	0.091512	0.809181	39	38.8	334123	1	2141	1.00243	0.977244	1927
87	661854	2526	284694	377160	100	60	1.23254	0.809181	39	38.8	334123	1	2141	1.00287	0.977656	1927
88	728729	2299	321605	407124	100	60	1.40991	0.809181	39	38.8	334123	1	2141	1.00358	0.977901	1927
89	597849	2022	162356	435492	100	60	1.7835	0.809181	39	38.8	334123	1	2141	1.00611	0.978355	1927
90	525442	1767	108900	416542	100	60	1.96786	0.809181	38	38.8	334123	1	2141	1.07974	1.09802	1927
91	579388	1391	186238	393035	100	60	0.956411	0.809181	39	38.8	0	1	2141	1.03046	0.988638	1927
92	675576	1183	256709	418739	100	60	0.784938	0.809181	39	38.8	0	1	2141	1.02013	0.97673	1927
93	754549	986	314590	439788	100	60	0.726478	0.809181	39	38.8	0	1	2141	1.01427	0.973222	1927
94	836533	841	361718	474660	100	60	0.761541	0.809181	39	38.8	0	1	2141	1.01503	0.977044	1927
95	874881	780	387634	487134	100	60	0.866361	0.809181	39	38.8	0	1	2141	1.01636	0.981988	1927
96	874371	1646	394037	480334	100	60	1.76871	0.809181	39	38.8	0	1	2141	1.01776	0.98308	1927
97	858952	1531	394294	464658	100	60	1.93677	0.809181	39	38.8	0	1	2141	1.01705	0.986494	1927
98	831872	1345	389184	442688	100	60	2.11546	0.809181	39	38.8	0	1	2141	1.01959	0.990226	1927
99	819545	1127	388180	431365	100	60	2.1374	0.809181	39	38.8	0	1	2141	1.02305	0.995516	1927
100	654303	977	230477	423826	100	60	2.26566	0.809181	39	38.8	171959	1	2141	1.03483	1.00622	1927
101	675631	862	270524	405107	100	60	2.33161	0.809181	39	38.8	171959	1	2141	1.03782	1.00587	1927
102	668127	747	291784	376344	100	60	2.39821	0.809181	39	38.8	171959	1	2141	1.04665	1.00677	1927
103	656163	661	302562	353602	100	60	2.44613	0.809181	39	38.8	171959	1	2141	1.0649	1.02439	1927
104	611221	561	290671	320549	100	60	2.48325	0.809181	39	38.8	171959	1	2141	1.081	1.04317	1927
105	576990	495	281093	295897	100	60	2.53058	0.809181	39	38.8	171959	1	2141	1.09326	1.04908	1927
106	431032	464	141169	287871	100	60	2.6105	0.809181	39	38.8	171959	1	2141	1.10039	1.05252	1927
107	434750	407	165805	260462	100	60	2.64135	0.809181	39	38.8	171959	1	2141	1.10738	1.05764	1927
108	457459	384	194965	251463	100	60	2.6772	0.809181	39	38.8	171959	1	2141	1.10758	1.07008	1927
109	472128	361	212470	245953	100	60	2.72806	0.809181	39	38.8	171959	1	2141	1.09333	1.05444	1927
110	467789	334	217962	237191	100	60	2.7598	0.809181	39	38.8	171959	1	2141	1.08721	1.04334	1927
111	441658	313	215139	226519	100	60	2.79781	0.809181	39	38.8	171959	1	2141	1.0828	1.0404	1927
112	304088	293	81301.6	222786	100	60	0.129618	0.809181	39	38.8	314224	1	2141	1.00217	0.976082	1927
113	498776	277	176445	322332	100	60	0.103986	0.809181	39	38.8	314224	1	2141	1.00178	0.973304	1927
114	675842	258	259216	416625	100	60	0.102958	0.809181	39	38.8	314224	1	2141	1.00195	0.97592	1927
115	550166	232	126356	423810	100	60	0.107767	0.809181	39	38.8	314224	1	2141	1.00236	0.977876	1927
116	544087	218	155521	388566	100	60	0.124551	0.809181	39	38.8	314224	1	2141	1.00273	0.978748	1927
117	607873	2573	213811	394062	100	60	1.27111	0.809181	39	38.8	314224	1	2141	1.00396	0.981544	1927
118	694209	2439	272377	421831	100	60	1.56845	0.809181	39	38.8	314224	1	2141	1.00555	0.983648	1927
119	748797	2109	310809	437988	100	60	1.85218	0.809181	39	38.8	314224	1	2141	1.00757	0.984031	1927
120	605960	1757	167192	438769	100	60	1.96843	0.809181	38	38.8	314224	1	2141	1.09016	1.12222	1927
121	656604	1418	239651	416741	100	60	0.994513	0.809181	39	38.8	0	1	2141	1.02922	1.00133	1927
122	555527	1140	138103	417307	100	60	0.765768	0.809181	39	38.8	0	1	2141	1.01758	0.987611	1927
123	663631	960	227474	435933	100	60	0.619309	0.809181	39	38.8	0	1	2141	1.01186	0.980823	1927
124	784677	840	306963	477486	100	60	0.662509	0.809181	39	38.8	0	1	2141	1.01234	0.983601	1927
125	827725	754	345059	482473	100	60	0.748892	0.809181	39	38.8	0	1	2141	1.01582	0.990758	1927
126	826725	1589	361492	465233	100	60	1.57955	0.809181	39	38.8	0	1	2141	1.01736	0.994362	1927
127	825586	1498	373174	452411	100	60	1.73105	0.809181	39	38.8	0	1	2141	1.0193	0.994994	1927
128	834542	1462	385443	449099	100	60	2.00164	0.809181	39	38.8	0	1	2141	1.02178	0.999307	1927
129	837329	1246	392547	444782	100	60	2.07196	0.809181	39	38.8	0	1	2141	1.02644	1.00407	1927
130	667933	1036	241972	425960	100	60	2.14054	0.809181	39	38.8	157353	1	2141	1.03902	1.01371	1927
131	690547	915	282145	408402	100	60	2.23261	0.809181	39	38.8	157353	1	2141	1.0412	1.01554	1927
132	699014	808	308399	390615	100	60	2.30375	0.809181	39	38.8	157353	1	2141	1.04434	1.01633	1927
133	677121	704	314403	362718	100	60	2.33719	0.809181	39	38.8	157353	1	2141	1.05333	1.0158	1927
134	645671	620	308344	337326	100	60	2.34081	0.809181	39	38.8	157353	1	2141	1.0671	1.02614	1927
135	622627	565	302663	319964	100	60	2.46687	0.809181	39	38.8	157353	1	2141	1.08488	1.04529	1927
136	576051	496	278285	287881	100	60	2.46768	0.809181	39	38.8	157353	1	2141	1.09222	1.04536	1927
137	547626	451	262339	268485	100	60	2.51929	0.809181	39	38.8	157353	1	2141	1.09833	1.05023	1927
138	521492	411	251943	253167	100	60	2.56645	0.809181	39	38.8	157353	1	2141	1.09929	1.04798	1927
139	488464	367	236882	236427	100	60	2.55492	0.809181	39	38.8	157353	1	2141	1.09399	1.03672	1927
140	467958	342	228589	225334	100	60	2.61928	0.809181	39	38.8	157353	1	2141	1.09538	1.03681	1927
141	313308	309	105402	207906	100	60	2.6282	0.809181	39	38.8	157353	1	2141	1.1	1.04096	1927
142	264421	277	74847.2	189574	100	60	0.102952	0.809181	39	38.8	218780	1	2141	1.00159	0.972463	1927
143	484491	257	175964	308526	100	60	0.090071	0.809181	39	38.8	218780	1	2141	1.00176	0.970943	1927
144	645777	207	249792	395986	100	60	0.0761781	0.809181	39	38.8	218780	1	2141	1.00186	0.971557	1927
145	642277	180	257257	385019	100	60	0.0790871	0.809181	39	38.8	218780	1	2141	1.00195	0.973959	1927
146	588283	154	245844	342438	100	60	0.0818622	0.809181	39	38.8	218780	1	2141	1.00216	0.975617	1927
147	626189	2650	273035	353154	100	60	1.19643	0.809181	39	38.8	218780	1	2141	1.00354	0.979266	1927
148	695812	2243	310142	385671	100	60	1.33824	0.809181	39	38.8	218780	1	2141	1.00454	0.979734	1927
149	744409	1945	335766	408642	100	60	1.63595	0.809181	39	38.8	218780	1	2141	1.00689	0.979313	1927
150	588876	1724	174680	414196	100	60	1.7895	0.809181	37	38.8	218780	1	2141	1.08911	1.12733	1927
151	650798	1372	250533	400045	100	60	0.885193	0.809181	39	38.8	0	1	2141	1.03145	1.00382	1927
152	740167	1168	312354	427523	100	60	0.727416	0.809181	39	38.8	0	1	2141	1.02018	0.989993	1927
153	810992	963	356717	453943	100	60	0.638673	0.809181	39	38.8	0	1	2141	1.01463	0.983886	1927
154	883690	835	393639	489729	100	60	0.681477	0.809181	39	38.8	0	1	2141	1.01563	0.982189	1927
155	885330	768	399963	485057	100	60	0.762882	0.809181	39	38.8	0	1	2141	1.01763	0.983481	1927
156	871236	1599	399871	471365	100	60	1.60495	0.809181	39	38.8	0	1	2141	1.02143	0.98569	1927
157	855121	1434	399016	456105	100	60	1.77736	0.809181	39	38.8	0	1	2141	1.02728	0.996394	1927
158	845103	1335	399671	445432	100	60	2.05485	0.809181	39	38.8	0	1	2141	1.03094	0.997722	1927
159	821454	1097	393266	428189	100	60	2.08286	0.809181	39	38.8	0	1	2141	1.03679	1.00648	1927
160	627085	918	221625	405460	100	60	2.1382	0.809181	39	38.8	175625	1	2141	1.04919	1.02109	1927
161	629702	797	255586	374116	100	60	2.22716	0.809181	39	38.8	175625	1	2141	1.0509	1.02177	1927
162	636504	711	280726	355777	100	60	2.26459	0.809181	39	38.8	175625	1	2141	1.0623	1.02734	1927
163	619613	626	288025	331588	100	60	2.31912	0.809181	39	38.8	175625	1	2141	1.07254	1.04085	1927
164	604633	565	289714	314919	100	60	2.37791	0.809181	39	38.8	175625	1	2141	1.09422	1.05797	1927
165	546534	487	266439	280096	100	60	2.46141	0.809181	39	38.8	175625	1	2141	1.09833	1.05732	1927
166	510675	428	247484	254324	100	60	2.46339	0.809181	39	38.8	175625	1	2141	1.11373	1.0878	1927
167	473850	370	228503	231058	100	60	2.48737	0.809181	39	38.8	175625	1	2141	1.13043	1.09632	1927
168	455478	340	220830	220364	100	60	2.51478	0.809181	39	38.8	175625	1	2141	1.12147	1.0743	1927
169	439042	314	213576	211537	100	60	2.52043	0.809181	39	38.8	175625	1	2141	1.12577	1.0604	1927
170	423013	297	207216	202867	100	60	2.56183	0.809181	39	38.8	175625	1	2141	1.11881	1.05	1927
171	388450	277	197059	191391	100	60	2.62059	0.809181	39	38.8	175625	1	2141	1.12132	1.05078	1927
172	242543	246	68021.7	174522	100	60	0.102492	0.809181	39	38.8	301833	1	2141	1.00191	0.96752	1927
173	458073	231	168556	289517	100	60	0.0825312	0.809181	39	38.8	301833	1	2141	1.00193	0.967887	1927
174	639982	216	251478	388504	100	60	0.0836033	0.809181	39	38.8	301833	1	2141	1.00193	0.967814	1927
175	678943	206	274818	404126	100	60	0.0928919	0.809181	39	38.8	301833	1	2141	1.00229	0.969176	1927
176	630618	204	265117	365501	100	60	0.11283	0.809181	39	38.8	301833	1	2141	1.00266	0.973446	1927
177	663595	2380	291172	372422	100	60	1.19168	0.809181	39	38.8	301833	1	2141	1.00361	0.971136	1927
178	717240	2199	319677	397563	100	60	1.36493	0.809181	39	38.8	301833	1	2141	1.00406	0.973148	1927
179	778292	1916	350170	428122	100	60	1.66688	0.809181	39	38.8	301833	1	2141	1.00736	0.97546	1927
180	603966	1750	178412	425554	100	60	1.86459	0.809181	37	38.8	301833	1	2141	1.08257	1.10481	1927
181	638699	1368	243040	395254	100	60	0.938191	0.809181	39	38.8	0	1	2141	1.02979	1.00038	1927
182	699755	1108	294316	404865	100	60	0.73796	0.809181	39	38.8	0	1	2141	1.01871	0.984948	1927
183	805927	963	356122	449139	100	60	0.682272	0.809181	39	38.8	0	1	2141	1.01385	0.979007	1927
184	857030	815	384663	471754	100	60	0.706444	0.809181	39	38.8	0	1	2141	1.0145	0.978238	1927
185	857955	710	389231	468263	100	60	0.737747	0.809181	39	38.8	0	1	2141	1.01605	0.97566	1927
186	850423	1624	390903	459520	100	60	1.62797	0.809181	39	38.8	0	1	2141	1.0161	0.973322	1927
187	833834	1498	388950	444884	100	60	1.76561	0.809181	39	38.8	0	1	2141	1.01815	0.978148	1927
188	835153	1411	394729	440424	100	60	1.9709	0.809181	39	38.8	0	1	2141	1.02268	0.982105	1927
189	809362	1159	388085	421276	100	60	2.00691	0.809181	39	38.8	0	1	2141	1.02727	0.982624	1927
190	628611	973	228891	399720	100	60	2.07835	0.809181	39	38.8	162622	1	2141	1.0289	0.981366	1927
191	646542	853	267632	378910	100	60	2.2152	0.809181	39	38.8	162622	1	2141	1.04697	1.00118	1927
192	492030	736	140167	351863	100	60	2.28796	0.809181	39	38.8	162622	1	2141	1.05456	1.00274	1927
193	521566	664	190029	331536	100	60	2.38541	0.809181	39	38.8	162622	1	2141	1.06767	1.01069	1927
194	535802	587	228604	307198	100	60	2.4559	0.809181	39	38.8	162622	1	2141	1.06973	1.01379	1927
195	417382	536	124946	292435	100	60	2.4973	0.809181	39	38.8	162622	1	2141	1.07346	1.02471	1927
196	363064	496	84965.4	276925	100	60	2.54075	0.809181	39	38.8	162622	1	2141	1.08598	1.03711	1927
197	384066	452	124557	252580	100	60	2.53177	0.809181	39	38.8	162622	1	2141	1.10811	1.06178	1927
198	410644	409	163831	238907	100	60	2.56379	0.809181	39	38.8	162622	1	2141	1.10588	1.04822	1927
199	417652	369	184511	221243	100	60	2.6036	0.809181	39	38.8	162622	1	2141	1.10372	1.03933	1927
200	426353	343	199490	215906	100	60	2.64314	0.809181	39	38.8	162622	1	2141	1.10725	1.04255	1927
201	396703	311	195157	201546	100	60	2.62527	0.809181	39	38.8	162622	1	2141	1.11974	1.04746	1927
202	270320	284	77939.7	192380	100	60	0.121004	0.809181	39	38.8	283643	1	2141	1.00263	0.975172	1927
203	380240	252	87195.7	293044	100	60	0.0915543	0.809181	39	38.8	283643	1	2141	1.00229	0.974724	1927
204	573803	227	180451	393352	100	60	0.0791507	0.809181	39	38.8	283643	1	2141	1.00205	0.973588	1927
205	608103	194	213659	394444	100	60	0.0804523	0.809181	39	38.8	283643	1	2141	1.00199	0.973183	1927
206	564753	163	215308	349446	100	60	0.0839826	0.809181	39	38.8	283643	1	2141	1.00249	0.972919	1927
207	613837	2318	254380	359457	100	60	1.06067	0.809181	39	38.8	283643	1	2141	1.00423	0.975837	1927
208	707312	2235	306883	400429	100	60	1.30299	0.809181	39	38.8	283643	1	2141	1.00594	0.977066	1927
209	773541	2048	343355	430185	100	60	1.6677	0.809181	39	38.8	283643	1	2141	1.00846	0.977106	1927
210	626697	1808	183500	443197	100	60	1.8267	0.809181	36	38.8	283643	1	2141	1.0852	1.10982	1927
211	670010	1434	253871	415624	100	60	1.02753	0.809181	39	38.8	0	1	2141	1.03582	1.01641	1927
212	733002	1184	307777	424510	100	60	0.833615	0.809181	39	38.8	0	1	2141	1.02047	0.997837	1927
213	795498	988	351913	442778	100	60	0.756849	0.809181	39	38.8	0	1	2141	1.01454	0.98855	1927
214	652766	837	188590	463849	100	60	0.776454	0.809181	39	38.8	0	1	2141	1.01465	0.986673	1927
215	726589	753	260690	465617	100	60	0.841554	0.809181	39	38.8	0	1	2141	1.01751	0.985075	1927
216	761031	1458	309532	451499	100	60	1.59782	0.809181	39	38.8	0	1	2141	1.02102	0.987151	1927
217	593458	1440	160676	432782	100	60	1.81354	0.809181	39	38.8	0	1	2141	1.02033	0.991622	1927
218	626548	1338	220679	405868	100	60	2.01111	0.809181	39	38.8	0	1	2141	1.02642	0.995461	1927
219	657327	1097	268974	388352	100	60	2.03097	0.809181	39	38.8	0	1	2141	1.02975	1.00093	1927
220	606373	948	225466	380907	100	60	2.15515	0.809181	39	38.8	88012	1	2141	1.03849	1.00645	1927
221	605083	790	255364	349719	100	60	2.24492	0.809181	39	38.8	88012	1	2141	1.05086	1.02073	1927
222	470321	698	138035	332285	100	60	2.30934	0.809181	39	38.8	88012	1	2141	1.05963	1.03084	1927
223	487079	620	180745	306335	100	60	2.38551	0.809181	39	38.8	88012	1	2141	1.0725	1.03974	1927
224	387008	543	106804	280204	100	60	2.39179	0.809181	39	38.8	88012	1	2141	1.10194	1.08015	1927
225	400107	484	144732	255375	100	60	2.42444	0.809181	39	38.8	88012	1	2141	1.10242	1.07627	1927
226	424411	447	178431	238598	100	60	2.45117	0.809181	39	38.8	88012	1	2141	1.1095	1.08028	1927
227	335519	415	102586	230716	100	60	2.49218	0.809181	39	38.8	88012	1	2141	1.09932	1.06436	1927
228	349764	370	131996	211259	100	60	2.47497	0.809181	39	38.8	88012	1	2141	1.11538	1.08451	1927
229	276589	337	78952.6	196098	100	60	2.52744	0.809181	39	38.8	88012	1	2141	1.10888	1.07837	1927
230	291861	309	108024	182393	100	60	2.52903	0.809181	39	38.8	88012	1	2141	1.1246	1.09966	1927
231	315960	297	137844	178115	100	60	2.52428	0.809181	39	38.8	88012	1	2141	1.15203	1.13043	1927
232	241164	262	80154.1	161010	100	60	0.275325	0.809181	39	38.8	162365	1	2141	1.00768	1.00532	1927
233	300286	231	118203	182083	100	60	0.190475	0.809181	39	38.8	162365	1	2141	1.0056	1.0028	1927
234	443853	201	195846	248006	100	60	0.16385	0.809181	39	38.8	162365	1	2141	1.00511	1.00257	1927
235	474937	162	138515	336422	100	60	0.145243	0.809181	39	38.8	162365	1	2141	1.00439	1.0017	1927
236	594553	141	210813	383740	100	60	0.14925	0.809181	39	38.8	162365	1	2141	1.00455	1.00187	1927
237	657796	2090	258930	398867	100	60	1.25267	0.809181	39	38.8	162365	1	2141	1.00485	1.00137	1927
238	711972	2051	301774	410198	100	60	1.39654	0.809181	39	38.8	162365	1	2141	1.00571	1.00273	1927
239	749314	1762	337563	411751	100	60	1.43983	0.809181	39	38.8	162365	1	2141	1.00641	1.00357	1927
240	613406	1635	187701	425704	100	60	1.40626	0.809181	36	38.8	162365	1	2141	1.15091	1.27423	1927
241	643521	1302	257528	384172	100	60	1.27325	0.809181	39	38.8	0	1	2141	1.11298	1.14378	1927
242	701708	1123	315967	383233	100	60	1.25383	0.809181	39	38.8	0	1	2141	1.07667	1.07992	1927
243	725713	974	348217	374468	100	60	1.27022	0.809181	39	38.8	0	1	2141	1.04292	1.02952	1927
244	760088	868	377585	379458	100	60	1.31799	0.809181	39	38.8	0	1	2141	1.03894	1.01896	1927
245	771010	795	390097	378155	100	60	1.40275	0.809181	39	38.8	0	1	2141	1.03938	1.01674	1927
246	767836	950	392254	375582	100	60	1.8287	0.809181	39	38.8	0	1	2141	1.04449	1.02029	1927
247	777119	989	399085	378034	100	60	2.03615	0.809181	39	38.8	0	1	2141	1.04904	1.026	1927
248	761423	941	394329	367094	100	60	2.08112	0.809181	39	38.8	0	1	2141	1.06335	1.04741	1927
249	758771	854	396062	362709	100	60	2.0956	0.809181	39	38.8	0	1	2141	1.05268	1.03428	1927
250	605670	759	261178	344492	100	60	2.06162	0.809181	39	38.8	134361	1	2141	1.07039	1.05578	1927
251	597793	676	279991	317802	100	60	2.08742	0.809181	39	38.8	134361	1	2141	1.06853	1.05075	1927
252	583987	614	290458	293530	100	60	2.08193	0.809181	39	38.8	134361	1	2141	1.08671	1.07414	1927
253	562489	563	289082	273406	100	60	2.09619	0.809181	39	38.8	134361	1	2141	1.09486	1.07776	1927
254	555992	528	291537	264455	100	60	2.08677	0.809181	39	38.8	134361	1	2141	1.12391	1.10597	1927
255	506255	471	268302	237953	100	60	2.09521	0.809181	39	38.8	134361	1	2141	1.14085	1.11714	1927
256	494917	449	259313	227583	100	60	2.10182	0.809181	39	38.8	134361	1	2141	1.15983	1.13532	1927
257	424694	369	220418	191969	100	60	2.11448	0.809181	39	38.8	134361	1	2141	1.15885	1.125	1927
258	413806	346	215726	185810	100	60	2.13929	0.809181	39	38.8	134361	1	2141	1.12983	1.0858	1927
259	386085	316	201974	172579	100	60	2.14134	0.809181	39	38.8	134361	1	2141	1.14985	1.11765	1927
260	341684	278	179996	151814	100	60	2.17312	0.809181	39	38.8	134361	1	2141	1.13781	1.11321	1927
261	292618	238	159185	133432	100	60	2.16482	0.809181	39	38.8	134361	1	2141	1.15226	1.12444	1927
262	195909	221	65669.8	130239	100	60	0.0764515	0.809181	39	38.8	147556	1	2141	1.00221	0.995771	1927
263	441800	206	172062	269738	100	60	0.0650051	0.809181	39	38.8	147556	1	2141	1.00198	0.995584	1927
264	470235	196	113491	356744	100	60	0.0650595	0.809181	39	38.8	147556	1	2141	1.00195	0.996899	1927
265	477481	185	141820	335661	100	60	0.0655131	0.809181	39	38.8	147556	1	2141	1.002	0.997167	1927
266	477617	153	168361	309257	100	60	0.0681615	0.809181	39	38.8	147556	1	2141	1.00235	0.996234	1927
267	435744	2442	98225.6	337519	100	60	0.927964	0.809181	39	38.8	147556	1	2141	1.00365	0.998457	1927
268	420651	2290	74505	346146	100	60	1.18152	0.809181	39	38.8	147556	1	2141	1.0045	1	1927
269	395828	2036	63266.7	332561	100	60	1.38456	0.809181	39	38.8	147556	1	2141	1.00547	1.00072	1927
270	397341	2239	66699.8	330641	100	60	1.76039	0.809181	37	38.8	147556	1	2141	1.02655	1.03581	1927
271	386930	1799	68146.9	318298	100	60	0.787596	0.809181	39	38.8	0	1	2141	1.0072	1.00194	1927
272	488407	1499	147412	339335	100	60	0.612045	0.809181	39	38.8	0	1	2141	1.0046	0.998483	1927
273	636328	1224	243374	391109	100	60	0.555658	0.809181	39	38.8	0	1	2141	1.00259	0.995274	1927
274	740077	1025	307080	430286	100	60	0.594982	0.809181	39	38.8	0	1	2141	1.00269	0.996254	1927
275	763460	855	334304	426901	100	60	0.639705	0.809181	39	38.8	0	1	2141	1.00352	0.997761	1927
276	780374	1816	358385	421989	100	60	1.30882	0.809181	39	38.8	0	1	2141	1.00363	0.998117	1927
277	802935	1675	381368	421567	100	60	1.45807	0.809181	39	38.8	0	1	2141	1.00593	1.00207	1927
278	807907	1544	392925	414983	100	60	1.66778	0.809181	39	38.8	0	1	2141	1.00867	1.00649	1927
279	780374	1252	387358	393016	100	60	1.72445	0.809181	39	38.8	0	1	2141	1.01316	1.01119	1927
280	691523	1081	310228	381295	100	60	1.84096	0.809181	39	38.8	87509.2	1	2141	1.01686	1.01481	1927
281	679581	937	323095	356485	100	60	1.92566	0.809181	39	38.8	87509.2	1	2141	1.03021	1.02991	1927
282	671785	836	333141	338645	100	60	1.97058	0.809181	39	38.8	87509.2	1	2141	1.03604	1.03349	1927
283	647765	743	330059	317707	100	60	2.00973	0.809181	39	38.8	87509.2	1	2141	1.04242	1.04313	1927
284	615021	661	318392	296630	100	60	2.0618	0.809181	39	38.8	87509.2	1	2141	1.04944	1.04704	1927
285	583616	597	305537	278079	100	60	2.09612	0.809181	39	38.8	87509.2	1	2141	1.0695	1.07083	1927
286	554430	544	288171	257794	100	60	2.12937	0.809181	39	38.8	87509.2	1	2141	1.09539	1.09701	1927
287	525297	501	270398	240500	100	60	2.12302	0.809181	39	38.8	87509.2	1	2141	1.11949	1.11741	1927
288	500856	459	258433	228474	100	60	2.12199	0.809181	39	38.8	87509.2	1	2141	1.1209	1.11607	1927
289	478579	426	247487	217894	100	60	2.14305	0.809181	39	38.8	87509.2	1	2141	1.12135	1.11836	1927
290	441746	388	229488	200382	100	60	2.14893	0.809181	39	38.8	87509.2	1	2141	1.11386	1.0992	1927
291	392821	349	210230	182591	100	60	2.14287	0.809181	39	38.8	87509.2	1	2141	1.11765	1.0961	1927
292	269416	298	109870	159546	100	60	0.0976417	0.809181	39	38.8	175860	1	2141	1.00251	0.995954	1927
293	500617	271	206643	293974	100	60	0.082758	0.809181	39	38.8	175860	1	2141	1.0024	0.994685	1927
294	644918	255	269889	375029	100	60	0.0811609	0.809181	39	38.8	175860	1	2141	1.00236	0.994688	1927
295	616744	228	264321	352424	100	60	0.0884444	0.809181	39	38.8	175860	1	2141	1.0028	0.994676	1927
296	573440	204	254854	318587	100	60	0.0928325	0.809181	39	38.8	175860	1	2141	1.00313	0.997692	1927
297	639877	2516	293559	346318	100	60	1.06769	0.809181	39	38.8	175860	1	2141	1.00491	1.00022	1927
298	716506	2258	332179	384327	100	60	1.2624	0.809181	39	38.8	175860	1	2141	1.00536	1.00031	1927
299	742188	1964	348226	393962	100	60	1.52078	0.809181	39	38.8	175860	1	2141	1.00731	1.00215	1927
300	571218	1769	179038	392180	100	60	1.64601	0.809181	36	38.8	175860	1	2141	1.08789	1.13791	1927
301	618953	1424	248555	368804	100	60	0.709074	0.809181	39	38.8	0	1	2141	1.02357	1.01818	1927
302	699550	1185	305590	391723	100	60	0.568166	0.809181	39	38.8	0	1	2141	1.01263	1.00503	1927
303	788220	1000	359125	426644	100	60	0.51625	0.809181	39	38.8	0	1	2141	1.00817	1.00012	1927
304	851194	873	393580	455343	100	60	0.549418	0.809181	39	38.8	0	1	2141	1.00859	0.999018	1927
305	841712	786	396027	443746	100	60	0.611838	0.809181	39	38.8	0	1	2141	1.01002	0.999746	1927
306	797916	1740	382836	415080	100	60	1.34448	0.809181	39	38.8	0	1	2141	1.01259	1.00039	1927
307	809253	1675	393286	415967	100	60	1.48983	0.809181	39	38.8	0	1	2141	1.01394	1.00512	1927
308	806693	1582	396005	410688	100	60	1.74117	0.809181	39	38.8	0	1	2141	1.01633	1.00698	1927
309	810244	1342	402492	407752	100	60	1.80928	0.809181	39	38.8	0	1	2141	1.02137	1.01047	1927
310	701893	1158	306242	395650	100	60	1.90956	0.809181	39	38.8	103215	1	2141	1.02509	1.01301	1927
311	708940	1020	330386	378554	100	60	1.99052	0.809181	39	38.8	103215	1	2141	1.03109	1.02069	1927
312	691653	895	336602	355050	100	60	2.0455	0.809181	39	38.8	103215	1	2141	1.04307	1.03596	1927
313	667610	797	335097	332513	100	60	2.10404	0.809181	39	38.8	103215	1	2141	1.04757	1.03011	1927
314	626549	702	320147	306402	100	60	2.13574	0.809181	39	38.8	103215	1	2141	1.05674	1.04298	1927
315	592675	631	306541	286134	100	60	2.179	0.809181	39	38.8	103215	1	2141	1.06259	1.04444	1927
316	562059	571	289187	264446	100	60	2.18495	0.809181	39	38.8	103215	1	2141	1.07585	1.058	1927
317	519200	507	265520	239375	100	60	2.21342	0.809181	39	38.8	103215	1	2141	1.08514	1.05964	1927
318	483452	444	248107	221526	100	60	2.21286	0.809181	39	38.8	103215	1	2141	1.07787	1.04955	1927
319	441763	393	227156	201846	100	60	2.2418	0.809181	39	38.8	103215	1	2141	1.0684	1.04113	1927
320	283637	338	105051	176421	100	60	2.23435	0.809181	39	38.8	103215	1	2141	1.07303	1.04834	1927
321	304011	324	130840	173171	100	60	2.21821	0.809181	39	38.8	103215	1	2141	1.0944	1.07256	1927
322	263793	305	99942.9	163850	100	60	0.156458	0.809181	39	38.8	155791	1	2141	1.00325	1.00146	1927
323	402718	284	164911	237807	100	60	0.123743	0.809181	39	38.8	155791	1	2141	1.00285	1.00139	1927
324	619373	264	266182	353191	100	60	0.118549	0.809181	39	38.8	155791	1	2141	1.00263	1.00109	1927
325	550306	249	143087	407219	100	60	0.126546	0.809181	39	38.8	155791	1	2141	1.00294	1.00201	1927
326	545344	214	173748	371596	100	60	0.131566	0.809181	39	38.8	155791	1	2141	1.00309	1.00205	1927
327	565946	2214	212735	353211	100	60	0.914623	0.809181	38	38.8	155791	1	2141	1.0033	1.00318	1927
328	661132	2034	277879	383252	100	60	1.0428	0.809181	38	38.8	155791	1	2141	1.00451	1.00552	1927
329	741838	1836	330620	411218	100	60	1.21811	0.809181	38	38.8	155791	1	2141	1.00609	1.00758	1927
330	586444	1656	177694	408749	100	60	1.33745	0.809181	34	38.8	155791	1	2141	1.12092	1.2	1927
331	624006	1319	247789	373258	100	60	0.945628	0.809181	39	38.8	0	1	2141	1.05661	1.06341	1927
332	679456	1118	303790	371758	100	60	0.821496	0.809181	39	38.8	0	1	2141	1.03094	1.02918	1927
333	721830	942	342479	374420	100	60	0.76791	0.809181	39	38.8	0	1	2141	1.01875	1.01419	1927
334	801557	836	390283	406692	100	60	0.795008	0.809181	39	38.8	0	1	2141	1.01852	1.01161	1927
335	841963	755	413508	424595	100	60	0.840227	0.809181	39	38.8	0	1	2141	1.02075	1.01054	1927
336	847993	1382	421240	426753	100	60	1.37811	0.809181	39	38.8	0	1	2141	1.02236	1.01081	1927
337	838917	1397	419295	419623	100	60	1.53649	0.809181	39	38.8	0	1	2141	1.02592	1.01485	1927
338	831956	1305	420935	411021	100	60	1.62244	0.809181	39	38.8	0	1	2141	1.03228	1.02317	1927
339	799627	1102	409592	390035	100	60	1.61818	0.809181	39	38.8	0	1	2141	1.03673	1.03108	1927
340	681096	932	319356	361740	100	60	1.64072	0.809181	39	38.8	78948.1	1	2141	1.05231	1.05286	1927
341	640454	785	316061	324393	100	60	1.67264	0.809181	39	38.8	78948.1	1	2141	1.06853	1.07436	1927
342	637209	722	324490	312719	100	60	1.6952	0.809181	39	38.8	78948.1	1	2141	1.10164	1.11345	1927
343	597511	640	309479	288032	100	60	1.75508	0.809181	39	38.8	78948.1	1	2141	1.11082	1.11672	1927
344	580133	595	304546	275588	100	60	1.8073	0.809181	39	38.8	78948.1	1	2141	1.12628	1.12479	1927
345	382135	521	137605	244530	100	60	1.84673	0.809181	39	38.8	78948.1	1	2141	1.13677	1.12402	1927
346	390695	467	164439	221469	100	60	1.83547	0.809181	39	38.8	78948.1	1	2141	1.17008	1.14381	1927
347	403632	434	188335	207484	100	60	1.81801	0.809181	39	38.8	78948.1	1	2141	1.18243	1.1699	1927
348	416929	414	205217	202160	100	60	1.81547	0.809181	39	38.8	78948.1	1	2141	1.19471	1.17347	1927
349	391681	367	199197	183498	100	60	1.80901	0.809181	39	38.8	78948.1	1	2141	1.20492	1.18023	1927
350	359180	320	185986	165419	100	60	1.8193	0.809181	39	38.8	78948.1	1	2141	1.20561	1.18456	1927
351	324050	283	173865	150184	100	60	1.8284	0.809181	39	38.8	78948.1	1	2141	1.20863	1.1711	1927
352	256750	264	112274	144476	100	60	0.0846198	0.809181	39	38.8	139166	1	2141	1.003	0.996845	1927
353	459798	212	192598	267201	100	60	0.0649485	0.809181	39	38.8	139166	1	2141	1.00256	0.995946	1927
354	605348	190	251851	353498	100	60	0.0608396	0.809181	38	38.8	139166	1	2141	1.00275	0.998479	1927
355	582284	169	247581	334703	100	60	0.0663864	0.809181	38	38.8	139166	1	2141	1.00323	1.00066	1927
356	547940	148	241273	306667	100	60	0.0703657	0.809181	38	38.8	139166	1	2141	1.00391	1.00291	1927
357	621283	2375	282711	338572	100	60	0.954596	0.809181	38	38.8	139166	1	2141	1.00586	1.00529	1927
358	521461	2062	143883	377578	100	60	1.09052	0.809181	38	38.8	139166	1	2141	1.00776	1.00865	1927
359	569155	1828	203343	365812	100	60	1.31399	0.809181	38	38.8	139166	1	2141	1.01042	1.01023	1927
360	447306	1812	62690.1	384616	100	60	1.53255	0.809181	37	38.8	139166	1	2141	1.0746	1.12444	1927
361	466440	1454	123914	340738	100	60	0.621802	0.809181	39	38.8	0	1	2141	1.02004	1.01515	1927
362	570614	1204	206550	362179	100	60	0.512309	0.809181	39	38.8	0	1	2141	1.01292	1.00646	1927
363	555531	1017	144580	410582	100	60	0.485701	0.809181	39	38.8	0	1	2141	1.00951	1.00254	1927
364	648813	818	227353	419791	100	60	0.485174	0.809181	39	38.8	0	1	2141	1.0088	1.00047	1927
365	682224	688	275842	405095	100	60	0.516619	0.809181	39	38.8	0	1	2141	1.00953	1.00072	1927
366	713485	1838	313699	399786	100	60	1.22976	0.809181	39	38.8	0	1	2141	1.01193	1.00371	1927
367	729401	1648	338136	391266	100	60	1.34186	0.809181	39	38.8	0	1	2141	1.0136	1.00678	1927
368	743775	1492	356963	386812	100	60	1.56271	0.809181	39	38.8	0	1	2141	1.01682	1.01346	1927
369	725393	1186	357343	368049	100	60	1.63534	0.809181	39	38.8	0	1	2141	1.01816	1.01695	1927
370	673273	1030	308897	364376	100	60	1.6987	0.809181	39	38.8	63577.4	1	2141	1.02934	1.0332	1927
371	646357	854	313113	333244	100	60	1.7927	0.809181	39	38.8	63577.4	1	2141	1.04478	1.05183	1927
372	457436	731	150449	306987	100	60	1.84451	0.809181	39	38.8	63577.4	1	2141	1.06095	1.06593	1927
373	475341	657	191947	283394	100	60	1.90728	0.809181	39	38.8	63577.4	1	2141	1.0716	1.07504	1927
374	451773	547	209537	242236	100	60	1.92996	0.809181	39	38.8	63577.4	1	2141	1.08729	1.09276	1927
375	440301	480	219922	220379	100	60	1.94719	0.809181	39	38.8	63577.4	1	2141	1.10383	1.10526	1927
376	437337	450	222387	208195	100	60	1.98443	0.809181	39	38.8	63577.4	1	2141	1.11741	1.11591	1927
377	414083	404	212144	191021	100	60	1.98459	0.809181	39	38.8	63577.4	1	2141	1.14151	1.13706	1927
378	383449	355	198170	174940	100	60	1.9662	0.809181	39	38.8	63577.4	1	2141	1.14324	1.14162	1927
379	360867	322	187706	163235	100	60	1.94299	0.809181	39	38.8	63577.4	1	2141	1.14076	1.12579	1927
380	252611	306	92581.9	158502	100	60	1.98383	0.809181	39	38.8	63577.4	1	2141	1.13333	1.1322	1927
381	246377	265	107526	138851	100	60	1.98244	0.809181	39	38.8	63577.4	1	2141	1.1391	1.13834	1927
382	216710	239	90233	126477	100	60	0.147459	0.809181	39	38.8	94040.4	1	2141	1.00428	1.00268	1927
383	323036	209	139625	183411	100	60	0.10718	0.809181	39	38.8	94040.4	1	2141	1.00266	1.00116	1927
384	527943	185	235322	292621	100	60	0.0977194	0.809181	39	38.8	94040.4	1	2141	1.00311	1.00187	1927
385	667488	161	291640	375848	100	60	0.0964523	0.809181	39	38.8	94040.4	1	2141	1.00274	1.00222	1927
386	689778	155	303425	386353	100	60	0.111003	0.809181	39	38.8	94040.4	1	2141	1.00324	1.00371	1927
387	674813	2245	303843	370969	100	60	0.877724	0.809181	38	38.8	94040.4	1	2141	1.00415	1.0062	1927
388	726341	1949	336295	390046	100	60	0.925901	0.809181	38	38.8	94040.4	1	2141	1.00493	1.00779	1927
389	564728	1650	165815	398913	100	60	1.05888	0.809181	38	38.8	94040.4	1	2141	1.00835	1.01185	1927
390	467835	1421	108197	359638	100	60	1.09647	0.809181	35	38.8	94040.4	1	2141	1.13151	1.2477	1927
391	525162	1201	185744	336252	100	60	0.868054	0.809181	39	38.8	0	1	2141	1.07821	1.08967	1927
392	594053	1026	251550	338827	100	60	0.784719	0.809181	39	38.8	0	1	2141	1.04587	1.03922	1927
393	654638	886	302937	346228	100	60	0.746542	0.809181	39	38.8	0	1	2141	1.03374	1.02222	1927
394	745847	807	359239	381239	100	60	0.787547	0.809181	39	38.8	0	1	2141	1.03216	1.01636	1927
395	596438	761	193128	402664	100	60	0.854837	0.809181	39	38.8	0	1	2141	1.03641	1.01674	1927
396	650031	1196	259998	390033	100	60	1.28456	0.809181	39	38.8	0	1	2141	1.03772	1.01518	1927
397	546932	1248	155715	391218	100	60	1.45364	0.809181	39	38.8	0	1	2141	1.04052	1.02178	1927
398	577940	1166	218735	359205	100	60	1.55369	0.809181	39	38.8	0	1	2141	1.04648	1.02691	1927
399	631329	1008	280331	350998	100	60	1.55747	0.809181	39	38.8	0	1	2141	1.0596	1.04121	1927
400	657118	916	303730	353388	100	60	1.56677	0.809181	39	38.8	25721.4	1	2141	1.07779	1.06409	1927
401	654521	807	322949	331573	100	60	1.58604	0.809181	39	38.8	25721.4	1	2141	1.0935	1.07895	1927
402	642321	724	327446	314875	100	60	1.61236	0.809181	39	38.8	25721.4	1	2141	1.10735	1.09371	1927
403	601258	644	312155	289103	100	60	1.65089	0.809181	39	38.8	25721.4	1	2141	1.11523	1.0981	1927
404	596665	609	314086	282579	100	60	1.62539	0.809181	39	38.8	25721.4	1	2141	1.14831	1.13378	1927
405	564447	556	298588	265859	100	60	1.63685	0.809181	39	38.8	25721.4	1	2141	1.16045	1.14418	1927
406	543350	512	284959	251287	100	60	1.65149	0.809181	39	38.8	25721.4	1	2141	1.18165	1.15863	1927
407	519225	477	270281	236235	100	60	1.60275	0.809181	39	38.8	25721.4	1	2141	1.21176	1.17965	1927
408	487085	434	254615	220726	100	60	1.59946	0.809181	39	38.8	25721.4	1	2141	1.19438	1.16429	1927
409	460007	400	241303	207880	100	60	1.62393	0.809181	39	38.8	25721.4	1	2141	1.20673	1.17016	1927
410	425442	359	223961	191808	100	60	1.63046	0.809181	39	38.8	25721.4	1	2141	1.20386	1.1756	1927
411	384095	327	207865	176230	100	60	1.59665	0.809181	39	38.8	25721.4	1	2141	1.21739	1.21812	1927
412	304463	304	136199	168264	100	60	0.100936	0.809181	39	38.8	91634.6	1	2141	1.00427	0.998095	1927
413	507001	289	220874	286127	100	60	0.0878914	0.809181	39	38.8	91634.6	1	2141	1.00397	0.998144	1927
414	654958	263	280644	374314	100	60	0.0844103	0.809181	39	38.8	91634.6	1	2141	1.00405	0.999756	1927
415	635672	225	276052	359620	100	60	0.0848727	0.809181	39	38.8	91634.6	1	2141	1.00432	1.00131	1927
416	592152	201	265121	327031	100	60	0.0919202	0.809181	39	38.8	91634.6	1	2141	1.0048	1.00379	1927
417	647258	2331	297232	350027	100	60	0.898776	0.809181	39	38.8	91634.6	1	2141	1.00714	1.00765	1927
418	718162	2098	331935	386227	100	60	1.02207	0.809181	39	38.8	91634.6	1	2141	1.00873	1.0104	1927
419	769710	1868	360058	409652	100	60	1.21274	0.809181	39	38.8	91634.6	1	2141	1.01089	1.01249	1927
420	605543	1790	189684	415859	100	60	1.38799	0.809181	35	38.8	91634.6	1	2141	1.08715	1.15194	1927
421	511927	1434	123943	387599	100	60	0.760878	0.809181	39	38.8	0	1	2141	1.03085	1.02494	1927
422	579234	1167	197627	380185	100	60	0.551472	0.809181	39	38.8	0	1	2141	1.01562	1.00688	1927
423	692063	982	281980	408199	100	60	0.500996	0.809181	39	38.8	0	1	2141	1.01016	1.00172	1927
424	582152	810	160001	422047	100	60	0.520366	0.809181	39	38.8	0	1	2141	1.00975	1.00304	1927
425	643066	719	229563	413424	100	60	0.569581	0.809181	39	38.8	0	1	2141	1.01213	1.00769	1927
426	691964	1525	286867	405097	100	60	1.12522	0.809181	39	38.8	0	1	2141	1.01531	1.0119	1927
427	739805	1599	332438	407367	100	60	1.35381	0.809181	39	38.8	0	1	2141	1.01765	1.02086	1927
428	765213	1504	359760	405453	100	60	1.54049	0.809181	39	38.8	0	1	2141	1.02457	1.02697	1927
429	786565	1263	381888	404676	100	60	1.56969	0.809181	39	38.8	0	1	2141	1.03247	1.03701	1927
430	734112	1095	336987	397125	100	60	1.64062	0.809181	39	38.8	62025.6	1	2141	1.04219	1.04453	1927
431	715349	937	346542	368807	100	60	1.70354	0.809181	39	38.8	62025.6	1	2141	1.05395	1.0532	1927
432	695062	825	347518	347543	100	60	1.73183	0.809181	39	38.8	62025.6	1	2141	1.06346	1.06675	1927
433	681063	754	347947	333116	100	60	1.76087	0.809181	39	38.8	62025.6	1	2141	1.08351	1.08367	1927
434	486762	692	170219	316543	100	60	1.78464	0.809181	39	38.8	62025.6	1	2141	1.09167	1.09118	1927
435	496442	621	206412	290030	100	60	1.85466	0.809181	39	38.8	62025.6	1	2141	1.08815	1.0719	1927
436	483905	545	222164	253904	100	60	1.89654	0.809181	39	38.8	62025.6	1	2141	1.09045	1.05959	1927
437	481006	494	232501	234967	100	60	1.91152	0.809181	39	38.8	62025.6	1	2141	1.10943	1.08025	1927
438	474498	455	238684	221947	100	60	1.87673	0.809181	39	38.8	62025.6	1	2141	1.11452	1.08501	1927
439	460970	423	236458	211081	100	60	1.86599	0.809181	39	38.8	62025.6	1	2141	1.10643	1.07229	1927
440	425200	375	220397	192924	100	60	1.87778	0.809181	39	38.8	62025.6	1	2141	1.10831	1.07084	1927
441	393140	349	210812	182327	100	60	1.88773	0.809181	39	38.8	62025.6	1	2141	1.09809	1.05882	1927
442	281285	299	120351	160934	100	60	0.100252	0.809181	39	38.8	137831	1	2141	1.00257	0.996713	1927
443	505002	283	215425	289578	100	60	0.0866225	0.809181	39	38.8	137831	1	2141	1.00224	0.99698	1927
444	640165	241	269019	371146	100	60	0.0787234	0.809181	39	38.8	137831	1	2141	1.00203	0.996947	1927
445	623913	223	268812	355101	100	60	0.0875641	0.809181	39	38.8	137831	1	2141	1.00255	0.998612	1927
446	596859	209	267223	329635	100	60	0.0987377	0.809181	39	38.8	137831	1	2141	1.00298	1.00031	1927
447	651879	2290	300119	351760	100	60	0.914038	0.809181	39	38.8	137831	1	2141	1.00502	1.00165	1927
448	737497	2117	342051	395445	100	60	1.08505	0.809181	39	38.8	137831	1	2141	1.00612	1.00164	1927
449	756644	1832	353481	403163	100	60	1.28729	0.809181	39	38.8	137831	1	2141	1.00837	1.00271	1927
450	585207	1680	182882	402325	100	60	1.43635	0.809181	37	38.8	137831	1	2141	1.10356	1.16258	1927
451	628447	1343	252273	375805	100	60	0.675666	0.809181	39	38.8	0	1	2141	1.02812	1.02404	1927
452	695743	1111	306009	389151	100	60	0.54271	0.809181	39	38.8	0	1	2141	1.01511	1.00896	1927
453	593550	917	174238	419216	100	60	0.476073	0.809181	39	38.8	0	1	2141	1.00792	1.0021	1927
454	683363	790	251164	431913	100	60	0.50044	0.809181	39	38.8	0	1	2141	1.00709	1.00105	1927
455	743221	711	309040	433923	100	60	0.533557	0.809181	39	38.8	0	1	2141	1.00931	1.00403	1927
456	763014	1649	340254	422760	100	60	1.11324	0.809181	39	38.8	0	1	2141	1.01105	1.00557	1927
457	778942	1541	363921	415021	100	60	1.21421	0.809181	39	38.8	0	1	2141	1.01391	1.00916	1927
458	770550	1520	369370	401180	100	60	1.41979	0.809181	39	38.8	0	1	2141	1.01482	1.01056	1927
459	777415	1256	380929	396486	100	60	1.46782	0.809181	39	38.8	0	1	2141	1.02074	1.01756	1927
460	685521	1056	305606	379915	100	60	1.50367	0.809181	39	38.8	83181.4	1	2141	1.03071	1.03226	1927
461	676997	894	321749	355248	100	60	1.60752	0.809181	39	38.8	83181.4	1	2141	1.03583	1.03471	1927
462	644279	763	321036	323243	100	60	1.66444	0.809181	39	38.8	83181.4	1	2141	1.04288	1.04331	1927
463	606996	657	311985	295012	100	60	1.72154	0.809181	39	38.8	83181.4	1	2141	1.05327	1.05183	1927
464	547688	551	287016	260671	100	60	1.74773	0.809181	39	38.8	83181.4	1	2141	1.06316	1.06534	1927
465	523166	502	277178	245988	100	60	1.77135	0.809181	39	38.8	83181.4	1	2141	1.08117	1.08367	1927
466	485863	441	254551	222252	100	60	1.78581	0.809181	39	38.8	83181.4	1	2141	1.08032	1.07937	1927
467	470995	407	243715	211616	100	60	1.80491	0.809181	39	38.8	83181.4	1	2141	1.07285	1.07389	1927
468	442145	368	229172	198039	100	60	1.85348	0.809181	39	38.8	83181.4	1	2141	1.0597	1.05769	1927
469	297416	332	111442	183184	100	60	1.85805	0.809181	39	38.8	83181.4	1	2141	1.05	1.03951	1927
470	311235	306	135796	172916	100	60	1.84224	0.809181	39	38.8	83181.4	1	2141	1.06383	1.06291	1927
471	278039	247	134647	143392	100	60	1.81886	0.809181	39	38.8	83181.4	1	2141	1.09579	1.08642	1927
472	210886	217	81147.9	129738	100	60	0.137488	0.809181	39	38.8	144006	1	2141	1.00289	1.00167	1927
473	325030	204	138320	186710	100	60	0.106091	0.809181	39	38.8	144006	1	2141	1.00278	1.00122	1927
474	534415	187	238812	295603	100	60	0.0990028	0.809181	39	38.8	144006	1	2141	1.00252	1.00114	1927
475	521540	167	144186	377354	100	60	0.100292	0.809181	39	38.8	144006	1	2141	1.00247	1.0012	1927
476	555232	150	185972	369260	100	60	0.109404	0.809181	38	38.8	144006	1	2141	1.0023	1.00171	1927
477	603960	2216	232100	371860	100	60	0.932112	0.809181	38	38.8	144006	1	2141	1.0026	1.00323	1927
478	675129	2025	286547	388583	100	60	1.01744	0.809181	38	38.8	144006	1	2141	1.00284	1.00344	1927
479	752047	1790	337461	414586	100	60	1.17822	0.809181	38	38.8	144006	1	2141	1.00487	1.00599	1927
480	601519	1612	183568	417951	100	60	1.2111	0.809181	37	38.8	144006	1	2141	1.12443	1.22153	1927
481	655685	1339	262413	391715	100	60	0.991524	0.809181	39	38.8	0	1	2141	1.07364	1.08633	1927
482	663041	1076	298560	362305	100	60	0.891583	0.809181	39	38.8	0	1	2141	1.03895	1.03339	1927
483	729044	964	350742	375638	100	60	0.87749	0.809181	39	38.8	0	1	2141	1.02246	1.01355	1927
484	768747	857	380828	385294	100	60	0.929859	0.809181	39	38.8	0	1	2141	1.02166	1.01126	1927
485	785766	756	395123	388447	100	60	0.98127	0.809181	39	38.8	0	1	2141	1.02726	1.01531	1927
486	792072	1086	400826	391246	100	60	1.38489	0.809181	39	38.8	0	1	2141	1.02836	1.01443	1927
487	792370	1099	403388	388982	100	60	1.52819	0.809181	39	38.8	0	1	2141	1.03172	1.01871	1927
488	783921	1108	402450	381471	100	60	1.63526	0.809181	39	38.8	0	1	2141	1.03933	1.02634	1927
489	749838	935	390123	359715	100	60	1.59768	0.809181	39	38.8	0	1	2141	1.04184	1.03118	1927
490	635688	821	293100	342588	100	60	1.58309	0.809181	39	38.8	97938	1	2141	1.04647	1.03799	1927
491	619640	716	305919	313722	100	60	1.60905	0.809181	39	38.8	97938	1	2141	1.05188	1.04073	1927
492	610974	651	315579	295394	100	60	1.64936	0.809181	39	38.8	97938	1	2141	1.06591	1.04931	1927
493	434761	596	154567	280194	100	60	1.67544	0.809181	39	38.8	97938	1	2141	1.08714	1.07432	1927
494	341221	522	90293.4	250927	100	60	1.72043	0.809181	39	38.8	97938	1	2141	1.09661	1.08704	1927
495	356830	463	131300	225530	100	60	1.74018	0.809181	39	38.8	97938	1	2141	1.10959	1.08913	1927
496	392599	437	170858	214759	100	60	1.76443	0.809181	39	38.8	97938	1	2141	1.11181	1.09259	1927
497	414129	408	197458	205510	100	60	1.77365	0.809181	39	38.8	97938	1	2141	1.13364	1.1067	1927
498	418812	383	209108	196583	100	60	1.82203	0.809181	39	38.8	97938	1	2141	1.13333	1.10541	1927
499	382531	331	195477	175305	100	60	1.81673	0.809181	39	38.8	97938	1	2141	1.1411	1.11672	1927
500	359375	294	186906	161834	100	60	1.79566	0.809181	39	38.8	97938	1	2141	1.13149	1.09929	1927
501	320441	265	172934	147507	100	60	1.79316	0.809181	39	38.8	97938	1	2141	1.13846	1.11111	1927
502	224439	225	93911.1	130527	100	60	0.0716388	0.809181	39	38.8	167498	1	2141	1.00172	0.995244	1927
503	479417	218	200026	279391	100	60	0.0636296	0.809181	39	38.8	167498	1	2141	1.00191	0.995369	1927
504	614790	193	255921	358870	100	60	0.060001	0.809181	39	38.8	167498	1	2141	1.00173	0.996971	1927
505	582035	162	248339	333696	100	60	0.0601356	0.809181	39	38.8	167498	1	2141	1.00175	0.9981	1927
506	553120	149	245392	307728	100	60	0.0654134	0.809181	39	38.8	167498	1	2141	1.00146	0.998266	1927
507	613159	2277	280516	332643	100	60	0.816533	0.809181	39	38.8	167498	1	2141	1.00301	1.0011	1927
508	705207	2127	326321	378886	100	60	0.975716	0.809181	39	38.8	167498	1	2141	1.00434	1.00414	1927
509	736107	1799	345199	390908	100	60	1.15256	0.809181	39	38.8	167498	1	2141	1.00582	1.00461	1927
510	563415	1658	176981	386434	100	60	1.30499	0.809181	36	38.8	167498	1	2141	1.08411	1.15012	1927
511	601540	1307	243325	356293	100	60	0.613027	0.809181	39	38.8	0	1	2141	1.02356	1.01846	1927
512	687172	1091	304300	380364	100	60	0.483907	0.809181	39	38.8	0	1	2141	1.01305	1.00617	1927
513	782809	915	360459	419185	100	60	0.432466	0.809181	39	38.8	0	1	2141	1.00749	0.999375	1927
514	836428	772	388364	445039	100	60	0.45303	0.809181	39	38.8	0	1	2141	1.00717	0.999663	1927
515	821983	690	387738	431598	100	60	0.491577	0.809181	39	38.8	0	1	2141	1.01002	1.00516	1927
516	790037	1569	380930	409108	100	60	1.03223	0.809181	39	38.8	0	1	2141	1.01358	1.01007	1927
517	785074	1506	385124	399950	100	60	1.15714	0.809181	39	38.8	0	1	2141	1.0163	1.01617	1927
518	760933	1385	378242	382691	100	60	1.32457	0.809181	39	38.8	0	1	2141	1.01933	1.02322	1927
519	757707	1180	380527	377180	100	60	1.37577	0.809181	39	38.8	0	1	2141	1.02357	1.03066	1927
520	689584	1023	320688	368897	100	60	1.46172	0.809181	39	38.8	66033	1	2141	1.03953	1.04809	1927
521	650874	841	319606	331268	100	60	1.51674	0.809181	39	38.8	66033	1	2141	1.05177	1.05476	1927
522	630471	737	321798	308673	100	60	1.54647	0.809181	39	38.8	66033	1	2141	1.05493	1.0625	1927
523	590631	633	308018	282613	100	60	1.59134	0.809181	39	38.8	66033	1	2141	1.067	1.06793	1927
524	554549	563	293292	261257	100	60	1.61155	0.809181	39	38.8	66033	1	2141	1.08297	1.08007	1927
525	511228	496	272062	239166	100	60	1.64289	0.809181	39	38.8	66033	1	2141	1.10381	1.09736	1927
526	491160	457	258258	224954	100	60	1.64749	0.809181	39	38.8	66033	1	2141	1.14032	1.14477	1927
527	462731	418	240681	208570	100	60	1.65723	0.809181	39	38.8	66033	1	2141	1.13717	1.13415	1927
528	452384	396	235619	203215	100	60	1.68394	0.809181	39	38.8	66033	1	2141	1.13869	1.13351	1927
529	409988	352	214075	183748	100	60	1.68837	0.809181	39	38.8	66033	1	2141	1.13187	1.13353	1927
530	385635	325	201811	172628	100	60	1.69231	0.809181	39	38.8	66033	1	2141	1.13134	1.1254	1927
531	350209	304	189136	161072	100	60	1.6887	0.809181	39	38.8	66033	1	2141	1.13871	1.14336	1927
532	267216	278	116938	150279	100	60	0.0852929	0.809181	38	38.8	132371	1	2141	1.00314	0.999493	1927
533	498800	253	212771	286029	100	60	0.0738939	0.809181	38	38.8	132371	1	2141	1.00319	0.999718	1927
534	637679	235	269056	368623	100	60	0.070686	0.809181	38	38.8	132371	1	2141	1.00288	0.999315	1927
535	603635	207	260254	343381	100	60	0.0779275	0.809181	38	38.8	132371	1	2141	1.00311	0.999309	1927
536	571440	191	255137	316303	100	60	0.0847515	0.809181	37	38.8	132371	1	2141	1.00322	1.00104	1927
537	625017	2287	286646	338371	100	60	0.883503	0.809181	37	38.8	132371	1	2141	1.00521	1.00349	1927
538	704379	2037	326532	377847	100	60	1.02562	0.809181	37	38.8	132371	1	2141	1.00812	1.00709	1927
539	748639	1817	350920	397719	100	60	1.23774	0.809181	37	38.8	132371	1	2141	1.01174	1.01036	1927
540	565134	1615	177294	387840	100	60	1.3548	0.809181	33	38.8	132371	1	2141	1.0966	1.15466	1927
541	593542	1267	239481	352150	100	60	0.578363	0.809181	39	38.8	0	1	2141	1.02347	1.0186	1927
542	673422	1048	296957	373900	100	60	0.45404	0.809181	39	38.8	0	1	2141	1.01304	1.00697	1927
543	589985	885	174330	415203	100	60	0.408792	0.809181	39	38.8	0	1	2141	1.00798	1.00093	1927
544	687582	778	251236	434865	100	60	0.444128	0.809181	39	38.8	0	1	2141	1.00743	0.998873	1927
545	743349	718	307059	434957	100	60	0.489075	0.809181	39	38.8	0	1	2141	1.0089	1.0017	1927
546	753581	1790	335922	417659	100	60	1.08023	0.809181	39	38.8	0	1	2141	1.01081	1.00404	1927
547	580779	1698	167294	413486	100	60	1.19184	0.809181	39	38.8	0	1	2141	1.01169	1.00702	1927
548	494832	1561	106457	388375	100	60	1.38977	0.809181	39	38.8	0	1	2141	1.01285	1.0058	1927
549	552993	1334	179597	373396	100	60	1.47686	0.809181	39	38.8	0	1	2141	1.01525	1.00906	1927
550	609717	1143	245431	364285	100	60	1.55857	0.809181	39	38.8	3398.94	1	2141	1.02566	1.02205	1927
551	665110	1029	300629	364482	100	60	1.63827	0.809181	39	38.8	3398.94	1	2141	1.04419	1.04207	1927
552	664306	892	319924	344381	100	60	1.679	0.809181	39	38.8	3398.94	1	2141	1.05425	1.04972	1927
553	655372	795	327261	328111	100	60	1.68679	0.809181	39	38.8	3398.94	1	2141	1.06722	1.06989	1927
554	611154	689	312349	298805	100	60	1.70361	0.809181	39	38.8	3398.94	1	2141	1.08293	1.07906	1927
555	563074	601	290951	272123	100	60	1.71683	0.809181	39	38.8	3398.94	1	2141	1.10155	1.09396	1927
556	503852	514	258732	237390	100	60	1.71925	0.809181	39	38.8	3398.94	1	2141	1.10833	1.09823	1927
557	506002	490	257290	234208	100	60	1.75593	0.809181	39	38.8	3398.94	1	2141	1.1275	1.10928	1927
558	454652	418	231827	209730	100	60	1.81531	0.809181	39	38.8	3398.94	1	2141	1.10762	1.08959	1927
559	414711	370	212334	190451	100	60	1.87349	0.809181	39	38.8	3398.94	1	2141	1.0961	1.08587	1927
560	379784	329	195447	173673	100	60	1.88634	0.809181	39	38.8	3398.94	1	2141	1.08982	1.08228	1927
561	339345	298	180968	158377	100	60	1.86998	0.809181	39	38.8	3398.94	1	2141	1.09967	1.08741	1927
562	272214	287	115466	156748	100	60	0.0915025	0.809181	39	38.8	70434.7	1	2141	1.00202	0.997407	1927
563	513000	281	216691	296308	100	60	0.0851676	0.809181	39	38.8	70434.7	1	2141	1.00233	0.997571	1927
564	654101	260	275331	378771	100	60	0.0839508	0.809181	39	38.8	70434.7	1	2141	1.00232	0.997658	1927
565	633289	234	272026	361263	100	60	0.0912879	0.809181	39	38.8	70434.7	1	2141	1.00253	0.998075	1927
566	611106	228	271880	339226	100	60	0.104452	0.809181	39	38.8	70434.7	1	2141	1.0032	1.00062	1927
567	674122	2328	308745	365378	100	60	0.943669	0.809181	39	38.8	70434.7	1	2141	1.00525	1.00369	1927
568	745028	2106	344415	400613	100	60	1.06974	0.809181	39	38.8	70434.7	1	2141	1.00645	1.0048	1927
569	776215	1879	362781	413434	100	60	1.27703	0.809181	39	38.8	70434.7	1	2141	1.00701	1.00717	1927
570	592079	1677	184902	407178	100	60	1.38844	0.809181	36	38.8	70434.7	1	2141	1.0881	1.15412	1927
571	641351	1370	256494	383103	100	60	0.699961	0.809181	39	38.8	0	1	2141	1.02758	1.02459	1927
572	708177	1131	310160	395695	100	60	0.559491	0.809181	39	38.8	0	1	2141	1.01412	1.00977	1927
573	808392	984	369700	435793	100	60	0.522354	0.809181	39	38.8	0	1	2141	1.00874	1.00426	1927
574	851505	836	395903	452908	100	60	0.547249	0.809181	39	38.8	0	1	2141	1.00916	1.00409	1927
575	846513	754	399975	444072	100	60	0.592754	0.809181	39	38.8	0	1	2141	1.01159	1.00919	1927
576	827240	1591	398911	428329	100	60	1.1962	0.809181	39	38.8	0	1	2141	1.01657	1.01325	1927
577	824857	1524	403290	421567	100	60	1.29846	0.809181	39	38.8	0	1	2141	1.01745	1.01434	1927
578	815189	1430	403021	412168	100	60	1.53912	0.809181	39	38.8	0	1	2141	1.02331	1.01831	1927
579	795256	1199	397330	397925	100	60	1.61894	0.809181	39	38.8	0	1	2141	1.03049	1.02519	1927
580	714074	1042	321952	392122	100	60	1.6645	0.809181	39	38.8	85771	1	2141	1.04122	1.04058	1927
581	681799	864	324601	357197	100	60	1.74239	0.809181	39	38.8	85771	1	2141	1.04683	1.04545	1927
582	656326	747	324716	331610	100	60	1.76681	0.809181	39	38.8	85771	1	2141	1.06283	1.06739	1927
583	629154	669	319835	309319	100	60	1.80811	0.809181	39	38.8	85771	1	2141	1.07371	1.07553	1927
584	601411	605	310289	291122	100	60	1.84633	0.809181	39	38.8	85771	1	2141	1.08757	1.0903	1927
585	573226	559	299029	274196	100	60	1.87196	0.809181	39	38.8	85771	1	2141	1.10594	1.10345	1927
586	536903	506	278759	250001	100	60	1.86494	0.809181	39	38.8	85771	1	2141	1.13091	1.12903	1927
587	372342	469	135324	234419	100	60	1.85394	0.809181	39	38.8	85771	1	2141	1.1517	1.15232	1927
588	399011	440	167900	224182	100	60	1.85455	0.809181	39	38.8	85771	1	2141	1.16376	1.16076	1927
589	400900	398	187192	205209	100	60	1.86411	0.809181	39	38.8	85771	1	2141	1.16137	1.15445	1927
590	411350	384	203249	199927	100	60	1.85965	0.809181	39	38.8	85771	1	2141	1.19023	1.16848	1927
591	407346	379	210400	196947	100	60	1.91007	0.809181	39	38.8	85771	1	2141	1.1779	1.16102	1927
592	267275	336	88858.3	178417	100	60	0.11473	0.809181	39	38.8	95172.4	1	2141	1.00407	1.00184	1927
593	480191	305	188624	291567	100	60	0.0910271	0.809181	39	38.8	95172.4	1	2141	1.00297	1.00134	1927
594	650239	288	265860	384380	100	60	0.0913429	0.809181	39	38.8	95172.4	1	2141	1.00311	1.0015	1927
595	624175	231	260358	363817	100	60	0.0894362	0.809181	39	38.8	95172.4	1	2141	1.00303	1.0015	1927
596	419298	208	100704	318593	100	60	0.0974377	0.809181	39	38.8	95172.4	1	2141	1.00412	1.00431	1927
597	473472	2194	158759	314713	100	60	0.893647	0.809181	39	38.8	95172.4	1	2141	1.00639	1.00733	1927
598	597499	2185	238040	359460	100	60	1.15427	0.809181	39	38.8	95172.4	1	2141	1.00764	1.00799	1927
599	684088	1912	294872	389216	100	60	1.34678	0.809181	39	38.8	95172.4	1	2141	1.01025	1.01081	1927
600	553018	1745	162767	390251	100	60	1.50566	0.809181	36	38.8	95172.4	1	2141	1.08009	1.13184	1927
601	606648	1380	237986	366644	100	60	0.702098	0.809181	39	38.8	0	1	2141	1.02485	1.02546	1927
602	692510	1162	301722	388099	100	60	0.579791	0.809181	39	38.8	0	1	2141	1.01406	1.01099	1927
603	789568	994	362111	424206	100	60	0.535155	0.809181	39	38.8	0	1	2141	1.01003	1.00578	1927
604	854372	861	398304	453012	100	60	0.56311	0.809181	39	38.8	0	1	2141	1.01026	1.00589	1927
605	860609	792	408377	449548	100	60	0.649589	0.809181	39	38.8	0	1	2141	1.01303	1.00868	1927
606	829945	1532	402326	427619	100	60	1.23505	0.809181	39	38.8	0	1	2141	1.01287	1.01097	1927
607	828463	1473	407656	420807	100	60	1.38318	0.809181	39	38.8	0	1	2141	1.0158	1.0139	1927
608	828582	1419	412625	415957	100	60	1.5997	0.809181	39	38.8	0	1	2141	1.02203	1.02128	1927
609	804188	1183	405651	398537	100	60	1.62768	0.809181	39	38.8	0	1	2141	1.02654	1.03064	1927
610	694176	1014	311322	382854	100	60	1.71282	0.809181	39	38.8	95638	1	2141	1.03232	1.03376	1927
611	679252	873	326394	352858	100	60	1.74634	0.809181	39	38.8	95638	1	2141	1.04583	1.04729	1927
612	647108	753	324538	322570	100	60	1.7745	0.809181	39	38.8	95638	1	2141	1.05606	1.05489	1927
613	633539	687	326156	307383	100	60	1.82032	0.809181	39	38.8	95638	1	2141	1.06682	1.06149	1927
614	597097	620	312776	284321	100	60	1.83018	0.809181	39	38.8	95638	1	2141	1.08267	1.07443	1927
615	544592	540	288204	256388	100	60	1.89794	0.809181	39	38.8	95638	1	2141	1.09609	1.0855	1927
616	369864	482	135124	233404	100	60	1.91167	0.809181	39	38.8	95638	1	2141	1.11842	1.09563	1927
617	298482	438	82681.9	214685	100	60	1.91786	0.809181	39	38.8	95638	1	2141	1.12735	1.10297	1927
618	251158	391	58729.5	191669	100	60	1.92703	0.809181	39	38.8	95638	1	2141	1.12919	1.09769	1927
619	289616	384	96752.1	188465	100	60	1.95368	0.809181	39	38.8	95638	1	2141	1.12871	1.08639	1927
620	303998	351	127024	172991	100	60	1.97729	0.809181	39	38.8	95638	1	2141	1.13115	1.09012	1927
621	313044	326	149943	163101	100	60	1.95541	0.809181	39	38.8	95638	1	2141	1.15821	1.11987	1927
622	260770	294	109086	151684	100	60	0.116391	0.809181	39	38.8	146069	1	2141	1.00378	1.00163	1927
623	452234	281	194211	258023	100	60	0.099312	0.809181	39	38.8	146069	1	2141	1.00363	1.00153	1927
624	635406	250	272367	363039	100	60	0.0940745	0.809181	39	38.8	146069	1	2141	1.00267	1.00095	1927
625	515964	224	133305	382659	100	60	0.0959125	0.809181	39	38.8	146069	1	2141	1.00279	1.00163	1927
626	493028	211	156448	336580	100	60	0.107786	0.809181	39	38.8	146069	1	2141	1.00301	1.00313	1927
627	563714	2238	213606	350109	100	60	0.871036	0.809181	39	38.8	146069	1	2141	1.0047	1.00564	1927
628	672395	2093	282367	390028	100	60	1.0665	0.809181	39	38.8	146069	1	2141	1.00679	1.00733	1927
629	746585	1906	331670	414915	100	60	1.23426	0.809181	39	38.8	146069	1	2141	1.00957	1.01038	1927
630	583906	1719	175751	408155	100	60	1.39141	0.809181	37	38.8	146069	1	2141	1.10308	1.17036	1927
631	632893	1383	249719	380508	100	60	0.867095	0.809181	39	38.8	0	1	2141	1.04342	1.04426	1927
632	701950	1171	309270	389418	100	60	0.733791	0.809181	39	38.8	0	1	2141	1.02251	1.01849	1927
633	754034	981	351116	398778	100	60	0.659492	0.809181	39	38.8	0	1	2141	1.01459	1.00972	1927
634	810313	828	384981	421685	100	60	0.676814	0.809181	39	38.8	0	1	2141	1.01494	1.00995	1927
635	857444	756	412455	441798	100	60	0.745827	0.809181	39	38.8	0	1	2141	1.01741	1.0099	1927
636	850065	1495	414466	435599	100	60	1.34719	0.809181	39	38.8	0	1	2141	1.0203	1.01403	1927
637	831135	1466	409847	421288	100	60	1.4722	0.809181	39	38.8	0	1	2141	1.02292	1.01811	1927
638	781095	1288	390493	390602	100	60	1.53193	0.809181	39	38.8	0	1	2141	1.02742	1.02584	1927
639	764890	1093	387737	377153	100	60	1.55993	0.809181	39	38.8	0	1	2141	1.03231	1.03318	1927
640	532953	940	176425	356528	100	60	1.61924	0.809181	39	38.8	6812.42	1	2141	1.04379	1.04834	1927
641	543437	804	221422	322015	100	60	1.71771	0.809181	39	38.8	6812.42	1	2141	1.05495	1.05263	1927
642	588652	746	271993	316659	100	60	1.77122	0.809181	39	38.8	6812.42	1	2141	1.06472	1.06081	1927
643	588253	676	290375	297878	100	60	1.79385	0.809181	39	38.8	6812.42	1	2141	1.08816	1.08846	1927
644	542949	576	278039	264910	100	60	1.85248	0.809181	39	38.8	6812.42	1	2141	1.12291	1.11464	1927
645	517014	512	270263	246752	100	60	1.88458	0.809181	39	38.8	6812.42	1	2141	1.13191	1.12103	1927
646	346658	445	125670	219932	100	60	1.87328	0.809181	39	38.8	6812.42	1	2141	1.15514	1.13364	1927
647	353457	397	148475	199343	100	60	1.89869	0.809181	39	38.8	6812.42	1	2141	1.18382	1.15844	1927
648	372825	374	174597	191140	100	60	1.87864	0.809181	39	38.8	6812.42	1	2141	1.18158	1.15193	1927
649	358582	329	178029	171497	100	60	1.84821	0.809181	39	38.8	6812.42	1	2141	1.21296	1.19745	1927
650	347015	303	177701	161049	100	60	1.84157	0.809181	39	38.8	6812.42	1	2141	1.20946	1.1875	1927
651	309833	268	165142	144691	100	60	1.82806	0.809181	39	38.8	6812.42	1	2141	1.20755	1.17857	1927
652	229901	239	96518.4	133382	100	60	0.0790966	0.809181	39	38.8	72481.1	1	2141	1.00328	1.00182	1927
653	457286	209	191232	266053	100	60	0.0641991	0.809181	39	38.8	72481.1	1	2141	1.00303	1.00177	1927
654	612900	197	255499	357401	100	60	0.0638812	0.809181	39	38.8	72481.1	1	2141	1.00291	1.00189	1927
655	617006	184	262214	354791	100	60	0.0701358	0.809181	37	38.8	72481.1	1	2141	1.00336	1.00245	1927
656	578467	171	254766	323701	100	60	0.0765607	0.809181	37	38.8	72481.1	1	2141	1.00394	1.00386	1927
657	634534	2509	289021	345513	100	60	0.939579	0.809181	37	38.8	72481.1	1	2141	1.00643	1.00659	1927
658	723565	2210	333113	390452	100	60	1.08291	0.809181	37	38.8	72481.1	1	2141	1.00856	1.00897	1927
659	760895	1886	354479	406415	100	60	1.29221	0.809181	37	38.8	72481.1	1	2141	1.00939	1.00819	1927
660	563622	1687	175675	387946	100	60	1.44739	0.809181	36	38.8	72481.1	1	2141	1.0903	1.14746	1927
661	623494	1393	250945	370004	100	60	0.702191	0.809181	39	38.8	0	1	2141	1.02902	1.02894	1927
662	539674	1159	149707	389181	100	60	0.575932	0.809181	39	38.8	0	1	2141	1.0173	1.01401	1927
663	661873	1006	244345	415198	100	60	0.482511	0.809181	39	38.8	0	1	2141	1.01168	1.00762	1927
664	750135	852	311485	436181	100	60	0.496088	0.809181	39	38.8	0	1	2141	1.01065	1.006	1927
665	770956	761	341615	427332	100	60	0.557349	0.809181	39	38.8	0	1	2141	1.01351	1.00753	1927
666	770338	1610	357316	413022	100	60	1.12865	0.809181	39	38.8	0	1	2141	1.01702	1.01155	1927
667	783555	1580	373473	410082	100	60	1.29362	0.809181	39	38.8	0	1	2141	1.01847	1.01195	1927
668	795231	1548	386953	408278	100	60	1.50935	0.809181	39	38.8	0	1	2141	1.02685	1.02339	1927
669	791120	1284	392415	398705	100	60	1.54072	0.809181	39	38.8	0	1	2141	1.02771	1.02582	1927
670	694349	1062	319691	374658	100	60	1.58775	0.809181	39	38.8	72064.6	1	2141	1.03409	1.03497	1927
671	701659	943	342123	359536	100	60	1.64961	0.809181	39	38.8	72064.6	1	2141	1.04751	1.05213	1927
672	666079	808	335808	330271	100	60	1.6965	0.809181	39	38.8	72064.6	1	2141	1.05888	1.06079	1927
673	620520	701	320240	300280	100	60	1.71992	0.809181	39	38.8	72064.6	1	2141	1.0881	1.08727	1927
674	591329	636	309744	281585	100	60	1.75721	0.809181	39	38.8	72064.6	1	2141	1.10093	1.09509	1927
675	546137	566	288280	257857	100	60	1.78551	0.809181	39	38.8	72064.6	1	2141	1.1348	1.12724	1927
676	378627	519	136995	240396	100	60	1.81817	0.809181	39	38.8	72064.6	1	2141	1.12434	1.10959	1927
677	373900	448	159419	208114	100	60	1.80568	0.809181	39	38.8	72064.6	1	2141	1.11789	1.10384	1927
678	375533	404	177745	189842	100	60	1.81516	0.809181	39	38.8	72064.6	1	2141	1.13084	1.11705	1927
679	371492	363	185184	176892	100	60	1.80542	0.809181	39	38.8	72064.6	1	2141	1.13953	1.13314	1927
680	351913	328	180826	162901	100	60	1.79169	0.809181	39	38.8	72064.6	1	2141	1.13256	1.12381	1927
681	318446	291	170480	147965	100	60	1.81915	0.809181	39	38.8	72064.6	1	2141	1.14381	1.13043	1927
682	233240	252	99026.6	134214	100	60	0.0837238	0.809181	39	38.8	136876	1	2141	1.00244	1.00191	1927
683	465073	243	196932	268141	100	60	0.0742035	0.809181	39	38.8	136876	1	2141	1.0023	1.00168	1927
684	607449	204	253980	353468	100	60	0.0665719	0.809181	39	38.8	136876	1	2141	1.00252	1.00202	1927
685	588785	174	250065	338720	100	60	0.0677157	0.809181	39	38.8	136876	1	2141	1.00289	1.00264	1927
686	555780	160	244964	310816	100	60	0.0741371	0.809181	39	38.8	136876	1	2141	1.00283	1.00413	1927
687	615457	2499	281182	334276	100	60	0.976072	0.809181	39	38.8	136876	1	2141	1.00422	1.0054	1927
688	687858	2266	317554	370304	100	60	1.12095	0.809181	39	38.8	136876	1	2141	1.00387	1.00596	1927
689	726609	1961	338704	387905	100	60	1.35578	0.809181	39	38.8	136876	1	2141	1.00545	1.00537	1927
690	566375	1709	177062	389313	100	60	1.48166	0.809181	34	38.8	136876	1	2141	1.08255	1.13783	1927
691	609605	1349	246069	361664	100	60	0.719111	0.809181	39	38.8	0	1	2141	1.02397	1.02425	1927
692	668528	1110	297413	368811	100	60	0.56819	0.809181	39	38.8	0	1	2141	1.01153	1.00962	1927
693	749881	932	348302	398768	100	60	0.505758	0.809181	39	38.8	0	1	2141	1.00734	1.00358	1927
694	808467	783	380125	425740	100	60	0.519881	0.809181	39	38.8	0	1	2141	1.00763	1.00413	1927
695	803605	675	382097	419425	100	60	0.556353	0.809181	39	38.8	0	1	2141	1.00863	1.00584	1927
696	793898	1650	383674	410224	100	60	1.21024	0.809181	39	38.8	0	1	2141	1.00875	1.00617	1927
697	776702	1541	380860	395842	100	60	1.30484	0.809181	39	38.8	0	1	2141	1.01116	1.01011	1927
698	785154	1513	390175	394979	100	60	1.52067	0.809181	39	38.8	0	1	2141	1.01535	1.01392	1927
699	799600	1285	402925	396674	100	60	1.55288	0.809181	39	38.8	0	1	2141	1.01818	1.01949	1927
700	692766	1082	314619	378146	100	60	1.64822	0.809181	39	38.8	89460	1	2141	1.02952	1.03522	1927
701	686907	938	330246	356661	100	60	1.7072	0.809181	39	38.8	89460	1	2141	1.03819	1.04492	1927
702	665590	824	333013	332576	100	60	1.74206	0.809181	39	38.8	89460	1	2141	1.05019	1.05861	1927
703	485524	760	166171	319354	100	60	1.77593	0.809181	39	38.8	89460	1	2141	1.06105	1.06869	1927
704	507241	686	211305	295936	100	60	1.80934	0.809181	39	38.8	89460	1	2141	1.06561	1.06881	1927
705	513830	620	241517	272312	100	60	1.83254	0.809181	39	38.8	89460	1	2141	1.08886	1.09121	1927
706	494422	548	243320	243276	100	60	1.85987	0.809181	39	38.8	89460	1	2141	1.09571	1.09982	1927
707	479086	488	240250	225728	100	60	1.89559	0.809181	39	38.8	89460	1	2141	1.10076	1.09771	1927
708	471146	452	240913	217065	100	60	1.93428	0.809181	39	38.8	89460	1	2141	1.09053	1.0783	1927
709	413861	381	214167	188202	100	60	1.9275	0.809181	39	38.8	89460	1	2141	1.10777	1.096	1927
710	382455	341	199306	172908	100	60	1.97387	0.809181	39	38.8	89460	1	2141	1.09887	1.0744	1927
711	340911	307	183033	157877	100	60	1.97718	0.809181	39	38.8	89460	1	2141	1.11076	1.08306	1927
712	260000	283	107893	152107	100	60	0.0918483	0.809181	39	38.8	163211	1	2141	1.00276	1.00179	1927
713	497034	267	207041	289993	100	60	0.0815397	0.809181	39	38.8	163211	1	2141	1.00258	1.00179	1927
714	510506	261	128103	382403	100	60	0.0831463	0.809181	39	38.8	163211	1	2141	1.00236	1.00199	1927
715	513172	236	154883	358289	100	60	0.0789897	0.809181	39	38.8	163211	1	2141	1.0022	1.00212	1927
716	503757	200	177895	325862	100	60	0.0837578	0.809181	39	38.8	163211	1	2141	1.00245	1.00191	1927
717	433698	2379	98470.4	335227	100	60	0.860408	0.809181	39	38.8	163211	1	2141	1.00293	1.00183	1927
718	494682	2110	163369	331313	100	60	1.03809	0.809181	39	38.8	163211	1	2141	1.00311	1.00129	1927
719	594947	1977	232693	362254	100	60	1.28812	0.809181	39	38.8	163211	1	2141	1.00455	1.0026	1927
720	530831	2101	144766	386065	100	60	1.61379	0.809181	36	38.8	163211	1	2141	1.05042	1.07626	1927
721	570956	1605	213686	355349	100	60	0.755046	0.809181	39	38.8	0	1	2141	1.01577	1.01402	1927
722	673949	1349	284701	387046	100	60	0.62809	0.809181	39	38.8	0	1	2141	1.00965	1.00699	1927
723	771687	1113	346384	422132	100	60	0.572437	0.809181	39	38.8	0	1	2141	1.00723	1.00371	1927
724	820455	941	378315	439502	100	60	0.603637	0.809181	39	38.8	0	1	2141	1.00713	1.00253	1927
725	828898	833	390920	435615	100	60	0.667084	0.809181	39	38.8	0	1	2141	1.00814	1.0025	1927
726	810272	1647	390792	419480	100	60	1.26241	0.809181	39	38.8	0	1	2141	1.00892	1.0041	1927
727	809220	1556	397184	412036	100	60	1.41068	0.809181	39	38.8	0	1	2141	1.01189	1.00832	1927
728	799066	1471	396599	402467	100	60	1.61738	0.809181	39	38.8	0	1	2141	1.0173	1.01637	1927
729	803961	1244	404942	399019	100	60	1.69314	0.809181	39	38.8	0	1	2141	1.02632	1.02825	1927
730	676108	1029	303710	372397	100	60	1.75946	0.809181	39	38.8	92785	1	2141	1.04192	1.0478	1927
731	676998	911	324849	352150	100	60	1.83816	0.809181	39	38.8	92785	1	2141	1.05046	1.05623	1927
732	654970	804	326838	328133	100	60	1.90438	0.809181	39	38.8	92785	1	2141	1.05662	1.06023	1927
733	621566	711	318277	303288	100	60	1.89587	0.809181	39	38.8	92785	1	2141	1.07638	1.08262	1927
734	582145	624	303259	278885	100	60	1.93302	0.809181	39	38.8	92785	1	2141	1.0831	1.0859	1927
735	538328	544	284105	254223	100	60	1.9493	0.809181	39	38.8	92785	1	2141	1.0982	1.09074	1927
736	510341	493	266957	235202	100	60	1.96101	0.809181	39	38.8	92785	1	2141	1.1171	1.11134	1927
737	486721	450	252455	220159	100	60	1.97776	0.809181	39	38.8	92785	1	2141	1.14256	1.13409	1927
738	434974	386	227178	195149	100	60	1.99497	0.809181	39	38.8	92785	1	2141	1.11911	1.1186	1927
739	407312	348	213732	181635	100	60	2.02816	0.809181	39	38.8	92785	1	2141	1.11485	1.10417	1927
740	378942	315	200147	167953	100	60	2.05214	0.809181	39	38.8	92785	1	2141	1.10248	1.08911	1927
741	251782	288	94507.3	157275	100	60	2.03249	0.809181	39	38.8	92785	1	2141	1.11945	1.10145	1927
742	243782	275	91777.7	152004	100	60	0.0827908	0.809181	39	38.8	121378	1	2141	1.00175	0.996317	1927
743	495069	259	198644	296425	100	60	0.0777306	0.809181	39	38.8	121378	1	2141	1.00186	0.996772	1927
744	627075	227	254776	372299	100	60	0.0727951	0.809181	39	38.8	121378	1	2141	1.00159	0.997861	1927
745	589837	196	247497	342340	100	60	0.0758643	0.809181	39	38.8	121378	1	2141	1.00205	0.998597	1927
746	567889	175	248501	319388	100	60	0.0805472	0.809181	39	38.8	121378	1	2141	1.00248	1	1927
747	640993	2648	290427	350567	100	60	1.06344	0.809181	39	38.8	121378	1	2141	1.00432	1.00286	1927
748	705510	2295	323516	381995	100	60	1.17165	0.809181	39	38.8	121378	1	2141	1.00512	1.00406	1927
749	745281	2048	347792	397489	100	60	1.45603	0.809181	39	38.8	121378	1	2141	1.00597	1.00631	1927
750	574195	1853	178411	395784	100	60	1.5789	0.809181	37	38.8	121378	1	2141	1.07143	1.12033	1927
751	583931	1432	221986	360223	100	60	0.711895	0.809181	39	38.8	0	1	2141	1.02258	1.01953	1927
752	528823	1200	140190	388170	100	60	0.569358	0.809181	39	38.8	0	1	2141	1.01297	1.00974	1927
753	649928	1019	235505	412777	100	60	0.463324	0.809181	39	38.8	0	1	2141	1.00751	1.00276	1927
754	754945	862	308679	444518	100	60	0.478068	0.809181	39	38.8	0	1	2141	1.00761	1.0018	1927
755	787121	792	343141	442440	100	60	0.550714	0.809181	39	38.8	0	1	2141	1.01001	1.00319	1927
756	775725	1752	355643	420082	100	60	1.22382	0.809181	39	38.8	0	1	2141	1.01347	1.00897	1927
757	592939	1707	175378	417562	100	60	1.39823	0.809181	39	38.8	0	1	2141	1.01591	1.01016	1927
758	655420	1658	245073	410347	100	60	1.66681	0.809181	39	38.8	0	1	2141	1.02138	1.01149	1927
759	577351	1476	154114	423237	100	60	1.74956	0.809181	39	38.8	0	1	2141	1.02333	1.01359	1927
760	602076	1249	210800	391276	100	60	1.86042	0.809181	39	38.8	5669.62	1	2141	1.02567	1.01525	1927
761	635918	1076	266645	369273	100	60	1.92847	0.809181	39	38.8	5669.62	1	2141	1.0347	1.02419	1927
762	643155	931	297270	345885	100	60	1.95625	0.809181	39	38.8	5669.62	1	2141	1.04403	1.03656	1927
763	639910	822	313270	326640	100	60	1.96887	0.809181	39	38.8	5669.62	1	2141	1.05181	1.04146	1927
764	455087	728	152121	302967	100	60	1.97972	0.809181	39	38.8	5669.62	1	2141	1.06088	1.05241	1927
765	471790	656	191387	280403	100	60	2.01879	0.809181	39	38.8	5669.62	1	2141	1.07412	1.06269	1927
766	482868	591	218266	256985	100	60	2.05896	0.809181	39	38.8	5669.62	1	2141	1.09077	1.08362	1927
767	446037	500	213728	220991	100	60	2.05513	0.809181	39	38.8	5669.62	1	2141	1.09524	1.09331	1927
768	338886	475	118130	218609	100	60	2.08382	0.809181	39	38.8	5669.62	1	2141	1.09055	1.08994	1927
769	358468	436	147176	204976	100	60	2.11214	0.809181	39	38.8	5669.62	1	2141	1.09011	1.08685	1927
770	358141	393	165986	186557	100	60	2.11515	0.809181	39	38.8	5669.62	1	2141	1.10565	1.09686	1927
771	348152	362	174861	173290	100	60	2.10745	0.809181	39	38.8	5669.62	1	2141	1.11717	1.1092	1927
772	269713	321	109859	159854	100	60	0.12779	0.809181	39	38.8	74336.9	1	2141	1.00311	1.00013	1927
773	445598	286	185709	259889	100	60	0.0993499	0.809181	39	38.8	74336.9	1	2141	1.00237	0.999569	1927
774	632250	245	266326	365924	100	60	0.0906217	0.809181	39	38.8	74336.9	1	2141	1.00231	0.999819	1927
775	662110	217	281060	381050	100	60	0.0931961	0.809181	38	38.8	74336.9	1	2141	1.0027	1.00041	1927
776	609267	199	266368	342899	100	60	0.103573	0.809181	38	38.8	74336.9	1	2141	1.00268	1.00163	1927
777	634070	2526	287988	346081	100	60	1.04207	0.809181	37	38.8	74336.9	1	2141	1.00339	1.00286	1927
778	534834	2305	148747	386086	100	60	1.1745	0.809181	37	38.8	74336.9	1	2141	1.00378	1.00369	1927
779	600926	2053	215677	385249	100	60	1.47148	0.809181	37	38.8	74336.9	1	2141	1.00517	1.00439	1927
780	545258	1868	141347	403911	100	60	1.64277	0.809181	36	38.8	74336.9	1	2141	1.07993	1.12366	1927
781	494670	1532	108525	385530	100	60	0.913076	0.809181	39	38.8	0	1	2141	1.03171	1.03034	1927
782	548407	1239	179912	366858	100	60	0.683594	0.809181	39	38.8	0	1	2141	1.01782	1.01293	1927
783	655699	1035	263922	389721	100	60	0.622388	0.809181	39	38.8	0	1	2141	1.013	1.00661	1927
784	774803	923	338765	433382	100	60	0.664034	0.809181	39	38.8	0	1	2141	1.0128	1.00502	1927
785	819564	815	373955	443415	100	60	0.72669	0.809181	39	38.8	0	1	2141	1.01518	1.00516	1927
786	841490	1724	396237	445253	100	60	1.4366	0.809181	39	38.8	0	1	2141	1.01719	1.00694	1927
787	633998	1654	192748	441250	100	60	1.56349	0.809181	39	38.8	0	1	2141	1.01814	1.00966	1927
788	673751	1531	255801	417950	100	60	1.71465	0.809181	39	38.8	0	1	2141	1.02114	1.01444	1927
789	683032	1241	295987	387045	100	60	1.75216	0.809181	39	38.8	0	1	2141	1.02358	1.02109	1927
790	658899	1080	281878	377021	100	60	1.80765	0.809181	39	38.8	57598.6	1	2141	1.02899	1.02892	1927
791	697000	990	323737	373263	100	60	1.91384	0.809181	39	38.8	57598.6	1	2141	1.03782	1.03756	1927
792	674743	863	329897	344846	100	60	1.98359	0.809181	39	38.8	57598.6	1	2141	1.03741	1.03613	1927
793	649516	764	327960	321555	100	60	2.02331	0.809181	39	38.8	57598.6	1	2141	1.04676	1.04342	1927
794	460734	688	158451	302284	100	60	2.05146	0.809181	39	38.8	57598.6	1	2141	1.06487	1.06122	1927
795	474989	625	195082	279908	100	60	2.09292	0.809181	39	38.8	57598.6	1	2141	1.08708	1.07556	1927
796	466473	542	213407	245632	100	60	2.07868	0.809181	39	38.8	57598.6	1	2141	1.10667	1.09276	1927
797	463515	492	223943	227818	100	60	2.08822	0.809181	39	38.8	57598.6	1	2141	1.12127	1.10204	1927
798	449774	445	225035	212324	100	60	2.08414	0.809181	39	38.8	57598.6	1	2141	1.11667	1.0907	1927
799	420104	396	215856	192650	100	60	2.06057	0.809181	39	38.8	57598.6	1	2141	1.10329	1.07673	1927
800	289991	363	106881	181121	100	60	2.05786	0.809181	39	38.8	57598.6	1	2141	1.10966	1.08708	1927
801	225909	330	62184.5	163724	100	60	2.07249	0.809181	39	38.8	57598.6	1	2141	1.13174	1.11041	1927
802	232960	301	80907	152053	100	60	0.139246	0.809181	39	38.8	66857.3	1	2141	1.00334	1.00179	1927
803	371377	261	148051	223326	100	60	0.10724	0.809181	39	38.8	66857.3	1	2141	1.00282	1.00177	1927
804	585097	234	247912	337185	100	60	0.101934	0.809181	39	38.8	66857.3	1	2141	1.00288	1.00176	1927
805	687349	214	292378	394971	100	60	0.104453	0.809181	38	38.8	66857.3	1	2141	1.00358	1.00272	1927
806	495869	202	124841	371028	100	60	0.117654	0.809181	38	38.8	66857.3	1	2141	1.00443	1.00442	1927
807	496096	2160	162602	333494	100	60	0.831798	0.809181	38	38.8	66857.3	1	2141	1.00542	1.00727	1927
808	595776	1990	233987	361788	100	60	0.964805	0.809181	38	38.8	66857.3	1	2141	1.00618	1.00881	1927
809	712049	1894	306644	405405	100	60	1.16341	0.809181	38	38.8	66857.3	1	2141	1.00802	1.01059	1927
810	589062	1768	174236	414826	100	60	1.29028	0.809181	35	38.8	66857.3	1	2141	1.10508	1.17027	1927
811	619985	1361	242557	374098	100	60	0.930848	0.809181	39	38.8	0	1	2141	1.05912	1.06453	1927
812	679956	1148	300844	374964	100	60	0.822685	0.809181	39	38.8	0	1	2141	1.03506	1.03353	1927
813	733990	985	346445	382012	100	60	0.765056	0.809181	39	38.8	0	1	2141	1.02252	1.01812	1927
814	778099	847	378147	394938	100	60	0.783282	0.809181	39	38.8	0	1	2141	1.02165	1.01267	1927
815	817202	774	403142	409712	100	60	0.847592	0.809181	39	38.8	0	1	2141	1.02402	1.01084	1927
816	828530	1275	413555	414975	100	60	1.29131	0.809181	39	38.8	0	1	2141	1.02757	1.01214	1927
817	819219	1262	413114	406105	100	60	1.40908	0.809181	39	38.8	0	1	2141	1.03033	1.01862	1927
818	803436	1262	409699	393737	100	60	1.52548	0.809181	39	38.8	0	1	2141	1.03727	1.02394	1927
819	774610	1057	399775	374835	100	60	1.49925	0.809181	39	38.8	0	1	2141	1.04008	1.03232	1927
820	667627	915	314928	352699	100	60	1.50856	0.809181	39	38.8	80542.4	1	2141	1.04556	1.04066	1927
821	699770	858	346384	353386	100	60	1.5525	0.809181	39	38.8	80542.4	1	2141	1.05599	1.05627	1927
822	708743	802	362296	346446	100	60	1.59115	0.809181	39	38.8	80542.4	1	2141	1.07707	1.08166	1927
823	652805	697	341038	311767	100	60	1.62565	0.809181	39	38.8	80542.4	1	2141	1.09017	1.09448	1927
824	624335	641	330683	293652	100	60	1.64781	0.809181	39	38.8	80542.4	1	2141	1.10747	1.11058	1927
825	592374	590	316418	275956	100	60	1.6476	0.809181	39	38.8	80542.4	1	2141	1.13462	1.13322	1927
826	528862	508	280924	241465	100	60	1.65146	0.809181	39	38.8	80542.4	1	2141	1.1794	1.16599	1927
827	485098	445	256141	217687	100	60	1.69264	0.809181	39	38.8	80542.4	1	2141	1.19409	1.17321	1927
828	447042	391	237117	199653	100	60	1.68097	0.809181	39	38.8	80542.4	1	2141	1.20538	1.18254	1927
829	426706	363	227415	189327	100	60	1.68531	0.809181	39	38.8	80542.4	1	2141	1.22372	1.19597	1927
830	398485	329	213318	176437	100	60	1.64831	0.809181	39	38.8	80542.4	1	2141	1.2614	1.24194	1927
831	365927	304	200847	165080	100	60	1.66654	0.809181	39	38.8	80542.4	1	2141	1.26531	1.24101	1927
832	270979	275	117062	153917	100	60	0.0849412	0.809181	39	38.8	157629	1	2141	1.00376	1.00341	1927
833	487202	234	204496	282707	100	60	0.068078	0.809181	39	38.8	157629	1	2141	1.00333	1.00301	1927
834	632605	219	264927	367678	100	60	0.0668147	0.809181	39	38.8	157629	1	2141	1.00333	1.00332	1927
835	608188	199	260708	347480	100	60	0.0744924	0.809181	39	38.8	157629	1	2141	1.00368	1.00426	1927
836	584220	197	261420	322800	100	60	0.0872751	0.809181	39	38.8	157629	1	2141	1.00414	1.00675	1927
837	633526	2429	291880	341646	100	60	0.959002	0.809181	39	38.8	157629	1	2141	1.00534	1.00782	1927
838	731657	2212	341412	390245	100	60	1.12414	0.809181	39	38.8	157629	1	2141	1.00771	1.01152	1927
839	771827	1930	365305	406522	100	60	1.33655	0.809181	39	38.8	157629	1	2141	1.01117	1.01506	1927
840	582589	1730	185036	397552	100	60	1.46305	0.809181	37	38.8	157629	1	2141	1.09576	1.16618	1927
841	636138	1403	257642	375956	100	60	0.6838	0.809181	39	38.8	0	1	2141	1.02771	1.02888	1927
842	723191	1171	319956	399637	100	60	0.54705	0.809181	39	38.8	0	1	2141	1.01874	1.01674	1927
843	801139	978	370448	426714	100	60	0.49651	0.809181	39	38.8	0	1	2141	1.01304	1.00943	1927
844	843988	830	396235	444174	100	60	0.525029	0.809181	39	38.8	0	1	2141	1.01477	1.00928	1927
845	840816	773	402290	435420	100	60	0.592379	0.809181	39	38.8	0	1	2141	1.01783	1.01071	1927
846	830911	1637	407970	422942	100	60	1.18868	0.809181	39	38.8	0	1	2141	1.0227	1.01335	1927
847	820992	1547	408299	412693	100	60	1.30977	0.809181	39	38.8	0	1	2141	1.02495	1.01571	1927
848	814867	1497	409310	405556	100	60	1.52448	0.809181	39	38.8	0	1	2141	1.03089	1.0236	1927
849	826889	1288	420201	406688	100	60	1.61434	0.809181	39	38.8	0	1	2141	1.03645	1.02826	1927
850	685586	1053	309341	376244	100	60	1.69503	0.809181	39	38.8	99379.5	1	2141	1.0502	1.04235	1927
851	664238	896	317895	346343	100	60	1.73433	0.809181	39	38.8	99379.5	1	2141	1.06886	1.06412	1927
852	681014	819	340271	340743	100	60	1.78336	0.809181	39	38.8	99379.5	1	2141	1.07678	1.07134	1927
853	499611	757	171015	328597	100	60	1.83571	0.809181	39	38.8	99379.5	1	2141	1.08664	1.07457	1927
854	518210	690	214498	303713	100	60	1.84995	0.809181	39	38.8	99379.5	1	2141	1.09016	1.07132	1927
855	561203	667	262666	298537	100	60	1.89916	0.809181	39	38.8	99379.5	1	2141	1.10968	1.08939	1927
856	573360	627	281146	283667	100	60	1.94214	0.809181	39	38.8	99379.5	1	2141	1.12266	1.10194	1927
857	410271	578	145493	261530	100	60	1.94323	0.809181	39	38.8	99379.5	1	2141	1.13376	1.10369	1927
858	430013	529	179001	243583	100	60	1.96791	0.809181	39	38.8	99379.5	1	2141	1.13547	1.10445	1927
859	432405	477	201477	221700	100	60	1.9726	0.809181	39	38.8	99379.5	1	2141	1.13481	1.10151	1927
860	414512	420	206429	200156	100	60	1.98383	0.809181	39	38.8	99379.5	1	2141	1.16317	1.12376	1927
861	375810	368	197531	178279	100	60	1.94776	0.809181	39	38.8	99379.5	1	2141	1.17553	1.13598	1927
862	291590	332	124966	166624	100	60	0.110461	0.809181	39	38.8	170734	1	2141	1.004	1.00227	1927
863	504427	302	213676	290751	100	60	0.094653	0.809181	39	38.8	170734	1	2141	1.00316	1.00153	1927
864	644465	269	273591	370875	100	60	0.0881713	0.809181	39	38.8	170734	1	2141	1.00318	1.00226	1927
865	627196	237	271866	355330	100	60	0.0927814	0.809181	38	38.8	170734	1	2141	1.00334	1.00348	1927
866	587264	210	263139	324125	100	60	0.0977966	0.809181	38	38.8	170734	1	2141	1.00342	1.00409	1927
867	663421	2401	306452	356969	100	60	0.939927	0.809181	38	38.8	170734	1	2141	1.00551	1.00597	1927
868	716651	2101	336025	380625	100	60	1.07828	0.809181	38	38.8	170734	1	2141	1.00781	1.01024	1927
869	752441	1911	357355	395086	100	60	1.31317	0.809181	38	38.8	170734	1	2141	1.00903	1.01064	1927
870	572118	1685	183228	388890	100	60	1.43953	0.809181	34	38.8	170734	1	2141	1.08696	1.15522	1927
871	604267	1341	246536	355442	100	60	0.692398	0.809181	39	38.8	0	1	2141	1.02522	1.02482	1927
872	694511	1154	309974	381617	100	60	0.568191	0.809181	39	38.8	0	1	2141	1.01374	1.01102	1927
873	795430	986	370034	421835	100	60	0.514385	0.809181	39	38.8	0	1	2141	1.00871	1.00504	1927
874	843512	839	397447	442905	100	60	0.544871	0.809181	39	38.8	0	1	2141	1.00809	1.00418	1927
875	839099	743	401210	435328	100	60	0.58991	0.809181	39	38.8	0	1	2141	1.00875	1.00442	1927
876	825751	1600	403152	422600	100	60	1.20313	0.809181	39	38.8	0	1	2141	1.01103	1.00627	1927
877	817016	1482	406900	410116	100	60	1.34258	0.809181	39	38.8	0	1	2141	1.01391	1.01069	1927
878	826733	1499	416128	410605	100	60	1.55693	0.809181	39	38.8	0	1	2141	1.01776	1.01606	1927
879	597854	1263	199060	398794	100	60	1.63088	0.809181	39	38.8	0	1	2141	1.02248	1.02383	1927
880	608881	1076	237429	371451	100	60	1.75415	0.809181	39	38.8	16525.5	1	2141	1.02901	1.02985	1927
881	640372	964	285955	354418	100	60	1.858	0.809181	39	38.8	16525.5	1	2141	1.03239	1.03015	1927
882	639898	845	308337	331561	100	60	1.90052	0.809181	39	38.8	16525.5	1	2141	1.04112	1.04043	1927
883	617188	736	312071	305117	100	60	1.93914	0.809181	39	38.8	16525.5	1	2141	1.05593	1.05472	1927
884	590779	651	307425	283353	100	60	1.96385	0.809181	39	38.8	16525.5	1	2141	1.06464	1.06347	1927
885	567491	593	300797	266695	100	60	1.95621	0.809181	39	38.8	16525.5	1	2141	1.08837	1.09677	1927
886	391724	538	144091	246488	100	60	1.96148	0.809181	39	38.8	16525.5	1	2141	1.10248	1.11466	1927
887	377973	451	161793	210005	100	60	1.92446	0.809181	39	38.8	16525.5	1	2141	1.15464	1.16479	1927
888	386652	412	182458	195755	100	60	1.9579	0.809181	39	38.8	16525.5	1	2141	1.14977	1.15099	1927
889	392730	385	195357	187363	100	60	1.96734	0.809181	39	38.8	16525.5	1	2141	1.16049	1.15691	1927
890	375396	355	193095	173235	100	60	1.9481	0.809181	39	38.8	16525.5	1	2141	1.16576	1.14749	1927
891	342587	320	184068	158519	100	60	1.94292	0.809181	39	38.8	16525.5	1	2141	1.17028	1.15232	1927
892	256727	290	109222	147504	100	60	0.0937243	0.809181	39	38.8	88958.3	1	2141	1.00281	1.00214	1927
893	487106	268	204068	283037	100	60	0.0820414	0.809181	39	38.8	88958.3	1	2141	1.00259	1.00198	1927
894	612648	231	256132	356517	100	60	0.0754041	0.809181	39	38.8	88958.3	1	2141	1.00253	1.00226	1927
895	595663	204	255703	339960	100	60	0.0796766	0.809181	39	38.8	88958.3	1	2141	1.00269	1.00242	1927
896	569633	188	253939	315694	100	60	0.0872378	0.809181	39	38.8	88958.3	1	2141	1.00274	1.0034	1927
897	627059	2455	286773	340285	100	60	0.990282	0.809181	39	38.8	88958.3	1	2141	1.00365	1.00458	1927
898	707012	2166	327236	379775	100	60	1.12193	0.809181	39	38.8	88958.3	1	2141	1.0052	1.00684	1927
899	756838	1958	355211	401626	100	60	1.36846	0.809181	39	38.8	88958.3	1	2141	1.00721	1.00845	1927
900	583162	1773	183790	399373	100	60	1.53327	0.809181	37	38.8	88958.3	1	2141	1.08593	1.14698	1927
901	650932	1470	262830	386199	100	60	0.759257	0.809181	39	38.8	0	1	2141	1.02753	1.02845	1927
902	731139	1235	323532	405070	100	60	0.641699	0.809181	39	38.8	0	1	2141	1.01637	1.01494	1927
903	809252	1049	374822	431407	100	60	0.593183	0.809181	39	38.8	0	1	2141	1.00962	1.00594	1927
904	629604	851	189256	440021	100	60	0.599168	0.809181	39	38.8	0	1	2141	1.00943	1.00592	1927
905	684355	773	253693	430371	100	60	0.642915	0.809181	39	38.8	0	1	2141	1.0101	1.00744	1927
906	711400	1595	301339	410061	100	60	1.28121	0.809181	39	38.8	0	1	2141	1.01413	1.01202	1927
907	751414	1536	343711	407703	100	60	1.42306	0.809181	39	38.8	0	1	2141	1.01708	1.01749	1927
908	772979	1489	370255	402725	100	60	1.66113	0.809181	39	38.8	0	1	2141	1.02133	1.02236	1927
909	758003	1215	374558	383444	100	60	1.72116	0.809181	39	38.8	0	1	2141	1.02883	1.0299	1927
910	669436	1056	297146	372290	100	60	1.81714	0.809181	39	38.8	92688.9	1	2141	1.03676	1.0392	1927
911	675356	932	320451	354905	100	60	1.88925	0.809181	39	38.8	92688.9	1	2141	1.04534	1.04329	1927
912	650831	813	323924	326908	100	60	1.94748	0.809181	39	38.8	92688.9	1	2141	1.05	1.05224	1927
913	591381	675	303637	287744	100	60	1.96257	0.809181	39	38.8	92688.9	1	2141	1.05954	1.06587	1927
914	545328	584	285655	259672	100	60	1.95746	0.809181	39	38.8	92688.9	1	2141	1.07826	1.08808	1927
915	533413	550	283169	250244	100	60	1.99119	0.809181	39	38.8	92688.9	1	2141	1.09839	1.10459	1927
916	509974	502	269062	232860	100	60	2.0048	0.809181	39	38.8	92688.9	1	2141	1.10488	1.11111	1927
917	487910	463	254834	218962	100	60	2.06529	0.809181	39	38.8	92688.9	1	2141	1.09899	1.10132	1927
918	454860	423	237383	204090	100	60	2.11619	0.809181	39	38.8	92688.9	1	2141	1.09132	1.08981	1927
919	433718	397	227831	193160	100	60	2.11381	0.809181	39	38.8	92688.9	1	2141	1.09877	1.09661	1927
920	393094	352	207506	174261	100	60	2.0947	0.809181	39	38.8	92688.9	1	2141	1.10482	1.09467	1927
921	354007	317	193064	160944	100	60	2.04873	0.809181	39	38.8	92688.9	1	2141	1.125	1.11148	1927
922	246322	276	103075	143247	100	60	0.0929559	0.809181	39	38.8	174705	1	2141	1.0022	1.00158	1927
923	473006	251	197264	275742	100	60	0.0780715	0.809181	39	38.8	174705	1	2141	1.00201	1.00141	1927
924	624798	229	260968	363830	100	60	0.0749545	0.809181	39	38.8	174705	1	2141	1.0022	1.00169	1927
925	609833	185	258660	351173	100	60	0.0728832	0.809181	39	38.8	174705	1	2141	1.0023	1.00224	1927
926	417419	167	101743	315676	100	60	0.0783548	0.809181	39	38.8	174705	1	2141	1.00234	1.00336	1927
927	466026	2564	157986	308040	100	60	1.04472	0.809181	39	38.8	174705	1	2141	1.00268	1.0036	1927
928	592224	2448	236825	355399	100	60	1.34789	0.809181	39	38.8	174705	1	2141	1.00316	1.00336	1927
929	690855	2167	296059	394796	100	60	1.55276	0.809181	39	38.8	174705	1	2141	1.00415	1.00519	1927
930	568810	1936	165637	403173	100	60	1.70049	0.809181	37	38.8	174705	1	2141	1.0704	1.11105	1927
