Time	totMass	NInd	abovemass	belowmass	mean_ares	mean_bres	shannon	meanShannon	NPFT	meanNPFT	Cutted	NNonClonal	NClonal	mean_generation	mean_genet_size	NGenets
1	478.2	0	239.1	239.1	100	60	0	0.791538	39	38.1	0	3	2083	1	0.861352	1867
2	8632.07	0	3386.65	5245.42	100	60	0	0.791538	39	38.1	0	3	2083	1	0.867059	1867
3	41052.4	0	19193.9	21858.5	100	60	0	0.791538	39	38.1	0	3	2083	1	0.873482	1867
4	123442	0	58082.1	65360	100	60	0	0.791538	39	38.1	0	3	2083	1	0.873846	1867
5	274914	0	129029	145885	100	60	0	0.791538	39	38.1	0	3	2083	1	0.873827	1867
6	486970	558	228697	258273	100	60	2.41904	0.791538	39	38.1	0	3	2083	1.0052	0.877399	1867
7	707023	784	334317	372706	100	60	3.14154	0.791538	39	38.1	0	3	2083	1.0105	0.880846	1867
8	885910	850	423296	462615	100	60	3.31813	0.791538	39	38.1	0	3	2083	1.02646	0.897647	1867
9	1.02763e+006	813	497556	530075	100	60	3.20598	0.791538	39	38.1	0	3	2083	1.03957	0.912776	1867
10	1.10953e+006	765	543442	566087	100	60	3.04864	0.791538	39	38.1	0	3	2083	1.06543	0.939948	1867
11	1.18942e+006	734	588454	600970	100	60	2.97112	0.791538	39	38.1	0	3	2083	1.07547	0.952251	1867
12	1.23877e+006	702	617219	621550	100	60	2.89237	0.791538	39	38.1	0	3	2083	1.08381	0.96291	1867
13	1.28129e+006	691	642203	639090	100	60	2.86571	0.791538	39	38.1	0	3	2083	1.10594	0.992679	1867
14	1.30761e+006	674	658766	648844	100	60	2.832	0.791538	39	38.1	0	3	2083	1.125	1.01961	1867
15	1.34034e+006	671	677877	662460	100	60	2.86742	0.791538	39	38.1	0	3	2083	1.1398	1.04601	1867
16	1.38365e+006	667	691602	671912	100	60	2.88403	0.791538	39	38.1	0	3	2083	1.17368	1.07465	1867
17	1.41716e+006	668	699930	678540	100	60	2.9126	0.791538	39	38.1	0	3	2083	1.19152	1.09419	1867
18	1.44192e+006	666	711523	686434	100	60	2.95426	0.791538	39	38.1	0	3	2083	1.18627	1.0779	1867
19	1.46034e+006	666	720531	695060	100	60	3.02049	0.791538	39	38.1	0	3	2083	1.19048	1.06592	1867
20	1.45826e+006	662	720894	693652	100	60	3.07635	0.791538	39	38.1	0	3	2083	1.19259	1.03734	1867
21	1.42008e+006	661	724009	696072	100	60	3.13702	0.791538	39	38.1	0	3	2083	1.18997	1.02314	1867
22	1.43108e+006	663	731799	699278	100	60	0.775569	0.791538	39	38.1	0	3	2083	1.02919	0.885414	1867
23	1.45083e+006	651	736214	714619	100	60	0.766513	0.791538	39	38.1	0	3	2083	1.03202	0.894934	1867
24	1.45518e+006	633	736272	718905	100	60	0.781113	0.791538	39	38.1	0	3	2083	1.03563	0.918845	1867
25	1.45483e+006	623	737040	717790	100	60	0.885044	0.791538	39	38.1	0	3	2083	1.04162	0.952452	1867
26	1.46817e+006	612	742472	725695	100	60	1.0115	0.791538	39	38.1	0	3	2083	1.05582	0.985801	1867
27	1.49968e+006	1458	756759	742916	100	60	2.40384	0.791538	39	38.1	0	3	2083	1.073	1.00549	1867
28	1.53147e+006	1382	770575	760893	100	60	2.58574	0.791538	39	38.1	0	3	2083	1.0868	1.01479	1867
29	1.56114e+006	1302	784476	776665	100	60	2.6922	0.791538	39	38.1	0	3	2083	1.10378	1.02888	1867
30	1.1972e+006	1246	401196	796001	100	60	2.28068	0.791538	39	38.1	0	3	2083	1.36387	1.45516	1867
31	1.19558e+006	1047	466257	729161	100	60	1.0714	0.791538	39	38.1	0	3	2083	1.10493	0.995398	1867
32	1.15197e+006	858	481443	670284	100	60	0.831924	0.791538	39	38.1	0	3	2083	1.07337	0.943346	1867
33	847253	715	229054	618032	100	60	0.672528	0.791538	39	38.1	0	3	2083	1.0533	0.926246	1867
34	901360	631	305930	595254	100	60	0.724352	0.791538	39	38.1	0	3	2083	1.05658	0.939835	1867
35	909795	667	349230	560456	100	60	0.911696	0.791538	39	38.1	0	3	2083	1.06168	0.967506	1867
36	898537	803	372599	525939	100	60	1.24857	0.791538	39	38.1	0	3	2083	1.06743	0.993986	1867
37	912443	989	399116	513328	100	60	1.77454	0.791538	39	38.1	0	3	2083	1.08013	1.0152	1867
38	898368	1116	405564	492803	100	60	2.47459	0.791538	39	38.1	0	3	2083	1.10824	1.03385	1867
39	876747	899	404156	472591	100	60	2.50874	0.791538	39	38.1	0	3	2083	1.13012	1.04813	1867
40	585457	737	155501	429956	100	60	2.53995	0.791538	39	38.1	264662	3	2083	1.14617	1.05547	1867
41	575636	615	195815	379821	100	60	2.55919	0.791538	39	38.1	264662	3	2083	1.16296	1.06981	1867
42	572446	528	228335	344111	100	60	2.65486	0.791538	39	38.1	264662	3	2083	1.17117	1.052	1867
43	474224	488	129946	344278	100	60	2.72099	0.791538	39	38.1	264662	3	2083	1.19113	1.06009	1867
44	486957	424	172483	314474	100	60	2.76936	0.791538	39	38.1	264662	3	2083	1.20528	1.07789	1867
45	500437	373	207535	292902	100	60	2.79	0.791538	39	38.1	264662	3	2083	1.22986	1.09855	1867
46	498883	332	221735	268680	100	60	2.86108	0.791538	39	38.1	264662	3	2083	1.25419	1.10458	1867
47	489190	296	225346	250004	100	60	2.85481	0.791538	39	38.1	264662	3	2083	1.27445	1.10469	1867
48	476995	267	225431	237459	100	60	2.92475	0.791538	39	38.1	264662	3	2083	1.26335	1.09717	1867
49	342995	245	113284	226722	100	60	2.96354	0.791538	39	38.1	264662	3	2083	1.26984	1.09865	1867
50	344289	219	134962	206550	100	60	2.97229	0.791538	39	38.1	264662	3	2083	1.29412	1.11111	1867
51	346816	206	152250	194566	100	60	3.01452	0.791538	39	38.1	264662	3	2083	1.31156	1.13115	1867
52	238380	195	50415.8	187964	100	60	0.220313	0.791538	39	38.1	387046	3	2083	1.01108	1.00236	1867
53	276651	190	51149.1	225502	100	60	0.15743	0.791538	39	38.1	387046	3	2083	1.00802	1.00233	1867
54	422506	155	141022	281484	100	60	0.123984	0.791538	39	38.1	387046	3	2083	1.00674	1.00087	1867
55	594582	128	229292	365290	100	60	0.113352	0.791538	39	38.1	387046	3	2083	1.00655	1.00013	1867
56	685778	110	280620	405158	100	60	0.118375	0.791538	38	38.1	387046	3	2083	1.00632	1.00163	1867
57	725891	2005	309672	416219	100	60	1.39035	0.791538	38	38.1	387046	3	2083	1.00757	1.00392	1867
58	749005	1858	331308	417696	100	60	1.55314	0.791538	38	38.1	387046	3	2083	1.00995	1.00878	1867
59	780862	1609	356751	424111	100	60	1.69016	0.791538	38	38.1	387046	3	2083	1.01339	1.01215	1867
60	607659	1458	186175	421484	100	60	1.63754	0.791538	35	38.1	387046	3	2083	1.17654	1.31448	1867
61	631498	1154	249933	380814	100	60	1.47178	0.791538	39	38.1	0	3	2083	1.13239	1.16075	1867
62	683516	990	302595	379873	100	60	1.40415	0.791538	39	38.1	0	3	2083	1.0993	1.09836	1867
63	523463	816	158936	363941	100	60	1.31995	0.791538	39	38.1	0	3	2083	1.07414	1.05723	1867
64	579407	707	221858	356716	100	60	1.33264	0.791538	39	38.1	0	3	2083	1.07437	1.0407	1867
65	652178	676	283294	368153	100	60	1.43625	0.791538	39	38.1	0	3	2083	1.07688	1.03814	1867
66	708953	920	328425	380528	100	60	2.03674	0.791538	39	38.1	0	3	2083	1.08463	1.04133	1867
67	739092	952	354546	384546	100	60	2.3207	0.791538	39	38.1	0	3	2083	1.09595	1.05491	1867
68	764933	944	375960	388972	100	60	2.44323	0.791538	39	38.1	0	3	2083	1.08236	1.04338	1867
69	778015	832	388419	389596	100	60	2.3902	0.791538	39	38.1	0	3	2083	1.09792	1.06642	1867
70	594993	721	226074	368919	100	60	2.38613	0.791538	39	38.1	171660	3	2083	1.10455	1.07355	1867
71	596286	639	255373	340913	100	60	2.37471	0.791538	39	38.1	171660	3	2083	1.12338	1.09455	1867
72	589855	575	273712	316143	100	60	2.42141	0.791538	39	38.1	171660	3	2083	1.13985	1.11408	1867
73	582388	519	283867	298521	100	60	2.46976	0.791538	39	38.1	171660	3	2083	1.14726	1.12229	1867
74	536781	447	268636	268145	100	60	2.49063	0.791538	39	38.1	171660	3	2083	1.17782	1.15545	1867
75	517192	406	263733	253459	100	60	2.50367	0.791538	39	38.1	171660	3	2083	1.1934	1.16624	1867
76	467455	353	237658	222122	100	60	2.47928	0.791538	39	38.1	171660	3	2083	1.19559	1.19048	1867
77	449537	326	227403	208821	100	60	2.48584	0.791538	39	38.1	171660	3	2083	1.1988	1.18506	1867
78	415596	285	211456	191287	100	60	2.53	0.791538	39	38.1	171660	3	2083	1.1993	1.17603	1867
79	391793	267	200026	179761	100	60	2.52243	0.791538	39	38.1	171660	3	2083	1.20833	1.17269	1867
80	329317	225	169817	149756	100	60	2.52738	0.791538	39	38.1	171660	3	2083	1.24057	1.16256	1867
81	222292	209	80338	141954	100	60	2.51918	0.791538	39	38.1	171660	3	2083	1.25773	1.17742	1867
82	197918	195	63714.4	134203	100	60	0.0804371	0.791538	39	38.1	207673	3	2083	1.00292	1.00212	1867
83	404749	182	153118	251631	100	60	0.068824	0.791538	39	38.1	207673	3	2083	1.00266	1.00184	1867
84	477030	145	119833	357196	100	60	0.0594276	0.791538	39	38.1	207673	3	2083	1.0026	1.00192	1867
85	529965	118	163788	366177	100	60	0.051506	0.791538	39	38.1	207673	3	2083	1.00219	1.00148	1867
86	518408	109	180572	337836	100	60	0.0581281	0.791538	39	38.1	207673	3	2083	1.00224	1.0014	1867
87	437038	2664	96646.8	340392	100	60	1.08583	0.791538	39	38.1	207673	3	2083	1.00279	1.00112	1867
88	420608	2391	73375.6	347232	100	60	1.31194	0.791538	39	38.1	207673	3	2083	1.00326	1.0008	1867
89	497306	2150	147431	349875	100	60	1.57363	0.791538	39	38.1	207673	3	2083	1.00404	1.00104	1867
90	490046	2271	110709	379337	100	60	2.04451	0.791538	35	38.1	207673	3	2083	1.02899	1.03834	1867
91	569297	1816	191677	376277	100	60	1.16636	0.791538	39	38.1	0	3	2083	1.01354	1.01161	1867
92	659607	1475	259979	398355	100	60	0.948355	0.791538	39	38.1	0	3	2083	1.00787	1.0054	1867
93	741038	1190	318789	420048	100	60	0.858392	0.791538	39	38.1	0	3	2083	1.00534	1.00187	1867
94	837123	1016	375769	459390	100	60	0.906326	0.791538	39	38.1	0	3	2083	1.00631	1.00173	1867
95	876057	872	403427	470949	100	60	0.973835	0.791538	39	38.1	0	3	2083	1.00911	1.00476	1867
96	895228	1531	421890	473338	100	60	1.68647	0.791538	39	38.1	0	3	2083	1.01465	1.01163	1867
97	886455	1458	424665	461790	100	60	1.81074	0.791538	39	38.1	0	3	2083	1.01486	1.01686	1867
98	866284	1312	421918	444366	100	60	1.95225	0.791538	39	38.1	0	3	2083	1.01902	1.02448	1867
99	645204	1124	207178	438027	100	60	1.95128	0.791538	39	38.1	0	3	2083	1.02781	1.03832	1867
100	644815	981	234862	409953	100	60	2.04578	0.791538	39	38.1	30498.7	3	2083	1.03596	1.04597	1867
101	665559	857	280759	384799	100	60	2.1467	0.791538	39	38.1	30498.7	3	2083	1.05159	1.06096	1867
102	661287	758	305001	356287	100	60	2.20942	0.791538	39	38.1	30498.7	3	2083	1.04898	1.05563	1867
103	635306	659	308463	326843	100	60	2.25105	0.791538	39	38.1	30498.7	3	2083	1.06931	1.07328	1867
104	618339	589	309250	309090	100	60	2.33182	0.791538	39	38.1	30498.7	3	2083	1.08676	1.08621	1867
105	599778	539	304911	294867	100	60	2.30143	0.791538	39	38.1	30498.7	3	2083	1.11382	1.11698	1867
106	570639	485	288380	273609	100	60	2.35452	0.791538	39	38.1	30498.7	3	2083	1.14695	1.15401	1867
107	543684	435	273475	255350	100	60	2.33849	0.791538	39	38.1	30498.7	3	2083	1.16379	1.17494	1867
108	537819	412	271299	251044	100	60	2.36343	0.791538	39	38.1	30498.7	3	2083	1.17991	1.19036	1867
109	507402	379	257033	235675	100	60	2.43135	0.791538	39	38.1	30498.7	3	2083	1.1706	1.17087	1867
110	458718	330	233153	212893	100	60	2.43842	0.791538	39	38.1	30498.7	3	2083	1.17431	1.17799	1867
111	438248	321	229648	208601	100	60	2.4595	0.791538	39	38.1	30498.7	3	2083	1.18831	1.19244	1867
112	306083	306	107769	198314	100	60	0.115944	0.791538	39	38.1	155222	3	2083	1.00379	1.00345	1867
113	514307	280	201870	312437	100	60	0.0945893	0.791538	39	38.1	155222	3	2083	1.00323	1.00274	1867
114	664742	255	270212	394530	100	60	0.0905837	0.791538	39	38.1	155222	3	2083	1.00344	1.00321	1867
115	644091	216	267744	376347	100	60	0.0953762	0.791538	39	38.1	155222	3	2083	1.00403	1.00362	1867
116	608524	186	262972	345553	100	60	0.0998121	0.791538	39	38.1	155222	3	2083	1.00516	1.00553	1867
117	661967	2431	295594	366373	100	60	1.18014	0.791538	39	38.1	155222	3	2083	1.00712	1.00723	1867
118	738400	2194	334863	403538	100	60	1.35544	0.791538	39	38.1	155222	3	2083	1.00809	1.0092	1867
119	808369	2016	371152	437216	100	60	1.67347	0.791538	39	38.1	155222	3	2083	1.01104	1.011	1867
120	613313	1730	186574	426738	100	60	1.80077	0.791538	36	38.1	155222	3	2083	1.09036	1.15255	1867
121	673244	1404	260673	411417	100	60	0.862302	0.791538	39	38.1	0	3	2083	1.03052	1.03216	1867
122	742160	1171	316884	423676	100	60	0.701783	0.791538	39	38.1	0	3	2083	1.01745	1.0156	1867
123	826987	988	370261	454904	100	60	0.638592	0.791538	39	38.1	0	3	2083	1.01361	1.01046	1867
124	878855	835	401171	476166	100	60	0.661578	0.791538	39	38.1	0	3	2083	1.01588	1.01167	1867
125	895206	783	415781	478083	100	60	0.725092	0.791538	39	38.1	0	3	2083	1.01754	1.01404	1867
126	898712	1677	425077	473635	100	60	1.51725	0.791538	39	38.1	0	3	2083	1.0197	1.01744	1867
127	866533	1545	415064	451469	100	60	1.66211	0.791538	39	38.1	0	3	2083	1.02229	1.01962	1867
128	859956	1438	417651	442304	100	60	1.97563	0.791538	39	38.1	0	3	2083	1.02894	1.02598	1867
129	818730	1159	402253	416477	100	60	2.01292	0.791538	39	38.1	0	3	2083	1.02901	1.02783	1867
130	668437	997	269539	398898	100	60	2.10885	0.791538	39	38.1	142950	3	2083	1.03833	1.03636	1867
131	662076	842	292951	369126	100	60	2.16218	0.791538	39	38.1	142950	3	2083	1.04706	1.04671	1867
132	654404	732	307627	346776	100	60	2.21709	0.791538	39	38.1	142950	3	2083	1.06612	1.06456	1867
133	497000	671	160282	336718	100	60	2.25633	0.791538	39	38.1	142950	3	2083	1.08605	1.08446	1867
134	529163	624	205765	323398	100	60	2.32127	0.791538	39	38.1	142950	3	2083	1.1	1.10065	1867
135	528456	554	234004	294452	100	60	2.34124	0.791538	39	38.1	142950	3	2083	1.1094	1.11213	1867
136	514417	482	241321	264743	100	60	2.34203	0.791538	39	38.1	142950	3	2083	1.13686	1.13646	1867
137	387280	450	128624	255973	100	60	2.33854	0.791538	39	38.1	142950	3	2083	1.17103	1.15718	1867
138	396470	402	155343	234007	100	60	2.36453	0.791538	39	38.1	142950	3	2083	1.18265	1.15561	1867
139	399845	362	177356	213467	100	60	2.3733	0.791538	39	38.1	142950	3	2083	1.18277	1.15429	1867
140	312651	347	101149	209716	100	60	2.41893	0.791538	39	38.1	142950	3	2083	1.18927	1.16364	1867
141	305381	307	120533	184849	100	60	2.39702	0.791538	39	38.1	142950	3	2083	1.2057	1.15932	1867
142	246223	262	85304.3	160919	100	60	0.178755	0.791538	39	38.1	195906	3	2083	1.00778	1.00483	1867
143	352826	228	140669	212157	100	60	0.126897	0.791538	39	38.1	195906	3	2083	1.00569	1.00302	1867
144	549286	203	237127	312159	100	60	0.115736	0.791538	39	38.1	195906	3	2083	1.00505	1.00297	1867
145	691484	181	297820	393664	100	60	0.114083	0.791538	39	38.1	195906	3	2083	1.00531	1.00348	1867
146	547594	176	140989	406604	100	60	0.132127	0.791538	38	38.1	195906	3	2083	1.00613	1.0059	1867
147	540678	2121	177286	363392	100	60	0.973895	0.791538	38	38.1	195906	3	2083	1.00703	1.00826	1867
148	486241	2038	107273	378968	100	60	1.12696	0.791538	38	38.1	195906	3	2083	1.0084	1.00992	1867
149	548448	1821	178038	370409	100	60	1.30221	0.791538	38	38.1	195906	3	2083	1.01119	1.01178	1867
150	501716	1651	123560	378156	100	60	1.44694	0.791538	34	38.1	195906	3	2083	1.09366	1.15263	1867
151	584465	1425	209774	371531	100	60	1.11447	0.791538	39	38.1	0	3	2083	1.05395	1.05595	1867
152	653690	1198	275193	375332	100	60	0.998802	0.791538	39	38.1	0	3	2083	1.03195	1.02503	1867
153	542291	1016	161934	379404	100	60	0.939006	0.791538	39	38.1	0	3	2083	1.02574	1.01306	1867
154	638524	899	246354	389452	100	60	0.976319	0.791538	39	38.1	0	3	2083	1.02716	1.01101	1867
155	715693	786	314957	398526	100	60	1.02114	0.791538	39	38.1	0	3	2083	1.03129	1.01022	1867
156	587980	1286	178514	409465	100	60	1.5584	0.791538	39	38.1	0	3	2083	1.03241	1.00965	1867
157	635143	1304	246273	388870	100	60	1.72614	0.791538	39	38.1	0	3	2083	1.03201	1.0117	1867
158	686839	1212	304228	382612	100	60	1.80123	0.791538	39	38.1	0	3	2083	1.03729	1.02243	1867
159	725485	1056	346876	378609	100	60	1.7884	0.791538	39	38.1	0	3	2083	1.04485	1.02854	1867
160	646011	893	293521	352490	100	60	1.80772	0.791538	39	38.1	67602.9	3	2083	1.05532	1.0382	1867
161	628154	768	304644	323510	100	60	1.81634	0.791538	39	38.1	67602.9	3	2083	1.06256	1.04557	1867
162	586282	647	297204	289078	100	60	1.84634	0.791538	39	38.1	67602.9	3	2083	1.0826	1.06173	1867
163	561869	570	293020	268849	100	60	1.83909	0.791538	39	38.1	67602.9	3	2083	1.11028	1.09011	1867
164	536356	514	285078	251278	100	60	1.82996	0.791538	39	38.1	67602.9	3	2083	1.12415	1.09684	1867
165	501927	454	269846	232082	100	60	1.84533	0.791538	39	38.1	67602.9	3	2083	1.1546	1.12168	1867
166	468527	403	249961	212280	100	60	1.85908	0.791538	39	38.1	67602.9	3	2083	1.19222	1.15152	1867
167	434858	357	230094	193898	100	60	1.85988	0.791538	39	38.1	67602.9	3	2083	1.2199	1.18286	1867
168	420005	337	222463	186923	100	60	1.90107	0.791538	39	38.1	67602.9	3	2083	1.22485	1.18553	1867
169	394364	306	209877	174382	100	60	1.89188	0.791538	39	38.1	67602.9	3	2083	1.23432	1.17406	1867
170	363947	278	194033	161065	100	60	1.87288	0.791538	39	38.1	67602.9	3	2083	1.27509	1.2093	1867
171	245954	260	93292.5	152661	100	60	1.88417	0.791538	39	38.1	67602.9	3	2083	1.28862	1.23305	1867
172	240575	248	92445.3	148129	100	60	0.0816285	0.791538	39	38.1	91724.1	3	2083	1.00385	0.99301	1867
173	464892	231	186171	278720	100	60	0.0730186	0.791538	39	38.1	91724.1	3	2083	1.00353	0.992945	1867
174	631021	220	258771	372249	100	60	0.0742766	0.791538	39	38.1	91724.1	3	2083	1.00374	0.996512	1867
175	614723	199	260147	354576	100	60	0.0818627	0.791538	39	38.1	91724.1	3	2083	1.00432	0.999203	1867
176	595177	174	262159	333018	100	60	0.0849365	0.791538	39	38.1	91724.1	3	2083	1.0045	1.00076	1867
177	652072	2562	296997	355075	100	60	1.07595	0.791538	38	38.1	91724.1	3	2083	1.00701	1.00393	1867
178	716234	2130	330828	385406	100	60	1.17074	0.791538	38	38.1	91724.1	3	2083	1.00956	1.01086	1867
179	738301	1865	346675	391626	100	60	1.39523	0.791538	38	38.1	91724.1	3	2083	1.01217	1.01421	1867
180	580255	1701	182825	397429	100	60	1.54235	0.791538	35	38.1	91724.1	3	2083	1.08687	1.15134	1867
181	657064	1427	263462	391197	100	60	0.797616	0.791538	39	38.1	0	3	2083	1.03167	1.02298	1867
182	713892	1175	314847	395851	100	60	0.65639	0.791538	39	38.1	0	3	2083	1.01867	1.00549	1867
183	787002	997	364370	419060	100	60	0.60152	0.791538	39	38.1	0	3	2083	1.01323	0.999845	1867
184	839867	841	396818	439969	100	60	0.624364	0.791538	39	38.1	0	3	2083	1.01518	0.999798	1867
185	842570	761	404256	435747	100	60	0.692041	0.791538	39	38.1	0	3	2083	1.01876	1.00569	1867
186	850475	1600	415185	435290	100	60	1.32488	0.791538	39	38.1	0	3	2083	1.02073	1.00839	1867
187	838027	1462	415403	422624	100	60	1.44431	0.791538	39	38.1	0	3	2083	1.02461	1.01561	1867
188	819829	1403	411541	408288	100	60	1.63822	0.791538	39	38.1	0	3	2083	1.03069	1.02437	1867
189	812284	1195	413161	399123	100	60	1.69515	0.791538	39	38.1	0	3	2083	1.03812	1.03451	1867
190	669669	997	299130	370540	100	60	1.74626	0.791538	39	38.1	108012	3	2083	1.05462	1.06357	1867
191	653833	854	310634	343198	100	60	1.82341	0.791538	39	38.1	108012	3	2083	1.07319	1.08491	1867
192	651539	768	322643	328897	100	60	1.87221	0.791538	39	38.1	108012	3	2083	1.0802	1.08388	1867
193	629134	689	320584	308550	100	60	1.91395	0.791538	39	38.1	108012	3	2083	1.09696	1.10309	1867
194	617306	640	320596	296710	100	60	1.95588	0.791538	39	38.1	108012	3	2083	1.11243	1.11859	1867
195	584834	580	307059	277775	100	60	1.99548	0.791538	39	38.1	108012	3	2083	1.12481	1.12903	1867
196	564984	533	294465	262696	100	60	2.00283	0.791538	39	38.1	108012	3	2083	1.16753	1.16896	1867
197	519798	471	269461	236918	100	60	1.99709	0.791538	39	38.1	108012	3	2083	1.17717	1.18667	1867
198	486787	426	253296	220601	100	60	2.03682	0.791538	39	38.1	108012	3	2083	1.17595	1.16832	1867
199	456841	389	238695	205782	100	60	2.07542	0.791538	39	38.1	108012	3	2083	1.15517	1.1413	1867
200	327245	375	120710	204399	100	60	2.0925	0.791538	39	38.1	108012	3	2083	1.15803	1.14124	1867
201	334364	351	144041	190324	100	60	2.11496	0.791538	39	38.1	108012	3	2083	1.16857	1.16049	1867
202	295051	327	116287	178764	100	60	0.15154	0.791538	39	38.1	157063	3	2083	1.00562	1.00414	1867
203	442112	300	184298	257813	100	60	0.120898	0.791538	39	38.1	157063	3	2083	1.00462	1.00326	1867
204	508198	274	137444	370755	100	60	0.114549	0.791538	39	38.1	157063	3	2083	1.00467	1.00311	1867
205	596400	235	193862	402538	100	60	0.101326	0.791538	39	38.1	157063	3	2083	1.00429	1.00196	1867
206	587204	201	215025	372178	100	60	0.107602	0.791538	39	38.1	157063	3	2083	1.00507	1.00284	1867
207	597410	2205	244364	353045	100	60	0.782763	0.791538	39	38.1	157063	3	2083	1.00617	1.00441	1867
208	516634	1974	132113	384521	100	60	0.893479	0.791538	39	38.1	157063	3	2083	1.00762	1.00562	1867
209	572447	1734	198034	374413	100	60	1.06778	0.791538	38	38.1	157063	3	2083	1.00894	1.00545	1867
210	442734	1731	60870.8	381864	100	60	1.24557	0.791538	32	38.1	157063	3	2083	1.08102	1.12928	1867
211	448705	1365	118736	327561	100	60	0.793346	0.791538	39	38.1	0	3	2083	1.03494	1.03396	1867
212	556833	1212	205047	349349	100	60	0.699575	0.791538	39	38.1	0	3	2083	1.02077	1.01523	1867
213	673907	1058	287433	381546	100	60	0.676799	0.791538	39	38.1	0	3	2083	1.0174	1.01035	1867
214	781697	926	356407	420715	100	60	0.71907	0.791538	39	38.1	0	3	2083	1.01652	1.00838	1867
215	809598	775	382591	423353	100	60	0.737054	0.791538	39	38.1	0	3	2083	1.01699	1.00682	1867
216	834776	1523	404529	430247	100	60	1.25249	0.791538	39	38.1	0	3	2083	1.02154	1.01052	1867
217	827471	1460	408079	419392	100	60	1.33226	0.791538	39	38.1	0	3	2083	1.02223	1.0104	1867
218	796616	1299	400338	396278	100	60	1.39359	0.791538	39	38.1	0	3	2083	1.03027	1.01933	1867
219	790665	1114	403741	386924	100	60	1.40073	0.791538	39	38.1	0	3	2083	1.03812	1.03066	1867
220	558042	964	188730	369312	100	60	1.44005	0.791538	39	38.1	3370.78	3	2083	1.04214	1.0365	1867
221	587801	861	242676	345124	100	60	1.49043	0.791538	39	38.1	3370.78	3	2083	1.05565	1.04907	1867
222	615136	783	287344	327791	100	60	1.51326	0.791538	39	38.1	3370.78	3	2083	1.06961	1.06564	1867
223	624724	715	311655	313068	100	60	1.56156	0.791538	39	38.1	3370.78	3	2083	1.09207	1.09605	1867
224	449417	651	155315	294102	100	60	1.60068	0.791538	39	38.1	3370.78	3	2083	1.10656	1.10329	1867
225	473959	595	199503	274456	100	60	1.57959	0.791538	39	38.1	3370.78	3	2083	1.1407	1.13356	1867
226	499043	552	233392	259227	100	60	1.59928	0.791538	39	38.1	3370.78	3	2083	1.14334	1.13124	1867
227	502986	507	247974	244283	100	60	1.59352	0.791538	39	38.1	3370.78	3	2083	1.16022	1.13627	1867
228	469893	443	239604	219648	100	60	1.5782	0.791538	39	38.1	3370.78	3	2083	1.18534	1.15814	1867
229	459225	421	238043	210753	100	60	1.57304	0.791538	39	38.1	3370.78	3	2083	1.20418	1.17706	1867
230	434024	386	228281	195973	100	60	1.58171	0.791538	39	38.1	3370.78	3	2083	1.20876	1.19231	1867
231	405496	362	218873	186623	100	60	1.53555	0.791538	39	38.1	3370.78	3	2083	1.22438	1.20944	1867
232	323776	332	146665	177110	100	60	0.100173	0.791538	39	38.1	69376.5	3	2083	1.00438	0.99926	1867
233	538115	305	234169	303946	100	60	0.0871527	0.791538	39	38.1	69376.5	3	2083	1.00363	0.998837	1867
234	640692	259	273768	366924	100	60	0.0787004	0.791538	39	38.1	69376.5	3	2083	1.00384	0.999821	1867
235	607199	225	264356	342843	100	60	0.0808068	0.791538	39	38.1	69376.5	3	2083	1.0045	1.00118	1867
236	571601	196	256615	314986	100	60	0.0838126	0.791538	39	38.1	69376.5	3	2083	1.00507	1.00357	1867
237	638367	2320	294558	343809	100	60	0.86534	0.791538	39	38.1	69376.5	3	2083	1.00761	1.00731	1867
238	716842	2095	334208	382634	100	60	1.0137	0.791538	39	38.1	69376.5	3	2083	1.00944	1.01051	1867
239	557457	1858	162829	394628	100	60	1.22184	0.791538	39	38.1	69376.5	3	2083	1.01504	1.01622	1867
240	462764	1653	104648	358116	100	60	1.36448	0.791538	34	38.1	69376.5	3	2083	1.07171	1.11847	1867
241	510994	1325	176998	331924	100	60	0.528741	0.791538	39	38.1	0	3	2083	1.01655	1.01051	1867
242	620454	1078	254108	364047	100	60	0.423053	0.791538	39	38.1	0	3	2083	1.01092	1.00398	1867
243	738834	907	324856	410694	100	60	0.396362	0.791538	39	38.1	0	3	2083	1.00837	1.00087	1867
244	604776	784	172853	431757	100	60	0.437554	0.791538	39	38.1	0	3	2083	1.00936	1	1867
245	633475	691	229143	404196	100	60	0.477576	0.791538	39	38.1	0	3	2083	1.01119	1.00075	1867
246	677930	1707	283677	394252	100	60	1.10572	0.791538	39	38.1	0	3	2083	1.01531	1.00299	1867
247	713923	1573	325103	388820	100	60	1.23279	0.791538	39	38.1	0	3	2083	1.01774	1.00976	1867
248	742446	1550	353819	388626	100	60	1.46785	0.791538	39	38.1	0	3	2083	1.02084	1.01101	1867
249	747074	1245	367504	379569	100	60	1.50598	0.791538	39	38.1	0	3	2083	1.02877	1.02258	1867
250	676068	1048	315846	360222	100	60	1.52372	0.791538	39	38.1	56568.7	3	2083	1.02945	1.0239	1867
251	669979	906	329215	340765	100	60	1.61533	0.791538	39	38.1	56568.7	3	2083	1.03987	1.03208	1867
252	634990	773	323081	311909	100	60	1.62433	0.791538	39	38.1	56568.7	3	2083	1.06979	1.07004	1867
253	612880	697	318576	294304	100	60	1.66133	0.791538	39	38.1	56568.7	3	2083	1.08018	1.08345	1867
254	578077	625	305102	272976	100	60	1.68986	0.791538	39	38.1	56568.7	3	2083	1.09511	1.09839	1867
255	564946	585	300294	264652	100	60	1.72253	0.791538	39	38.1	56568.7	3	2083	1.11424	1.10499	1867
256	517311	516	272727	237288	100	60	1.7681	0.791538	39	38.1	56568.7	3	2083	1.12346	1.11198	1867
257	481275	464	251605	216565	100	60	1.77181	0.791538	39	38.1	56568.7	3	2083	1.138	1.12281	1867
258	455602	418	238426	204927	100	60	1.78459	0.791538	39	38.1	56568.7	3	2083	1.15281	1.13692	1867
259	418761	377	220196	187242	100	60	1.80861	0.791538	39	38.1	56568.7	3	2083	1.13043	1.12431	1867
260	408037	356	215052	182216	100	60	1.82358	0.791538	39	38.1	56568.7	3	2083	1.13279	1.13196	1867
261	366424	325	198479	167945	100	60	1.83938	0.791538	39	38.1	56568.7	3	2083	1.12575	1.12704	1867
262	279056	299	120866	158190	100	60	0.101548	0.791538	39	38.1	128214	3	2083	1.0024	0.996874	1867
263	485349	271	205588	279761	100	60	0.0848317	0.791538	39	38.1	128214	3	2083	1.00248	0.996523	1867
264	642431	248	271892	370539	100	60	0.0810599	0.791538	39	38.1	128214	3	2083	1.00236	0.996905	1867
265	640327	233	276215	364112	100	60	0.0918621	0.791538	39	38.1	128214	3	2083	1.0031	0.997884	1867
266	592475	214	263707	328768	100	60	0.103027	0.791538	39	38.1	128214	3	2083	1.00386	1	1867
267	655251	2277	301449	353802	100	60	0.944659	0.791538	39	38.1	128214	3	2083	1.00545	1.00382	1867
268	743292	2098	345921	397371	100	60	1.113	0.791538	39	38.1	128214	3	2083	1.00712	1.00635	1867
269	756279	1821	355185	401094	100	60	1.33855	0.791538	39	38.1	128214	3	2083	1.00817	1.00851	1867
270	487780	1644	85542.7	402237	100	60	1.46139	0.791538	35	38.1	128214	3	2083	1.09187	1.15922	1867
271	504117	1324	149631	353973	100	60	0.62711	0.791538	39	38.1	0	3	2083	1.02235	1.01611	1867
272	597114	1104	226827	369604	100	60	0.512851	0.791538	39	38.1	0	3	2083	1.0125	1.00469	1867
273	718347	950	308336	409051	100	60	0.493546	0.791538	39	38.1	0	3	2083	1.00912	0.998602	1867
274	793910	820	356505	436403	100	60	0.545448	0.791538	39	38.1	0	3	2083	1.0098	0.997838	1867
275	806644	728	374749	431010	100	60	0.626918	0.791538	39	38.1	0	3	2083	1.01183	0.999443	1867
276	794523	1647	378272	416252	100	60	1.26519	0.791538	39	38.1	0	3	2083	1.01325	0.999181	1867
277	789723	1501	383266	406456	100	60	1.36386	0.791538	39	38.1	0	3	2083	1.01772	1.0072	1867
278	788847	1440	389216	399631	100	60	1.55583	0.791538	39	38.1	0	3	2083	1.02484	1.01672	1867
279	792606	1213	397729	394877	100	60	1.60461	0.791538	39	38.1	0	3	2083	1.02637	1.01654	1867
280	655387	1004	290933	364454	100	60	1.65233	0.791538	39	38.1	99671.9	3	2083	1.02863	1.02298	1867
281	680030	908	322305	357725	100	60	1.75079	0.791538	39	38.1	99671.9	3	2083	1.03304	1.02428	1867
282	666431	809	330507	335923	100	60	1.82573	0.791538	39	38.1	99671.9	3	2083	1.03679	1.02609	1867
283	625825	698	320498	305327	100	60	1.8701	0.791538	39	38.1	99671.9	3	2083	1.05208	1.04467	1867
284	576540	604	301359	275181	100	60	1.89061	0.791538	39	38.1	99671.9	3	2083	1.0564	1.04643	1867
285	521020	529	276279	244741	100	60	1.93726	0.791538	39	38.1	99671.9	3	2083	1.06199	1.05323	1867
286	502953	484	263874	230153	100	60	1.96453	0.791538	39	38.1	99671.9	3	2083	1.07169	1.06237	1867
287	483181	447	250262	216818	100	60	1.98121	0.791538	39	38.1	99671.9	3	2083	1.07975	1.06054	1867
288	440732	391	228587	197608	100	60	1.98789	0.791538	39	38.1	99671.9	3	2083	1.07512	1.06202	1867
289	304075	359	113508	187365	100	60	2.02651	0.791538	39	38.1	99671.9	3	2083	1.06202	1.04507	1867
290	295999	312	128017	165216	100	60	2.06792	0.791538	39	38.1	99671.9	3	2083	1.07012	1.05941	1867
291	292548	280	140605	151942	100	60	2.12624	0.791538	39	38.1	99671.9	3	2083	1.0756	1.06667	1867
292	230252	256	89026	141226	100	60	0.141504	0.791538	39	38.1	164164	3	2083	1.00232	1.00112	1867
293	349427	220	145566	203861	100	60	0.101525	0.791538	39	38.1	164164	3	2083	1.00196	1.00073	1867
294	562783	202	245230	317553	100	60	0.097223	0.791538	39	38.1	164164	3	2083	1.00165	1.00053	1867
295	665802	180	288355	377446	100	60	0.097967	0.791538	39	38.1	164164	3	2083	1.00169	1.00136	1867
296	664659	167	292272	372388	100	60	0.109347	0.791538	39	38.1	164164	3	2083	1.00207	1.0024	1867
297	655389	2087	297004	358385	100	60	0.889331	0.791538	39	38.1	164164	3	2083	1.00285	1.00401	1867
298	718120	1969	333721	384399	100	60	0.999122	0.791538	39	38.1	164164	3	2083	1.00375	1.00649	1867
299	775421	1737	367659	407763	100	60	1.1978	0.791538	39	38.1	164164	3	2083	1.00482	1.00807	1867
300	612434	1613	196008	416425	100	60	1.28194	0.791538	35	38.1	164164	3	2083	1.11915	1.21121	1867
301	640043	1278	262268	375292	100	60	0.976297	0.791538	39	38.1	0	3	2083	1.06641	1.07732	1867
302	690437	1079	315506	371626	100	60	0.863643	0.791538	39	38.1	0	3	2083	1.03746	1.03776	1867
303	746351	955	359923	382134	100	60	0.837199	0.791538	39	38.1	0	3	2083	1.02282	1.01855	1867
304	580117	825	189426	390118	100	60	0.861504	0.791538	39	38.1	0	3	2083	1.02225	1.01584	1867
305	651923	762	262534	388850	100	60	0.917856	0.791538	39	38.1	0	3	2083	1.02457	1.01304	1867
306	707638	1211	318575	389063	100	60	1.41025	0.791538	39	38.1	0	3	2083	1.02986	1.01379	1867
307	761862	1283	363774	398088	100	60	1.59456	0.791538	39	38.1	0	3	2083	1.02978	1.01362	1867
308	774268	1253	382841	391427	100	60	1.66915	0.791538	39	38.1	0	3	2083	1.03907	1.02417	1867
309	768137	1073	389632	378505	100	60	1.65661	0.791538	39	38.1	0	3	2083	1.04413	1.03669	1867
310	665331	918	307108	358223	100	60	1.66399	0.791538	39	38.1	82861.2	3	2083	1.04904	1.04286	1867
311	656320	814	320792	335528	100	60	1.66591	0.791538	39	38.1	82861.2	3	2083	1.05994	1.0559	1867
312	463636	711	156970	306666	100	60	1.6634	0.791538	39	38.1	82861.2	3	2083	1.06667	1.06091	1867
313	482832	639	201982	280850	100	60	1.67042	0.791538	39	38.1	82861.2	3	2083	1.08205	1.06973	1867
314	503618	590	238673	264945	100	60	1.70905	0.791538	39	38.1	82861.2	3	2083	1.09211	1.07057	1867
315	471986	504	239563	232423	100	60	1.74615	0.791538	39	38.1	82861.2	3	2083	1.10733	1.08925	1867
316	455302	450	234878	213716	100	60	1.75999	0.791538	39	38.1	82861.2	3	2083	1.12422	1.1139	1867
317	431431	406	224131	195555	100	60	1.73614	0.791538	39	38.1	82861.2	3	2083	1.15258	1.12723	1867
318	440042	397	231268	196856	100	60	1.73562	0.791538	39	38.1	82861.2	3	2083	1.16422	1.13055	1867
319	420164	369	222764	186087	100	60	1.7197	0.791538	39	38.1	82861.2	3	2083	1.16579	1.14286	1867
320	395123	336	210250	174552	100	60	1.74208	0.791538	39	38.1	82861.2	3	2083	1.1657	1.14642	1867
321	357894	304	196152	161742	100	60	1.74352	0.791538	39	38.1	82861.2	3	2083	1.17252	1.15172	1867
322	249297	259	108551	140746	100	60	0.0867173	0.791538	39	38.1	156533	3	2083	1.00283	0.986825	1867
323	479603	253	204967	274636	100	60	0.077196	0.791538	39	38.1	156533	3	2083	1.00271	0.988228	1867
324	632622	236	268483	364140	100	60	0.0752877	0.791538	39	38.1	156533	3	2083	1.00288	0.990524	1867
325	611259	211	265221	346038	100	60	0.0805152	0.791538	39	38.1	156533	3	2083	1.00298	0.995982	1867
326	584853	199	263886	320967	100	60	0.0908567	0.791538	39	38.1	156533	3	2083	1.00319	0.997756	1867
327	645404	2294	300493	344911	100	60	0.923771	0.791538	39	38.1	156533	3	2083	1.00564	1.00161	1867
328	734365	2208	346115	388250	100	60	1.10567	0.791538	39	38.1	156533	3	2083	1.00705	1.00353	1867
329	567497	1917	168621	398877	100	60	1.29707	0.791538	39	38.1	156533	3	2083	1.00984	1.00841	1867
330	501387	1799	115408	385980	100	60	1.44172	0.791538	37	38.1	156533	3	2083	1.07614	1.12759	1867
331	554411	1455	192206	360876	100	60	0.678378	0.791538	39	38.1	0	3	2083	1.02297	1.01117	1867
332	663318	1243	271723	389840	100	60	0.570219	0.791538	39	38.1	0	3	2083	1.01448	1.00075	1867
333	769211	1070	340996	425659	100	60	0.54739	0.791538	39	38.1	0	3	2083	1.0109	0.99678	1867
334	827259	903	380314	444586	100	60	0.585323	0.791538	39	38.1	0	3	2083	1.01133	0.995732	1867
335	841939	812	397297	442533	100	60	0.641816	0.791538	39	38.1	0	3	2083	1.01323	0.998594	1867
336	851853	1714	411739	440114	100	60	1.25426	0.791538	39	38.1	0	3	2083	1.01585	1.00402	1867
337	830620	1614	407875	422745	100	60	1.38109	0.791538	39	38.1	0	3	2083	1.01867	1.00858	1867
338	846596	1545	422471	424124	100	60	1.58676	0.791538	39	38.1	0	3	2083	1.0181	1.0085	1867
339	812392	1266	410622	401771	100	60	1.61731	0.791538	39	38.1	0	3	2083	1.0206	1.00958	1867
340	706232	1083	318485	387746	100	60	1.68122	0.791538	39	38.1	98990.4	3	2083	1.03103	1.02423	1867
341	693426	936	330829	362597	100	60	1.76581	0.791538	39	38.1	98990.4	3	2083	1.04098	1.03125	1867
342	649312	792	323520	325792	100	60	1.80223	0.791538	39	38.1	98990.4	3	2083	1.04716	1.03558	1867
343	651540	734	334243	317297	100	60	1.84848	0.791538	39	38.1	98990.4	3	2083	1.0627	1.04938	1867
344	612579	644	320573	292006	100	60	1.88676	0.791538	39	38.1	98990.4	3	2083	1.0815	1.06875	1867
345	581614	582	308485	273129	100	60	1.91469	0.791538	39	38.1	98990.4	3	2083	1.1086	1.08492	1867
346	557928	534	293753	254985	100	60	1.92989	0.791538	39	38.1	98990.4	3	2083	1.11205	1.07547	1867
347	511060	470	267168	228285	100	60	1.96654	0.791538	39	38.1	98990.4	3	2083	1.09037	1.05819	1867
348	474553	420	248776	211206	100	60	2.01557	0.791538	39	38.1	98990.4	3	2083	1.08559	1.04645	1867
349	455946	395	239689	202193	100	60	2.05651	0.791538	39	38.1	98990.4	3	2083	1.08933	1.05	1867
350	422852	358	223338	186867	100	60	2.05293	0.791538	39	38.1	98990.4	3	2083	1.0847	1.04035	1867
351	396681	338	217066	179615	100	60	2.04029	0.791538	39	38.1	98990.4	3	2083	1.08023	1.03343	1867
352	244559	292	82778.3	161780	100	60	0.0938654	0.791538	39	38.1	116210	3	2083	1.00167	0.983735	1867
353	490813	277	190807	300007	100	60	0.0815368	0.791538	39	38.1	116210	3	2083	1.00135	0.981819	1867
354	645985	268	261270	384715	100	60	0.0814702	0.791538	39	38.1	116210	3	2083	1.00149	0.98798	1867
355	623227	254	262359	360868	100	60	0.0954334	0.791538	39	38.1	116210	3	2083	1.00178	0.99029	1867
356	594707	234	262564	332143	100	60	0.106179	0.791538	39	38.1	116210	3	2083	1.00226	0.991489	1867
357	653171	2390	298690	354481	100	60	0.997658	0.791538	39	38.1	116210	3	2083	1.00395	0.994407	1867
358	721066	2162	335648	385418	100	60	1.15996	0.791538	39	38.1	116210	3	2083	1.00572	1.00097	1867
359	743586	1904	351164	392421	100	60	1.38466	0.791538	39	38.1	116210	3	2083	1.00791	1.00546	1867
360	576296	1703	182718	393578	100	60	1.512	0.791538	36	38.1	116210	3	2083	1.09038	1.15059	1867
361	494914	1384	121296	373126	100	60	0.663452	0.791538	39	38.1	0	3	2083	1.02443	1.01316	1867
362	585305	1159	201065	382775	100	60	0.480102	0.791538	39	38.1	0	3	2083	1.01136	0.997897	1867
363	732037	1017	296710	433373	100	60	0.450141	0.791538	39	38.1	0	3	2083	1.00786	0.992629	1867
364	789318	841	341291	445857	100	60	0.466836	0.791538	39	38.1	0	3	2083	1.00734	0.992409	1867
365	794728	743	359561	433320	100	60	0.527596	0.791538	39	38.1	0	3	2083	1.00877	0.996022	1867
366	788973	1707	371681	417292	100	60	1.21242	0.791538	39	38.1	0	3	2083	1.00998	0.996653	1867
367	786028	1597	380750	405278	100	60	1.38576	0.791538	39	38.1	0	3	2083	1.01227	0.998417	1867
368	779250	1493	384564	394686	100	60	1.62501	0.791538	39	38.1	0	3	2083	1.01195	1.00067	1867
369	776072	1242	389441	386631	100	60	1.7151	0.791538	39	38.1	0	3	2083	1.01722	1.00972	1867
370	667553	1076	294078	373475	100	60	1.78036	0.791538	39	38.1	106482	3	2083	1.02477	1.01961	1867
371	639114	893	300535	338579	100	60	1.855	0.791538	39	38.1	106482	3	2083	1.03616	1.02925	1867
372	630450	785	310853	319596	100	60	1.90415	0.791538	39	38.1	106482	3	2083	1.04518	1.03448	1867
373	609026	693	310564	298462	100	60	1.90591	0.791538	39	38.1	106482	3	2083	1.05459	1.04638	1867
374	561080	597	291985	269095	100	60	1.94493	0.791538	39	38.1	106482	3	2083	1.06742	1.05574	1867
375	513783	512	271120	242663	100	60	1.95893	0.791538	39	38.1	106482	3	2083	1.08167	1.06849	1867
376	483886	457	253667	222391	100	60	2.00926	0.791538	39	38.1	106482	3	2083	1.08235	1.07033	1867
377	462881	419	241106	208179	100	60	2.01746	0.791538	39	38.1	106482	3	2083	1.08772	1.07952	1867
378	456612	395	238930	203949	100	60	2.05307	0.791538	39	38.1	106482	3	2083	1.08373	1.07398	1867
379	386803	323	204702	170542	100	60	2.01419	0.791538	39	38.1	106482	3	2083	1.07918	1.06918	1867
380	378295	305	201150	166279	100	60	2.00177	0.791538	39	38.1	106482	3	2083	1.08517	1.07358	1867
381	321906	264	176941	144966	100	60	1.98553	0.791538	39	38.1	106482	3	2083	1.08394	1.08594	1867
382	211705	231	83804.1	127901	100	60	0.0750963	0.791538	39	38.1	192550	3	2083	1.00128	0.998466	1867
383	461794	219	187772	274023	100	60	0.0660805	0.791538	39	38.1	192550	3	2083	1.00139	0.998383	1867
384	613059	210	253429	359630	100	60	0.0672698	0.791538	39	38.1	192550	3	2083	1.00153	0.999664	1867
385	575541	170	242877	332664	100	60	0.0665498	0.791538	38	38.1	192550	3	2083	1.00139	1.00057	1867
386	563783	161	248170	315614	100	60	0.0749217	0.791538	38	38.1	192550	3	2083	1.00162	1.00124	1867
387	632531	2540	287272	345259	100	60	1.0127	0.791538	37	38.1	192550	3	2083	1.00289	1.00268	1867
388	718747	2374	330788	387959	100	60	1.2001	0.791538	37	38.1	192550	3	2083	1.00391	1.0053	1867
389	762983	2082	355458	407525	100	60	1.41336	0.791538	37	38.1	192550	3	2083	1.00542	1.00722	1867
390	589899	1868	183762	406136	100	60	1.56098	0.791538	34	38.1	192550	3	2083	1.0679	1.11755	1867
391	653481	1536	261112	390681	100	60	0.734249	0.791538	39	38.1	0	3	2083	1.02059	1.02102	1867
392	750633	1317	329547	418781	100	60	0.631729	0.791538	39	38.1	0	3	2083	1.01136	1.00919	1867
393	822399	1094	378299	441436	100	60	0.569143	0.791538	39	38.1	0	3	2083	1.006	1.00279	1867
394	874709	941	409869	462479	100	60	0.589301	0.791538	39	38.1	0	3	2083	1.00567	1.00174	1867
395	881741	851	420646	458996	100	60	0.641943	0.791538	39	38.1	0	3	2083	1.0072	1.00385	1867
396	862724	1740	420291	442433	100	60	1.29893	0.791538	39	38.1	0	3	2083	1.00965	1.00691	1867
397	843641	1588	416689	426951	100	60	1.39637	0.791538	39	38.1	0	3	2083	1.01197	1.01199	1867
398	852400	1562	425998	426402	100	60	1.64615	0.791538	39	38.1	0	3	2083	1.01302	1.01221	1867
399	858254	1359	433140	425114	100	60	1.73398	0.791538	39	38.1	0	3	2083	1.01918	1.0177	1867
400	711785	1151	305974	405811	100	60	1.77987	0.791538	39	38.1	128725	3	2083	1.02002	1.02003	1867
401	693139	977	319680	373459	100	60	1.86109	0.791538	39	38.1	128725	3	2083	1.03188	1.03484	1867
402	678762	852	329927	348835	100	60	1.91243	0.791538	39	38.1	128725	3	2083	1.03445	1.03647	1867
403	655582	755	330011	325571	100	60	1.93962	0.791538	39	38.1	128725	3	2083	1.04906	1.0504	1867
404	626394	679	321517	304877	100	60	1.96423	0.791538	39	38.1	128725	3	2083	1.04965	1.05178	1867
405	587275	599	306164	281111	100	60	2.02181	0.791538	39	38.1	128725	3	2083	1.06117	1.06208	1867
406	418182	557	149681	266681	100	60	2.06861	0.791538	39	38.1	128725	3	2083	1.07729	1.07468	1867
407	432140	510	178208	245934	100	60	2.08419	0.791538	39	38.1	128725	3	2083	1.08152	1.0754	1867
408	438620	461	198129	229970	100	60	2.12892	0.791538	39	38.1	128725	3	2083	1.08008	1.06579	1867
409	323833	425	109873	211359	100	60	2.1175	0.791538	39	38.1	128725	3	2083	1.06935	1.05714	1867
410	322133	375	132418	187452	100	60	2.11376	0.791538	39	38.1	128725	3	2083	1.07031	1.05707	1867
411	326385	341	153076	173309	100	60	2.13197	0.791538	39	38.1	128725	3	2083	1.08455	1.07273	1867
412	265091	312	101362	163729	100	60	0.152224	0.791538	39	38.1	195824	3	2083	1.00257	1.00141	1867
413	408929	283	169158	239771	100	60	0.116581	0.791538	39	38.1	195824	3	2083	1.00233	1.00127	1867
414	611043	250	263512	347531	100	60	0.108966	0.791538	39	38.1	195824	3	2083	1.00237	1.00136	1867
415	696672	231	300332	396339	100	60	0.112498	0.791538	39	38.1	195824	3	2083	1.00234	1.00185	1867
416	661434	197	290717	370717	100	60	0.116164	0.791538	39	38.1	195824	3	2083	1.00266	1.00327	1867
417	656401	2206	299188	357213	100	60	0.866363	0.791538	39	38.1	195824	3	2083	1.00337	1.00498	1867
418	733542	1971	342244	391298	100	60	0.947924	0.791538	39	38.1	195824	3	2083	1.00388	1.00582	1867
419	796783	1795	377518	419265	100	60	1.14477	0.791538	39	38.1	195824	3	2083	1.00424	1.00474	1867
420	509778	1664	91940.7	417837	100	60	1.24214	0.791538	36	38.1	195824	3	2083	1.11088	1.19807	1867
421	521066	1309	154421	364252	100	60	0.807111	0.791538	39	38.1	0	3	2083	1.05239	1.0558	1867
422	604599	1139	234176	367799	100	60	0.70916	0.791538	39	38.1	0	3	2083	1.03051	1.02605	1867
423	684323	977	301178	378751	100	60	0.677394	0.791538	39	38.1	0	3	2083	1.02042	1.01437	1867
424	792635	904	369953	418401	100	60	0.759683	0.791538	39	38.1	0	3	2083	1.01907	1.0114	1867
425	831498	835	399310	428446	100	60	0.842978	0.791538	39	38.1	0	3	2083	1.02378	1.01409	1867
426	836882	1356	410658	426225	100	60	1.27566	0.791538	39	38.1	0	3	2083	1.03054	1.01897	1867
427	823990	1381	409964	414027	100	60	1.40582	0.791538	39	38.1	0	3	2083	1.03433	1.02085	1867
428	791358	1268	400839	390520	100	60	1.51378	0.791538	39	38.1	0	3	2083	1.04069	1.02387	1867
429	776906	1075	399453	377453	100	60	1.52916	0.791538	39	38.1	0	3	2083	1.04579	1.03189	1867
430	674710	932	317152	357558	100	60	1.54986	0.791538	39	38.1	79305.6	3	2083	1.05721	1.04423	1867
431	656602	810	325035	331567	100	60	1.59584	0.791538	39	38.1	79305.6	3	2083	1.07582	1.06824	1867
432	614499	693	314810	299688	100	60	1.6329	0.791538	39	38.1	79305.6	3	2083	1.08943	1.07959	1867
433	585879	618	306327	279552	100	60	1.66122	0.791538	39	38.1	79305.6	3	2083	1.10027	1.09121	1867
434	555510	560	294426	261084	100	60	1.67183	0.791538	39	38.1	79305.6	3	2083	1.12975	1.12	1867
435	509006	498	271573	237434	100	60	1.67787	0.791538	39	38.1	79305.6	3	2083	1.15867	1.14493	1867
436	466809	444	246709	214002	100	60	1.68896	0.791538	39	38.1	79305.6	3	2083	1.17511	1.15814	1867
437	437284	405	229600	197079	100	60	1.66595	0.791538	39	38.1	79305.6	3	2083	1.19759	1.18088	1867
438	434732	394	229046	195078	100	60	1.66682	0.791538	39	38.1	79305.6	3	2083	1.19593	1.18059	1867
439	400965	353	211770	179489	100	60	1.65051	0.791538	39	38.1	79305.6	3	2083	1.21676	1.21818	1867
440	388818	340	205919	173688	100	60	1.67783	0.791538	39	38.1	79305.6	3	2083	1.20365	1.19745	1867
441	378117	335	205546	172570	100	60	1.67605	0.791538	39	38.1	79305.6	3	2083	1.20938	1.21053	1867
442	294258	307	133817	160440	100	60	0.0931272	0.791538	39	38.1	143406	3	2083	1.00354	0.998046	1867
443	510209	276	220639	289570	100	60	0.0796008	0.791538	39	38.1	143406	3	2083	1.00314	0.997337	1867
444	628082	232	265819	362263	100	60	0.0708637	0.791538	39	38.1	143406	3	2083	1.0027	0.998216	1867
445	601281	190	258092	343188	100	60	0.0700178	0.791538	39	38.1	143406	3	2083	1.00303	0.999437	1867
446	570536	159	251932	318604	100	60	0.0691781	0.791538	38	38.1	143406	3	2083	1.0035	1.00026	1867
447	633163	2518	289052	344111	100	60	0.922031	0.791538	38	38.1	143406	3	2083	1.00554	1.00162	1867
448	715083	2194	331381	383702	100	60	1.04358	0.791538	37	38.1	143406	3	2083	1.00705	1.00496	1867
449	754701	1970	354891	399810	100	60	1.27142	0.791538	37	38.1	143406	3	2083	1.0103	1.00964	1867
450	584250	1843	184128	400122	100	60	1.45011	0.791538	34	38.1	143406	3	2083	1.07561	1.12384	1867
451	608721	1411	245123	361135	100	60	0.668445	0.791538	39	38.1	0	3	2083	1.02327	1.01486	1867
452	699116	1190	307865	388006	100	60	0.538306	0.791538	39	38.1	0	3	2083	1.01438	1.00393	1867
453	804445	1024	369977	430564	100	60	0.509104	0.791538	39	38.1	0	3	2083	1.00966	1.00101	1867
454	836526	859	391067	442197	100	60	0.535193	0.791538	39	38.1	0	3	2083	1.01015	1.00052	1867
455	834696	779	397037	434765	100	60	0.587582	0.791538	39	38.1	0	3	2083	1.01156	1.00261	1867
456	828663	1645	401439	427224	100	60	1.18098	0.791538	39	38.1	0	3	2083	1.01344	1.00494	1867
457	616459	1609	193319	423140	100	60	1.33686	0.791538	39	38.1	0	3	2083	1.01532	1.00716	1867
458	653647	1570	253363	400284	100	60	1.53625	0.791538	39	38.1	0	3	2083	1.02035	1.01474	1867
459	699701	1309	306612	393089	100	60	1.61739	0.791538	39	38.1	0	3	2083	1.02801	1.02615	1867
460	542799	1124	161754	381045	100	60	1.71485	0.791538	39	38.1	2561.19	3	2083	1.03678	1.03318	1867
461	547319	928	208121	339198	100	60	1.78363	0.791538	39	38.1	2561.19	3	2083	1.04519	1.04575	1867
462	577231	831	254720	322511	100	60	1.81644	0.791538	39	38.1	2561.19	3	2083	1.06424	1.06577	1867
463	610967	775	293141	317826	100	60	1.85146	0.791538	39	38.1	2561.19	3	2083	1.08884	1.09055	1867
464	585497	684	294069	291428	100	60	1.86463	0.791538	39	38.1	2561.19	3	2083	1.10473	1.10015	1867
465	411736	609	142821	268915	100	60	1.83698	0.791538	39	38.1	2561.19	3	2083	1.12064	1.11298	1867
466	428793	550	175182	247829	100	60	1.88427	0.791538	39	38.1	2561.19	3	2083	1.11814	1.10694	1867
467	439584	498	201311	229166	100	60	1.8967	0.791538	39	38.1	2561.19	3	2083	1.12287	1.11801	1867
468	425338	440	207453	207312	100	60	1.90871	0.791538	39	38.1	2561.19	3	2083	1.13407	1.12381	1867
469	414386	400	209232	194800	100	60	1.94383	0.791538	39	38.1	2561.19	3	2083	1.1201	1.11346	1867
470	383636	352	197175	177430	100	60	1.98263	0.791538	39	38.1	2561.19	3	2083	1.12034	1.11747	1867
471	340810	306	182413	158398	100	60	1.94339	0.791538	39	38.1	2561.19	3	2083	1.1457	1.13793	1867
472	231406	283	80154.8	151251	100	60	0.0913428	0.791538	39	38.1	11502.9	3	2083	1.00241	0.99918	1867
473	470225	256	184395	285830	100	60	0.0759226	0.791538	39	38.1	11502.9	3	2083	1.00211	0.998626	1867
474	625842	228	253639	372203	100	60	0.0716204	0.791538	39	38.1	11502.9	3	2083	1.00197	0.999055	1867
475	617520	206	257769	359751	100	60	0.0785747	0.791538	39	38.1	11502.9	3	2083	1.00242	0.998945	1867
476	565079	188	246485	318594	100	60	0.085367	0.791538	39	38.1	11502.9	3	2083	1.00286	1.00103	1867
477	632370	2391	287985	344385	100	60	0.961233	0.791538	39	38.1	11502.9	3	2083	1.00451	1.00251	1867
478	729721	2227	337681	392039	100	60	1.12987	0.791538	39	38.1	11502.9	3	2083	1.00576	1.00507	1867
479	769910	1944	361715	408196	100	60	1.3789	0.791538	39	38.1	11502.9	3	2083	1.00759	1.00612	1867
480	613871	1823	192957	420914	100	60	1.50318	0.791538	32	38.1	11502.9	3	2083	1.09519	1.16115	1867
481	660942	1481	264939	393567	100	60	0.76462	0.791538	39	38.1	0	3	2083	1.03368	1.03238	1867
482	729059	1219	320789	405039	100	60	0.614023	0.791538	39	38.1	0	3	2083	1.01988	1.0148	1867
483	825173	1047	379957	441562	100	60	0.561597	0.791538	39	38.1	0	3	2083	1.01306	1.00665	1867
484	858692	876	400109	455476	100	60	0.583318	0.791538	39	38.1	0	3	2083	1.01297	1.00557	1867
485	870125	823	411809	455524	100	60	0.649268	0.791538	39	38.1	0	3	2083	1.0156	1.00894	1867
486	839644	1636	405602	434042	100	60	1.25857	0.791538	39	38.1	0	3	2083	1.01753	1.00954	1867
487	833898	1529	409656	424242	100	60	1.37781	0.791538	39	38.1	0	3	2083	1.01944	1.01365	1867
488	612133	1503	197140	414993	100	60	1.59849	0.791538	39	38.1	0	3	2083	1.02388	1.01743	1867
489	632363	1239	248175	384188	100	60	1.66175	0.791538	39	38.1	0	3	2083	1.02788	1.0252	1867
490	642556	1059	271119	371437	100	60	1.7481	0.791538	39	38.1	26323.5	3	2083	1.03448	1.03333	1867
491	649499	917	300644	348854	100	60	1.85154	0.791538	39	38.1	26323.5	3	2083	1.04647	1.0473	1867
492	655864	817	320742	335122	100	60	1.87469	0.791538	39	38.1	26323.5	3	2083	1.05821	1.06042	1867
493	627548	713	317514	310034	100	60	1.91098	0.791538	39	38.1	26323.5	3	2083	1.07569	1.07507	1867
494	605407	642	312404	293003	100	60	1.92928	0.791538	39	38.1	26323.5	3	2083	1.08707	1.08504	1867
495	561658	565	294712	266946	100	60	1.90407	0.791538	39	38.1	26323.5	3	2083	1.10287	1.09982	1867
496	537089	513	279271	249902	100	60	1.9364	0.791538	39	38.1	26323.5	3	2083	1.11207	1.11462	1867
497	495428	457	255937	225995	100	60	1.97484	0.791538	39	38.1	26323.5	3	2083	1.12375	1.12695	1867
498	475610	421	246199	216434	100	60	2.00732	0.791538	39	38.1	26323.5	3	2083	1.11308	1.10706	1867
499	434713	373	225846	196979	100	60	2.06528	0.791538	39	38.1	26323.5	3	2083	1.10406	1.08564	1867
500	396078	334	206951	178763	100	60	2.07665	0.791538	39	38.1	26323.5	3	2083	1.11662	1.09688	1867
501	362238	311	195129	167109	100	60	2.05124	0.791538	39	38.1	26323.5	3	2083	1.13057	1.09764	1867
502	280680	297	116694	163986	100	60	0.0967829	0.791538	39	38.1	105397	3	2083	1.00267	1.0001	1867
503	509808	275	214228	295580	100	60	0.0845055	0.791538	39	38.1	105397	3	2083	1.00237	0.999572	1867
504	648584	246	272334	376250	100	60	0.0806452	0.791538	39	38.1	105397	3	2083	1.00231	0.999652	1867
505	624582	212	265778	358804	100	60	0.0831511	0.791538	39	38.1	105397	3	2083	1.00264	1.00008	1867
506	609259	196	268582	340677	100	60	0.0896133	0.791538	39	38.1	105397	3	2083	1.00321	1.002	1867
507	663650	2610	299917	363732	100	60	1.04538	0.791538	39	38.1	105397	3	2083	1.00418	1.00291	1867
508	717434	2261	329291	388143	100	60	1.17518	0.791538	39	38.1	105397	3	2083	1.00474	1.00287	1867
509	564286	1989	161927	402359	100	60	1.38327	0.791538	39	38.1	105397	3	2083	1.00619	1.00405	1867
510	499159	1913	109921	389237	100	60	1.611	0.791538	35	38.1	105397	3	2083	1.06851	1.11327	1867
511	552797	1548	185775	365188	100	60	0.69783	0.791538	39	38.1	0	3	2083	1.01928	1.01577	1867
512	681565	1345	271314	408212	100	60	0.610141	0.791538	39	38.1	0	3	2083	1.01137	1.00696	1867
513	773101	1117	332218	438069	100	60	0.560445	0.791538	39	38.1	0	3	2083	1.00749	1.00194	1867
514	654466	940	184702	469547	100	60	0.582882	0.791538	39	38.1	0	3	2083	1.00838	1.00293	1867
515	695228	812	248292	446765	100	60	0.616083	0.791538	39	38.1	0	3	2083	1.00884	1.00408	1867
516	711400	1794	291113	420287	100	60	1.32367	0.791538	39	38.1	0	3	2083	1.01186	1.007	1867
517	737100	1663	326708	410392	100	60	1.47421	0.791538	39	38.1	0	3	2083	1.01697	1.01305	1867
518	790445	1667	367586	422860	100	60	1.72452	0.791538	39	38.1	0	3	2083	1.01956	1.01384	1867
519	776104	1335	372241	403862	100	60	1.7607	0.791538	39	38.1	0	3	2083	1.02676	1.02027	1867
520	712957	1158	314625	398332	100	60	1.84728	0.791538	39	38.1	77167.1	3	2083	1.03883	1.03466	1867
521	716950	1018	335830	381120	100	60	1.90603	0.791538	39	38.1	77167.1	3	2083	1.04292	1.03842	1867
522	692500	871	338640	353861	100	60	1.92582	0.791538	39	38.1	77167.1	3	2083	1.05209	1.04971	1867
523	681162	785	342516	338646	100	60	1.98561	0.791538	39	38.1	77167.1	3	2083	1.05611	1.05392	1867
524	651353	700	333988	317364	100	60	2.01743	0.791538	39	38.1	77167.1	3	2083	1.07363	1.07194	1867
525	592871	600	306474	286397	100	60	2.06236	0.791538	39	38.1	77167.1	3	2083	1.10511	1.10169	1867
526	548690	521	282158	258485	100	60	2.0809	0.791538	39	38.1	77167.1	3	2083	1.1209	1.11133	1867
527	528358	482	269230	244636	100	60	2.07475	0.791538	39	38.1	77167.1	3	2083	1.13696	1.11111	1867
528	506189	440	258680	233338	100	60	2.09621	0.791538	39	38.1	77167.1	3	2083	1.13808	1.09931	1867
529	473329	397	242337	217789	100	60	2.12753	0.791538	39	38.1	77167.1	3	2083	1.13647	1.09278	1867
530	451879	369	232077	207667	100	60	2.1369	0.791538	39	38.1	77167.1	3	2083	1.15065	1.09859	1867
531	420835	349	222382	198453	100	60	2.15832	0.791538	39	38.1	77167.1	3	2083	1.14607	1.09366	1867
532	257041	299	83202.8	173838	100	60	0.106547	0.791538	39	38.1	95988.4	3	2083	1.00313	0.995574	1867
533	469317	271	181218	288099	100	60	0.0852018	0.791538	39	38.1	95988.4	3	2083	1.00255	0.994991	1867
534	506614	236	126501	380113	100	60	0.0787523	0.791538	39	38.1	95988.4	3	2083	1.00233	0.995412	1867
535	545799	217	165133	380666	100	60	0.0748229	0.791538	39	38.1	95988.4	3	2083	1.00208	0.997173	1867
536	543868	186	190334	353534	100	60	0.0790641	0.791538	39	38.1	95988.4	3	2083	1.00258	0.997728	1867
537	580847	2767	230345	350503	100	60	0.96698	0.791538	39	38.1	95988.4	3	2083	1.00323	0.998433	1867
538	677984	2684	288104	389880	100	60	1.21107	0.791538	39	38.1	95988.4	3	2083	1.004	0.99884	1867
539	740166	2305	325984	414183	100	60	1.42153	0.791538	39	38.1	95988.4	3	2083	1.00583	1.00033	1867
540	589933	2254	173621	416311	100	60	1.69462	0.791538	35	38.1	95988.4	3	2083	1.05279	1.07952	1867
541	638672	1749	244270	393902	100	60	0.914736	0.791538	39	38.1	0	3	2083	1.02131	1.01777	1867
542	709277	1416	300856	407681	100	60	0.738158	0.791538	39	38.1	0	3	2083	1.01108	1.00424	1867
543	798957	1198	357644	440340	100	60	0.665588	0.791538	39	38.1	0	3	2083	1.00716	1	1867
544	849467	960	387777	460849	100	60	0.648101	0.791538	39	38.1	0	3	2083	1.00685	0.999471	1867
545	857588	808	396846	460002	100	60	0.667759	0.791538	39	38.1	0	3	2083	1.0084	1.0005	1867
546	846810	1793	398546	448265	100	60	1.3845	0.791538	39	38.1	0	3	2083	1.01177	1.00437	1867
547	849957	1716	406511	443445	100	60	1.5386	0.791538	39	38.1	0	3	2083	1.0131	1.00696	1867
548	626781	1615	194016	432765	100	60	1.74264	0.791538	39	38.1	0	3	2083	1.01786	1.01118	1867
549	519175	1323	115960	403215	100	60	1.79144	0.791538	39	38.1	0	3	2083	1.01946	1.00984	1867
550	531697	1099	167441	364256	100	60	1.90435	0.791538	39	38.1	3395.12	3	2083	1.02122	1.01186	1867
551	587351	984	229333	358019	100	60	2.02193	0.791538	39	38.1	3395.12	3	2083	1.02531	1.01223	1867
552	607529	865	266599	340930	100	60	2.08305	0.791538	39	38.1	3395.12	3	2083	1.02925	1.0139	1867
553	609318	769	286960	322358	100	60	2.126	0.791538	39	38.1	3395.12	3	2083	1.05103	1.03665	1867
554	435937	667	141714	294223	100	60	2.1593	0.791538	39	38.1	3395.12	3	2083	1.04393	1.03788	1867
555	467850	627	184786	283064	100	60	2.18259	0.791538	39	38.1	3395.12	3	2083	1.05516	1.05145	1867
556	482151	567	210398	263511	100	60	2.20032	0.791538	39	38.1	3395.12	3	2083	1.06667	1.05851	1867
557	487927	520	226174	248210	100	60	2.20719	0.791538	39	38.1	3395.12	3	2083	1.07638	1.0699	1867
558	475559	466	228442	233312	100	60	2.27024	0.791538	39	38.1	3395.12	3	2083	1.07085	1.061	1867
559	461242	422	226066	221346	100	60	2.31062	0.791538	39	38.1	3395.12	3	2083	1.06407	1.05072	1867
560	429854	379	214968	202600	100	60	2.33276	0.791538	39	38.1	3395.12	3	2083	1.05882	1.04891	1867
561	373752	328	195098	178654	100	60	2.33118	0.791538	39	38.1	3395.12	3	2083	1.06287	1.05363	1867
562	258570	286	96647.3	161922	100	60	0.0997341	0.791538	39	38.1	99648.8	3	2083	1.00137	0.996842	1867
563	381506	262	95560.6	285946	100	60	0.0847812	0.791538	39	38.1	99648.8	3	2083	1.00142	0.996532	1867
564	568127	223	184747	383379	100	60	0.067834	0.791538	39	38.1	99648.8	3	2083	1.00111	0.995831	1867
565	595732	190	212215	383517	100	60	0.0698369	0.791538	39	38.1	99648.8	3	2083	1.00124	0.996319	1867
566	552376	160	213580	338796	100	60	0.0732941	0.791538	39	38.1	99648.8	3	2083	1.0015	0.997186	1867
567	593683	2765	251178	342505	100	60	1.05322	0.791538	39	38.1	99648.8	3	2083	1.00206	0.996716	1867
568	697764	2558	308415	389348	100	60	1.27899	0.791538	39	38.1	99648.8	3	2083	1.0023	0.99693	1867
569	749785	2318	338623	411162	100	60	1.66306	0.791538	39	38.1	99648.8	3	2083	1.00458	0.998061	1867
570	495665	1972	82375.8	413289	100	60	1.75845	0.791538	38	38.1	99648.8	3	2083	1.07201	1.107	1867
571	518170	1564	145111	372280	100	60	0.762458	0.791538	39	38.1	0	3	2083	1.02096	1.01501	1867
572	612074	1296	222428	388869	100	60	0.621765	0.791538	39	38.1	0	3	2083	1.0123	1.00452	1867
573	732570	1110	302393	428627	100	60	0.584053	0.791538	39	38.1	0	3	2083	1.00809	0.99951	1867
574	824827	998	358299	465072	100	60	0.673863	0.791538	39	38.1	0	3	2083	1.00835	0.998262	1867
575	848223	883	383377	463654	100	60	0.740039	0.791538	39	38.1	0	3	2083	1.00946	0.995969	1867
576	863412	1822	401754	461658	100	60	1.47095	0.791538	39	38.1	0	3	2083	1.01325	0.998543	1867
577	857394	1719	407375	450019	100	60	1.61577	0.791538	39	38.1	0	3	2083	1.01342	0.999022	1867
578	849027	1574	411111	437916	100	60	1.84617	0.791538	39	38.1	0	3	2083	1.01908	1.00446	1867
579	849542	1347	417381	432160	100	60	1.91243	0.791538	39	38.1	0	3	2083	1.02096	1.00596	1867
580	725314	1166	304466	420847	100	60	1.99952	0.791538	39	38.1	122703	3	2083	1.02108	1.00689	1867
581	724397	1006	326547	397850	100	60	2.09103	0.791538	39	38.1	122703	3	2083	1.03547	1.02295	1867
582	742664	932	351975	390690	100	60	2.15259	0.791538	39	38.1	122703	3	2083	1.04464	1.03122	1867
583	705872	819	345322	360551	100	60	2.18955	0.791538	39	38.1	122703	3	2083	1.05247	1.03794	1867
584	655578	698	327601	327977	100	60	2.25093	0.791538	39	38.1	122703	3	2083	1.05882	1.03746	1867
585	634314	639	322795	311519	100	60	2.29993	0.791538	39	38.1	122703	3	2083	1.07542	1.05197	1867
586	620278	595	314220	296307	100	60	2.3576	0.791538	39	38.1	122703	3	2083	1.07932	1.05641	1867
587	597043	552	299710	280352	100	60	2.35271	0.791538	39	38.1	122703	3	2083	1.08054	1.06066	1867
588	410427	495	145310	261118	100	60	2.39742	0.791538	39	38.1	122703	3	2083	1.06415	1.04321	1867
589	392187	420	158714	225842	100	60	2.39687	0.791538	39	38.1	122703	3	2083	1.07727	1.05839	1867
590	378663	370	169163	202769	100	60	2.38472	0.791538	39	38.1	122703	3	2083	1.10677	1.08659	1867
591	347115	321	168687	178428	100	60	2.36397	0.791538	39	38.1	122703	3	2083	1.11607	1.10289	1867
592	251654	282	89315.3	162339	100	60	0.11752	0.791538	39	38.1	205523	3	2083	1.00214	0.996853	1867
593	438920	248	172636	266284	100	60	0.0908655	0.791538	39	38.1	205523	3	2083	1.00163	0.996099	1867
594	641681	212	261674	380007	100	60	0.0810319	0.791538	39	38.1	205523	3	2083	1.00183	0.996287	1867
595	686352	194	283652	402700	100	60	0.083454	0.791538	39	38.1	205523	3	2083	1.00208	0.997059	1867
596	617511	176	263877	353635	100	60	0.0908821	0.791538	39	38.1	205523	3	2083	1.00247	0.997657	1867
597	479228	2682	122301	356926	100	60	1.08445	0.791538	39	38.1	205523	3	2083	1.00302	0.997596	1867
598	551356	2375	187460	363896	100	60	1.26238	0.791538	39	38.1	205523	3	2083	1.0034	0.998163	1867
599	638856	2129	252167	386689	100	60	1.55251	0.791538	39	38.1	205523	3	2083	1.00372	0.998394	1867
600	547580	1960	148440	399139	100	60	1.79262	0.791538	39	38.1	205523	3	2083	1.05965	1.08533	1867
601	600855	1563	221648	377625	100	60	0.956669	0.791538	39	38.1	0	3	2083	1.02318	1.01901	1867
602	654321	1236	274134	378324	100	60	0.762412	0.791538	39	38.1	0	3	2083	1.01496	1.00769	1867
603	744194	1059	334355	407444	100	60	0.702722	0.791538	39	38.1	0	3	2083	1.00808	0.999663	1867
604	812045	888	374675	435314	100	60	0.717764	0.791538	39	38.1	0	3	2083	1.00841	0.999786	1867
605	849184	809	398771	448720	100	60	0.800675	0.791538	39	38.1	0	3	2083	1.01037	1.00271	1867
606	847107	1690	404008	443098	100	60	1.53757	0.791538	39	38.1	0	3	2083	1.01012	1.00417	1867
607	823133	1540	399643	423490	100	60	1.64186	0.791538	39	38.1	0	3	2083	1.00996	1.00167	1867
608	835040	1488	411636	423404	100	60	1.85387	0.791538	39	38.1	0	3	2083	1.01402	1.00742	1867
609	792234	1189	396653	395581	100	60	1.87983	0.791538	39	38.1	0	3	2083	1.02011	1.0152	1867
610	666730	1031	284416	382314	100	60	1.98627	0.791538	39	38.1	119359	3	2083	1.0266	1.02146	1867
611	510183	903	149421	360762	100	60	2.07105	0.791538	39	38.1	119359	3	2083	1.0394	1.03778	1867
612	545975	823	205188	340787	100	60	2.14092	0.791538	39	38.1	119359	3	2083	1.04729	1.04385	1867
613	571268	748	250387	320881	100	60	2.15477	0.791538	39	38.1	119359	3	2083	1.06416	1.06309	1867
614	583253	687	277003	306250	100	60	2.19768	0.791538	39	38.1	119359	3	2083	1.07945	1.07478	1867
615	566781	625	280771	286010	100	60	2.22775	0.791538	39	38.1	119359	3	2083	1.09013	1.08226	1867
616	547019	570	273489	264952	100	60	2.24687	0.791538	39	38.1	119359	3	2083	1.09554	1.08541	1867
617	383102	513	134097	246170	100	60	2.23321	0.791538	39	38.1	119359	3	2083	1.10935	1.10119	1867
618	393782	462	160257	226382	100	60	2.27117	0.791538	39	38.1	119359	3	2083	1.11919	1.10714	1867
619	410519	430	185451	215896	100	60	2.29187	0.791538	39	38.1	119359	3	2083	1.12527	1.10577	1867
620	374932	360	180733	186482	100	60	2.31834	0.791538	39	38.1	119359	3	2083	1.11082	1.09855	1867
621	359316	329	182932	176384	100	60	2.33466	0.791538	39	38.1	119359	3	2083	1.12865	1.11821	1867
622	252575	284	97398.7	155176	100	60	0.11085	0.791538	39	38.1	203644	3	2083	1.00272	1.00059	1867
623	361533	260	91825.6	269708	100	60	0.0908734	0.791538	39	38.1	203644	3	2083	1.00249	1.00051	1867
624	553498	247	183435	370063	100	60	0.0826151	0.791538	38	38.1	203644	3	2083	1.00222	1	1867
625	584779	214	213178	371601	100	60	0.0837158	0.791538	38	38.1	203644	3	2083	1.00244	1.00065	1867
626	560224	182	220834	339390	100	60	0.0866422	0.791538	38	38.1	203644	3	2083	1.00294	1.0017	1867
627	603475	2335	257267	346208	100	60	0.970481	0.791538	38	38.1	203644	3	2083	1.0041	1.00415	1867
628	695214	2256	309542	385672	100	60	1.19366	0.791538	38	38.1	203644	3	2083	1.00484	1.00621	1867
629	748645	2079	342513	406131	100	60	1.51764	0.791538	38	38.1	203644	3	2083	1.00625	1.00695	1867
630	593933	1889	182162	411771	100	60	1.68179	0.791538	36	38.1	203644	3	2083	1.07753	1.12912	1867
631	654270	1531	257933	394647	100	60	0.956471	0.791538	39	38.1	0	3	2083	1.02935	1.03055	1867
632	710095	1256	310813	397047	100	60	0.781818	0.791538	39	38.1	0	3	2083	1.01509	1.0124	1867
633	799488	1093	368894	427797	100	60	0.714513	0.791538	39	38.1	0	3	2083	1.0102	1.00571	1867
634	863671	938	405385	455790	100	60	0.74289	0.791538	39	38.1	0	3	2083	1.01018	1.00548	1867
635	659356	836	199894	459140	100	60	0.824413	0.791538	39	38.1	0	3	2083	1.01301	1.00902	1867
636	689785	1631	257784	432001	100	60	1.51872	0.791538	39	38.1	0	3	2083	1.01481	1.01072	1867
637	731156	1565	310411	420745	100	60	1.69459	0.791538	39	38.1	0	3	2083	1.01925	1.0171	1867
638	746907	1444	341268	405639	100	60	1.8763	0.791538	39	38.1	0	3	2083	1.02287	1.01739	1867
639	752293	1210	360500	391793	100	60	1.91529	0.791538	39	38.1	0	3	2083	1.03184	1.03073	1867
640	662749	1034	286278	376472	100	60	2.00115	0.791538	39	38.1	91035.4	3	2083	1.0402	1.03689	1867
641	666490	909	310286	356203	100	60	2.02242	0.791538	39	38.1	91035.4	3	2083	1.04702	1.043	1867
642	660943	816	323044	337899	100	60	2.0572	0.791538	39	38.1	91035.4	3	2083	1.04771	1.04545	1867
643	637394	728	322258	315136	100	60	2.08772	0.791538	39	38.1	91035.4	3	2083	1.06098	1.06301	1867
644	612728	658	315873	296855	100	60	2.1431	0.791538	39	38.1	91035.4	3	2083	1.07069	1.06545	1867
645	585846	605	306253	279593	100	60	2.16003	0.791538	39	38.1	91035.4	3	2083	1.07959	1.07119	1867
646	558504	546	289918	260021	100	60	2.17079	0.791538	39	38.1	91035.4	3	2083	1.10509	1.09524	1867
647	535962	504	275880	245231	100	60	2.20223	0.791538	39	38.1	91035.4	3	2083	1.1184	1.106	1867
648	524884	479	270293	239314	100	60	2.25571	0.791538	39	38.1	91035.4	3	2083	1.11045	1.0911	1867
649	347026	422	127150	217085	100	60	2.25613	0.791538	39	38.1	91035.4	3	2083	1.102	1.07637	1867
650	342521	376	144623	195612	100	60	2.24626	0.791538	39	38.1	91035.4	3	2083	1.13384	1.11172	1867
651	257432	340	78435.6	178997	100	60	2.25793	0.791538	39	38.1	91035.4	3	2083	1.15449	1.11712	1867
652	246495	305	85032.2	161463	100	60	0.201284	0.791538	39	38.1	109179	3	2083	1.00578	1.00261	1867
653	350894	280	139248	211646	100	60	0.153924	0.791538	39	38.1	109179	3	2083	1.00472	1.00205	1867
654	544754	256	236630	308124	100	60	0.146161	0.791538	39	38.1	109179	3	2083	1.00486	1.0025	1867
655	683644	229	297653	385992	100	60	0.149015	0.791538	39	38.1	109179	3	2083	1.00575	1.00331	1867
656	723435	203	317003	406432	100	60	0.160863	0.791538	39	38.1	109179	3	2083	1.00657	1.00451	1867
657	523772	2162	137643	386130	100	60	1.04887	0.791538	39	38.1	109179	3	2083	1.00749	1.00789	1867
658	572957	1900	197455	375503	100	60	1.10475	0.791538	39	38.1	109179	3	2083	1.00892	1.01125	1867
659	657767	1675	268602	389165	100	60	1.27118	0.791538	39	38.1	109179	3	2083	1.00939	1.01216	1867
660	576290	1598	164934	411356	100	60	1.35867	0.791538	37	38.1	109179	3	2083	1.14394	1.23992	1867
661	633684	1332	245790	386230	100	60	1.12472	0.791538	39	38.1	0	3	2083	1.08289	1.09487	1867
662	684856	1127	302974	379584	100	60	1.02767	0.791538	39	38.1	0	3	2083	1.05198	1.0498	1867
663	527548	931	161611	365404	100	60	0.968164	0.791538	39	38.1	0	3	2083	1.03272	1.01964	1867
664	485122	826	117026	367936	100	60	1.00487	0.791538	39	38.1	0	3	2083	1.0294	1.01171	1867
665	563726	744	197560	366006	100	60	1.04203	0.791538	39	38.1	0	3	2083	1.03243	1.01248	1867
666	512816	1192	135780	377036	100	60	1.56986	0.791538	39	38.1	0	3	2083	1.0321	1.00993	1867
667	578630	1252	213307	365323	100	60	1.743	0.791538	39	38.1	0	3	2083	1.03204	1.0079	1867
668	636728	1180	276550	360179	100	60	1.83261	0.791538	39	38.1	0	3	2083	1.03352	1.01193	1867
669	496830	992	152319	344511	100	60	1.80811	0.791538	39	38.1	0	3	2083	1.04393	1.02229	1867
670	513678	854	199281	314396	100	60	1.81603	0.791538	39	38.1	7615.52	3	2083	1.05352	1.03048	1867
671	541807	757	246060	295747	100	60	1.84565	0.791538	39	38.1	7615.52	3	2083	1.06291	1.04101	1867
672	554339	674	272116	282222	100	60	1.86811	0.791538	39	38.1	7615.52	3	2083	1.075	1.05052	1867
673	529105	583	270012	259093	100	60	1.91661	0.791538	39	38.1	7615.52	3	2083	1.08346	1.06196	1867
674	494699	509	258726	235973	100	60	1.90475	0.791538	39	38.1	7615.52	3	2083	1.09524	1.07283	1867
675	484068	475	257259	226808	100	60	1.90182	0.791538	39	38.1	7615.52	3	2083	1.11047	1.10169	1867
676	436167	404	230242	198974	100	60	1.88564	0.791538	39	38.1	7615.52	3	2083	1.12896	1.11471	1867
677	409222	356	214348	182974	100	60	1.89074	0.791538	39	38.1	7615.52	3	2083	1.14691	1.13218	1867
678	399117	329	209879	177800	100	60	1.89578	0.791538	39	38.1	7615.52	3	2083	1.14444	1.13975	1867
679	385701	310	203500	170917	100	60	1.93613	0.791538	39	38.1	7615.52	3	2083	1.125	1.11803	1867
680	258876	281	96771.1	160036	100	60	1.97935	0.791538	39	38.1	7615.52	3	2083	1.13851	1.11957	1867
681	262531	260	115052	147479	100	60	1.92071	0.791538	39	38.1	7615.52	3	2083	1.15985	1.14625	1867
682	236658	251	95865.3	140793	100	60	0.184838	0.791538	39	38.1	47096	3	2083	1.00659	1.00391	1867
683	327015	236	141831	185185	100	60	0.141314	0.791538	39	38.1	47096	3	2083	1.00568	1.00331	1867
684	512656	214	233515	279142	100	60	0.129267	0.791538	39	38.1	47096	3	2083	1.00494	1.00248	1867
685	654569	185	294381	360188	100	60	0.123997	0.791538	39	38.1	47096	3	2083	1.00517	1.0032	1867
686	541950	163	150650	391299	100	60	0.132652	0.791538	39	38.1	47096	3	2083	1.00484	1.00382	1867
687	550829	2035	190804	360025	100	60	0.941343	0.791538	39	38.1	47096	3	2083	1.00583	1.00521	1867
688	618461	1845	248661	369800	100	60	1.02538	0.791538	39	38.1	47096	3	2083	1.00692	1.00919	1867
689	694348	1658	305325	389023	100	60	1.1282	0.791538	38	38.1	47096	3	2083	1.0118	1.01791	1867
690	578122	1531	175230	402892	100	60	1.14129	0.791538	35	38.1	47096	3	2083	1.16046	1.28553	1867
691	483901	1230	118482	365171	100	60	0.978694	0.791538	39	38.1	0	3	2083	1.10927	1.12945	1867
692	535862	1068	189218	345210	100	60	0.893181	0.791538	39	38.1	0	3	2083	1.06087	1.05929	1867
693	634261	978	270610	361545	100	60	0.891175	0.791538	39	38.1	0	3	2083	1.03855	1.03002	1867
694	697201	861	325366	369240	100	60	0.92103	0.791538	39	38.1	0	3	2083	1.03249	1.01982	1867
695	735516	783	357823	375486	100	60	1.00142	0.791538	39	38.1	0	3	2083	1.03816	1.02013	1867
696	768362	1092	383653	384709	100	60	1.40207	0.791538	39	38.1	0	3	2083	1.04172	1.01997	1867
697	781081	1111	396245	384837	100	60	1.54425	0.791538	39	38.1	0	3	2083	1.04477	1.02117	1867
698	796602	1096	410236	386366	100	60	1.59756	0.791538	39	38.1	0	3	2083	1.04566	1.02952	1867
699	763043	940	398205	364839	100	60	1.58965	0.791538	39	38.1	0	3	2083	1.05052	1.03751	1867
700	649682	821	308712	340970	100	60	1.59243	0.791538	39	38.1	82280.9	3	2083	1.06212	1.0527	1867
701	649435	748	325541	323895	100	60	1.60983	0.791538	39	38.1	82280.9	3	2083	1.06517	1.05645	1867
702	630788	679	326981	303807	100	60	1.62001	0.791538	39	38.1	82280.9	3	2083	1.07547	1.06973	1867
703	612410	627	323876	288534	100	60	1.6521	0.791538	39	38.1	82280.9	3	2083	1.07314	1.06452	1867
704	573291	564	306218	267073	100	60	1.68084	0.791538	39	38.1	82280.9	3	2083	1.09003	1.07348	1867
705	535082	510	288554	246528	100	60	1.69331	0.791538	39	38.1	82280.9	3	2083	1.10584	1.08532	1867
706	508586	470	270381	229777	100	60	1.69778	0.791538	39	38.1	82280.9	3	2083	1.13646	1.11447	1867
707	324879	402	121376	200782	100	60	1.69967	0.791538	39	38.1	82280.9	3	2083	1.15714	1.13384	1867
708	331476	357	142434	182511	100	60	1.70996	0.791538	39	38.1	82280.9	3	2083	1.15989	1.13675	1867
709	253110	325	81745.2	169803	100	60	1.74852	0.791538	39	38.1	82280.9	3	2083	1.14793	1.1195	1867
710	256099	285	102091	152617	100	60	1.78335	0.791538	39	38.1	82280.9	3	2083	1.16781	1.13406	1867
711	254186	253	116838	137348	100	60	1.75608	0.791538	39	38.1	82280.9	3	2083	1.19231	1.14286	1867
712	221114	232	93818.4	127296	100	60	0.121806	0.791538	39	38.1	118693	3	2083	1.00528	1.00319	1867
713	357584	223	155229	202355	100	60	0.0981996	0.791538	39	38.1	118693	3	2083	1.00439	1.00256	1867
714	580491	204	257558	322933	100	60	0.0923985	0.791538	39	38.1	118693	3	2083	1.00431	1.0025	1867
715	536752	184	145272	391480	100	60	0.0950921	0.791538	39	38.1	118693	3	2083	1.00429	1.00282	1867
716	546347	175	178573	367774	100	60	0.109024	0.791538	38	38.1	118693	3	2083	1.00458	1.00354	1867
717	582618	2266	222509	360109	100	60	0.845073	0.791538	38	38.1	118693	3	2083	1.00562	1.00604	1867
718	677379	2099	287200	390180	100	60	0.953495	0.791538	37	38.1	118693	3	2083	1.00651	1.00697	1867
719	743159	1830	334151	409008	100	60	1.08096	0.791538	37	38.1	118693	3	2083	1.00818	1.00868	1867
720	590972	1640	180872	410100	100	60	1.16197	0.791538	35	38.1	118693	3	2083	1.11025	1.18922	1867
721	627304	1299	251322	372299	100	60	0.897085	0.791538	39	38.1	0	3	2083	1.06573	1.07386	1867
722	679496	1088	305784	369109	100	60	0.792866	0.791538	39	38.1	0	3	2083	1.0393	1.03507	1867
723	732809	941	350047	376830	100	60	0.760786	0.791538	39	38.1	0	3	2083	1.02913	1.01822	1867
724	787877	841	386718	395758	100	60	0.802868	0.791538	39	38.1	0	3	2083	1.02909	1.01353	1867
725	848419	806	421235	422320	100	60	0.873705	0.791538	39	38.1	0	3	2083	1.03004	1.01218	1867
726	846735	1235	424295	422439	100	60	1.25394	0.791538	39	38.1	0	3	2083	1.0357	1.01917	1867
727	838570	1294	421844	416725	100	60	1.36706	0.791538	39	38.1	0	3	2083	1.0427	1.02761	1867
728	815309	1225	414526	400784	100	60	1.44042	0.791538	39	38.1	0	3	2083	1.04963	1.03566	1867
729	791054	1035	407931	383123	100	60	1.41995	0.791538	39	38.1	0	3	2083	1.05366	1.04514	1867
730	570943	928	196835	374109	100	60	1.45763	0.791538	39	38.1	3040.92	3	2083	1.06321	1.05799	1867
731	602056	835	250328	351729	100	60	1.47593	0.791538	39	38.1	3040.92	3	2083	1.08403	1.07917	1867
732	603570	737	282199	321371	100	60	1.49684	0.791538	39	38.1	3040.92	3	2083	1.1052	1.09418	1867
733	575755	638	287136	288619	100	60	1.50047	0.791538	39	38.1	3040.92	3	2083	1.12908	1.11236	1867
734	561514	581	289415	272099	100	60	1.50324	0.791538	39	38.1	3040.92	3	2083	1.16124	1.13556	1867
735	523164	521	274475	248689	100	60	1.49424	0.791538	39	38.1	3040.92	3	2083	1.22083	1.18775	1867
736	460999	442	241307	213994	100	60	1.4976	0.791538	39	38.1	3040.92	3	2083	1.25217	1.19906	1867
737	428274	397	222815	195815	100	60	1.46434	0.791538	39	38.1	3040.92	3	2083	1.27094	1.22691	1867
738	427872	386	223513	194941	100	60	1.48113	0.791538	39	38.1	3040.92	3	2083	1.26154	1.21547	1867
739	399612	353	209319	181547	100	60	1.50132	0.791538	39	38.1	3040.92	3	2083	1.26404	1.20973	1867
740	376262	326	197650	170751	100	60	1.52568	0.791538	39	38.1	3040.92	3	2083	1.28076	1.22789	1867
741	372424	328	200513	171910	100	60	1.5339	0.791538	39	38.1	3040.92	3	2083	1.29487	1.2439	1867
742	301733	310	138992	162741	100	60	0.0923988	0.791538	39	38.1	61989.3	3	2083	1.00483	0.987838	1867
743	516994	279	224001	292992	100	60	0.0801717	0.791538	39	38.1	61989.3	3	2083	1.00445	0.987496	1867
744	646768	260	277240	369528	100	60	0.0785493	0.791538	39	38.1	61989.3	3	2083	1.00477	0.991814	1867
745	612844	224	267869	344975	100	60	0.0813886	0.791538	39	38.1	61989.3	3	2083	1.00564	0.997651	1867
746	589934	196	266407	323527	100	60	0.0843989	0.791538	39	38.1	61989.3	3	2083	1.00637	1.00088	1867
747	646740	2363	299148	347592	100	60	0.85464	0.791538	39	38.1	61989.3	3	2083	1.00994	1.00499	1867
748	741033	2104	346411	394622	100	60	0.97206	0.791538	39	38.1	61989.3	3	2083	1.01303	1.00987	1867
749	771999	1849	365395	406604	100	60	1.17075	0.791538	39	38.1	61989.3	3	2083	1.0191	1.01562	1867
750	489495	1656	86645.5	402849	100	60	1.28865	0.791538	35	38.1	61989.3	3	2083	1.09763	1.15863	1867
751	19041	47	5134.47	13869.8	100	60	0.0371921	0.791538	39	38.1	0	3	2083	1.01088	0.983116	1867
752	108521	42	41136	67341.4	100	60	0.029414	0.791538	39	38.1	0	3	2083	1.00515	0.98333	1867
753	296853	38	129768	166979	100	60	0.0253837	0.791538	39	38.1	0	3	2083	1.00381	0.982552	1867
754	480269	34	209813	270327	100	60	0.0269825	0.791538	39	38.1	0	3	2083	1.00418	0.983666	1867
755	602844	31	266254	336461	100	60	0.0301335	0.791538	39	38.1	0	3	2083	1.00426	0.98661	1867
756	660102	2014	296487	363615	100	60	0.969818	0.791538	39	38.1	0	3	2083	1.00286	0.986345	1867
757	542938	1895	152206	390732	100	60	1.06924	0.791538	39	38.1	0	3	2083	1.00131	0.986318	1867
758	581364	1838	214628	366736	100	60	1.24123	0.791538	39	38.1	0	3	2083	1.00171	0.989119	1867
759	651460	1488	279066	372394	100	60	1.29724	0.791538	39	38.1	0	3	2083	1.0041	0.991263	1867
760	691244	1249	314134	377110	100	60	1.36514	0.791538	39	38.1	14316.2	3	2083	1.01105	1	1867
761	704137	1061	341155	362982	100	60	1.41984	0.791538	39	38.1	14316.2	3	2083	1.01981	1.01131	1867
762	693171	916	349755	343416	100	60	1.46671	0.791538	39	38.1	14316.2	3	2083	1.03997	1.03716	1867
763	676554	813	349918	326636	100	60	1.47573	0.791538	39	38.1	14316.2	3	2083	1.0468	1.04557	1867
764	479492	732	170461	309031	100	60	1.48521	0.791538	39	38.1	14316.2	3	2083	1.06381	1.05866	1867
765	472779	629	200158	272621	100	60	1.48517	0.791538	39	38.1	14316.2	3	2083	1.07654	1.06529	1867
766	481619	565	225172	250444	100	60	1.52217	0.791538	39	38.1	14316.2	3	2083	1.10074	1.09286	1867
767	345423	496	118053	225520	100	60	1.54716	0.791538	39	38.1	14316.2	3	2083	1.10877	1.09221	1867
768	274689	434	72902	201143	100	60	1.5701	0.791538	39	38.1	14316.2	3	2083	1.1318	1.10613	1867
769	305911	410	111153	190691	100	60	1.56028	0.791538	39	38.1	14316.2	3	2083	1.15455	1.12469	1867
770	311671	363	136576	171597	100	60	1.57022	0.791538	39	38.1	14316.2	3	2083	1.17647	1.12821	1867
771	317901	334	156621	161280	100	60	1.55515	0.791538	39	38.1	14316.2	3	2083	1.19941	1.17035	1867
772	263476	288	120437	143039	100	60	0.148845	0.791538	39	38.1	53012.1	3	2083	1.00662	0.994855	1867
773	394035	283	179948	214087	100	60	0.120662	0.791538	39	38.1	53012.1	3	2083	1.00598	0.994709	1867
774	583755	245	265408	318347	100	60	0.108191	0.791538	39	38.1	53012.1	3	2083	1.0054	0.995337	1867
775	695440	229	310612	384827	100	60	0.112427	0.791538	39	38.1	53012.1	3	2083	1.00554	0.997137	1867
776	689860	219	311023	378837	100	60	0.129891	0.791538	38	38.1	53012.1	3	2083	1.00657	1.00067	1867
777	672910	2087	309654	363256	100	60	0.860853	0.791538	38	38.1	53012.1	3	2083	1.00633	1.00082	1867
778	730232	1883	343810	386422	100	60	0.935519	0.791538	38	38.1	53012.1	3	2083	1.00972	1.00851	1867
779	781557	1653	373001	408557	100	60	1.09377	0.791538	37	38.1	53012.1	3	2083	1.01416	1.01294	1867
780	600696	1570	193068	407628	100	60	1.16502	0.791538	31	38.1	53012.1	3	2083	1.14074	1.25273	1867
781	633602	1258	261986	370415	100	60	0.912539	0.791538	39	38.1	0	3	2083	1.08237	1.08827	1867
782	681430	1067	312516	367033	100	60	0.819841	0.791538	39	38.1	0	3	2083	1.04761	1.04151	1867
783	555013	938	175268	379593	100	60	0.796008	0.791538	39	38.1	0	3	2083	1.02817	1.01548	1867
784	639659	830	255016	383586	100	60	0.8365	0.791538	39	38.1	0	3	2083	1.02458	1.00765	1867
785	720628	775	323817	395963	100	60	0.909394	0.791538	39	38.1	0	3	2083	1.02861	1.00379	1867
786	763287	1170	363915	399372	100	60	1.34008	0.791538	39	38.1	0	3	2083	1.03663	1.00922	1867
787	797454	1250	392137	405317	100	60	1.4885	0.791538	39	38.1	0	3	2083	1.0405	1.01373	1867
788	579791	1202	190359	389432	100	60	1.59138	0.791538	39	38.1	0	3	2083	1.05208	1.02696	1867
789	613449	1016	248347	365102	100	60	1.58802	0.791538	39	38.1	0	3	2083	1.05007	1.02595	1867
790	613162	894	269812	343349	100	60	1.58475	0.791538	39	38.1	28768	3	2083	1.05837	1.03616	1867
791	636519	809	308231	328288	100	60	1.59616	0.791538	39	38.1	28768	3	2083	1.06184	1.0437	1867
792	608440	699	309619	298821	100	60	1.61807	0.791538	39	38.1	28768	3	2083	1.07193	1.0492	1867
793	565071	600	296004	269066	100	60	1.62133	0.791538	39	38.1	28768	3	2083	1.10245	1.07744	1867
794	398264	547	145010	253253	100	60	1.6325	0.791538	39	38.1	28768	3	2083	1.11901	1.09259	1867
795	409777	490	178745	231033	100	60	1.64499	0.791538	39	38.1	28768	3	2083	1.12453	1.09129	1867
796	399128	418	189768	202135	100	60	1.67326	0.791538	39	38.1	28768	3	2083	1.13708	1.10269	1867
797	384371	366	191460	181418	100	60	1.68344	0.791538	39	38.1	28768	3	2083	1.11598	1.08357	1867
798	382848	338	196340	174135	100	60	1.69162	0.791538	39	38.1	28768	3	2083	1.12644	1.09451	1867
799	353940	300	184787	157916	100	60	1.76202	0.791538	39	38.1	28768	3	2083	1.09868	1.07692	1867
800	339642	280	179207	149923	100	60	1.79473	0.791538	39	38.1	28768	3	2083	1.10284	1.06367	1867
801	279733	230	153121	126612	100	60	1.78127	0.791538	39	38.1	28768	3	2083	1.13043	1.09259	1867
802	213012	217	92562.2	120449	100	60	0.0699689	0.791538	39	38.1	89909	3	2083	1.00167	0.980377	1867
803	441199	182	185865	255335	100	60	0.0548765	0.791538	39	38.1	89909	3	2083	1.00146	0.980441	1867
804	593197	157	246450	346748	100	60	0.050174	0.791538	39	38.1	89909	3	2083	1.00142	0.98572	1867
805	568125	142	242219	325906	100	60	0.0559618	0.791538	39	38.1	89909	3	2083	1.00155	0.992078	1867
806	398121	135	97302	300819	100	60	0.0629361	0.791538	39	38.1	89909	3	2083	1.00195	0.993729	1867
807	373283	2459	66366.7	306917	100	60	0.895837	0.791538	39	38.1	89909	3	2083	1.00325	0.995713	1867
808	448619	2203	134708	313911	100	60	1.11591	0.791538	39	38.1	89909	3	2083	1.00466	0.998746	1867
809	563834	2044	212144	351690	100	60	1.32403	0.791538	39	38.1	89909	3	2083	1.00629	1.00084	1867
810	522708	1932	139644	383063	100	60	1.47356	0.791538	37	38.1	89909	3	2083	1.04881	1.06646	1867
811	470339	1522	104357	365673	100	60	0.695207	0.791538	39	38.1	0	3	2083	1.0151	0.998837	1867
812	557155	1268	185143	370591	100	60	0.525337	0.791538	39	38.1	0	3	2083	1.00875	0.98796	1867
813	707402	1108	285832	419603	100	60	0.502796	0.791538	39	38.1	0	3	2083	1.00654	0.987002	1867
814	607301	932	165713	441380	100	60	0.546694	0.791538	39	38.1	0	3	2083	1.00544	0.987876	1867
815	667596	814	238558	428879	100	60	0.578673	0.791538	39	38.1	0	3	2083	1.0062	0.990659	1867
816	713425	1761	297788	415636	100	60	1.14951	0.791538	39	38.1	0	3	2083	1.00936	0.994159	1867
817	757801	1658	344342	413459	100	60	1.28079	0.791538	39	38.1	0	3	2083	1.01248	1	1867
818	769858	1495	367433	402424	100	60	1.44683	0.791538	39	38.1	0	3	2083	1.01668	1.01005	1867
819	774137	1242	381532	392605	100	60	1.50126	0.791538	39	38.1	0	3	2083	1.02054	1.01774	1867
820	698619	1052	325827	372792	100	60	1.55422	0.791538	39	38.1	59837.5	3	2083	1.03215	1.03042	1867
821	677345	892	333757	343587	100	60	1.60125	0.791538	39	38.1	59837.5	3	2083	1.0414	1.03708	1867
822	656970	779	336607	320363	100	60	1.6177	0.791538	39	38.1	59837.5	3	2083	1.06588	1.06555	1867
823	459475	686	159841	299634	100	60	1.67644	0.791538	39	38.1	59837.5	3	2083	1.08314	1.08199	1867
824	459414	597	193016	266398	100	60	1.7066	0.791538	39	38.1	59837.5	3	2083	1.0922	1.09106	1867
825	463316	534	219070	244246	100	60	1.73529	0.791538	39	38.1	59837.5	3	2083	1.10714	1.10436	1867
826	459995	479	227926	224326	100	60	1.75475	0.791538	39	38.1	59837.5	3	2083	1.11776	1.10063	1867
827	465473	457	234772	216739	100	60	1.77309	0.791538	39	38.1	59837.5	3	2083	1.14141	1.11674	1867
828	427209	396	220093	194093	100	60	1.76466	0.791538	39	38.1	59837.5	3	2083	1.13647	1.10486	1867
829	397342	352	207385	178092	100	60	1.78603	0.791538	39	38.1	59837.5	3	2083	1.12634	1.08986	1867
830	368889	320	194003	164334	100	60	1.80931	0.791538	39	38.1	59837.5	3	2083	1.12689	1.09091	1867
831	347735	305	188552	159183	100	60	1.80639	0.791538	39	38.1	59837.5	3	2083	1.13376	1.09622	1867
832	264620	285	114136	150484	100	60	0.0937735	0.791538	39	38.1	128910	3	2083	1.0028	0.994767	1867
833	486228	263	206816	279411	100	60	0.0813133	0.791538	39	38.1	128910	3	2083	1.0027	0.995143	1867
834	623767	220	263342	360425	100	60	0.0722314	0.791538	39	38.1	128910	3	2083	1.0022	0.997115	1867
835	610581	198	262366	348215	100	60	0.0773057	0.791538	38	38.1	128910	3	2083	1.00259	1.00008	1867
836	577550	175	256239	321311	100	60	0.0811266	0.791538	38	38.1	128910	3	2083	1.00299	1.00129	1867
837	478115	2350	126968	351146	100	60	0.867062	0.791538	38	38.1	128910	3	2083	1.00444	1.00297	1867
838	548955	2112	190816	358140	100	60	1.02322	0.791538	38	38.1	128910	3	2083	1.00521	1.00505	1867
839	647107	1956	262039	385068	100	60	1.23087	0.791538	38	38.1	128910	3	2083	1.00613	1.00632	1867
840	556723	1840	156020	400704	100	60	1.41508	0.791538	32	38.1	128910	3	2083	1.0693	1.11141	1867
841	620654	1503	236864	383277	100	60	0.719177	0.791538	39	38.1	0	3	2083	1.01835	1.01386	1867
842	707069	1225	304301	402009	100	60	0.588142	0.791538	39	38.1	0	3	2083	1.01072	1.00486	1867
843	801115	1066	366021	434074	100	60	0.564858	0.791538	39	38.1	0	3	2083	1.0069	1.0003	1867
844	859996	921	401900	457114	100	60	0.593072	0.791538	39	38.1	0	3	2083	1.00767	1.00217	1867
845	870650	827	414832	454988	100	60	0.650755	0.791538	39	38.1	0	3	2083	1.01117	1.00598	1867
846	837282	1603	406142	431140	100	60	1.20192	0.791538	39	38.1	0	3	2083	1.01433	1.01085	1867
847	826402	1524	407342	419059	100	60	1.3486	0.791538	39	38.1	0	3	2083	1.01875	1.01841	1867
848	818870	1400	408699	410171	100	60	1.51633	0.791538	39	38.1	0	3	2083	1.02202	1.01793	1867
849	801130	1178	404493	396637	100	60	1.56159	0.791538	39	38.1	0	3	2083	1.02781	1.02813	1867
850	706595	1051	317835	388760	100	60	1.60762	0.791538	39	38.1	98900.4	3	2083	1.0337	1.03633	1867
851	686440	885	329954	356486	100	60	1.67338	0.791538	39	38.1	98900.4	3	2083	1.0433	1.04654	1867
852	678576	787	341712	336863	100	60	1.73038	0.791538	39	38.1	98900.4	3	2083	1.05589	1.05882	1867
853	622105	670	321328	300778	100	60	1.7719	0.791538	39	38.1	98900.4	3	2083	1.05767	1.05865	1867
854	576924	590	302865	274059	100	60	1.80266	0.791538	39	38.1	98900.4	3	2083	1.07278	1.06644	1867
855	396220	532	143082	253138	100	60	1.81805	0.791538	39	38.1	98900.4	3	2083	1.07616	1.07576	1867
856	405644	475	170744	227809	100	60	1.83772	0.791538	39	38.1	98900.4	3	2083	1.09387	1.08879	1867
857	396844	415	185084	201145	100	60	1.85876	0.791538	39	38.1	98900.4	3	2083	1.09492	1.08675	1867
858	398056	380	196886	188686	100	60	1.86722	0.791538	39	38.1	98900.4	3	2083	1.09489	1.09019	1867
859	386430	348	197120	177211	100	60	1.89333	0.791538	39	38.1	98900.4	3	2083	1.07278	1.06725	1867
860	360133	309	187163	162084	100	60	1.8934	0.791538	39	38.1	98900.4	3	2083	1.081	1.07261	1867
861	328148	284	177740	150408	100	60	1.83938	0.791538	39	38.1	98900.4	3	2083	1.07071	1.05	1867
862	232622	247	96711.6	135911	100	60	0.0818053	0.791538	39	38.1	172227	3	2083	1.00142	0.997108	1867
863	464683	225	194623	270059	100	60	0.0693602	0.791538	39	38.1	172227	3	2083	1.00142	0.996961	1867
864	612684	207	256063	356621	100	60	0.0678499	0.791538	39	38.1	172227	3	2083	1.00165	0.998953	1867
865	604654	180	256949	347705	100	60	0.0709398	0.791538	39	38.1	172227	3	2083	1.00187	1.00025	1867
866	556715	152	244695	312021	100	60	0.0710961	0.791538	39	38.1	172227	3	2083	1.00165	1.00104	1867
867	622092	2372	282347	339746	100	60	0.924741	0.791538	39	38.1	172227	3	2083	1.00261	1.0022	1867
868	702488	2179	322420	380068	100	60	1.08393	0.791538	39	38.1	172227	3	2083	1.00323	1.00346	1867
869	727137	1874	337419	389718	100	60	1.28352	0.791538	39	38.1	172227	3	2083	1.00434	1.00493	1867
870	557742	1692	173134	384608	100	60	1.40408	0.791538	34	38.1	172227	3	2083	1.07131	1.13405	1867
871	604651	1337	243686	359885	100	60	0.663889	0.791538	39	38.1	0	3	2083	1.02136	1.0206	1867
872	528603	1124	147142	381151	100	60	0.544861	0.791538	39	38.1	0	3	2083	1.01027	1.00744	1867
873	646376	938	238802	406450	100	60	0.450014	0.791538	39	38.1	0	3	2083	1.00461	1.00153	1867
874	746556	814	311441	433931	100	60	0.478481	0.791538	39	38.1	0	3	2083	1.00397	1.00142	1867
875	783197	736	348145	433956	100	60	0.529532	0.791538	39	38.1	0	3	2083	1.00532	1.00434	1867
876	783255	1648	365341	417914	100	60	1.14999	0.791538	39	38.1	0	3	2083	1.00771	1.00725	1867
877	793789	1521	381735	412054	100	60	1.28229	0.791538	39	38.1	0	3	2083	1.00969	1.01007	1867
878	803264	1487	395353	407912	100	60	1.5482	0.791538	39	38.1	0	3	2083	1.01259	1.01283	1867
879	780737	1223	390326	390412	100	60	1.59166	0.791538	39	38.1	0	3	2083	1.01645	1.01723	1867
880	674291	1025	305332	368959	100	60	1.66049	0.791538	39	38.1	83619.1	3	2083	1.0276	1.03425	1867
881	698884	933	337967	360917	100	60	1.71595	0.791538	39	38.1	83619.1	3	2083	1.03753	1.04736	1867
882	682884	823	342928	339956	100	60	1.75658	0.791538	39	38.1	83619.1	3	2083	1.04037	1.04756	1867
883	464545	706	158077	306467	100	60	1.79327	0.791538	39	38.1	83619.1	3	2083	1.05222	1.0569	1867
884	465833	616	191066	274766	100	60	1.87222	0.791538	39	38.1	83619.1	3	2083	1.06504	1.06525	1867
885	494418	582	229857	264561	100	60	1.93171	0.791538	39	38.1	83619.1	3	2083	1.07496	1.07465	1867
886	501245	539	244756	248181	100	60	1.94056	0.791538	39	38.1	83619.1	3	2083	1.08333	1.08255	1867
887	503663	507	250827	237801	100	60	1.9244	0.791538	39	38.1	83619.1	3	2083	1.10307	1.1018	1867
888	462145	434	234142	213914	100	60	1.95357	0.791538	39	38.1	83619.1	3	2083	1.09761	1.08585	1867
889	447711	400	229687	204630	100	60	1.99964	0.791538	39	38.1	83619.1	3	2083	1.09353	1.07848	1867
890	405953	349	209703	184414	100	60	1.99999	0.791538	39	38.1	83619.1	3	2083	1.09091	1.07602	1867
891	346502	294	185548	160954	100	60	2.04162	0.791538	39	38.1	83619.1	3	2083	1.09603	1.08042	1867
892	258513	272	104653	153860	100	60	0.0895198	0.791538	39	38.1	163964	3	2083	1.00185	0.999176	1867
893	495813	256	205915	289897	100	60	0.0790918	0.791538	39	38.1	163964	3	2083	1.00184	0.999101	1867
894	638898	240	267632	371267	100	60	0.0781322	0.791538	39	38.1	163964	3	2083	1.00195	1.00047	1867
895	595635	197	254814	340821	100	60	0.0786278	0.791538	39	38.1	163964	3	2083	1.0024	1.00077	1867
896	574151	180	254598	319553	100	60	0.0846302	0.791538	39	38.1	163964	3	2083	1.00249	1.00119	1867
897	636960	2372	290824	346136	100	60	0.984675	0.791538	39	38.1	163964	3	2083	1.00435	1.00424	1867
898	716851	2140	330203	386648	100	60	1.11405	0.791538	39	38.1	163964	3	2083	1.00557	1.00754	1867
899	762356	1900	355758	406598	100	60	1.34537	0.791538	39	38.1	163964	3	2083	1.00777	1.00964	1867
900	584473	1709	181318	403155	100	60	1.50146	0.791538	33	38.1	163964	3	2083	1.08119	1.14378	1867
901	630207	1361	251455	377531	100	60	0.719508	0.791538	39	38.1	0	3	2083	1.02445	1.02505	1867
902	701033	1127	306557	392735	100	60	0.572023	0.791538	39	38.1	0	3	2083	1.0138	1.01099	1867
903	804216	974	367766	434415	100	60	0.532556	0.791538	39	38.1	0	3	2083	1.0092	1.0053	1867
904	871371	854	404953	464368	100	60	0.567498	0.791538	39	38.1	0	3	2083	1.00968	1.00634	1867
905	858404	776	407113	449467	100	60	0.648068	0.791538	39	38.1	0	3	2083	1.01341	1.00969	1867
906	842967	1567	407580	435387	100	60	1.2574	0.791538	39	38.1	0	3	2083	1.01573	1.01403	1867
907	836314	1487	409956	426358	100	60	1.39745	0.791538	39	38.1	0	3	2083	1.02026	1.02351	1867
908	845099	1455	419234	425865	100	60	1.66431	0.791538	39	38.1	0	3	2083	1.02411	1.02697	1867
909	831439	1248	415821	415618	100	60	1.69281	0.791538	39	38.1	0	3	2083	1.02596	1.03069	1867
910	699683	1047	307019	392663	100	60	1.75964	0.791538	39	38.1	105809	3	2083	1.03772	1.03942	1867
911	701052	901	330901	370151	100	60	1.79924	0.791538	39	38.1	105809	3	2083	1.05118	1.05487	1867
912	515155	801	167017	348138	100	60	1.8335	0.791538	39	38.1	105809	3	2083	1.05777	1.05927	1867
913	515182	693	206567	308616	100	60	1.85135	0.791538	39	38.1	105809	3	2083	1.06328	1.05985	1867
914	554778	655	253858	300920	100	60	1.88403	0.791538	39	38.1	105809	3	2083	1.0776	1.07264	1867
915	558033	596	273536	284496	100	60	1.95807	0.791538	39	38.1	105809	3	2083	1.09882	1.09386	1867
916	559559	556	279379	270991	100	60	1.9801	0.791538	39	38.1	105809	3	2083	1.12644	1.11971	1867
917	529341	495	265579	248020	100	60	1.9891	0.791538	39	38.1	105809	3	2083	1.15399	1.13929	1867
918	517355	460	262881	239342	100	60	2.03104	0.791538	39	38.1	105809	3	2083	1.13721	1.12584	1867
919	482874	413	247626	221061	100	60	2.04918	0.791538	39	38.1	105809	3	2083	1.13882	1.12312	1867
920	440399	369	228220	199754	100	60	2.07862	0.791538	39	38.1	105809	3	2083	1.1413	1.12321	1867
921	283967	326	101869	182098	100	60	2.11755	0.791538	39	38.1	105809	3	2083	1.14815	1.12092	1867
922	269091	299	100374	168717	100	60	0.0911153	0.791538	39	38.1	136482	3	2083	1.00244	1	1867
923	508730	272	205158	303573	100	60	0.0825813	0.791538	39	38.1	136482	3	2083	1.00217	0.999815	1867
924	636798	247	260279	376519	100	60	0.0803807	0.791538	39	38.1	136482	3	2083	1.00227	1.00023	1867
925	605333	216	254727	350606	100	60	0.0854296	0.791538	38	38.1	136482	3	2083	1.00265	1.00043	1867
926	569086	192	249972	319115	100	60	0.0902796	0.791538	38	38.1	136482	3	2083	1.00311	1.00104	1867
927	479120	2541	125496	353624	100	60	1.06662	0.791538	38	38.1	136482	3	2083	1.00478	1.0024	1867
928	567685	2221	196678	371007	100	60	1.2318	0.791538	38	38.1	136482	3	2083	1.00651	1.00362	1867
929	660098	1941	262475	397623	100	60	1.43244	0.791538	38	38.1	136482	3	2083	1.00807	1.00369	1867
930	553528	1870	153650	399877	100	60	1.63718	0.791538	35	38.1	136482	3	2083	1.07233	1.11569	1867
