ID	Species	MaxAge	AllocSeed	LMR	m0	MaxMass	mSeed	Dist	pEstab	Gmax	SLA	palat	memo	RAR	growth	mThres	clonal	propSex	meanSpacerLength	sdSpacerLength	Resshare	AllocSpacer	mSpacer	sens	allocroot	allocshoot	EC50_biomass	slope_biomass	EC50_SEbiomass	slope_SEbiomass	EC50_survival	slope_survival	EC50_establishment	slope_establishment	EC50_sterility	slope_sterility	EC50_seednumber	slope_seednumber	FlowerWeek	DispWeek	GermPeriod
1	LECAcl4plb	100	0.05	0.5	1	5000	1	0.1	0.5	60	0.5	0.25	2	1	0.25	0.2	1	1	17.5	12.5	0	0.05	70	0.102949311083648	1	1	0	0	0	0	0	0	0	0	0	0	0	0	16	20	1
2	LECIcl3plb	100	0.05	0.5	1	5000	1	0.1	0.5	60	0.75	0.5	2	1	0.25	0.2	1	1	17.5	12.5	1	0.05	70	0.227590634662192	1	1	0	0	0	0	0	0	0	0	0	0	0	0	16	20	1
3	LECIcl4plb	100	0.05	0.5	1	5000	1	0.1	0.5	60	0.75	0.5	2	1	0.25	0.2	1	1	17.5	12.5	0	0.05	70	0.086334181658458	1	1	0	0	0	0	0	0	0	0	0	0	0	0	16	20	1
6	LSCAplb	100	0.05	0.75	1	5000	1	0.1	0.5	60	0.5	0.25	2	1	0.25	0.2	0	0	0	0	0	0	0	0.0206511098076589	1	1	0	0	0	0	0	0	0	0	0	0	0	0	16	20	1
8	LSCIcl1plb	100	0.05	0.75	1	5000	1	0.1	0.5	60	0.75	0.5	2	1	0.25	0.2	1	1	2.5	2.5	1	0.05	70	0.45393880904885	1	1	0	0	0	0	0	0	0	0	0	0	0	0	16	20	1
9	LSCIcl2plb	100	0.05	0.75	1	5000	1	0.1	0.5	60	0.75	0.5	2	1	0.25	0.2	1	1	2.5	2.5	0	0.05	70	0.452439242391847	1	1	0	0	0	0	0	0	0	0	0	0	0	0	16	20	1
10	LSCIcl3plb	100	0.05	0.75	1	5000	1	0.1	0.5	60	0.75	0.5	2	1	0.25	0.2	1	1	17.5	12.5	1	0.05	70	0.0346964217606001	1	1	0	0	0	0	0	0	0	0	0	0	0	0	16	20	1
7	LSCIplb	100	0.05	0.75	1	5000	1	0.1	0.5	60	0.75	0.5	2	1	0.25	0.2	0	0	0	0	0	0	0	0.262470233719796	1	1	0	0	0	0	0	0	0	0	0	0	0	0	16	20	1
12	LSCTcl3plb	100	0.05	0.75	1	5000	1	0.1	0.5	60	1	1	2	1	0.25	0.2	1	1	17.5	12.5	1	0.05	70	0.148600935644936	1	1	0	0	0	0	0	0	0	0	0	0	0	0	16	20	1
11	LSCTplb	100	0.05	0.75	1	5000	1	0.1	0.5	60	1	1	2	1	0.25	0.2	0	0	0	0	0	0	0	0.730417630518787	1	1	0	0	0	0	0	0	0	0	0	0	0	0	16	20	1
17	MECAcl4plb	100	0.05	0.5	0.3	2000	0.3	0.3	0.5	60	0.5	0.25	2	1	0.25	0.2	1	1	17.5	12.5	0	0.05	70	0.22821592487162	1	1	0	0	0	0	0	0	0	0	0	0	0	0	16	20	1
18	MECIcl3plb	100	0.05	0.5	0.3	2000	0.3	0.3	0.5	60	0.75	0.5	2	1	0.25	0.2	1	1	17.5	12.5	1	0.05	70	0.739841637550853	1	1	0	0	0	0	0	0	0	0	0	0	0	0	16	20	1
19	MECIcl4plb	100	0.05	0.5	0.3	2000	0.3	0.3	0.5	60	0.75	0.5	2	1	0.25	0.2	1	1	17.5	12.5	0	0.05	70	0.248897640733048	1	1	0	0	0	0	0	0	0	0	0	0	0	0	16	20	1
21	MECTcl3peb	100	0.05	0.5	0.3	2000	0.3	0.3	0.5	60	1	1	2	1	0.25	0.2	1	1	17.5	12.5	1	0.05	70	0.205297737848014	1	1	0	0	0	0	0	0	0	0	0	0	0	0	1	5	1
20	MECTplb	100	0.05	0.5	0.3	2000	0.3	0.3	0.5	60	1	1	2	1	0.25	0.2	0	0	0	0	0	0	0	0.106804569484666	1	1	0	0	0	0	0	0	0	0	0	0	0	0	16	20	1
24	MEITplb	100	0.05	0.5	0.3	2000	0.3	0.3	0.5	40	1	1	4	1	0.25	0.2	0	0	0	0	0	0	0	0.0745100211934187	1	1	0	0	0	0	0	0	0	0	0	0	0	0	16	20	1
25	MESTcl3plb	100	0.05	0.5	0.3	2000	0.3	0.3	0.5	20	1	1	6	1	0.25	0.2	1	1	17.5	12.5	1	0.05	70	0.571864117693622	1	1	0	0	0	0	0	0	0	0	0	0	0	0	16	20	1
26	MRITcl3peb	100	0.05	1	0.3	2000	0.3	0.3	0.5	40	1	1	4	1	0.25	0.2	1	1	17.5	12.5	1	0.05	70	0.241189252526965	1	1	0	0	0	0	0	0	0	0	0	0	0	0	1	5	1
28	MSCAcl1plb	100	0.05	0.75	0.3	2000	0.3	0.3	0.5	60	0.5	0.25	2	1	0.25	0.2	1	1	2.5	2.5	1	0.05	70	0.351568484737072	1	1	0	0	0	0	0	0	0	0	0	0	0	0	16	20	1
29	MSCAcl2plb	100	0.05	0.75	0.3	2000	0.3	0.3	0.5	60	0.5	0.25	2	1	0.25	0.2	1	1	2.5	2.5	0	0.05	70	0.0276264566928148	1	1	0	0	0	0	0	0	0	0	0	0	0	0	16	20	1
30	MSCAcl3plb	100	0.05	0.75	0.3	2000	0.3	0.3	0.5	60	0.5	0.25	2	1	0.25	0.2	1	1	17.5	12.5	1	0.05	70	0.924920323304832	1	1	0	0	0	0	0	0	0	0	0	0	0	0	16	20	1
27	MSCAplb	100	0.05	0.75	0.3	2000	0.3	0.3	0.5	60	0.5	0.25	2	1	0.25	0.2	0	0	0	0	0	0	0	0.0297361213015392	1	1	0	0	0	0	0	0	0	0	0	0	0	0	16	20	1
32	MSCIcl3plb	100	0.05	0.75	0.3	2000	0.3	0.3	0.5	60	0.75	0.5	2	1	0.25	0.2	1	1	17.5	12.5	1	0.05	70	0.889764969120733	1	1	0	0	0	0	0	0	0	0	0	0	0	0	16	20	1
31	MSCIplb	100	0.05	0.75	0.3	2000	0.3	0.3	0.5	60	0.75	0.5	2	1	0.25	0.2	0	0	0	0	0	0	0	0.554231022950262	1	1	0	0	0	0	0	0	0	0	0	0	0	0	16	20	1
34	MSCTcl1plb	100	0.05	0.75	0.3	2000	0.3	0.3	0.5	60	1	1	2	1	0.25	0.2	1	1	2.5	2.5	1	0.05	70	0.0281893244828098	1	1	0	0	0	0	0	0	0	0	0	0	0	0	16	20	1
35	MSCTcl2plb	100	0.05	0.75	0.3	2000	0.3	0.3	0.5	60	1	1	2	1	0.25	0.2	1	1	2.5	2.5	0	0.05	70	0.695025609456934	1	1	0	0	0	0	0	0	0	0	0	0	0	0	16	20	1
41	MSIAcl3plb	100	0.05	0.75	0.3	2000	0.3	0.3	0.5	40	0.5	0.25	4	1	0.25	0.2	1	1	17.5	12.5	1	0.05	70	0.849028347292915	1	1	0	0	0	0	0	0	0	0	0	0	0	0	16	20	1
42	MSIAcl4plb	100	0.05	0.75	0.3	2000	0.3	0.3	0.5	40	0.5	0.25	4	1	0.25	0.2	1	1	17.5	12.5	0	0.05	70	0.172773216327187	1	1	0	0	0	0	0	0	0	0	0	0	0	0	16	20	1
44	MSIIcl1plb	100	0.05	0.75	0.3	2000	0.3	0.3	0.5	40	0.75	0.5	4	1	0.25	0.2	1	1	2.5	2.5	1	0.05	70	0.0796060108696111	1	1	0	0	0	0	0	0	0	0	0	0	0	0	16	20	1
43	MSIIplb	100	0.05	0.75	0.3	2000	0.3	0.3	0.5	40	0.75	0.5	4	1	0.25	0.2	0	0	0	0	0	0	0	0.0199296024511568	1	1	0	0	0	0	0	0	0	0	0	0	0	0	16	20	1
45	MSITcl3plb	100	0.05	0.75	0.3	2000	0.3	0.3	0.5	40	1	1	4	1	0.25	0.2	1	1	17.5	12.5	1	0.05	70	0.335852185613476	1	1	0	0	0	0	0	0	0	0	0	0	0	0	16	20	1
46	MSITcl4plb	100	0.05	0.75	0.3	2000	0.3	0.3	0.5	40	1	1	4	1	0.25	0.2	1	1	17.5	12.5	0	0.05	70	0.670367278449703	1	1	0	0	0	0	0	0	0	0	0	0	0	0	16	20	1
49	MSSAcl4plb	100	0.05	0.75	0.3	2000	0.3	0.3	0.5	20	0.5	0.25	6	1	0.25	0.2	1	1	17.5	12.5	0	0.05	70	0.361358840309549	1	1	0	0	0	0	0	0	0	0	0	0	0	0	16	20	1
50	SECAcl3plb	100	0.05	0.5	0.1	1000	0.1	0.6	0.5	60	0.5	0.25	2	1	0.25	0.2	1	1	17.5	12.5	1	0.05	70	0.774185633461457	1	1	0	0	0	0	0	0	0	0	0	0	0	0	16	20	1
52	SECTcl3peb	100	0.05	0.5	0.1	1000	0.1	0.6	0.5	60	1	1	2	1	0.25	0.2	1	1	17.5	12.5	1	0.05	70	0.125736883084755	1	1	0	0	0	0	0	0	0	0	0	0	0	0	1	5	1
51	SECTpeb	100	0.05	0.5	0.1	1000	0.1	0.6	0.5	60	1	1	2	1	0.25	0.2	0	0	0	0	0	0	0	0.456028292654082	1	1	0	0	0	0	0	0	0	0	0	0	0	0	1	5	1
55	SEIAcl4peb	100	0.05	0.5	0.1	1000	0.1	0.6	0.5	40	0.5	0.25	4	1	0.25	0.2	1	1	17.5	12.5	0	0.05	70	0.248773054627236	1	1	0	0	0	0	0	0	0	0	0	0	0	0	1	5	1
54	SEIAplb	100	0.05	0.5	0.1	1000	0.1	0.6	0.5	40	0.5	0.25	4	1	0.25	0.2	0	0	0	0	0	0	0	0.864476769347675	1	1	0	0	0	0	0	0	0	0	0	0	0	0	16	20	1
57	SEITcl1plb	100	0.05	0.5	0.1	1000	0.1	0.6	0.5	40	1	1	4	1	0.25	0.2	1	1	2.5	2.5	1	0.05	70	0.295654145244043	1	1	0	0	0	0	0	0	0	0	0	0	0	0	16	20	1
58	SEITcl3peb	100	0.05	0.5	0.1	1000	0.1	0.6	0.5	40	1	1	4	1	0.25	0.2	1	1	17.5	12.5	1	0.05	70	0.0852708596503362	1	1	0	0	0	0	0	0	0	0	0	0	0	0	1	5	1
59	SEITcl4peb	100	0.05	0.5	0.1	1000	0.1	0.6	0.5	40	1	1	4	1	0.25	0.2	1	1	17.5	12.5	0	0.05	70	0.0686801127740182	1	1	0	0	0	0	0	0	0	0	0	0	0	0	1	5	1
62	SESTcl4plb	100	0.05	0.5	0.1	1000	0.1	0.6	0.5	20	1	1	6	1	0.25	0.2	1	1	17.5	12.5	0	0.05	70	0.777655121462885	1	1	0	0	0	0	0	0	0	0	0	0	0	0	16	20	1
64	SRIAcl1plb	100	0.05	1	0.1	1000	0.1	0.6	0.5	40	0.5	0.25	4	1	0.25	0.2	1	1	2.5	2.5	1	0.05	70	0.348164670343976	1	1	0	0	0	0	0	0	0	0	0	0	0	0	16	20	1
63	SRIAcl1peb	100	0.05	1	0.1	1000	0.1	0.6	0.5	40	0.5	0.25	4	1	0.25	0.2	1	1	2.5	2.5	1	0.05	70	0.708895819901954	1	1	0	0	0	0	0	0	0	0	0	0	0	0	1	5	1
65	SRIAcl3plb	100	0.05	1	0.1	1000	0.1	0.6	0.5	40	0.5	0.25	4	1	0.25	0.2	1	1	17.5	12.5	1	0.05	70	0.000251154007855803	1	1	0	0	0	0	0	0	0	0	0	0	0	0	16	20	1
66	SRIAcl4peb	100	0.05	1	0.1	1000	0.1	0.6	0.5	40	0.5	0.25	4	1	0.25	0.2	1	1	17.5	12.5	0	0.05	70	0.104373397363815	1	1	0	0	0	0	0	0	0	0	0	0	0	0	1	5	1
68	SRITcl3plb	100	0.05	1	0.1	1000	0.1	0.6	0.5	40	1	1	4	1	0.25	0.2	1	1	17.5	12.5	1	0.05	70	0.119389794999734	1	1	0	0	0	0	0	0	0	0	0	0	0	0	16	20	1
67	SRITcl3peb	100	0.05	1	0.1	1000	0.1	0.6	0.5	40	1	1	4	1	0.25	0.2	1	1	17.5	12.5	1	0.05	70	0.414771033450961	1	1	0	0	0	0	0	0	0	0	0	0	0	0	1	5	1
69	SEIIcl1peb	100	0.05	0.5	0.1	1000	0.1	0.6	0.5	40	0.75	0.5	4	1	0.25	0.2	1	1	2.5	2.5	1	0.05	70	0.846252070448827	1	1	0	0	0	0	0	0	0	0	0	0	0	0	1	5	1
70	SSCTplb	100	0.05	0.75	0.1	1000	0.1	0.6	0.5	60	1	1	2	1	0.25	0.2	0	0	0	0	0	0	0	0.110299789346755	1	1	0	0	0	0	0	0	0	0	0	0	0	0	16	20	1
71	SSIAcl4plb	100	0.05	0.75	0.1	1000	0.1	0.6	0.5	40	0.5	0.25	4	1	0.25	0.2	1	1	17.5	12.5	0	0.05	70	0.884895372553729	1	1	0	0	0	0	0	0	0	0	0	0	0	0	16	20	1
73	SSIIplb	100	0.05	0.75	0.1	1000	0.1	0.6	0.5	40	0.75	0.5	4	1	0.25	0.2	0	0	0	0	0	0	0	0.418365277175326	1	1	0	0	0	0	0	0	0	0	0	0	0	0	16	20	1
