ID	Species	MaxAge	AllocSeed	LMR	m0	MaxMass	mSeed	Dist	pEstab	Gmax	SLA	palat	memo	RAR	growth	mThres	clonal	propSex	meanSpacerLength	sdSpacerlength	Resshare	AllocSpacer	mSpacer	sens	allocroot	allocshoot	EC50_biomass	slope_biomass	EC50_SEbiomass	slope_SEbiomass	EC50_survival	slope_survival	EC50_establishment	slope_establishment	EC50_sterility	slope_sterility	EC50_seednumber	slope_seednumber	FlowerWeek	DispWeek	GermPeriod
1	LECIcl3plb	100	0.05	0.5	1	5000	1	0.1	0.5	60	0.75	0.5	2	1	0.25	0.2	1	1	17.5	12.5	1	0.05	70	0.463481668848544	1	1	0	0	0	0	0	0	0	0	0	0	0	0	16	20	1
2	LSCAplb	100	0.05	0.75	1	5000	1	0.1	0.5	60	0.5	0.25	2	1	0.25	0.2	0	0	0	0	0	0	0	0.369992418447509	1	1	0	0	0	0	0	0	0	0	0	0	0	0	16	20	1
4	LSCIcl1plb	100	0.05	0.75	1	5000	1	0.1	0.5	60	0.75	0.5	2	1	0.25	0.2	1	1	2.5	2.5	1	0.05	70	0.262709403643385	1	1	0	0	0	0	0	0	0	0	0	0	0	0	16	20	1
5	LSCIcl2plb	100	0.05	0.75	1	5000	1	0.1	0.5	60	0.75	0.5	2	1	0.25	0.2	1	1	2.5	2.5	0	0.05	70	0.687872758833691	1	1	0	0	0	0	0	0	0	0	0	0	0	0	16	20	1
3	LSCIplb	100	0.05	0.75	1	5000	1	0.1	0.5	60	0.75	0.5	2	1	0.25	0.2	0	0	0	0	0	0	0	0.0628835496027023	1	1	0	0	0	0	0	0	0	0	0	0	0	0	16	20	1
6	LSCTplb	100	0.05	0.75	1	5000	1	0.1	0.5	60	1	1	2	1	0.25	0.2	0	0	0	0	0	0	0	0.0400116869714111	1	1	0	0	0	0	0	0	0	0	0	0	0	0	16	20	1
7	MECIcl3plb	100	0.05	0.5	0.3	2000	0.3	0.3	0.5	60	0.75	0.5	2	1	0.25	0.2	1	1	17.5	12.5	1	0.05	70	0.306359101785347	1	1	0	0	0	0	0	0	0	0	0	0	0	0	16	20	1
8	MECIcl4plb	100	0.05	0.5	0.3	2000	0.3	0.3	0.5	60	0.75	0.5	2	1	0.25	0.2	1	1	17.5	12.5	0	0.05	70	0.906150281662121	1	1	0	0	0	0	0	0	0	0	0	0	0	0	16	20	1
9	MECTcl3peb	100	0.05	0.5	0.3	2000	0.3	0.3	0.5	60	1	1	2	1	0.25	0.2	1	1	17.5	12.5	1	0.05	70	0.153151782229543	1	1	0	0	0	0	0	0	0	0	0	0	0	0	16	20	1
10	MEITplb	100	0.05	0.5	0.3	2000	0.3	0.3	0.5	40	1	1	4	1	0.25	0.2	0	0	0	0	0	0	0	0.992794323712587	1	1	0	0	0	0	0	0	0	0	0	0	0	0	16	20	1
11	MESTcl1plb	100	0.05	0.5	0.3	2000	0.3	0.3	0.5	20	1	1	6	1	0.25	0.2	1	1	2.5	2.5	1	0.05	70	0.638837518868968	1	1	0	0	0	0	0	0	0	0	0	0	0	0	16	20	1
12	MRITcl3peb	100	0.05	1	0.3	2000	0.3	0.3	0.5	40	1	1	4	1	0.25	0.2	1	1	17.5	12.5	1	0.05	70	0.689053766429424	1	1	0	0	0	0	0	0	0	0	0	0	0	0	1	5	1
13	MSCAcl3plb	100	0.05	0.75	0.3	2000	0.3	0.3	0.5	60	0.5	0.25	2	1	0.25	0.2	1	1	17.5	12.5	1	0.05	70	0.121679392177612	1	1	0	0	0	0	0	0	0	0	0	0	0	0	16	20	1
15	MSCIcl1plb	100	0.05	0.75	0.3	2000	0.3	0.3	0.5	60	0.75	0.5	2	1	0.25	0.2	1	1	2.5	2.5	1	0.05	70	0.125754387583584	1	1	0	0	0	0	0	0	0	0	0	0	0	0	16	20	1
16	MSCIcl3plb	100	0.05	0.75	0.3	2000	0.3	0.3	0.5	60	0.75	0.5	2	1	0.25	0.2	1	1	17.5	12.5	1	0.05	70	0.779237667797133	1	1	0	0	0	0	0	0	0	0	0	0	0	0	16	20	1
14	MSCIplb	100	0.05	0.75	0.3	2000	0.3	0.3	0.5	60	0.75	0.5	2	1	0.25	0.2	0	0	0	0	0	0	0	0.713750578463078	1	1	0	0	0	0	0	0	0	0	0	0	0	0	16	20	1
17	MSCTcl1plb	100	0.05	0.75	0.3	2000	0.3	0.3	0.5	60	1	1	2	1	0.25	0.2	1	1	2.5	2.5	1	0.05	70	0.732782971579581	1	1	0	0	0	0	0	0	0	0	0	0	0	0	16	20	1
18	MSCTcl2plb	100	0.05	0.75	0.3	2000	0.3	0.3	0.5	60	1	1	2	1	0.25	0.2	1	1	2.5	2.5	0	0.05	70	0.35595582658425	1	1	0	0	0	0	0	0	0	0	0	0	0	0	16	20	1
19	MSCTcl3plb	100	0.05	0.75	0.3	2000	0.3	0.3	0.5	60	1	1	2	1	0.25	0.2	1	1	17.5	12.5	1	0.05	70	0.293286601779982	1	1	0	0	0	0	0	0	0	0	0	0	0	0	16	20	1
20	MSIAcl1plb	100	0.05	0.75	0.3	2000	0.3	0.3	0.5	40	0.5	0.25	4	1	0.25	0.2	1	1	2.5	2.5	1	0.05	70	0.924388770246878	1	1	0	0	0	0	0	0	0	0	0	0	0	0	16	20	1
21	MSIIplb	100	0.05	0.75	0.3	2000	0.3	0.3	0.5	40	0.75	0.5	4	1	0.25	0.2	0	0	0	0	0	0	0	0.430444803088903	1	1	0	0	0	0	0	0	0	0	0	0	0	0	16	20	1
22	MSITcl1plb	100	0.05	0.75	0.3	2000	0.3	0.3	0.5	40	1	1	4	1	0.25	0.2	1	1	2.5	2.5	1	0.05	70	0.97165294107981	1	1	0	0	0	0	0	0	0	0	0	0	0	0	16	20	1
23	MSITcl3plb	100	0.05	0.75	0.3	2000	0.3	0.3	0.5	40	1	1	4	1	0.25	0.2	1	1	17.5	12.5	1	0.05	70	0.65926577639766	1	1	0	0	0	0	0	0	0	0	0	0	0	0	16	20	1
24	MSITcl4plb	100	0.05	0.75	0.3	2000	0.3	0.3	0.5	40	1	1	4	1	0.25	0.2	1	1	17.5	12.5	0	0.05	70	0.843373535200953	1	1	0	0	0	0	0	0	0	0	0	0	0	0	16	20	1
25	MSSIcl1plb	100	0.05	0.75	0.3	2000	0.3	0.3	0.5	20	0.75	0.5	6	1	0.25	0.2	1	1	2.5	2.5	1	0.05	70	0.835189984878525	1	1	0	0	0	0	0	0	0	0	0	0	0	0	16	20	1
26	MSSTcl3plb	100	0.05	0.75	0.3	2000	0.3	0.3	0.5	20	1	1	6	1	0.25	0.2	1	1	17.5	12.5	1	0.05	70	0.631818535970524	1	1	0	0	0	0	0	0	0	0	0	0	0	0	16	20	1
27	SECTpeb	100	0.05	0.5	0.1	1000	0.1	0.6	0.5	60	1	1	2	1	0.25	0.2	0	0	0	0	0	0	0	0.552872847300023	1	1	0	0	0	0	0	0	0	0	0	0	0	0	16	20	1
28	SEIAcl4peb	100	0.05	0.5	0.1	1000	0.1	0.6	0.5	40	0.5	0.25	4	1	0.25	0.2	1	1	17.5	12.5	0	0.05	70	0.74134361394681	1	1	0	0	0	0	0	0	0	0	0	0	0	0	16	20	1
29	SEITcl3peb	100	0.05	0.5	0.1	1000	0.1	0.6	0.5	40	1	1	4	1	0.25	0.2	1	1	17.5	12.5	1	0.05	70	0.320364554412663	1	1	0	0	0	0	0	0	0	0	0	0	0	0	16	20	1
30	SEITcl4peb	100	0.05	0.5	0.1	1000	0.1	0.6	0.5	40	1	1	4	1	0.25	0.2	1	1	17.5	12.5	0	0.05	70	0.646161645650864	1	1	0	0	0	0	0	0	0	0	0	0	0	0	16	20	1
31	SRIAcl1peb	100	0.05	1	0.1	1000	0.1	0.6	0.5	40	0.5	0.25	4	1	0.25	0.2	1	1	2.5	2.5	1	0.05	70	0.312256310833618	1	1	0	0	0	0	0	0	0	0	0	0	0	0	1	5	1
32	SRIAcl1plb	100	0.05	1	0.1	1000	0.1	0.6	0.5	40	0.5	0.25	4	1	0.25	0.2	1	1	2.5	2.5	1	0.05	70	0.982408911688253	1	1	0	0	0	0	0	0	0	0	0	0	0	0	16	20	1
33	SRIAcl2plb	100	0.05	1	0.1	1000	0.1	0.6	0.5	40	0.5	0.25	4	1	0.25	0.2	1	1	2.5	2.5	0	0.05	70	0.0365277763921767	1	1	0	0	0	0	0	0	0	0	0	0	0	0	16	20	1
34	SRIAcl4peb	100	0.05	1	0.1	1000	0.1	0.6	0.5	40	0.5	0.25	4	1	0.25	0.2	1	1	17.5	12.5	0	0.05	70	0.261452739359811	1	1	0	0	0	0	0	0	0	0	0	0	0	0	16	20	1
35	SRITcl1plb	100	0.05	1	0.1	1000	0.1	0.6	0.5	40	1	1	4	1	0.25	0.2	1	1	2.5	2.5	1	0.05	70	0.226999626494944	1	1	0	0	0	0	0	0	0	0	0	0	0	0	16	20	1
36	SSCTplb	100	0.05	0.75	0.1	1000	0.1	0.6	0.5	60	1	1	2	1	0.25	0.2	0	0	0	0	0	0	0	0.0602318560704589	1	1	0	0	0	0	0	0	0	0	0	0	0	0	16	20	1
37	SSIAcl4plb	100	0.05	0.75	0.1	1000	0.1	0.6	0.5	40	0.5	0.25	4	1	0.25	0.2	1	1	17.5	12.5	0	0.05	70	0.230054106097668	1	1	0	0	0	0	0	0	0	0	0	0	0	0	16	20	1
38	SSITcl2plb	100	0.05	0.75	0.1	1000	0.1	0.6	0.5	40	1	1	4	1	0.25	0.2	1	1	2.5	2.5	0	0.05	70	0.58588651008904	1	1	0	0	0	0	0	0	0	0	0	0	0	0	16	20	1
39	SSITcl3plb	100	0.05	0.75	0.1	1000	0.1	0.6	0.5	40	1	1	4	1	0.25	0.2	1	1	17.5	12.5	1	0.05	70	0.977003901265562	1	1	0	0	0	0	0	0	0	0	0	0	0	0	16	20	1
40	SSITcl4plb	100	0.05	0.75	0.1	1000	0.1	0.6	0.5	40	1	1	4	1	0.25	0.2	1	1	17.5	12.5	0	0.05	70	0.830726653570309	1	1	0	0	0	0	0	0	0	0	0	0	0	0	16	20	1
