Time	totMass	NInd	abovemass	belowmass	mean_ares	mean_bres	shannon	meanShannon	NPFT	meanNPFT	Cutted	NNonClonal	NClonal	mean_generation	mean_genet_size	NGenets
1	403.8	0	201.9	201.9	100	90	0	0.845138	40	39.7	0	353	1784	1	0.802632	1718
2	12795.8	0	6235.34	6560.51	100	90	0	0.845138	40	39.7	0	353	1784	1	0.798876	1718
3	62497	0	32832.5	29664.5	100	90	0	0.845138	40	39.7	0	353	1784	1	0.798611	1718
4	193629	0	100790	92838.8	100	90	0	0.845138	40	39.7	0	353	1784	1	0.798576	1718
5	434626	0	226182	208444	100	90	0	0.845138	40	39.7	0	353	1784	1.00204	0.801255	1718
6	737517	580	384554	352962	100	90	2.49419	0.845138	40	39.7	0	353	1784	1.01353	0.810155	1718
7	1.00242e+006	780	527220	475202	100	90	3.09144	0.845138	40	39.7	0	353	1784	1.03676	0.837931	1718
8	1.18467e+006	829	627714	556959	100	90	3.21354	0.845138	40	39.7	0	353	1784	1.06645	0.86988	1718
9	1.30901e+006	797	697359	611648	100	90	3.12635	0.845138	40	39.7	0	353	1784	1.08543	0.890977	1718
10	1.39064e+006	766	743807	646836	100	90	3.03537	0.845138	40	39.7	0	353	1784	1.10638	0.916558	1718
11	1.44475e+006	740	774319	670430	100	90	2.95134	0.845138	40	39.7	0	353	1784	1.13073	0.944444	1718
12	1.49861e+006	736	804694	693921	100	90	2.95258	0.845138	40	39.7	0	353	1784	1.14623	0.9681	1718
13	1.54471e+006	744	831041	713671	100	90	2.96004	0.845138	40	39.7	0	353	1784	1.16787	1.00282	1718
14	1.57238e+006	743	846593	725790	100	90	2.98458	0.845138	40	39.7	0	353	1784	1.18797	1.02597	1718
15	1.60172e+006	746	863035	738683	100	90	2.99289	0.845138	40	39.7	0	353	1784	1.20332	1.04106	1718
16	1.64207e+006	756	870810	743207	100	90	3.0124	0.845138	40	39.7	0	353	1784	1.23841	1.08567	1718
17	1.67748e+006	755	877730	748403	100	90	2.98459	0.845138	40	39.7	0	353	1784	1.25437	1.10268	1718
18	1.70569e+006	755	890267	759657	100	90	3.04715	0.845138	40	39.7	0	353	1784	1.2438	1.07357	1718
19	1.73211e+006	762	903502	771493	100	90	3.1088	0.845138	40	39.7	0	353	1784	1.24332	1.0607	1718
20	1.74423e+006	764	910698	777211	100	90	3.13996	0.845138	40	39.7	0	353	1784	1.25036	1.04594	1718
21	1.70691e+006	779	921672	785240	100	90	3.21509	0.845138	40	39.7	0	353	1784	1.25839	1.04006	1718
22	1.71584e+006	787	927564	788278	100	90	1.22057	0.845138	40	39.7	0	353	1784	1.0691	0.841033	1718
23	1.73946e+006	773	937378	802079	100	90	1.19743	0.845138	40	39.7	0	353	1784	1.07412	0.859637	1718
24	1.7492e+006	757	941148	808052	100	90	1.20488	0.845138	40	39.7	0	353	1784	1.07289	0.882029	1718
25	1.76678e+006	747	951150	815633	100	90	1.25534	0.845138	40	39.7	0	353	1784	1.08511	0.917781	1718
26	1.78938e+006	741	964306	825078	100	90	1.37441	0.845138	40	39.7	0	353	1784	1.10352	0.96401	1718
27	1.82316e+006	1355	982874	840287	100	90	2.42906	0.845138	40	39.7	0	353	1784	1.13068	1.01176	1718
28	1.85322e+006	1250	999849	853371	100	90	2.51489	0.845138	40	39.7	0	353	1784	1.15818	1.03785	1718
29	1.89678e+006	1186	1.02286e+006	873916	100	90	2.61966	0.845138	40	39.7	0	353	1784	1.19441	1.08092	1718
30	1.40737e+006	1127	519395	887971	100	90	2.11682	0.845138	40	39.7	0	353	1784	1.55668	1.73849	1718
31	1.46799e+006	1025	636197	831227	100	90	1.2773	0.845138	40	39.7	0	353	1784	1.1894	1.0324	1718
32	1.44573e+006	908	669099	775592	100	90	1.03044	0.845138	40	39.7	0	353	1784	1.12509	0.924246	1718
33	1.4188e+006	795	679764	737941	100	90	0.847053	0.845138	40	39.7	0	353	1784	1.09218	0.891089	1718
34	1.37928e+006	689	673869	704556	100	90	0.908293	0.845138	40	39.7	0	353	1784	1.10428	0.895324	1718
35	1.34536e+006	790	667113	677513	100	90	1.20875	0.845138	40	39.7	0	353	1784	1.1238	0.925875	1718
36	1.26942e+006	807	638891	630533	100	90	1.42745	0.845138	40	39.7	0	353	1784	1.13491	0.952887	1718
37	1.2254e+006	878	626059	599345	100	90	1.91772	0.845138	40	39.7	0	353	1784	1.16519	0.986111	1718
38	1.19991e+006	925	618512	581393	100	90	2.44271	0.845138	40	39.7	0	353	1784	1.19968	1.01781	1718
39	1.15514e+006	780	599617	555521	100	90	2.52242	0.845138	40	39.7	0	353	1784	1.24365	1.02099	1718
40	695249	694	162419	532830	100	90	2.63565	0.845138	40	39.7	458890	353	1784	1.26264	1.03748	1718
41	740487	618	246592	493895	100	90	2.74484	0.845138	40	39.7	458890	353	1784	1.28299	1.04798	1718
42	631147	560	162336	468811	100	90	2.79152	0.845138	40	39.7	458890	353	1784	1.30017	1.06568	1718
43	675770	492	241651	434118	100	90	2.883	0.845138	40	39.7	458890	353	1784	1.31846	1.04337	1718
44	697479	427	299770	397709	100	90	2.90454	0.845138	40	39.7	458890	353	1784	1.36543	1.09322	1718
45	707436	377	338180	369256	100	90	2.84403	0.845138	40	39.7	458890	353	1784	1.38187	1.09524	1718
46	445193	351	86175.7	358788	100	90	2.80206	0.845138	40	39.7	763171	353	1784	1.40597	1.11864	1718
47	471533	320	141144	323632	100	90	2.83014	0.845138	40	39.7	763171	353	1784	1.44178	1.13636	1718
48	484641	277	188236	286950	100	90	2.84815	0.845138	40	39.7	763171	353	1784	1.45136	1.09205	1718
49	502619	254	223700	266538	100	90	2.89014	0.845138	40	39.7	763171	353	1784	1.48035	1.08879	1718
50	511615	232	247020	253366	100	90	2.91297	0.845138	40	39.7	763171	353	1784	1.50732	1.10938	1718
51	507992	229	260809	247182	100	90	2.98094	0.845138	40	39.7	763171	353	1784	1.50515	1.11602	1718
52	272914	199	51492.3	221421	100	90	0.138848	0.845138	40	39.7	988124	353	1784	1.00918	0.812095	1718
53	470997	187	173589	297407	100	90	0.0948298	0.845138	40	39.7	988124	353	1784	1.00624	0.796967	1718
54	785331	163	344693	440638	100	90	0.0912635	0.845138	40	39.7	988124	353	1784	1.00617	0.80791	1718
55	925508	143	425146	500362	100	90	0.093362	0.845138	40	39.7	988124	353	1784	1.00701	0.830948	1718
56	900151	126	428502	471650	100	90	0.100067	0.845138	40	39.7	988124	353	1784	1.00799	0.84519	1718
57	976716	2268	482948	493769	100	90	1.36415	0.845138	40	39.7	988124	353	1784	1.0097	0.835342	1718
58	767805	2102	243581	524224	100	90	1.62588	0.845138	40	39.7	988124	353	1784	1.01171	0.819761	1718
59	874501	1821	344289	530211	100	90	1.82537	0.845138	40	39.7	988124	353	1784	1.01512	0.815996	1718
60	769537	1694	220519	549017	100	90	2.07741	0.845138	40	39.7	988124	353	1784	1.16284	1.0638	1718
61	872681	1400	344468	527322	100	90	1.40315	0.845138	40	39.7	0	353	1784	1.08915	0.904122	1718
62	984720	1187	443925	539519	100	90	1.22337	0.845138	40	39.7	0	353	1784	1.068	0.875204	1718
63	1.07539e+006	997	517908	555822	100	90	1.16618	0.845138	40	39.7	0	353	1784	1.06651	0.864799	1718
64	1.16974e+006	872	581748	586450	100	90	1.25703	0.845138	40	39.7	0	353	1784	1.07848	0.86557	1718
65	1.19369e+006	830	602856	589556	100	90	1.38893	0.845138	40	39.7	0	353	1784	1.07699	0.859286	1718
66	1.17073e+006	1221	598981	571748	100	90	2.10408	0.845138	40	39.7	0	353	1784	1.07309	0.856867	1718
67	1.12218e+006	1164	580888	541292	100	90	2.29528	0.845138	40	39.7	0	353	1784	1.06572	0.847458	1718
68	1.08209e+006	1019	564828	517260	100	90	2.34351	0.845138	40	39.7	0	353	1784	1.07497	0.850458	1718
69	1.0732e+006	886	563447	509757	100	90	2.37744	0.845138	40	39.7	0	353	1784	1.07917	0.852459	1718
70	676905	774	185924	490981	100	90	2.36867	0.845138	40	39.7	393124	353	1784	1.08899	0.869973	1718
71	738375	702	273751	464624	100	90	2.53002	0.845138	40	39.7	393124	353	1784	1.0973	0.869118	1718
72	789327	639	347925	441402	100	90	2.66662	0.845138	40	39.7	393124	353	1784	1.10839	0.882927	1718
73	781306	564	375993	405313	100	90	2.7402	0.845138	40	39.7	393124	353	1784	1.12251	0.892593	1718
74	751254	502	378944	372310	100	90	2.75945	0.845138	40	39.7	393124	353	1784	1.14336	0.908714	1718
75	718348	453	370586	347762	100	90	2.78388	0.845138	40	39.7	393124	353	1784	1.1609	0.920746	1718
76	430778	413	104324	326255	100	90	2.7873	0.845138	40	39.7	681539	353	1784	1.17273	0.948718	1718
77	482795	384	165752	309866	100	90	2.78834	0.845138	40	39.7	681539	353	1784	1.17073	0.934426	1718
78	492556	337	208032	274782	100	90	2.82697	0.845138	40	39.7	681539	353	1784	1.15966	0.93125	1718
79	512958	312	240399	258736	100	90	2.85395	0.845138	40	39.7	681539	353	1784	1.16718	0.921233	1718
80	513213	286	253445	246934	100	90	2.86965	0.845138	40	39.7	681539	353	1784	1.16838	0.919847	1718
81	363335	273	126133	237202	100	90	2.89057	0.845138	40	39.7	681539	353	1784	1.18216	0.922449	1718
82	273923	247	63717.8	210206	100	90	0.123853	0.845138	40	39.7	794520	353	1784	1.00326	0.802873	1718
83	533698	218	216311	317387	100	90	0.0927598	0.845138	40	39.7	794520	353	1784	1.00259	0.801958	1718
84	660093	205	189895	470199	100	90	0.0966366	0.845138	40	39.7	794520	353	1784	1.00251	0.815821	1718
85	712294	193	248454	463840	100	90	0.0918587	0.845138	40	39.7	794520	353	1784	1.00284	0.835589	1718
86	777132	163	322734	454398	100	90	0.0966657	0.845138	40	39.7	794520	353	1784	1.00293	0.850654	1718
87	932059	3013	430641	501418	100	90	1.35346	0.845138	40	39.7	794520	353	1784	1.00381	0.855268	1718
88	1.03409e+006	2579	499122	534967	100	90	1.60505	0.845138	40	39.7	794520	353	1784	1.00494	0.856136	1718
89	1.02322e+006	1931	506702	516523	100	90	1.66428	0.845138	40	39.7	794520	353	1784	1.00692	0.851434	1718
90	772410	1701	261292	511118	100	90	1.7463	0.845138	40	39.7	794520	353	1784	1.11994	1.06631	1718
91	853215	1369	370368	481808	100	90	1.18749	0.845138	40	39.7	0	353	1784	1.06694	0.889011	1718
92	944108	1159	447747	494685	100	90	1.03248	0.845138	40	39.7	0	353	1784	1.05036	0.856545	1718
93	1.02215e+006	968	503629	516849	100	90	0.946117	0.845138	40	39.7	0	353	1784	1.04479	0.851824	1718
94	1.08953e+006	814	545373	542622	100	90	0.989459	0.845138	40	39.7	0	353	1784	1.05155	0.847496	1718
95	1.1466e+006	805	579370	565992	100	90	1.14412	0.845138	40	39.7	0	353	1784	1.05712	0.850455	1718
96	831768	1313	275419	556349	100	90	1.90711	0.845138	40	39.7	0	353	1784	1.06284	0.84642	1718
97	886638	1204	364374	522265	100	90	2.0241	0.845138	40	39.7	0	353	1784	1.06265	0.844428	1718
98	949479	1187	439949	509530	100	90	2.23537	0.845138	40	39.7	0	353	1784	1.06857	0.840278	1718
99	722389	1003	233090	489299	100	90	2.27637	0.845138	40	39.7	0	353	1784	1.07779	0.846154	1718
100	657650	877	195617	462033	100	90	2.35584	0.845138	40	39.7	140253	353	1784	1.07576	0.843713	1718
101	754919	818	301838	453081	100	90	2.49062	0.845138	40	39.7	140253	353	1784	1.08333	0.855879	1718
102	804907	735	370756	434151	100	90	2.56268	0.845138	40	39.7	140253	353	1784	1.10023	0.878359	1718
103	778853	639	383076	395777	100	90	2.60013	0.845138	40	39.7	140253	353	1784	1.10944	0.889984	1718
104	761587	568	385060	376528	100	90	2.61203	0.845138	40	39.7	140253	353	1784	1.13565	0.90573	1718
105	682694	483	350803	331890	100	90	2.60886	0.845138	40	39.7	140253	353	1784	1.15779	0.917031	1718
106	376836	398	91965.1	284838	100	90	2.56868	0.845138	40	39.7	215813	353	1784	1.16136	0.931398	1718
107	412949	351	148661	257478	100	90	2.56316	0.845138	40	39.7	215813	353	1784	1.16321	0.934328	1718
108	440106	311	194321	236557	100	90	2.57057	0.845138	40	39.7	215813	353	1784	1.17456	0.945205	1718
109	433094	283	206826	213412	100	90	2.63048	0.845138	40	39.7	215813	353	1784	1.17508	0.95	1718
110	429112	258	214096	203187	100	90	2.72882	0.845138	40	39.7	215813	353	1784	1.17442	0.944444	1718
111	390630	230	202704	187926	100	90	2.76063	0.845138	40	39.7	215813	353	1784	1.18502	0.936893	1718
112	225767	202	56200.4	169567	100	90	0.0996257	0.845138	40	39.7	362215	353	1784	1.00306	0.806663	1718
113	512463	187	219599	292865	100	90	0.0734	0.845138	40	39.7	362215	353	1784	1.00238	0.802756	1718
114	835371	173	386862	448509	100	90	0.074315	0.845138	40	39.7	362215	353	1784	1.00256	0.81618	1718
115	848988	148	401759	447229	100	90	0.0751219	0.845138	40	39.7	362215	353	1784	1.00262	0.85385	1718
116	803385	136	392359	411026	100	90	0.0851196	0.845138	40	39.7	362215	353	1784	1.00306	0.870575	1718
117	887817	2638	444138	443678	100	90	1.22045	0.845138	40	39.7	362215	353	1784	1.00486	0.858974	1718
118	999258	2306	504916	494342	100	90	1.45959	0.845138	40	39.7	362215	353	1784	1.00753	0.847323	1718
119	1.05933e+006	1902	538586	520744	100	90	1.63106	0.845138	40	39.7	362215	353	1784	1.01137	0.84792	1718
120	778490	1597	268151	510340	100	90	1.74149	0.845138	38	39.7	362215	353	1784	1.14587	1.08349	1718
121	868895	1316	382169	485970	100	90	1.07639	0.845138	40	39.7	0	353	1784	1.0672	0.870447	1718
122	948792	1092	454000	493515	100	90	0.878695	0.845138	40	39.7	0	353	1784	1.04574	0.845749	1718
123	1.05604e+006	951	522006	532854	100	90	0.858213	0.845138	40	39.7	0	353	1784	1.04462	0.842552	1718
124	846635	818	279483	567047	100	90	0.881224	0.845138	40	39.7	0	353	1784	1.04787	0.847429	1718
125	964996	804	395409	569493	100	90	0.995375	0.845138	40	39.7	0	353	1784	1.05105	0.856328	1718
126	1.04007e+006	1529	477716	562358	100	90	1.88172	0.845138	40	39.7	0	353	1784	1.05338	0.849096	1718
127	1.08573e+006	1434	528952	556781	100	90	1.98442	0.845138	40	39.7	0	353	1784	1.05281	0.845016	1718
128	1.08009e+006	1293	543119	536970	100	90	2.13318	0.845138	40	39.7	0	353	1784	1.06286	0.849402	1718
129	1.02769e+006	1054	525327	502365	100	90	2.07961	0.845138	40	39.7	0	353	1784	1.07246	0.85098	1718
130	670021	875	207138	462883	100	90	2.13291	0.845138	40	39.7	324060	353	1784	1.08162	0.86019	1718
131	719772	752	290514	429258	100	90	2.25065	0.845138	40	39.7	324060	353	1784	1.09272	0.872222	1718
132	759541	681	354890	404651	100	90	2.38315	0.845138	40	39.7	324060	353	1784	1.09964	0.877301	1718
133	732706	592	363922	368784	100	90	2.46567	0.845138	40	39.7	324060	353	1784	1.11533	0.896127	1718
134	520074	529	176133	343941	100	90	2.51029	0.845138	40	39.7	324060	353	1784	1.13208	0.903162	1718
135	539191	461	227591	311600	100	90	2.56763	0.845138	40	39.7	324060	353	1784	1.15052	0.906178	1718
136	407245	430	109283	297765	100	90	2.54536	0.845138	40	39.7	503455	353	1784	1.16667	0.938119	1718
137	438164	380	165693	265032	100	90	2.51077	0.845138	40	39.7	503455	353	1784	1.20672	0.988636	1718
138	452973	343	204915	238226	100	90	2.51641	0.845138	40	39.7	503455	353	1784	1.20349	1	1718
139	464330	321	223745	226424	100	90	2.56243	0.845138	40	39.7	503455	353	1784	1.20886	0.989619	1718
140	452049	294	224451	214879	100	90	2.61767	0.845138	40	39.7	503455	353	1784	1.19788	0.961977	1718
141	428179	281	221481	206698	100	90	2.63526	0.845138	40	39.7	503455	353	1784	1.19923	0.979839	1718
142	254489	245	67785	186704	100	90	0.116532	0.845138	40	39.7	656942	353	1784	1.00403	0.756099	1718
143	545652	232	234679	310974	100	90	0.0892524	0.845138	40	39.7	656942	353	1784	1.00334	0.753819	1718
144	832631	195	386889	445743	100	90	0.0822625	0.845138	40	39.7	656942	353	1784	1.00336	0.775501	1718
145	844079	186	401189	442891	100	90	0.0889638	0.845138	40	39.7	656942	353	1784	1.00392	0.829826	1718
146	817954	170	403229	414725	100	90	0.0992228	0.845138	40	39.7	656942	353	1784	1.0046	0.851999	1718
147	932753	2700	469493	463259	100	90	1.16538	0.845138	40	39.7	656942	353	1784	1.0055	0.839299	1718
148	1.03682e+006	2396	525119	511701	100	90	1.39787	0.845138	40	39.7	656942	353	1784	1.00701	0.839744	1718
149	790296	1949	253958	536338	100	90	1.51903	0.845138	40	39.7	656942	353	1784	1.01185	0.847064	1718
150	690806	1771	175033	515774	100	90	1.73053	0.845138	37	39.7	656942	353	1784	1.12779	1.05657	1718
151	806895	1515	310529	496268	100	90	1.06852	0.845138	40	39.7	0	353	1784	1.05698	0.844311	1718
152	710290	1285	201686	508581	100	90	0.90672	0.845138	40	39.7	0	353	1784	1.03805	0.809189	1718
153	879843	1080	346654	533062	100	90	0.784697	0.845138	40	39.7	0	353	1784	1.03103	0.794835	1718
154	1.01911e+006	911	459188	559721	100	90	0.812495	0.845138	40	39.7	0	353	1784	1.03321	0.801593	1718
155	1.08931e+006	862	520633	568473	100	90	0.913799	0.845138	40	39.7	0	353	1784	1.03805	0.824544	1718
156	1.09695e+006	1476	543262	553692	100	90	1.56998	0.845138	40	39.7	0	353	1784	1.03777	0.818957	1718
157	820792	1434	267547	553245	100	90	1.74985	0.845138	40	39.7	0	353	1784	1.04566	0.825898	1718
158	876900	1321	361681	515218	100	90	1.94705	0.845138	40	39.7	0	353	1784	1.04682	0.832173	1718
159	957639	1143	447608	510032	100	90	2.04474	0.845138	40	39.7	0	353	1784	1.05084	0.844704	1718
160	712993	994	222748	490244	100	90	2.15711	0.845138	40	39.7	282641	353	1784	1.05628	0.84346	1718
161	769340	866	315011	454328	100	90	2.29567	0.845138	40	39.7	282641	353	1784	1.06387	0.849882	1718
162	825479	791	387972	437507	100	90	2.36127	0.845138	40	39.7	282641	353	1784	1.09498	0.886866	1718
163	793454	684	395263	398191	100	90	2.38707	0.845138	40	39.7	282641	353	1784	1.1087	0.903904	1718
164	556773	605	189804	366969	100	90	2.43292	0.845138	40	39.7	282641	353	1784	1.11458	0.904437	1718
165	593549	541	253666	339883	100	90	2.40851	0.845138	40	39.7	282641	353	1784	1.13523	0.919694	1718
166	413305	486	101346	311800	100	90	2.40727	0.845138	40	39.7	332733	353	1784	1.16196	0.955128	1718
167	471549	446	173720	288991	100	90	2.41646	0.845138	40	39.7	332733	353	1784	1.16143	0.964871	1718
168	518807	418	234038	273289	100	90	2.50096	0.845138	40	39.7	332733	353	1784	1.16941	0.959391	1718
169	380537	371	126545	251216	100	90	2.46164	0.845138	40	39.7	332733	353	1784	1.21081	1.00578	1718
170	412604	344	175295	234878	100	90	2.47028	0.845138	40	39.7	332733	353	1784	1.22222	1.02229	1718
171	437788	326	209564	228224	100	90	2.48317	0.845138	40	39.7	332733	353	1784	1.24918	1.06849	1718
172	273023	288	65335.6	207687	100	90	0.288367	0.845138	40	39.7	377799	353	1784	1.01381	0.898669	1718
173	398771	258	159633	239138	100	90	0.191349	0.845138	40	39.7	377799	353	1784	1.00964	0.893498	1718
174	660182	232	311787	348395	100	90	0.182091	0.845138	40	39.7	377799	353	1784	1.00822	0.896688	1718
175	689804	213	216024	473780	100	90	0.195153	0.845138	40	39.7	377799	353	1784	1.00945	0.906959	1718
176	839385	191	327057	512328	100	90	0.208865	0.845138	40	39.7	377799	353	1784	1.01006	0.913652	1718
177	732279	2230	199724	532554	100	90	1.5841	0.845138	40	39.7	377799	353	1784	1.01076	0.916155	1718
178	832354	2158	309815	522540	100	90	1.72237	0.845138	39	39.7	377799	353	1784	1.01168	0.914355	1718
179	952924	1862	419163	533761	100	90	1.80879	0.845138	39	39.7	377799	353	1784	1.01446	0.90959	1718
180	756266	1614	237319	518946	100	90	1.67168	0.845138	38	39.7	377799	353	1784	1.26545	1.29837	1718
181	825935	1346	350030	475112	100	90	1.42205	0.845138	40	39.7	0	353	1784	1.18417	1.10465	1718
182	653196	1107	197233	455560	100	90	1.30041	0.845138	40	39.7	0	353	1784	1.13695	1.03208	1718
183	770455	961	309461	460209	100	90	1.20742	0.845138	40	39.7	0	353	1784	1.10646	0.980793	1718
184	913539	856	420702	491748	100	90	1.2424	0.845138	40	39.7	0	353	1784	1.10366	0.966843	1718
185	1.0052e+006	884	488149	516062	100	90	1.43668	0.845138	40	39.7	0	353	1784	1.11357	0.97254	1718
186	1.04606e+006	1209	521131	524926	100	90	2.04396	0.845138	40	39.7	0	353	1784	1.12171	0.975887	1718
187	1.04716e+006	1168	530309	516854	100	90	2.17353	0.845138	40	39.7	0	353	1784	1.12621	0.977759	1718
188	1.01223e+006	1051	518013	494214	100	90	2.25434	0.845138	40	39.7	0	353	1784	1.13732	0.990798	1718
189	975361	933	502705	472655	100	90	2.23717	0.845138	40	39.7	0	353	1784	1.13899	0.994273	1718
190	677853	853	219119	458734	100	90	2.28076	0.845138	40	39.7	292508	353	1784	1.1501	1.00251	1718
191	584643	783	148654	435989	100	90	2.32403	0.845138	40	39.7	292508	353	1784	1.15341	1.00966	1718
192	631831	697	237264	394568	100	90	2.39554	0.845138	40	39.7	292508	353	1784	1.17558	1.02496	1718
193	684467	644	308709	375758	100	90	2.44902	0.845138	40	39.7	292508	353	1784	1.17874	1.02886	1718
194	663457	571	323629	339828	100	90	2.43542	0.845138	40	39.7	292508	353	1784	1.19251	1.04624	1718
195	650723	534	327406	323317	100	90	2.43965	0.845138	40	39.7	292508	353	1784	1.21218	1.08159	1718
196	406682	459	119313	286826	100	90	2.40943	0.845138	40	39.7	509428	353	1784	1.24368	1.11111	1718
197	424689	402	163770	252948	100	90	2.41033	0.845138	40	39.7	509428	353	1784	1.232	1.10644	1718
198	428447	352	193411	225011	100	90	2.42687	0.845138	40	39.7	509428	353	1784	1.23692	1.09355	1718
199	430353	317	207450	209760	100	90	2.46801	0.845138	40	39.7	509428	353	1784	1.23973	1.07829	1718
200	309820	291	106788	201023	100	90	2.48053	0.845138	40	39.7	509428	353	1784	1.24436	1.06693	1718
201	253350	260	70358.2	182992	100	90	2.44749	0.845138	40	39.7	509428	353	1784	1.28992	1.08772	1718
202	230137	241	60342.1	169795	100	90	0.198666	0.845138	40	39.7	566360	353	1784	1.0092	0.984157	1718
203	379602	228	156731	222871	100	90	0.151997	0.845138	40	39.7	566360	353	1784	1.00695	0.983335	1718
204	648129	199	305004	343125	100	90	0.144009	0.845138	40	39.7	566360	353	1784	1.0072	0.982139	1718
205	920898	177	441063	479836	100	90	0.145659	0.845138	40	39.7	566360	353	1784	1.00757	0.983293	1718
206	1.0585e+006	156	510088	548411	100	90	0.155153	0.845138	40	39.7	566360	353	1784	1.0088	0.983898	1718
207	1.08941e+006	2738	530589	558824	100	90	1.47466	0.845138	39	39.7	566360	353	1784	1.00912	0.98646	1718
208	1.09732e+006	2228	543263	554057	100	90	1.45247	0.845138	39	39.7	566360	353	1784	1.01114	0.986312	1718
209	1.13419e+006	1861	569706	564479	100	90	1.46942	0.845138	38	39.7	566360	353	1784	1.01323	0.988625	1718
210	842532	1640	286053	556479	100	90	1.35169	0.845138	37	39.7	566360	353	1784	1.28131	1.49908	1718
211	913870	1412	390538	520520	100	90	1.27607	0.845138	40	39.7	0	353	1784	1.25821	1.3084	1718
212	740601	1241	224119	515090	100	90	1.25268	0.845138	40	39.7	0	353	1784	1.2291	1.21758	1718
213	852994	1091	336036	513707	100	90	1.15032	0.845138	40	39.7	0	353	1784	1.19534	1.14049	1718
214	992062	975	445431	542447	100	90	1.17293	0.845138	40	39.7	0	353	1784	1.20042	1.12131	1718
215	1.07485e+006	1099	512049	559073	100	90	1.41297	0.845138	40	39.7	0	353	1784	1.20423	1.09748	1718
216	834471	1286	267919	566552	100	90	1.77465	0.845138	40	39.7	0	353	1784	1.21019	1.0954	1718
217	909175	1273	370225	538950	100	90	1.92918	0.845138	40	39.7	0	353	1784	1.19767	1.09196	1718
218	972224	1240	449069	523154	100	90	2.12048	0.845138	40	39.7	0	353	1784	1.19805	1.10107	1718
219	998745	1113	487168	511577	100	90	2.08542	0.845138	40	39.7	0	353	1784	1.20481	1.11706	1718
220	783286	966	299310	483976	100	90	2.05099	0.845138	40	39.7	203650	353	1784	1.20395	1.1375	1718
221	797160	846	351308	445853	100	90	2.07481	0.845138	40	39.7	203650	353	1784	1.20479	1.13974	1718
222	806951	774	385922	421029	100	90	2.08238	0.845138	40	39.7	203650	353	1784	1.22059	1.16878	1718
223	792508	705	393328	399180	100	90	2.07357	0.845138	40	39.7	203650	353	1784	1.25379	1.19876	1718
224	745900	637	376840	369060	100	90	2.05917	0.845138	40	39.7	203650	353	1784	1.29088	1.22125	1718
225	704899	580	359533	345366	100	90	2.08168	0.845138	40	39.7	203650	353	1784	1.30702	1.22457	1718
226	503312	529	177156	325036	100	90	2.04891	0.845138	40	39.7	392300	353	1784	1.34297	1.26652	1718
227	532491	486	222124	302379	100	90	2.03082	0.845138	40	39.7	392300	353	1784	1.34746	1.30969	1718
228	538781	449	247162	280515	100	90	2.06761	0.845138	40	39.7	392300	353	1784	1.36879	1.32021	1718
229	541452	432	260151	268542	100	90	2.07528	0.845138	40	39.7	392300	353	1784	1.4031	1.36182	1718
230	531845	409	262041	257831	100	90	2.0909	0.845138	40	39.7	392300	353	1784	1.42776	1.36585	1718
231	494158	386	251934	242224	100	90	2.15071	0.845138	40	39.7	392300	353	1784	1.43302	1.35762	1718
232	351672	363	123721	227951	100	90	0.130965	0.845138	40	39.7	517759	353	1784	1.00823	0.979896	1718
233	664785	340	300380	364404	100	90	0.110248	0.845138	40	39.7	517759	353	1784	1.00689	0.977846	1718
234	956340	295	448947	507393	100	90	0.100885	0.845138	40	39.7	517759	353	1784	1.00646	0.97954	1718
235	992375	274	472138	520238	100	90	0.103349	0.845138	40	39.7	517759	353	1784	1.00739	0.98667	1718
236	899458	246	436242	463217	100	90	0.109889	0.845138	40	39.7	517759	353	1784	1.00811	0.994782	1718
237	896301	2898	443216	453085	100	90	1.00476	0.845138	40	39.7	517759	353	1784	1.0099	0.993252	1718
238	964155	2376	482877	481278	100	90	1.08113	0.845138	40	39.7	517759	353	1784	1.01272	0.994844	1718
239	1.05494e+006	2090	530697	524242	100	90	1.30852	0.845138	40	39.7	517759	353	1784	1.01958	1.00611	1718
240	799445	1916	270028	529417	100	90	1.49907	0.845138	39	39.7	517759	353	1784	1.1429	1.25094	1718
241	884443	1627	375650	506704	100	90	0.87315	0.845138	40	39.7	0	353	1784	1.06217	1.04391	1718
242	996276	1364	462925	530093	100	90	0.7107	0.845138	40	39.7	0	353	1784	1.04769	1.02357	1718
243	1.10482e+006	1110	530483	571011	100	90	0.634419	0.845138	40	39.7	0	353	1784	1.04371	1.01407	1718
244	1.20391e+006	985	586593	614155	100	90	0.684577	0.845138	40	39.7	0	353	1784	1.04991	1.01804	1718
245	1.22066e+006	1023	601896	615978	100	90	0.808778	0.845138	40	39.7	0	353	1784	1.05599	1.02103	1718
246	1.18471e+006	2009	591479	593231	100	90	1.50333	0.845138	40	39.7	0	353	1784	1.06523	1.02986	1718
247	1.13482e+006	1698	572316	562502	100	90	1.55078	0.845138	40	39.7	0	353	1784	1.07281	1.02912	1718
248	1.13575e+006	1552	577577	558177	100	90	1.66273	0.845138	40	39.7	0	353	1784	1.08402	1.03411	1718
249	1.06932e+006	1290	546014	523310	100	90	1.71396	0.845138	40	39.7	0	353	1784	1.09533	1.0429	1718
250	784122	1086	296244	487878	100	90	1.82163	0.845138	40	39.7	244047	353	1784	1.12143	1.05044	1718
251	823106	979	356538	466568	100	90	1.9566	0.845138	40	39.7	244047	353	1784	1.13919	1.05195	1718
252	838946	883	396352	442594	100	90	2.03592	0.845138	40	39.7	244047	353	1784	1.15591	1.06355	1718
253	840143	819	413928	426215	100	90	2.07577	0.845138	40	39.7	244047	353	1784	1.18849	1.08973	1718
254	576379	714	190420	385959	100	90	2.09544	0.845138	40	39.7	244047	353	1784	1.21409	1.10376	1718
255	627630	671	260715	366915	100	90	2.13247	0.845138	40	39.7	244047	353	1784	1.21991	1.1147	1718
256	502157	590	169706	331446	100	90	2.12042	0.845138	40	39.7	386893	353	1784	1.22391	1.12523	1718
257	509765	502	209786	291727	100	90	2.12502	0.845138	40	39.7	386893	353	1784	1.25101	1.1479	1718
258	406894	473	125338	279610	100	90	2.13284	0.845138	40	39.7	386893	353	1784	1.25708	1.1385	1718
259	433198	423	173610	251957	100	90	2.1542	0.845138	40	39.7	386893	353	1784	1.27861	1.13793	1718
260	478674	409	220554	250847	100	90	2.18498	0.845138	40	39.7	386893	353	1784	1.27968	1.12778	1718
261	461091	379	225819	235273	100	90	2.10369	0.845138	40	39.7	386893	353	1784	1.31161	1.18902	1718
262	333863	353	110379	223484	100	90	0.150668	0.845138	40	39.7	509636	353	1784	1.00739	0.91934	1718
263	468300	324	133656	334645	100	90	0.116964	0.845138	40	39.7	509636	353	1784	1.00554	0.918276	1718
264	785587	302	305849	479738	100	90	0.105733	0.845138	40	39.7	509636	353	1784	1.0052	0.923309	1718
265	907022	260	389677	517345	100	90	0.105065	0.845138	40	39.7	509636	353	1784	1.0053	0.938513	1718
266	891123	244	404718	486405	100	90	0.120299	0.845138	40	39.7	509636	353	1784	1.00648	0.949887	1718
267	682076	2800	194075	488001	100	90	1.05085	0.845138	40	39.7	509636	353	1784	1.00778	0.940596	1718
268	821269	2676	308449	512819	100	90	1.24561	0.845138	40	39.7	509636	353	1784	1.01028	0.93831	1718
269	967885	2481	421436	546449	100	90	1.54081	0.845138	40	39.7	509636	353	1784	1.01474	0.937205	1718
270	804316	2178	245565	558751	100	90	1.69699	0.845138	38	39.7	509636	353	1784	1.12429	1.11354	1718
271	891400	1776	362195	526220	100	90	1.11812	0.845138	40	39.7	0	353	1784	1.0698	0.984513	1718
272	972062	1465	443704	524413	100	90	0.936713	0.845138	40	39.7	0	353	1784	1.05046	0.956072	1718
273	1.07104e+006	1228	512334	553896	100	90	0.846442	0.845138	40	39.7	0	353	1784	1.04573	0.948657	1718
274	1.14214e+006	1014	557212	580465	100	90	0.851464	0.845138	40	39.7	0	353	1784	1.04972	0.949616	1718
275	1.1939e+006	1001	588983	600828	100	90	0.948228	0.845138	40	39.7	0	353	1784	1.05457	0.951398	1718
276	1.1534e+006	1713	575625	577771	100	90	1.57613	0.845138	40	39.7	0	353	1784	1.05684	0.949978	1718
277	1.14634e+006	1587	576342	569994	100	90	1.63762	0.845138	40	39.7	0	353	1784	1.05666	0.941932	1718
278	1.12286e+006	1500	568384	554471	100	90	1.76608	0.845138	40	39.7	0	353	1784	1.06345	0.946021	1718
279	782413	1248	259221	523192	100	90	1.77295	0.845138	40	39.7	0	353	1784	1.07523	0.945923	1718
280	758396	1104	266546	491849	100	90	1.84787	0.845138	40	39.7	86108.2	353	1784	1.08143	0.949296	1718
281	830835	999	352834	478000	100	90	1.97639	0.845138	40	39.7	86108.2	353	1784	1.10421	0.961498	1718
282	834496	881	391871	442625	100	90	2.0763	0.845138	40	39.7	86108.2	353	1784	1.11966	0.977488	1718
283	608868	789	197149	411719	100	90	2.14601	0.845138	40	39.7	86108.2	353	1784	1.12852	0.980053	1718
284	661639	721	271478	390161	100	90	2.18149	0.845138	40	39.7	86108.2	353	1784	1.15796	1.00733	1718
285	704078	680	325856	378222	100	90	2.21282	0.845138	40	39.7	86108.2	353	1784	1.17	1.0109	1718
286	523326	603	175706	346727	100	90	2.21829	0.845138	40	39.7	261339	353	1784	1.18689	1.03423	1718
287	586273	575	240699	336706	100	90	2.19895	0.845138	40	39.7	261339	353	1784	1.20934	1.0625	1718
288	587681	512	267303	307873	100	90	2.20454	0.845138	40	39.7	261339	353	1784	1.21305	1.04632	1718
289	607567	498	290242	302351	100	90	2.21449	0.845138	40	39.7	261339	353	1784	1.22222	1.05921	1718
290	562218	444	274488	274451	100	90	2.23195	0.845138	40	39.7	261339	353	1784	1.20776	1.02956	1718
291	511996	398	258658	253338	100	90	2.23579	0.845138	40	39.7	261339	353	1784	1.21204	1.04762	1718
292	343587	358	110890	232697	100	90	0.132708	0.845138	40	39.7	407728	353	1784	1.00467	0.884768	1718
293	654026	305	293913	360113	100	90	0.0998946	0.845138	40	39.7	407728	353	1784	1.00341	0.883656	1718
294	925612	291	434052	491560	100	90	0.102939	0.845138	40	39.7	407728	353	1784	1.00349	0.898744	1718
295	921588	265	439417	482171	100	90	0.105485	0.845138	40	39.7	407728	353	1784	1.0046	0.921771	1718
296	865439	254	423243	442196	100	90	0.119973	0.845138	39	39.7	407728	353	1784	1.00537	0.928631	1718
297	908168	2672	452636	455532	100	90	0.988243	0.845138	39	39.7	407728	353	1784	1.0067	0.912789	1718
298	1.01453e+006	2279	509797	504731	100	90	1.10668	0.845138	39	39.7	407728	353	1784	1.00994	0.920771	1718
299	1.04319e+006	1933	526108	517085	100	90	1.29251	0.845138	39	39.7	407728	353	1784	1.01371	0.910026	1718
300	777206	1797	264199	513007	100	90	1.48219	0.845138	35	39.7	407728	353	1784	1.11869	1.11961	1718
301	879930	1502	382102	496292	100	90	0.842929	0.845138	40	39.7	0	353	1784	1.04931	0.936381	1718
302	737366	1278	226066	510862	100	90	0.688934	0.845138	40	39.7	0	353	1784	1.03561	0.919557	1718
303	936641	1128	375266	559895	100	90	0.59322	0.845138	40	39.7	0	353	1784	1.02762	0.909021	1718
304	1.09071e+006	992	488025	600755	100	90	0.64005	0.845138	40	39.7	0	353	1784	1.03091	0.924363	1718
305	836286	932	252309	583785	100	90	0.723718	0.845138	40	39.7	0	353	1784	1.03254	0.927328	1718
306	924476	1996	359092	565384	100	90	1.47002	0.845138	40	39.7	0	353	1784	1.03591	0.921682	1718
307	1.01241e+006	1855	453045	559363	100	90	1.59176	0.845138	40	39.7	0	353	1784	1.03776	0.922217	1718
308	1.03598e+006	1769	495535	540447	100	90	1.78921	0.845138	40	39.7	0	353	1784	1.04152	0.916039	1718
309	1.00757e+006	1409	497646	509926	100	90	1.82049	0.845138	40	39.7	0	353	1784	1.05278	0.918486	1718
310	791761	1194	303195	488565	100	90	1.85951	0.845138	40	39.7	206278	353	1784	1.05666	0.906598	1718
311	838417	1065	367059	471358	100	90	1.92135	0.845138	40	39.7	206278	353	1784	1.0625	0.902604	1718
312	666148	992	204188	461960	100	90	2.01392	0.845138	40	39.7	206278	353	1784	1.06948	0.907676	1718
313	689735	860	274457	415278	100	90	2.07149	0.845138	40	39.7	206278	353	1784	1.07808	0.90311	1718
314	690795	750	316074	374720	100	90	2.11273	0.845138	40	39.7	206278	353	1784	1.10091	0.921488	1718
315	628636	624	305318	323318	100	90	2.14935	0.845138	40	39.7	206278	353	1784	1.11977	0.929883	1718
316	461681	577	155071	306086	100	90	2.13482	0.845138	40	39.7	381696	353	1784	1.13291	0.947464	1718
317	398371	538	107182	289974	100	90	2.15474	0.845138	40	39.7	381696	353	1784	1.13817	0.956863	1718
318	454402	502	172476	273717	100	90	2.17345	0.845138	40	39.7	381696	353	1784	1.1306	0.953782	1718
319	481665	464	216739	255050	100	90	2.19167	0.845138	40	39.7	381696	353	1784	1.13223	0.956322	1718
320	493839	433	237379	247269	100	90	2.20719	0.845138	40	39.7	381696	353	1784	1.14384	0.959799	1718
321	429298	360	216172	213126	100	90	2.21556	0.845138	40	39.7	381696	353	1784	1.17647	0.969697	1718
322	282671	307	89177.3	193494	100	90	0.130542	0.845138	40	39.7	508340	353	1784	1.00428	0.82111	1718
323	567649	285	254994	312655	100	90	0.102083	0.845138	40	39.7	508340	353	1784	1.00333	0.821513	1718
324	871047	247	409514	461534	100	90	0.0961269	0.845138	40	39.7	508340	353	1784	1.00372	0.833232	1718
325	908431	214	433848	474583	100	90	0.0931298	0.845138	40	39.7	508340	353	1784	1.00389	0.869748	1718
326	832576	196	407607	424968	100	90	0.10325	0.845138	40	39.7	508340	353	1784	1.00445	0.887282	1718
327	880412	2594	439970	440441	100	90	0.976606	0.845138	40	39.7	508340	353	1784	1.00588	0.873316	1718
328	961140	2218	486760	474380	100	90	1.1106	0.845138	40	39.7	508340	353	1784	1.00774	0.868902	1718
329	1.01576e+006	1915	517774	497987	100	90	1.30804	0.845138	40	39.7	508340	353	1784	1.01131	0.859722	1718
330	751729	1704	259385	492344	100	90	1.49567	0.845138	36	39.7	508340	353	1784	1.13942	1.07665	1718
331	851226	1441	376484	474310	100	90	0.941822	0.845138	40	39.7	0	353	1784	1.06655	0.894921	1718
332	903315	1191	432932	469580	100	90	0.768992	0.845138	40	39.7	0	353	1784	1.04578	0.869363	1718
333	753604	1058	241868	511616	100	90	0.766277	0.845138	40	39.7	0	353	1784	1.0409	0.861696	1718
334	914754	913	375130	539307	100	90	0.789405	0.845138	40	39.7	0	353	1784	1.04096	0.86648	1718
335	1.02037e+006	903	467764	552374	100	90	0.901057	0.845138	40	39.7	0	353	1784	1.04426	0.87696	1718
336	1.05908e+006	1666	512121	546962	100	90	1.6038	0.845138	40	39.7	0	353	1784	1.05224	0.872626	1718
337	1.09061e+006	1539	542795	547814	100	90	1.67743	0.845138	40	39.7	0	353	1784	1.05827	0.878049	1718
338	1.04028e+006	1433	525700	514578	100	90	1.81274	0.845138	40	39.7	0	353	1784	1.0698	0.888643	1718
339	738169	1206	247981	490188	100	90	1.83251	0.845138	40	39.7	0	353	1784	1.08643	0.895246	1718
340	712055	1092	238951	473104	100	90	1.90507	0.845138	40	39.7	113861	353	1784	1.09479	0.896418	1718
341	746884	944	314897	431987	100	90	2.01495	0.845138	40	39.7	113861	353	1784	1.10481	0.894855	1718
342	761692	851	360116	401576	100	90	2.06541	0.845138	40	39.7	113861	353	1784	1.12097	0.896296	1718
343	757765	789	377061	380704	100	90	2.15195	0.845138	40	39.7	113861	353	1784	1.14252	0.909946	1718
344	729601	723	370219	359382	100	90	2.166	0.845138	40	39.7	113861	353	1784	1.13325	0.899123	1718
345	662104	619	338716	323388	100	90	2.1595	0.845138	40	39.7	113861	353	1784	1.16923	0.955403	1718
346	446684	564	143167	303205	100	90	2.12582	0.845138	40	39.7	322578	353	1784	1.18519	0.958801	1718
347	458510	479	184883	264867	100	90	2.14564	0.845138	40	39.7	322578	353	1784	1.18127	0.958242	1718
348	470757	429	214735	243964	100	90	2.19406	0.845138	40	39.7	322578	353	1784	1.1959	0.97	1718
349	339484	386	114190	222462	100	90	2.20256	0.845138	40	39.7	322578	353	1784	1.19744	0.961326	1718
350	351915	345	149821	199655	100	90	2.22449	0.845138	40	39.7	322578	353	1784	1.22124	0.962382	1718
351	357098	313	171003	186095	100	90	2.20781	0.845138	40	39.7	322578	353	1784	1.25325	0.993007	1718
352	239439	266	72293.5	167146	100	90	0.220715	0.845138	40	39.7	429224	353	1784	1.00994	0.877273	1718
353	300506	246	83480.3	217025	100	90	0.155267	0.845138	40	39.7	429224	353	1784	1.00639	0.874624	1718
354	611789	225	255357	356432	100	90	0.141235	0.845138	40	39.7	429224	353	1784	1.00625	0.874962	1718
355	925684	220	420900	504784	100	90	0.154557	0.845138	40	39.7	429224	353	1784	1.00725	0.887208	1718
356	1.03469e+006	200	485591	549100	100	90	0.173416	0.845138	40	39.7	429224	353	1784	1.00903	0.902501	1718
357	1.06363e+006	2440	512114	551519	100	90	1.31606	0.845138	40	39.7	429224	353	1784	1.01109	0.893098	1718
358	1.07198e+006	2136	527481	544502	100	90	1.37306	0.845138	40	39.7	429224	353	1784	1.01332	0.877328	1718
359	1.09325e+006	1852	547831	545420	100	90	1.41482	0.845138	40	39.7	429224	353	1784	1.01682	0.866804	1718
360	811703	1610	275158	536545	100	90	1.34214	0.845138	34	39.7	429224	353	1784	1.22098	1.25768	1718
361	874551	1359	383908	489908	100	90	1.30792	0.845138	40	39.7	0	353	1784	1.19505	1.09942	1718
362	932824	1220	444386	487073	100	90	1.28415	0.845138	40	39.7	0	353	1784	1.15938	1.03135	1718
363	723055	1075	233866	488941	100	90	1.28797	0.845138	40	39.7	0	353	1784	1.13995	0.994337	1718
364	858168	945	352987	504368	100	90	1.31878	0.845138	40	39.7	0	353	1784	1.14635	0.988512	1718
365	965999	1006	445923	519337	100	90	1.51775	0.845138	40	39.7	0	353	1784	1.14524	0.97275	1718
366	770370	1195	245056	525314	100	90	1.86128	0.845138	40	39.7	0	353	1784	1.14921	0.964523	1718
367	872504	1212	357857	514647	100	90	2.02832	0.845138	40	39.7	0	353	1784	1.15357	0.960833	1718
368	897707	1110	416132	481575	100	90	2.10891	0.845138	40	39.7	0	353	1784	1.15565	0.962963	1718
369	887840	969	432923	454917	100	90	2.09558	0.845138	40	39.7	0	353	1784	1.15855	0.963211	1718
370	692048	896	250701	441347	100	90	2.08419	0.845138	40	39.7	201440	353	1784	1.17672	0.985507	1718
371	755832	832	329718	426114	100	90	2.10862	0.845138	40	39.7	201440	353	1784	1.18377	0.994819	1718
372	773057	776	369137	403920	100	90	2.1392	0.845138	40	39.7	201440	353	1784	1.17654	0.979253	1718
373	746029	705	368238	377791	100	90	2.14326	0.845138	40	39.7	201440	353	1784	1.18207	0.981846	1718
374	529294	647	175619	353674	100	90	2.12596	0.845138	40	39.7	201440	353	1784	1.21221	1.01498	1718
375	547586	570	228894	318692	100	90	2.09942	0.845138	40	39.7	201440	353	1784	1.24064	1.0578	1718
376	429934	494	143394	285457	100	90	2.08948	0.845138	40	39.7	332757	353	1784	1.25309	1.05804	1718
377	485068	464	202299	272808	100	90	2.09881	0.845138	40	39.7	332757	353	1784	1.26517	1.06715	1718
378	485935	415	224973	249036	100	90	2.12376	0.845138	40	39.7	332757	353	1784	1.26196	1.04826	1718
379	462423	365	222119	225906	100	90	2.14147	0.845138	40	39.7	332757	353	1784	1.27811	1.04361	1718
380	462468	353	225664	223144	100	90	2.18365	0.845138	40	39.7	332757	353	1784	1.27103	1.03257	1718
381	396308	306	200536	195773	100	90	2.17128	0.845138	40	39.7	332757	353	1784	1.29348	1.05283	1718
382	263300	284	74897	188403	100	90	0.102679	0.845138	40	39.7	357415	353	1784	1.00481	0.839713	1718
383	622115	281	277515	344601	100	90	0.0909655	0.845138	40	39.7	357415	353	1784	1.00455	0.840555	1718
384	883065	239	412628	470437	100	90	0.0846971	0.845138	40	39.7	357415	353	1784	1.00454	0.861524	1718
385	876999	213	417008	459991	100	90	0.0853815	0.845138	40	39.7	357415	353	1784	1.00492	0.893287	1718
386	820655	195	400415	420240	100	90	0.095083	0.845138	40	39.7	357415	353	1784	1.00618	0.904231	1718
387	627320	2625	185064	442257	100	90	0.952813	0.845138	40	39.7	357415	353	1784	1.0078	0.887161	1718
388	732099	2302	286409	445691	100	90	1.11884	0.845138	40	39.7	357415	353	1784	1.00926	0.881408	1718
389	880243	2088	396276	483968	100	90	1.34992	0.845138	40	39.7	357415	353	1784	1.01177	0.876942	1718
390	713143	1884	224758	488385	100	90	1.58461	0.845138	38	39.7	357415	353	1784	1.11263	1.03112	1718
391	822563	1596	348392	473301	100	90	0.836168	0.845138	40	39.7	0	353	1784	1.04108	0.891591	1718
392	692367	1311	209374	482804	100	90	0.675701	0.845138	40	39.7	0	353	1784	1.0283	0.873325	1718
393	917782	1148	368666	548295	100	90	0.588442	0.845138	40	39.7	0	353	1784	1.02403	0.866761	1718
394	1.08066e+006	1037	483882	595608	100	90	0.649178	0.845138	40	39.7	0	353	1784	1.02816	0.879283	1718
395	1.08776e+006	986	514052	572669	100	90	0.757669	0.845138	40	39.7	0	353	1784	1.03487	0.894835	1718
396	1.09442e+006	1847	533753	560665	100	90	1.35043	0.845138	40	39.7	0	353	1784	1.03784	0.889737	1718
397	1.0869e+006	1591	540498	546406	100	90	1.41761	0.845138	40	39.7	0	353	1784	1.0454	0.892518	1718
398	763294	1543	247973	515321	100	90	1.61438	0.845138	40	39.7	0	353	1784	1.05196	0.887844	1718
399	831499	1318	340680	490819	100	90	1.7227	0.845138	40	39.7	0	353	1784	1.0651	0.897718	1718
400	755429	1137	284445	470983	100	90	1.84874	0.845138	40	39.7	131459	353	1784	1.08105	0.906022	1718
401	769173	964	342497	426675	100	90	1.95961	0.845138	40	39.7	131459	353	1784	1.085	0.895075	1718
402	766253	836	368312	397941	100	90	2.03793	0.845138	40	39.7	131459	353	1784	1.10187	0.914179	1718
403	752146	755	373574	378571	100	90	2.08876	0.845138	40	39.7	131459	353	1784	1.11098	0.930844	1718
404	693726	652	349167	344559	100	90	2.08461	0.845138	40	39.7	131459	353	1784	1.1289	0.946602	1718
405	682414	603	346060	336354	100	90	2.08191	0.845138	40	39.7	131459	353	1784	1.15962	0.977312	1718
406	490188	567	166599	322822	100	90	2.0618	0.845138	40	39.7	324339	353	1784	1.19015	1.00187	1718
407	533259	526	222776	300098	100	90	2.07319	0.845138	40	39.7	324339	353	1784	1.19813	1.0123	1718
408	570236	503	262847	292966	100	90	2.11939	0.845138	40	39.7	324339	353	1784	1.19798	1.01535	1718
409	548331	454	261913	269471	100	90	2.17481	0.845138	40	39.7	324339	353	1784	1.19585	1.00732	1718
410	524552	425	256199	252684	100	90	2.19228	0.845138	40	39.7	324339	353	1784	1.17884	0.98153	1718
411	490626	397	249045	241581	100	90	2.21098	0.845138	40	39.7	324339	353	1784	1.17073	0.965909	1718
412	319822	375	89049.5	230772	100	90	0.131983	0.845138	40	39.7	357656	353	1784	1.0037	0.816279	1718
413	664138	344	292303	371835	100	90	0.107765	0.845138	40	39.7	357656	353	1784	1.00307	0.818075	1718
414	900696	309	417540	483156	100	90	0.107081	0.845138	40	39.7	357656	353	1784	1.00339	0.841007	1718
415	884186	270	419542	464645	100	90	0.104201	0.845138	40	39.7	357656	353	1784	1.00316	0.886077	1718
416	849427	255	415160	434268	100	90	0.120547	0.845138	40	39.7	357656	353	1784	1.00375	0.884217	1718
417	906381	2625	450024	456357	100	90	0.983762	0.845138	40	39.7	357656	353	1784	1.0051	0.864655	1718
418	970200	2145	486638	483563	100	90	1.11376	0.845138	40	39.7	357656	353	1784	1.00782	0.868273	1718
419	1.01939e+006	1808	514864	504530	100	90	1.24031	0.845138	40	39.7	357656	353	1784	1.01123	0.853048	1718
420	737717	1644	252023	485694	100	90	1.48029	0.845138	34	39.7	357656	353	1784	1.1218	1.03813	1718
421	845910	1416	375019	470116	100	90	0.764972	0.845138	40	39.7	0	353	1784	1.0439	0.85915	1718
422	954425	1236	456719	496518	100	90	0.664806	0.845138	40	39.7	0	353	1784	1.03353	0.845125	1718
423	1.0442e+006	1051	512122	530912	100	90	0.61449	0.845138	40	39.7	0	353	1784	1.0289	0.84711	1718
424	1.11159e+006	921	550169	560171	100	90	0.677603	0.845138	40	39.7	0	353	1784	1.03269	0.861152	1718
425	1.10035e+006	883	550037	549246	100	90	0.757554	0.845138	40	39.7	0	353	1784	1.03535	0.870138	1718
426	1.0853e+006	1705	546980	538316	100	90	1.36525	0.845138	40	39.7	0	353	1784	1.03639	0.85368	1718
427	780803	1559	256235	524568	100	90	1.45474	0.845138	40	39.7	0	353	1784	1.03873	0.839606	1718
428	854119	1457	351223	502896	100	90	1.63194	0.845138	40	39.7	0	353	1784	1.04841	0.842625	1718
429	892101	1226	412479	479622	100	90	1.75479	0.845138	40	39.7	0	353	1784	1.0601	0.846089	1718
430	735257	1076	273528	461729	100	90	1.86333	0.845138	40	39.7	181828	353	1784	1.07275	0.856046	1718
431	782474	962	345699	436776	100	90	1.97307	0.845138	40	39.7	181828	353	1784	1.07745	0.856835	1718
432	794234	868	379370	414864	100	90	2.02989	0.845138	40	39.7	181828	353	1784	1.09552	0.869773	1718
433	780120	784	386122	393999	100	90	2.06519	0.845138	40	39.7	181828	353	1784	1.11174	0.885942	1718
434	716954	684	360707	356247	100	90	2.0886	0.845138	40	39.7	181828	353	1784	1.13433	0.899083	1718
435	636051	580	322913	313138	100	90	2.06715	0.845138	40	39.7	181828	353	1784	1.15756	0.919561	1718
436	435322	525	144536	290215	100	90	2.0665	0.845138	40	39.7	368442	353	1784	1.18626	0.939024	1718
437	504043	506	209454	284490	100	90	2.0767	0.845138	40	39.7	368442	353	1784	1.20345	0.963983	1718
438	509538	455	234526	261968	100	90	2.11214	0.845138	40	39.7	368442	353	1784	1.20751	0.978469	1718
439	503370	421	240496	247545	100	90	2.15082	0.845138	40	39.7	368442	353	1784	1.2122	0.984211	1718
440	491194	392	240137	236816	100	90	2.17532	0.845138	40	39.7	368442	353	1784	1.21716	0.988506	1718
441	461287	369	234270	227017	100	90	2.1816	0.845138	40	39.7	368442	353	1784	1.23615	1.0125	1718
442	328066	360	104320	223745	100	90	0.130521	0.845138	40	39.7	503660	353	1784	1.00531	0.800514	1718
443	667057	337	298596	368461	100	90	0.109839	0.845138	40	39.7	503660	353	1784	1.00471	0.799878	1718
444	930600	302	434668	495932	100	90	0.10581	0.845138	40	39.7	503660	353	1784	1.00466	0.828754	1718
445	903622	264	430502	473120	100	90	0.103711	0.845138	40	39.7	503660	353	1784	1.00502	0.878147	1718
446	825275	227	405751	419524	100	90	0.107251	0.845138	40	39.7	503660	353	1784	1.00528	0.892097	1718
447	892839	2763	447110	445729	100	90	0.990495	0.845138	40	39.7	503660	353	1784	1.0069	0.88138	1718
448	1.02603e+006	2397	517644	508382	100	90	1.13002	0.845138	40	39.7	503660	353	1784	1.01028	0.889319	1718
449	1.10511e+006	2128	559094	546018	100	90	1.31456	0.845138	40	39.7	503660	353	1784	1.01445	0.891168	1718
450	815192	1851	277399	537793	100	90	1.51363	0.845138	39	39.7	503660	353	1784	1.13027	1.09416	1718
451	922981	1573	401466	520273	100	90	0.885639	0.845138	40	39.7	0	353	1784	1.05628	0.870343	1718
452	1.00881e+006	1337	476068	530594	100	90	0.731898	0.845138	40	39.7	0	353	1784	1.04094	0.849435	1718
453	1.09807e+006	1120	532424	563221	100	90	0.666197	0.845138	40	39.7	0	353	1784	1.03655	0.85184	1718
454	1.17457e+006	1004	577173	595167	100	90	0.716687	0.845138	40	39.7	0	353	1784	1.04138	0.873818	1718
455	1.14052e+006	971	566976	571794	100	90	0.786685	0.845138	40	39.7	0	353	1784	1.041	0.882676	1718
456	817139	1645	262373	554767	100	90	1.33173	0.845138	40	39.7	0	353	1784	1.0445	0.883304	1718
457	684392	1536	166385	518007	100	90	1.46467	0.845138	40	39.7	0	353	1784	1.04684	0.881984	1718
458	786711	1531	287004	499707	100	90	1.71993	0.845138	40	39.7	0	353	1784	1.05402	0.874661	1718
459	841283	1252	370284	470999	100	90	1.86533	0.845138	40	39.7	0	353	1784	1.07118	0.880299	1718
460	710279	1062	261771	448508	100	90	1.95133	0.845138	40	39.7	162654	353	1784	1.08548	0.893281	1718
461	746812	920	329389	417423	100	90	2.02613	0.845138	40	39.7	162654	353	1784	1.09331	0.900685	1718
462	783463	848	375653	407809	100	90	2.03753	0.845138	40	39.7	162654	353	1784	1.11146	0.916153	1718
463	758027	757	376411	381616	100	90	2.0371	0.845138	40	39.7	162654	353	1784	1.12768	0.924033	1718
464	704881	663	354826	350055	100	90	2.00797	0.845138	40	39.7	162654	353	1784	1.16508	0.955556	1718
465	641818	582	325488	316330	100	90	2.0154	0.845138	40	39.7	162654	353	1784	1.17214	0.965392	1718
466	444860	528	146379	298176	100	90	2.01229	0.845138	40	39.7	350691	353	1784	1.18881	0.985887	1718
467	505594	505	208764	287736	100	90	2.04403	0.845138	40	39.7	350691	353	1784	1.19434	0.993576	1718
468	496306	432	228172	255878	100	90	2.03955	0.845138	40	39.7	350691	353	1784	1.22374	1.00253	1718
469	527288	434	252751	258681	100	90	2.09469	0.845138	40	39.7	350691	353	1784	1.23501	1.00779	1718
470	500659	400	244820	241768	100	90	2.12796	0.845138	40	39.7	350691	353	1784	1.23925	1.01437	1718
471	455231	360	230676	224555	100	90	2.11631	0.845138	40	39.7	350691	353	1784	1.2697	1.03268	1718
472	302437	320	93341.6	209096	100	90	0.115555	0.845138	40	39.7	487932	353	1784	1.00546	0.796792	1718
473	633437	285	284821	348616	100	90	0.0918947	0.845138	40	39.7	487932	353	1784	1.00453	0.793537	1718
474	892956	263	418432	474523	100	90	0.090901	0.845138	40	39.7	487932	353	1784	1.00477	0.816859	1718
475	844829	242	403842	440987	100	90	0.0949781	0.845138	40	39.7	487932	353	1784	1.00498	0.860506	1718
476	826292	225	407939	418353	100	90	0.109664	0.845138	40	39.7	487932	353	1784	1.00583	0.872226	1718
477	884368	2732	443831	440537	100	90	1.03802	0.845138	40	39.7	487932	353	1784	1.00726	0.862547	1718
478	982682	2285	495080	487602	100	90	1.20139	0.845138	40	39.7	487932	353	1784	1.01016	0.866296	1718
479	985054	1883	497995	487059	100	90	1.32532	0.845138	40	39.7	487932	353	1784	1.01337	0.864703	1718
480	724845	1654	247633	477212	100	90	1.46361	0.845138	36	39.7	487932	353	1784	1.11659	1.04791	1718
481	793470	1363	348454	444196	100	90	0.764774	0.845138	40	39.7	0	353	1784	1.04432	0.838375	1718
482	873962	1109	415656	457008	100	90	0.596751	0.845138	40	39.7	0	353	1784	1.03156	0.819606	1718
483	780702	963	249849	530794	100	90	0.544488	0.845138	40	39.7	0	353	1784	1.02923	0.820695	1718
484	948139	854	383134	564366	100	90	0.58749	0.845138	40	39.7	0	353	1784	1.0337	0.843998	1718
485	1.04095e+006	881	468710	571655	100	90	0.695773	0.845138	40	39.7	0	353	1784	1.03735	0.868821	1718
486	1.07134e+006	1841	511364	559975	100	90	1.37986	0.845138	40	39.7	0	353	1784	1.04265	0.865614	1718
487	1.05765e+006	1636	520790	536861	100	90	1.46006	0.845138	40	39.7	0	353	1784	1.0525	0.864362	1718
488	1.0372e+006	1491	519303	517899	100	90	1.60808	0.845138	40	39.7	0	353	1784	1.0662	0.866947	1718
489	999668	1239	505617	494051	100	90	1.68149	0.845138	40	39.7	0	353	1784	1.07887	0.871296	1718
490	747889	1063	274807	473081	100	90	1.78288	0.845138	40	39.7	235519	353	1784	1.09539	0.867777	1718
491	816883	972	355196	461687	100	90	1.90516	0.845138	40	39.7	235519	353	1784	1.12197	0.882922	1718
492	852989	896	403762	449227	100	90	2.01621	0.845138	40	39.7	235519	353	1784	1.1372	0.900943	1718
493	825531	815	406751	418780	100	90	2.06277	0.845138	40	39.7	235519	353	1784	1.13304	0.896641	1718
494	774762	726	389242	385520	100	90	2.09913	0.845138	40	39.7	235519	353	1784	1.15561	0.909884	1718
495	732196	655	371045	361151	100	90	2.11528	0.845138	40	39.7	235519	353	1784	1.16306	0.92283	1718
496	490470	588	159676	330483	100	90	2.11254	0.845138	40	39.7	454105	353	1784	1.19313	0.947653	1718
497	531036	531	217482	303940	100	90	2.11676	0.845138	40	39.7	454105	353	1784	1.19963	0.930279	1718
498	539430	476	247602	278862	100	90	2.12303	0.845138	40	39.7	454105	353	1784	1.22432	0.968326	1718
499	528339	426	253400	259363	100	90	2.1412	0.845138	40	39.7	454105	353	1784	1.22912	0.969466	1718
500	504788	396	247376	243174	100	90	2.19378	0.845138	40	39.7	454105	353	1784	1.219	0.955182	1718
501	445984	351	226875	219110	100	90	2.22063	0.845138	40	39.7	454105	353	1784	1.23193	0.952229	1718
502	299082	320	90079.9	209002	100	90	0.119433	0.845138	40	39.7	592611	353	1784	1.00516	0.779863	1718
503	631721	293	280869	350852	100	90	0.0961058	0.845138	40	39.7	592611	353	1784	1.00446	0.78283	1718
504	879924	257	409523	470402	100	90	0.0914048	0.845138	40	39.7	592611	353	1784	1.00414	0.805353	1718
505	840274	239	399905	440370	100	90	0.0967525	0.845138	40	39.7	592611	353	1784	1.00453	0.856535	1718
506	592022	212	172302	419720	100	90	0.106123	0.845138	40	39.7	592611	353	1784	1.00564	0.862154	1718
507	556955	2863	117015	439941	100	90	1.07399	0.845138	40	39.7	592611	353	1784	1.00735	0.856295	1718
508	694058	2682	237488	456570	100	90	1.372	0.845138	40	39.7	592611	353	1784	1.01026	0.867198	1718
509	874103	2477	364464	509638	100	90	1.64948	0.845138	40	39.7	592611	353	1784	1.01511	0.872101	1718
510	727785	2210	217149	510636	100	90	1.74632	0.845138	36	39.7	592611	353	1784	1.09954	0.994048	1718
511	822655	1778	336289	485599	100	90	0.917865	0.845138	40	39.7	0	353	1784	1.03886	0.827986	1718
512	944312	1466	432005	511282	100	90	0.760672	0.845138	40	39.7	0	353	1784	1.03109	0.814724	1718
513	1.07593e+006	1244	514705	559860	100	90	0.738422	0.845138	40	39.7	0	353	1784	1.02961	0.821177	1718
514	1.15741e+006	1096	564250	591846	100	90	0.806702	0.845138	40	39.7	0	353	1784	1.03631	0.846369	1718
515	1.12908e+006	998	557772	570084	100	90	0.871162	0.845138	40	39.7	0	353	1784	1.0404	0.862832	1718
516	1.11075e+006	1698	556118	554634	100	90	1.44113	0.845138	40	39.7	0	353	1784	1.04545	0.852941	1718
517	1.07601e+006	1483	543904	532106	100	90	1.52648	0.845138	40	39.7	0	353	1784	1.04904	0.839253	1718
518	1.03373e+006	1376	526540	507190	100	90	1.68466	0.845138	40	39.7	0	353	1784	1.06136	0.836811	1718
519	989571	1153	506693	482878	100	90	1.75301	0.845138	40	39.7	0	353	1784	1.07789	0.845259	1718
520	708167	991	250691	457476	100	90	1.83605	0.845138	40	39.7	254771	353	1784	1.09117	0.864583	1718
521	767323	902	330972	436350	100	90	1.91737	0.845138	40	39.7	254771	353	1784	1.10181	0.871264	1718
522	765363	791	363181	402182	100	90	1.95894	0.845138	40	39.7	254771	353	1784	1.12319	0.89314	1718
523	723446	696	359431	364015	100	90	2.02394	0.845138	40	39.7	254771	353	1784	1.14684	0.906627	1718
524	704513	646	356535	347978	100	90	2.08784	0.845138	40	39.7	254771	353	1784	1.1563	0.908795	1718
525	672230	595	342033	330196	100	90	2.10798	0.845138	40	39.7	254771	353	1784	1.1727	0.923214	1718
526	451708	547	141922	309692	100	90	2.06696	0.845138	40	39.7	465199	353	1784	1.19749	0.957198	1718
527	478895	479	192162	277929	100	90	2.03572	0.845138	40	39.7	465199	353	1784	1.23125	1.00674	1718
528	517964	458	235335	269832	100	90	2.0579	0.845138	40	39.7	465199	353	1784	1.23543	1.00476	1718
529	514752	424	245377	253593	100	90	2.04962	0.845138	40	39.7	465199	353	1784	1.25791	1.01295	1718
530	478387	377	233736	231239	100	90	2.05576	0.845138	40	39.7	465199	353	1784	1.27397	1.02047	1718
531	333842	356	112972	220870	100	90	2.13511	0.845138	40	39.7	465199	353	1784	1.25826	0.996785	1718
532	273242	302	78802	194440	100	90	0.103093	0.845138	40	39.7	541146	353	1784	1.00472	0.782849	1718
533	613315	273	270992	342324	100	90	0.0872352	0.845138	40	39.7	541146	353	1784	1.00399	0.784755	1718
534	881638	245	410879	470759	100	90	0.085621	0.845138	40	39.7	541146	353	1784	1.00376	0.810932	1718
535	840689	208	400602	440087	100	90	0.0827734	0.845138	40	39.7	541146	353	1784	1.00386	0.860064	1718
536	575501	180	169602	405899	100	90	0.0866344	0.845138	40	39.7	541146	353	1784	1.00455	0.867596	1718
537	527043	3038	111285	415757	100	90	1.10402	0.845138	40	39.7	541146	353	1784	1.00653	0.85356	1718
538	677825	2809	234519	443306	100	90	1.39731	0.845138	40	39.7	541146	353	1784	1.00827	0.853036	1718
539	851752	2521	356710	495043	100	90	1.65077	0.845138	40	39.7	541146	353	1784	1.01062	0.849813	1718
540	716638	2215	213356	503281	100	90	1.77303	0.845138	38	39.7	541146	353	1784	1.07973	0.950909	1718
541	815946	1803	334155	480778	100	90	0.954172	0.845138	40	39.7	0	353	1784	1.03023	0.821458	1718
542	926467	1471	425961	499262	100	90	0.771567	0.845138	40	39.7	0	353	1784	1.02197	0.806614	1718
543	1.07266e+006	1243	517898	552973	100	90	0.734347	0.845138	40	39.7	0	353	1784	1.01954	0.809054	1718
544	1.14377e+006	1034	561738	580358	100	90	0.753468	0.845138	40	39.7	0	353	1784	1.02185	0.825369	1718
545	1.15167e+006	981	573178	576990	100	90	0.859235	0.845138	40	39.7	0	353	1784	1.02706	0.842629	1718
546	1.13723e+006	1721	572900	564327	100	90	1.48296	0.845138	40	39.7	0	353	1784	1.03532	0.844796	1718
547	1.13012e+006	1557	574887	555237	100	90	1.56535	0.845138	40	39.7	0	353	1784	1.04161	0.826812	1718
548	1.11149e+006	1455	568670	542819	100	90	1.73324	0.845138	40	39.7	0	353	1784	1.04926	0.81761	1718
549	1.0642e+006	1224	547114	517089	100	90	1.8529	0.845138	40	39.7	0	353	1784	1.06051	0.819237	1718
550	742333	1051	260303	482030	100	90	1.90507	0.845138	40	39.7	283497	353	1784	1.0708	0.823643	1718
551	632121	953	167408	464713	100	90	2.01076	0.845138	40	39.7	283497	353	1784	1.08476	0.831183	1718
552	720395	885	275794	444602	100	90	2.0779	0.845138	40	39.7	283497	353	1784	1.09717	0.842227	1718
553	737643	787	332581	405062	100	90	2.15469	0.845138	40	39.7	283497	353	1784	1.11263	0.849081	1718
554	535498	683	170239	365259	100	90	2.17332	0.845138	40	39.7	283497	353	1784	1.128	0.85736	1718
555	593958	632	247091	346867	100	90	2.18564	0.845138	40	39.7	283497	353	1784	1.15247	0.884679	1718
556	478499	589	150494	327511	100	90	2.2036	0.845138	40	39.7	441786	353	1784	1.15334	0.889088	1718
557	515985	526	207917	298943	100	90	2.23243	0.845138	40	39.7	441786	353	1784	1.16479	0.908537	1718
558	517378	462	234395	271092	100	90	2.274	0.845138	40	39.7	441786	353	1784	1.18282	0.929078	1718
559	499290	411	237832	247446	100	90	2.27809	0.845138	40	39.7	441786	353	1784	1.19899	0.954054	1718
560	482882	372	236303	234045	100	90	2.29594	0.845138	40	39.7	441786	353	1784	1.20334	0.954955	1718
561	425798	321	216327	209471	100	90	2.28495	0.845138	40	39.7	441786	353	1784	1.22039	0.954545	1718
562	279974	294	82665.8	197308	100	90	0.113053	0.845138	40	39.7	579200	353	1784	1.00385	0.786099	1718
563	608001	270	272234	335768	100	90	0.0896288	0.845138	40	39.7	579200	353	1784	1.00348	0.783904	1718
564	890709	228	417167	473541	100	90	0.082857	0.845138	40	39.7	579200	353	1784	1.00328	0.807222	1718
565	892554	214	425033	467521	100	90	0.0867409	0.845138	40	39.7	579200	353	1784	1.00368	0.853492	1718
566	814772	198	399706	415066	100	90	0.0982091	0.845138	40	39.7	579200	353	1784	1.00501	0.874616	1718
567	883097	2723	442138	440960	100	90	1.03064	0.845138	40	39.7	579200	353	1784	1.00693	0.859785	1718
568	987643	2422	499134	488508	100	90	1.20197	0.845138	40	39.7	579200	353	1784	1.00847	0.864518	1718
569	1.0612e+006	2075	538518	522682	100	90	1.39937	0.845138	40	39.7	579200	353	1784	1.01197	0.864764	1718
570	790718	1868	270625	520093	100	90	1.60183	0.845138	38	39.7	579200	353	1784	1.11128	1.0315	1718
571	875974	1541	381529	493551	100	90	0.953721	0.845138	40	39.7	0	353	1784	1.05133	0.847162	1718
572	943316	1274	447414	494651	100	90	0.769222	0.845138	40	39.7	0	353	1784	1.03631	0.831371	1718
573	1.05492e+006	1086	516110	537532	100	90	0.70101	0.845138	40	39.7	0	353	1784	1.03107	0.826022	1718
574	1.11667e+006	883	551240	564119	100	90	0.699151	0.845138	40	39.7	0	353	1784	1.03448	0.835241	1718
575	1.15459e+006	882	574281	579168	100	90	0.813555	0.845138	40	39.7	0	353	1784	1.03945	0.854457	1718
576	1.12131e+006	1620	563538	557768	100	90	1.41132	0.845138	40	39.7	0	353	1784	1.04256	0.860635	1718
577	1.08794e+006	1497	552249	535695	100	90	1.52091	0.845138	40	39.7	0	353	1784	1.04899	0.860519	1718
578	1.05692e+006	1447	539631	517284	100	90	1.68535	0.845138	40	39.7	0	353	1784	1.04762	0.849928	1718
579	1.05087e+006	1246	539626	511248	100	90	1.78041	0.845138	40	39.7	0	353	1784	1.05738	0.852694	1718
580	742188	1081	261999	480189	100	90	1.8568	0.845138	40	39.7	274684	353	1784	1.07084	0.859086	1718
581	793811	973	337364	456447	100	90	1.97258	0.845138	40	39.7	274684	353	1784	1.0873	0.867742	1718
582	840868	902	393784	447085	100	90	2.0582	0.845138	40	39.7	274684	353	1784	1.11338	0.890698	1718
583	812953	815	399161	413793	100	90	2.09423	0.845138	40	39.7	274684	353	1784	1.12043	0.898065	1718
584	760591	713	380870	379721	100	90	2.14859	0.845138	40	39.7	274684	353	1784	1.13359	0.903418	1718
585	678861	608	344595	334266	100	90	2.14849	0.845138	40	39.7	274684	353	1784	1.15517	0.907504	1718
586	420475	533	115148	305257	100	90	2.14	0.845138	40	39.7	329866	353	1784	1.17658	0.944	1718
587	388471	512	94709.7	292428	100	90	2.15526	0.845138	40	39.7	329866	353	1784	1.19268	0.957717	1718
588	433942	468	157498	267990	100	90	2.19252	0.845138	40	39.7	329866	353	1784	1.17457	0.929742	1718
589	470807	435	206289	254056	100	90	2.20511	0.845138	40	39.7	329866	353	1784	1.17606	0.936061	1718
590	459067	387	219556	230257	100	90	2.21965	0.845138	40	39.7	329866	353	1784	1.1897	0.94152	1718
591	446671	363	224717	221954	100	90	2.23633	0.845138	40	39.7	329866	353	1784	1.19469	0.956113	1718
592	309546	349	88870.7	220675	100	90	0.14793	0.845138	40	39.7	475639	353	1784	1.0048	0.730464	1718
593	602543	329	263039	339504	100	90	0.116366	0.845138	40	39.7	475639	353	1784	1.00394	0.726086	1718
594	920302	301	428112	492190	100	90	0.116713	0.845138	40	39.7	475639	353	1784	1.00419	0.75106	1718
595	935708	268	445371	490337	100	90	0.118385	0.845138	40	39.7	475639	353	1784	1.00457	0.816367	1718
596	853146	257	418745	434401	100	90	0.138003	0.845138	40	39.7	475639	353	1784	1.00519	0.849714	1718
597	919684	2667	462541	457144	100	90	1.09446	0.845138	40	39.7	475639	353	1784	1.00649	0.834174	1718
598	1.02683e+006	2336	520505	506328	100	90	1.26648	0.845138	40	39.7	475639	353	1784	1.00906	0.832859	1718
599	1.07219e+006	1986	545740	526446	100	90	1.44507	0.845138	40	39.7	475639	353	1784	1.01246	0.831737	1718
600	764418	1657	263042	501376	100	90	1.61106	0.845138	37	39.7	475639	353	1784	1.13671	1.0386	1718
601	852047	1391	374452	476883	100	90	0.968293	0.845138	40	39.7	0	353	1784	1.06059	0.814939	1718
602	932191	1191	443439	487636	100	90	0.815768	0.845138	40	39.7	0	353	1784	1.04235	0.786276	1718
603	1.0346e+006	1019	507287	526208	100	90	0.747558	0.845138	40	39.7	0	353	1784	1.03739	0.778929	1718
604	1.11968e+006	901	555193	563511	100	90	0.812484	0.845138	40	39.7	0	353	1784	1.03912	0.789432	1718
605	1.13343e+006	872	567057	565442	100	90	0.907205	0.845138	40	39.7	0	353	1784	1.0426	0.802343	1718
606	1.1626e+006	1605	587159	575440	100	90	1.56326	0.845138	40	39.7	0	353	1784	1.04929	0.797067	1718
607	1.1179e+006	1434	569340	548559	100	90	1.62519	0.845138	40	39.7	0	353	1784	1.05336	0.789572	1718
608	1.07272e+006	1366	550727	521996	100	90	1.78619	0.845138	40	39.7	0	353	1784	1.06333	0.788432	1718
609	1.01576e+006	1144	523823	491941	100	90	1.83255	0.845138	40	39.7	0	353	1784	1.07374	0.786425	1718
610	707892	1007	240598	467295	100	90	1.89071	0.845138	40	39.7	289599	353	1784	1.08345	0.789528	1718
611	753228	888	315719	437509	100	90	1.98362	0.845138	40	39.7	289599	353	1784	1.0976	0.80422	1718
612	802451	830	376459	425992	100	90	2.07528	0.845138	40	39.7	289599	353	1784	1.10872	0.810777	1718
613	757078	718	373988	383090	100	90	2.10868	0.845138	40	39.7	289599	353	1784	1.12317	0.816092	1718
614	749189	672	377747	371442	100	90	2.16072	0.845138	40	39.7	289599	353	1784	1.14423	0.840062	1718
615	692726	597	352698	340028	100	90	2.20165	0.845138	40	39.7	289599	353	1784	1.16026	0.845343	1718
616	426409	513	125834	300537	100	90	2.18762	0.845138	40	39.7	521176	353	1784	1.18286	0.878351	1718
617	469248	461	183772	277081	100	90	2.17261	0.845138	40	39.7	521176	353	1784	1.19785	0.893764	1718
618	486956	410	219925	255105	100	90	2.17586	0.845138	40	39.7	521176	353	1784	1.19756	0.905263	1718
619	469070	361	224300	230270	100	90	2.20355	0.845138	40	39.7	521176	353	1784	1.20397	0.900901	1718
620	425142	302	209024	203735	100	90	2.2315	0.845138	40	39.7	521176	353	1784	1.20067	0.88968	1718
621	383877	273	196601	187276	100	90	2.24587	0.845138	40	39.7	521176	353	1784	1.21923	0.918699	1718
622	230343	240	61018.4	169325	100	90	0.0939837	0.845138	40	39.7	658538	353	1784	1.0035	0.758066	1718
623	567678	229	249930	317748	100	90	0.0760561	0.845138	40	39.7	658538	353	1784	1.00315	0.759351	1718
624	876785	204	407349	469436	100	90	0.073916	0.845138	40	39.7	658538	353	1784	1.00357	0.785759	1718
625	869708	198	411677	458030	100	90	0.0826798	0.845138	40	39.7	658538	353	1784	1.00439	0.845794	1718
626	852852	187	417095	435756	100	90	0.0927355	0.845138	40	39.7	658538	353	1784	1.00537	0.868655	1718
627	938920	2914	467948	470971	100	90	1.08376	0.845138	40	39.7	658538	353	1784	1.00657	0.853082	1718
628	1.02498e+006	2503	515110	509872	100	90	1.25322	0.845138	40	39.7	658538	353	1784	1.00766	0.84992	1718
629	1.06292e+006	2092	538644	524274	100	90	1.40439	0.845138	40	39.7	658538	353	1784	1.00907	0.845264	1718
630	792808	1821	271492	521316	100	90	1.57591	0.845138	38	39.7	658538	353	1784	1.10582	1.00611	1718
631	907751	1536	396606	510636	100	90	1.00149	0.845138	40	39.7	0	353	1784	1.05204	0.827147	1718
632	979663	1295	465032	513767	100	90	0.843184	0.845138	40	39.7	0	353	1784	1.03907	0.804147	1718
633	1.08252e+006	1118	529970	551599	100	90	0.796042	0.845138	40	39.7	0	353	1784	1.03525	0.799209	1718
634	1.14029e+006	958	565289	574141	100	90	0.83551	0.845138	40	39.7	0	353	1784	1.03889	0.813094	1718
635	1.15163e+006	914	576210	574599	100	90	0.926412	0.845138	40	39.7	0	353	1784	1.04347	0.82807	1718
636	1.1358e+006	1560	574141	561655	100	90	1.50674	0.845138	40	39.7	0	353	1784	1.04715	0.830374	1718
637	1.1152e+006	1443	568239	546960	100	90	1.5907	0.845138	40	39.7	0	353	1784	1.04831	0.818996	1718
638	1.05371e+006	1341	541069	512640	100	90	1.75443	0.845138	40	39.7	0	353	1784	1.05623	0.812117	1718
639	1.02381e+006	1152	528733	495073	100	90	1.78556	0.845138	40	39.7	0	353	1784	1.06769	0.816143	1718
640	656710	999	188498	468212	100	90	1.88174	0.845138	40	39.7	59128.7	353	1784	1.07681	0.81658	1718
641	739580	915	292041	447538	100	90	2.01566	0.845138	40	39.7	59128.7	353	1784	1.08798	0.810538	1718
642	761007	811	349145	411862	100	90	2.07232	0.845138	40	39.7	59128.7	353	1784	1.10373	0.82933	1718
643	753971	732	370620	383352	100	90	2.1265	0.845138	40	39.7	59128.7	353	1784	1.11366	0.838755	1718
644	756690	687	382235	374455	100	90	2.13589	0.845138	40	39.7	59128.7	353	1784	1.12665	0.850453	1718
645	694984	596	355934	339050	100	90	2.11849	0.845138	40	39.7	59128.7	353	1784	1.15611	0.885017	1718
646	450457	543	131021	319405	100	90	2.11192	0.845138	40	39.7	295604	353	1784	1.16863	0.879079	1718
647	511500	510	198245	304092	100	90	2.15683	0.845138	40	39.7	295604	353	1784	1.16296	0.875	1718
648	564114	489	253112	297198	100	90	2.17732	0.845138	40	39.7	295604	353	1784	1.16406	0.86087	1718
649	582666	462	278508	286422	100	90	2.21099	0.845138	40	39.7	295604	353	1784	1.16737	0.854503	1718
650	577500	442	284749	276068	100	90	2.25176	0.845138	40	39.7	295604	353	1784	1.16092	0.860294	1718
651	365132	373	124056	241077	100	90	2.26534	0.845138	40	39.7	295604	353	1784	1.16712	0.853372	1718
652	312719	340	84260.9	228458	100	90	0.115272	0.845138	40	39.7	389207	353	1784	1.00308	0.729109	1718
653	652200	287	281428	370772	100	90	0.0937949	0.845138	40	39.7	389207	353	1784	1.00275	0.730091	1718
654	867154	264	398744	468411	100	90	0.0943436	0.845138	40	39.7	389207	353	1784	1.00297	0.770816	1718
655	812270	239	386495	425775	100	90	0.0974011	0.845138	40	39.7	389207	353	1784	1.00348	0.830805	1718
656	831686	219	411353	420332	100	90	0.112832	0.845138	40	39.7	389207	353	1784	1.00444	0.824077	1718
657	922668	2883	463564	459104	100	90	1.14835	0.845138	40	39.7	389207	353	1784	1.00648	0.82414	1718
658	711363	2237	224721	486642	100	90	1.27937	0.845138	40	39.7	389207	353	1784	1.00966	0.82047	1718
659	800873	1960	320239	480634	100	90	1.44965	0.845138	40	39.7	389207	353	1784	1.01269	0.819457	1718
660	591760	1828	97034.3	494725	100	90	1.66725	0.845138	40	39.7	389207	353	1784	1.10363	0.95645	1718
661	683033	1563	213549	469082	100	90	0.702263	0.845138	40	39.7	0	353	1784	1.02971	0.760867	1718
662	850068	1296	349284	500368	100	90	0.590848	0.845138	40	39.7	0	353	1784	1.02463	0.762474	1718
663	1.02848e+006	1110	468236	559271	100	90	0.606678	0.845138	40	39.7	0	353	1784	1.02397	0.776425	1718
664	1.10933e+006	969	528206	580235	100	90	0.667083	0.845138	40	39.7	0	353	1784	1.02636	0.805159	1718
665	1.12019e+006	925	549532	569861	100	90	0.761944	0.845138	40	39.7	0	353	1784	1.03068	0.823582	1718
666	1.12791e+006	1845	565400	562509	100	90	1.49509	0.845138	40	39.7	0	353	1784	1.03588	0.812306	1718
667	799130	1553	260232	538898	100	90	1.57602	0.845138	40	39.7	0	353	1784	1.04226	0.799523	1718
668	888350	1489	364631	523719	100	90	1.77279	0.845138	40	39.7	0	353	1784	1.04852	0.800961	1718
669	950226	1300	439913	510313	100	90	1.89503	0.845138	40	39.7	0	353	1784	1.06076	0.806452	1718
670	735974	1116	255585	480389	100	90	1.98131	0.845138	40	39.7	232942	353	1784	1.07152	0.809917	1718
671	799684	999	340235	459450	100	90	2.08288	0.845138	40	39.7	232942	353	1784	1.08401	0.81893	1718
672	837397	908	396742	440655	100	90	2.13275	0.845138	40	39.7	232942	353	1784	1.09813	0.833902	1718
673	817368	818	405732	411637	100	90	2.16086	0.845138	40	39.7	232942	353	1784	1.11613	0.84557	1718
674	765092	730	386715	378377	100	90	2.17623	0.845138	40	39.7	232942	353	1784	1.1335	0.873745	1718
675	747314	680	380844	366470	100	90	2.17054	0.845138	40	39.7	232942	353	1784	1.1552	0.884438	1718
676	480145	599	147956	332155	100	90	2.1731	0.845138	40	39.7	471176	353	1784	1.18139	0.910211	1718
677	510897	525	202359	299354	100	90	2.19548	0.845138	40	39.7	471176	353	1784	1.19378	0.919028	1718
678	554510	500	249790	290882	100	90	2.23715	0.845138	40	39.7	471176	353	1784	1.19298	0.897216	1718
679	557112	461	265383	275059	100	90	2.24633	0.845138	40	39.7	471176	353	1784	1.19958	0.887059	1718
680	525773	416	257889	253226	100	90	2.26405	0.845138	40	39.7	471176	353	1784	1.19185	0.887435	1718
681	460329	356	234933	225395	100	90	2.25134	0.845138	40	39.7	471176	353	1784	1.20455	0.904908	1718
682	292459	323	83190.2	209269	100	90	0.123334	0.845138	40	39.7	623860	353	1784	1.00446	0.74592	1718
683	493728	315	135430	358298	100	90	0.103668	0.845138	40	39.7	623860	353	1784	1.00368	0.745475	1718
684	758467	293	278367	480100	100	90	0.0903846	0.845138	40	39.7	623860	353	1784	1.00332	0.771135	1718
685	798769	235	333535	465234	100	90	0.0868702	0.845138	40	39.7	623860	353	1784	1.00307	0.81835	1718
686	805880	220	367423	438457	100	90	0.103046	0.845138	40	39.7	623860	353	1784	1.00345	0.853364	1718
687	884858	2833	426144	458714	100	90	1.05809	0.845138	40	39.7	623860	353	1784	1.00448	0.850515	1718
688	988932	2568	488874	500058	100	90	1.29528	0.845138	40	39.7	623860	353	1784	1.00641	0.844265	1718
689	1.05441e+006	2220	528771	525643	100	90	1.49066	0.845138	40	39.7	623860	353	1784	1.00964	0.842215	1718
690	787088	1840	267017	520072	100	90	1.58492	0.845138	39	39.7	623860	353	1784	1.10446	1.01426	1718
691	863428	1485	376941	485925	100	90	0.916822	0.845138	40	39.7	0	353	1784	1.0474	0.806016	1718
692	962473	1256	456288	505336	100	90	0.769542	0.845138	40	39.7	0	353	1784	1.03686	0.788022	1718
693	1.09455e+006	1105	534562	559056	100	90	0.742835	0.845138	40	39.7	0	353	1784	1.03579	0.798779	1718
694	1.14418e+006	918	565101	578162	100	90	0.752548	0.845138	40	39.7	0	353	1784	1.03767	0.810563	1718
695	1.16294e+006	880	579912	582198	100	90	0.831497	0.845138	40	39.7	0	353	1784	1.04128	0.82459	1718
696	1.15932e+006	1638	584041	575280	100	90	1.47185	0.845138	40	39.7	0	353	1784	1.04472	0.824859	1718
697	1.13419e+006	1594	575596	558593	100	90	1.60676	0.845138	40	39.7	0	353	1784	1.05035	0.834557	1718
698	1.12082e+006	1543	572394	548430	100	90	1.7659	0.845138	40	39.7	0	353	1784	1.05894	0.836486	1718
699	1.04798e+006	1287	538972	509011	100	90	1.80955	0.845138	40	39.7	0	353	1784	1.06966	0.839676	1718
700	704156	1052	245636	458520	100	90	1.84918	0.845138	40	39.7	279507	353	1784	1.08115	0.838966	1718
701	752044	924	318508	433536	100	90	1.95392	0.845138	40	39.7	279507	353	1784	1.10316	0.834279	1718
702	780168	844	367723	412445	100	90	2.04373	0.845138	40	39.7	279507	353	1784	1.10281	0.841843	1718
703	771713	760	382765	388947	100	90	2.07861	0.845138	40	39.7	279507	353	1784	1.12514	0.851034	1718
704	740009	680	374439	365570	100	90	2.11587	0.845138	40	39.7	279507	353	1784	1.14698	0.87057	1718
705	690771	604	353470	337301	100	90	2.13658	0.845138	40	39.7	279507	353	1784	1.17829	0.89547	1718
706	425184	525	127622	297512	100	90	2.16405	0.845138	40	39.7	513330	353	1784	1.1875	0.908163	1718
707	445179	441	173967	263025	100	90	2.203	0.845138	40	39.7	513330	353	1784	1.20674	0.94132	1718
708	452594	385	203213	238380	100	90	2.19552	0.845138	40	39.7	513330	353	1784	1.22135	0.940845	1718
709	346316	360	114603	229497	100	90	2.21949	0.845138	40	39.7	513330	353	1784	1.22636	0.944785	1718
710	384669	339	164318	218179	100	90	2.22082	0.845138	40	39.7	513330	353	1784	1.24149	0.957096	1718
711	399289	315	190923	208366	100	90	2.22803	0.845138	40	39.7	513330	353	1784	1.25338	1.00364	1718
712	278831	298	74512.8	204318	100	90	0.248615	0.845138	40	39.7	648768	353	1784	1.01222	0.722912	1718
713	418437	272	173179	245258	100	90	0.174657	0.845138	40	39.7	648768	353	1784	1.00839	0.721936	1718
714	700174	241	328661	371512	100	90	0.165691	0.845138	40	39.7	648768	353	1784	1.00849	0.732786	1718
715	925623	216	443280	482343	100	90	0.173643	0.845138	40	39.7	648768	353	1784	1.01004	0.75424	1718
716	985128	195	477999	507130	100	90	0.189744	0.845138	40	39.7	648768	353	1784	1.01122	0.790275	1718
717	1.02321e+006	2131	506281	516931	100	90	1.36767	0.845138	40	39.7	648768	353	1784	1.01262	0.797338	1718
718	1.05708e+006	1887	530133	526945	100	90	1.42836	0.845138	40	39.7	648768	353	1784	1.01669	0.791724	1718
719	1.04987e+006	1574	533466	516408	100	90	1.46634	0.845138	40	39.7	648768	353	1784	1.0221	0.792487	1718
720	787822	1444	271236	516586	100	90	1.41401	0.845138	39	39.7	648768	353	1784	1.23997	1.20522	1718
721	679496	1273	189861	489264	100	90	1.31179	0.845138	40	39.7	0	353	1784	1.18801	0.97863	1718
722	776040	1118	300940	473600	100	90	1.18193	0.845138	40	39.7	0	353	1784	1.13935	0.876043	1718
723	851102	955	382233	466963	100	90	1.1491	0.845138	40	39.7	0	353	1784	1.12015	0.841164	1718
724	698540	814	218285	480015	100	90	1.18639	0.845138	40	39.7	0	353	1784	1.12712	0.844229	1718
725	834775	868	343939	490603	100	90	1.41723	0.845138	40	39.7	0	353	1784	1.13374	0.85316	1718
726	957117	1154	442592	514525	100	90	1.87052	0.845138	40	39.7	0	353	1784	1.13197	0.847795	1718
727	1.00136e+006	1178	486249	515111	100	90	2.00499	0.845138	40	39.7	0	353	1784	1.13256	0.850125	1718
728	970748	1090	483572	487176	100	90	2.0688	0.845138	40	39.7	0	353	1784	1.13338	0.846686	1718
729	928076	926	469107	458969	100	90	2.04214	0.845138	40	39.7	0	353	1784	1.14645	0.848131	1718
730	666168	841	224864	441304	100	90	2.06692	0.845138	40	39.7	251275	353	1784	1.15805	0.856959	1718
731	574581	778	152839	421742	100	90	2.1346	0.845138	40	39.7	251275	353	1784	1.15899	0.849582	1718
732	646155	720	251685	394470	100	90	2.16951	0.845138	40	39.7	251275	353	1784	1.16474	0.856072	1718
733	680804	661	310025	370779	100	90	2.21776	0.845138	40	39.7	251275	353	1784	1.17341	0.863857	1718
734	510430	602	162824	347606	100	90	2.22029	0.845138	40	39.7	251275	353	1784	1.18271	0.879713	1718
735	541534	542	226234	315300	100	90	2.23877	0.845138	40	39.7	251275	353	1784	1.20926	0.911469	1718
736	390546	481	102457	287965	100	90	2.20893	0.845138	40	39.7	282472	353	1784	1.21488	0.927765	1718
737	361941	448	89257.4	271356	100	90	2.23095	0.845138	40	39.7	282472	353	1784	1.22197	0.921951	1718
738	414135	412	155061	251471	100	90	2.25229	0.845138	40	39.7	282472	353	1784	1.2266	0.905013	1718
739	468844	405	210347	248706	100	90	2.32549	0.845138	40	39.7	282472	353	1784	1.22775	0.903846	1718
740	453738	358	217957	227385	100	90	2.33829	0.845138	40	39.7	282472	353	1784	1.22289	0.905956	1718
741	429757	330	216103	213654	100	90	2.38638	0.845138	40	39.7	282472	353	1784	1.23102	0.900685	1718
742	266203	291	71572	194631	100	90	0.133838	0.845138	40	39.7	315488	353	1784	1.00544	0.686666	1718
743	552789	268	242020	310770	100	90	0.100576	0.845138	40	39.7	315488	353	1784	1.00409	0.684409	1718
744	844108	253	392658	451449	100	90	0.105507	0.845138	40	39.7	315488	353	1784	1.00478	0.720021	1718
745	615325	233	176527	438798	100	90	0.114081	0.845138	40	39.7	315488	353	1784	1.00587	0.790758	1718
746	635910	194	239502	396408	100	90	0.117127	0.845138	40	39.7	315488	353	1784	1.00625	0.822727	1718
747	840706	2820	373117	467589	100	90	1.21988	0.845138	40	39.7	315488	353	1784	1.00818	0.817371	1718
748	979773	2701	464087	515687	100	90	1.51743	0.845138	40	39.7	315488	353	1784	1.01202	0.834916	1718
749	1.00308e+006	2147	492503	510575	100	90	1.61576	0.845138	40	39.7	315488	353	1784	1.01544	0.836718	1718
750	743236	1808	248714	494523	100	90	1.60246	0.845138	38	39.7	315488	353	1784	1.1082	0.994417	1718
751	734488	1290	323553	410361	100	90	0.912887	0.845138	40	39.7	0	353	1784	1.05069	0.750061	1718
752	843887	1138	407352	435634	100	90	0.785191	0.845138	40	39.7	0	353	1784	1.03233	0.720763	1718
753	955305	1006	473976	480251	100	90	0.757556	0.845138	40	39.7	0	353	1784	1.02814	0.723577	1718
754	1.05394e+006	875	526605	526258	100	90	0.795865	0.845138	40	39.7	0	353	1784	1.03012	0.738652	1718
755	799304	829	261370	537934	100	90	0.869082	0.845138	40	39.7	0	353	1784	1.03368	0.754464	1718
756	885427	1554	367250	518177	100	90	1.57523	0.845138	40	39.7	0	353	1784	1.03474	0.75874	1718
757	930768	1468	434656	496112	100	90	1.76262	0.845138	40	39.7	0	353	1784	1.03199	0.75063	1718
758	949279	1336	468712	480568	100	90	1.88146	0.845138	40	39.7	0	353	1784	1.03685	0.744859	1718
759	930091	1135	470863	459228	100	90	1.93623	0.845138	40	39.7	0	353	1784	1.04568	0.753363	1718
760	684175	1006	244277	439899	100	90	2.01241	0.845138	40	39.7	236828	353	1784	1.05426	0.754813	1718
761	755967	928	331802	424165	100	90	2.05465	0.845138	40	39.7	236828	353	1784	1.06724	0.761276	1718
762	753771	818	362715	391056	100	90	2.13906	0.845138	40	39.7	236828	353	1784	1.06957	0.766833	1718
763	699919	692	351419	348501	100	90	2.19378	0.845138	40	39.7	236828	353	1784	1.08464	0.780415	1718
764	668429	619	342070	326359	100	90	2.20471	0.845138	40	39.7	236828	353	1784	1.10977	0.812292	1718
765	648440	575	334166	314274	100	90	2.24432	0.845138	40	39.7	236828	353	1784	1.12584	0.83964	1718
766	410527	501	127254	283191	100	90	2.21457	0.845138	40	39.7	448966	353	1784	1.14587	0.870833	1718
767	463092	464	189958	263922	100	90	2.21876	0.845138	40	39.7	448966	353	1784	1.15083	0.869663	1718
768	499248	440	230350	256444	100	90	2.23805	0.845138	40	39.7	448966	353	1784	1.15991	0.876812	1718
769	492534	407	238564	238571	100	90	2.26797	0.845138	40	39.7	448966	353	1784	1.17037	0.863158	1718
770	463336	359	230552	219209	100	90	2.26729	0.845138	40	39.7	448966	353	1784	1.18697	0.870091	1718
771	422318	322	218544	203774	100	90	2.29318	0.845138	40	39.7	448966	353	1784	1.17308	0.847973	1718
772	247751	272	70699	177052	100	90	0.105219	0.845138	40	39.7	591557	353	1784	1.00301	0.737615	1718
773	577817	251	260205	317612	100	90	0.0822324	0.845138	40	39.7	591557	353	1784	1.0024	0.739595	1718
774	823821	215	386898	436923	100	90	0.0774042	0.845138	40	39.7	591557	353	1784	1.00208	0.774145	1718
775	817796	210	392297	425499	100	90	0.0855642	0.845138	40	39.7	591557	353	1784	1.00245	0.837974	1718
776	827081	192	409303	417778	100	90	0.0962463	0.845138	40	39.7	591557	353	1784	1.00301	0.851315	1718
777	920216	2832	462523	457693	100	90	1.0585	0.845138	40	39.7	591557	353	1784	1.0042	0.837924	1718
778	983774	2423	497077	486697	100	90	1.25245	0.845138	40	39.7	591557	353	1784	1.00576	0.83867	1718
779	993086	1963	506332	486754	100	90	1.39984	0.845138	40	39.7	591557	353	1784	1.00784	0.828368	1718
780	728013	1728	251812	476200	100	90	1.53723	0.845138	39	39.7	591557	353	1784	1.09929	0.977907	1718
781	835914	1493	374572	461299	100	90	0.861436	0.845138	40	39.7	0	353	1784	1.03811	0.786885	1718
782	936515	1294	451786	484641	100	90	0.729168	0.845138	40	39.7	0	353	1784	1.02678	0.774421	1718
783	1.04325e+006	1093	515853	527303	100	90	0.669828	0.845138	40	39.7	0	353	1784	1.02403	0.775223	1718
784	1.1217e+006	959	560160	561452	100	90	0.730492	0.845138	40	39.7	0	353	1784	1.02725	0.79404	1718
785	1.09683e+006	892	552495	544247	100	90	0.80601	0.845138	40	39.7	0	353	1784	1.03156	0.815053	1718
786	1.07392e+006	1724	547409	526514	100	90	1.47374	0.845138	40	39.7	0	353	1784	1.03325	0.810093	1718
787	1.04084e+006	1504	535035	505808	100	90	1.54712	0.845138	40	39.7	0	353	1784	1.03778	0.789816	1718
788	1.02121e+006	1414	527724	493483	100	90	1.67586	0.845138	40	39.7	0	353	1784	1.046	0.783237	1718
789	960204	1193	498413	461791	100	90	1.75901	0.845138	40	39.7	0	353	1784	1.05079	0.776632	1718
790	663054	1006	232898	430155	100	90	1.83519	0.845138	40	39.7	261347	353	1784	1.05739	0.780041	1718
791	727375	908	313937	413438	100	90	1.97273	0.845138	40	39.7	261347	353	1784	1.07411	0.782559	1718
792	748945	828	358608	390337	100	90	2.02417	0.845138	40	39.7	261347	353	1784	1.083	0.7866	1718
793	709562	717	355766	353796	100	90	2.07671	0.845138	40	39.7	261347	353	1784	1.10214	0.803725	1718
794	690142	658	352528	337614	100	90	2.14089	0.845138	40	39.7	261347	353	1784	1.1105	0.810937	1718
795	469114	575	161186	307928	100	90	2.17191	0.845138	40	39.7	261347	353	1784	1.12097	0.811052	1718
796	404120	520	121509	282104	100	90	2.18565	0.845138	40	39.7	374859	353	1784	1.1223	0.813861	1718
797	453232	479	182817	260831	100	90	2.21996	0.845138	40	39.7	374859	353	1784	1.13253	0.828261	1718
798	460563	421	210823	237813	100	90	2.22544	0.845138	40	39.7	374859	353	1784	1.1344	0.8425	1718
799	454115	379	219669	219834	100	90	2.26288	0.845138	40	39.7	374859	353	1784	1.1292	0.815642	1718
800	442686	350	219572	209823	100	90	2.29228	0.845138	40	39.7	374859	353	1784	1.12894	0.810976	1718
801	419991	329	216295	203696	100	90	2.31612	0.845138	40	39.7	374859	353	1784	1.13846	0.819672	1718
802	270936	305	78303.2	192633	100	90	0.116653	0.845138	40	39.7	515487	353	1784	1.00319	0.695791	1718
803	599216	273	265859	333356	100	90	0.091003	0.845138	40	39.7	515487	353	1784	1.00271	0.698146	1718
804	851618	251	397228	454390	100	90	0.0911289	0.845138	40	39.7	515487	353	1784	1.00258	0.736988	1718
805	798213	212	382705	415508	100	90	0.0884837	0.845138	40	39.7	515487	353	1784	1.00283	0.816129	1718
806	807738	193	403016	404723	100	90	0.0999411	0.845138	40	39.7	515487	353	1784	1.00359	0.832651	1718
807	921134	2865	465688	455447	100	90	1.11291	0.845138	40	39.7	515487	353	1784	1.00505	0.824719	1718
808	1.00322e+006	2460	509786	493434	100	90	1.32118	0.845138	40	39.7	515487	353	1784	1.00657	0.824389	1718
809	1.00863e+006	2005	515392	493239	100	90	1.4417	0.845138	40	39.7	515487	353	1784	1.00761	0.816389	1718
810	745508	1792	258758	486750	100	90	1.58859	0.845138	37	39.7	515487	353	1784	1.10317	0.979798	1718
811	816544	1443	364519	451940	100	90	0.857704	0.845138	40	39.7	0	353	1784	1.04364	0.769439	1718
812	936646	1253	452190	484277	100	90	0.729512	0.845138	40	39.7	0	353	1784	1.03323	0.742579	1718
813	1.0747e+006	1117	532623	541899	100	90	0.718889	0.845138	40	39.7	0	353	1784	1.03072	0.747166	1718
814	1.14791e+006	978	574165	573561	100	90	0.760139	0.845138	40	39.7	0	353	1784	1.03417	0.772384	1718
815	844557	945	275070	569487	100	90	0.854713	0.845138	40	39.7	0	353	1784	1.03706	0.802944	1718
816	950895	1705	389119	561776	100	90	1.5268	0.845138	40	39.7	0	353	1784	1.04149	0.810738	1718
817	1.02629e+006	1650	472979	553314	100	90	1.69996	0.845138	40	39.7	0	353	1784	1.04538	0.810766	1718
818	1.03126e+006	1488	504407	526848	100	90	1.85084	0.845138	40	39.7	0	353	1784	1.04849	0.805285	1718
819	984111	1226	495991	488120	100	90	1.91386	0.845138	40	39.7	0	353	1784	1.05763	0.804054	1718
820	709297	1061	241836	467461	100	90	1.99082	0.845138	40	39.7	270520	353	1784	1.06596	0.811155	1718
821	769127	959	326460	442668	100	90	2.04877	0.845138	40	39.7	270520	353	1784	1.07895	0.820928	1718
822	603338	872	184670	418668	100	90	2.11245	0.845138	40	39.7	270520	353	1784	1.09012	0.820024	1718
823	677509	812	277683	399825	100	90	2.16993	0.845138	40	39.7	270520	353	1784	1.09806	0.826309	1718
824	729746	770	340286	389460	100	90	2.23722	0.845138	40	39.7	270520	353	1784	1.10552	0.822973	1718
825	717037	701	353858	363179	100	90	2.23326	0.845138	40	39.7	270520	353	1784	1.12081	0.836582	1718
826	488701	642	151608	336904	100	90	2.24643	0.845138	40	39.7	495459	353	1784	1.11842	0.816092	1718
827	540510	590	218291	311400	100	90	2.24186	0.845138	40	39.7	495459	353	1784	1.13409	0.834225	1718
828	558206	528	256104	287261	100	90	2.26034	0.845138	40	39.7	495459	353	1784	1.14077	0.840319	1718
829	564145	488	272862	273262	100	90	2.26732	0.845138	40	39.7	495459	353	1784	1.1498	0.855895	1718
830	546282	448	269913	259934	100	90	2.29707	0.845138	40	39.7	495459	353	1784	1.14	0.84689	1718
831	482563	393	248150	234414	100	90	2.31854	0.845138	40	39.7	495459	353	1784	1.13299	0.84022	1718
832	307656	360	89552.3	218104	100	90	0.132021	0.845138	40	39.7	654935	353	1784	1.0032	0.7025	1718
833	655894	339	291216	364678	100	90	0.108867	0.845138	40	39.7	654935	353	1784	1.00306	0.705532	1718
834	860238	313	402423	457815	100	90	0.109212	0.845138	40	39.7	654935	353	1784	1.00327	0.754139	1718
835	802108	284	384986	417122	100	90	0.114335	0.845138	40	39.7	654935	353	1784	1.00411	0.824822	1718
836	846749	250	421185	425564	100	90	0.131539	0.845138	40	39.7	654935	353	1784	1.00553	0.829295	1718
837	944808	2823	474825	469983	100	90	1.17818	0.845138	40	39.7	654935	353	1784	1.00786	0.836916	1718
838	994276	2312	502018	492258	100	90	1.37238	0.845138	40	39.7	654935	353	1784	1.01132	0.83713	1718
839	1.01212e+006	1929	514522	497597	100	90	1.47229	0.845138	40	39.7	654935	353	1784	1.01569	0.828558	1718
840	752730	1687	259501	493229	100	90	1.56227	0.845138	36	39.7	654935	353	1784	1.11903	1.01445	1718
841	848888	1414	376901	471986	100	90	0.814602	0.845138	40	39.7	0	353	1784	1.04641	0.762538	1718
842	959724	1253	460680	499044	100	90	0.695394	0.845138	40	39.7	0	353	1784	1.03367	0.73805	1718
843	1.07086e+006	1058	526741	544120	100	90	0.627488	0.845138	40	39.7	0	353	1784	1.02869	0.744148	1718
844	1.12888e+006	922	560953	567923	100	90	0.674325	0.845138	40	39.7	0	353	1784	1.03111	0.772341	1718
845	1.11299e+006	875	558840	554151	100	90	0.723	0.845138	40	39.7	0	353	1784	1.03186	0.807111	1718
846	1.08952e+006	1734	553926	535598	100	90	1.37309	0.845138	40	39.7	0	353	1784	1.03469	0.804714	1718
847	794187	1594	262905	531282	100	90	1.49191	0.845138	40	39.7	0	353	1784	1.03989	0.797759	1718
848	875865	1549	363763	512102	100	90	1.6863	0.845138	40	39.7	0	353	1784	1.04471	0.794684	1718
849	946218	1339	441106	505111	100	90	1.85173	0.845138	40	39.7	0	353	1784	1.06177	0.803406	1718
850	703351	1109	239365	463986	100	90	1.93492	0.845138	40	39.7	237374	353	1784	1.0754	0.802423	1718
851	601905	998	159555	442350	100	90	2.04058	0.845138	40	39.7	237374	353	1784	1.08541	0.806818	1718
852	682863	918	262479	420384	100	90	2.08889	0.845138	40	39.7	237374	353	1784	1.09124	0.813483	1718
853	701952	790	319519	382434	100	90	2.12664	0.845138	40	39.7	237374	353	1784	1.10963	0.8318	1718
854	738257	743	361474	376783	100	90	2.14529	0.845138	40	39.7	237374	353	1784	1.13814	0.859574	1718
855	524963	661	175943	349021	100	90	2.15243	0.845138	40	39.7	237374	353	1784	1.16074	0.884244	1718
856	414430	583	99038.7	315180	100	90	2.18592	0.845138	40	39.7	260215	353	1784	1.16176	0.870438	1718
857	479191	534	175872	293809	100	90	2.19538	0.845138	40	39.7	260215	353	1784	1.16399	0.872255	1718
858	517412	485	232054	273977	100	90	2.24383	0.845138	40	39.7	260215	353	1784	1.16904	0.880899	1718
859	542138	453	258246	266280	100	90	2.26125	0.845138	40	39.7	260215	353	1784	1.2009	0.931373	1718
860	543170	427	267739	258897	100	90	2.29861	0.845138	40	39.7	260215	353	1784	1.20588	0.916449	1718
861	501715	392	258071	243644	100	90	2.31543	0.845138	40	39.7	260215	353	1784	1.21081	0.911429	1718
862	304925	344	84266.2	220659	100	90	0.131597	0.845138	40	39.7	434320	353	1784	1.00487	0.69759	1718
863	628866	317	274200	354666	100	90	0.103014	0.845138	40	39.7	434320	353	1784	1.00357	0.697517	1718
864	837243	285	390437	446805	100	90	0.100104	0.845138	40	39.7	434320	353	1784	1.00349	0.74292	1718
865	790371	260	379712	410659	100	90	0.103492	0.845138	40	39.7	434320	353	1784	1.00435	0.811452	1718
866	846721	246	422308	424413	100	90	0.125858	0.845138	40	39.7	434320	353	1784	1.00558	0.82245	1718
867	679880	2721	210165	469715	100	90	1.10951	0.845138	40	39.7	434320	353	1784	1.00812	0.826116	1718
868	776724	2560	309785	466939	100	90	1.42062	0.845138	40	39.7	434320	353	1784	1.0098	0.849238	1718
869	931262	2293	420914	510348	100	90	1.61013	0.845138	40	39.7	434320	353	1784	1.01125	0.851707	1718
870	747623	1981	237689	509934	100	90	1.70083	0.845138	37	39.7	434320	353	1784	1.0996	0.992359	1718
871	844824	1625	359522	485302	100	90	0.892637	0.845138	40	39.7	0	353	1784	1.04073	0.763907	1718
872	937822	1337	439778	498044	100	90	0.72186	0.845138	40	39.7	0	353	1784	1.03015	0.742564	1718
873	1.08127e+006	1143	526116	555154	100	90	0.65279	0.845138	40	39.7	0	353	1784	1.02547	0.739681	1718
874	1.13044e+006	963	558265	572178	100	90	0.670318	0.845138	40	39.7	0	353	1784	1.02683	0.767818	1718
875	1.11891e+006	919	559821	559091	100	90	0.7435	0.845138	40	39.7	0	353	1784	1.03002	0.790238	1718
876	1.09429e+006	1633	555124	539165	100	90	1.34014	0.845138	40	39.7	0	353	1784	1.03511	0.805415	1718
877	1.11034e+006	1585	568502	541838	100	90	1.48147	0.845138	40	39.7	0	353	1784	1.03953	0.806591	1718
878	1.09724e+006	1573	565578	531663	100	90	1.67543	0.845138	40	39.7	0	353	1784	1.04314	0.799346	1718
879	1.04813e+006	1293	543657	504472	100	90	1.79102	0.845138	40	39.7	0	353	1784	1.0542	0.795853	1718
880	707332	1095	236246	471086	100	90	1.87484	0.845138	40	39.7	305648	353	1784	1.06289	0.802817	1718
881	789537	1009	329710	459827	100	90	2.00846	0.845138	40	39.7	305648	353	1784	1.08302	0.8125	1718
882	792230	873	371049	421181	100	90	2.07854	0.845138	40	39.7	305648	353	1784	1.10266	0.825	1718
883	771673	772	383040	388633	100	90	2.15044	0.845138	40	39.7	305648	353	1784	1.12128	0.834008	1718
884	735882	695	375375	360506	100	90	2.16895	0.845138	40	39.7	305648	353	1784	1.13856	0.841317	1718
885	707338	637	365002	342336	100	90	2.21231	0.845138	40	39.7	305648	353	1784	1.15852	0.852941	1718
886	430734	556	123243	307422	100	90	2.18574	0.845138	40	39.7	553553	353	1784	1.16333	0.859023	1718
887	480610	499	185340	286102	100	90	2.18005	0.845138	40	39.7	553553	353	1784	1.17996	0.884454	1718
888	504938	456	226661	265464	100	90	2.23672	0.845138	40	39.7	553553	353	1784	1.17573	0.892523	1718
889	506451	423	243339	247304	100	90	2.26078	0.845138	40	39.7	553553	353	1784	1.16895	0.878788	1718
890	483799	384	240121	229460	100	90	2.27589	0.845138	40	39.7	553553	353	1784	1.17136	0.866295	1718
891	446243	353	231237	215006	100	90	2.31482	0.845138	40	39.7	553553	353	1784	1.18286	0.85241	1718
892	252256	294	67227	185029	100	90	0.115098	0.845138	40	39.7	712960	353	1784	1.00391	0.72904	1718
893	581478	259	256389	325090	100	90	0.0841648	0.845138	40	39.7	712960	353	1784	1.00287	0.726726	1718
894	648458	236	193253	455204	100	90	0.0844995	0.845138	40	39.7	712960	353	1784	1.00266	0.764526	1718
895	663953	221	238179	425774	100	90	0.0779629	0.845138	40	39.7	712960	353	1784	1.00238	0.809686	1718
896	761315	207	323947	437369	100	90	0.0927909	0.845138	40	39.7	712960	353	1784	1.00279	0.83489	1718
897	906035	3271	420991	485044	100	90	1.15291	0.845138	40	39.7	712960	353	1784	1.00375	0.851764	1718
898	730847	2916	215687	515160	100	90	1.4036	0.845138	40	39.7	712960	353	1784	1.00595	0.860971	1718
899	795779	2300	306800	488980	100	90	1.52623	0.845138	40	39.7	712960	353	1784	1.00803	0.859676	1718
900	711599	2150	205946	505653	100	90	1.69107	0.845138	40	39.7	712960	353	1784	1.08233	0.980841	1718
901	844960	1819	344535	500416	100	90	1.05969	0.845138	40	39.7	0	353	1784	1.04113	0.801605	1718
902	963695	1519	443132	520544	100	90	0.906005	0.845138	40	39.7	0	353	1784	1.03299	0.781484	1718
903	1.08741e+006	1269	526944	560444	100	90	0.849144	0.845138	40	39.7	0	353	1784	1.03059	0.778699	1718
904	1.17129e+006	1095	580485	590787	100	90	0.895228	0.845138	40	39.7	0	353	1784	1.03563	0.791945	1718
905	1.18818e+006	1041	596637	591546	100	90	0.976496	0.845138	40	39.7	0	353	1784	1.03947	0.816857	1718
906	1.18321e+006	1741	602016	581193	100	90	1.59299	0.845138	40	39.7	0	353	1784	1.03948	0.82013	1718
907	1.17673e+006	1630	603971	572756	100	90	1.69359	0.845138	40	39.7	0	353	1784	1.04487	0.82535	1718
908	1.11735e+006	1441	577188	540158	100	90	1.76333	0.845138	40	39.7	0	353	1784	1.05294	0.827881	1718
909	1.05413e+006	1201	547545	506588	100	90	1.86874	0.845138	40	39.7	0	353	1784	1.06626	0.827645	1718
910	702332	1025	224435	477897	100	90	1.92095	0.845138	40	39.7	322074	353	1784	1.07835	0.82983	1718
911	746719	890	307509	439209	100	90	2.01567	0.845138	40	39.7	322074	353	1784	1.09835	0.847926	1718
912	769164	791	360865	408299	100	90	2.08597	0.845138	40	39.7	322074	353	1784	1.10685	0.85528	1718
913	777892	727	386413	391479	100	90	2.14893	0.845138	40	39.7	322074	353	1784	1.13317	0.884615	1718
914	558103	656	187882	370221	100	90	2.17968	0.845138	40	39.7	322074	353	1784	1.1532	0.894904	1718
915	602619	601	256811	345808	100	90	2.21511	0.845138	40	39.7	322074	353	1784	1.16799	0.905923	1718
916	434990	529	123454	311357	100	90	2.22998	0.845138	40	39.7	513445	353	1784	1.17033	0.907445	1718
917	501593	504	195939	295969	100	90	2.27641	0.845138	40	39.7	513445	353	1784	1.16634	0.907527	1718
918	403210	465	123918	277117	100	90	2.30074	0.845138	40	39.7	513445	353	1784	1.16776	0.911905	1718
919	450143	424	183096	257111	100	90	2.26922	0.845138	40	39.7	513445	353	1784	1.19471	0.960317	1718
920	454111	378	212141	233142	100	90	2.3113	0.845138	40	39.7	513445	353	1784	1.1973	0.946903	1718
921	339131	356	111798	227333	100	90	2.29556	0.845138	40	39.7	513445	353	1784	1.22449	0.980952	1718
922	269147	301	72287	196860	100	90	0.132911	0.845138	40	39.7	603842	353	1784	1.00455	0.702501	1718
923	543251	275	233226	310025	100	90	0.10536	0.845138	40	39.7	603842	353	1784	1.0036	0.699051	1718
924	638735	258	189130	449605	100	90	0.110459	0.845138	40	39.7	603842	353	1784	1.00415	0.725618	1718
925	670432	244	240149	430282	100	90	0.106877	0.845138	40	39.7	603842	353	1784	1.00389	0.777277	1718
926	781624	238	332631	448993	100	90	0.128583	0.845138	40	39.7	603842	353	1784	1.00505	0.806379	1718
927	930826	2728	431322	499504	100	90	1.18617	0.845138	40	39.7	603842	353	1784	1.00706	0.825341	1718
928	1.02591e+006	2356	495473	530434	100	90	1.38843	0.845138	40	39.7	603842	353	1784	1.0089	0.827849	1718
929	1.05253e+006	1953	521766	530768	100	90	1.48148	0.845138	40	39.7	603842	353	1784	1.01108	0.823452	1718
930	770586	1740	261236	509351	100	90	1.51555	0.845138	37	39.7	603842	353	1784	1.12117	1.03842	1718
