ID	Species	MaxAge	AllocSeed	LMR	m0	MaxMass	mSeed	Dist	pEstab	Gmax	SLA	palat	memo	RAR	growth	mThres	clonal	propSex	meanSpacerLength	sdSpacerlength	Resshare	AllocSpacer	mSpacer	sens	allocroot	allocshoot	EC50_biomass	slope_biomass	EC50_SEbiomass	slope_SEbiomass	EC50_survival	slope_survival	EC50_establishment	slope_establishment	EC50_sterility	slope_sterility	EC50_seednumber	slope_seednumber	FlowerWeek	DispWeek	GermPeriod
1	LECIcl3plb	100	0.05	0.5	1	5000	1	0.1	0.5	60	0.75	0.5	2	1	0.25	0.2	1	1	17.5	12.5	1	0.05	70	0.972397576493677	1	1	0	0	0	0	0	0	0	0	0	0	0	0	16	20	1
2	LSCAplb	100	0.05	0.75	1	5000	1	0.1	0.5	60	0.5	0.25	2	1	0.25	0.2	0	0	0	0	0	0	0	0.275368734146468	1	1	0	0	0	0	0	0	0	0	0	0	0	0	16	20	1
3	LSCIplb	100	0.05	0.75	1	5000	1	0.1	0.5	60	0.75	0.5	2	1	0.25	0.2	0	0	0	0	0	0	0	0.0113808825844899	1	1	0	0	0	0	0	0	0	0	0	0	0	0	16	20	1
4	LSCIcl1plb	100	0.05	0.75	1	5000	1	0.1	0.5	60	0.75	0.5	2	1	0.25	0.2	1	1	2.5	2.5	1	0.05	70	0.109497181430925	1	1	0	0	0	0	0	0	0	0	0	0	0	0	16	20	1
5	LSCIcl2plb	100	0.05	0.75	1	5000	1	0.1	0.5	60	0.75	0.5	2	1	0.25	0.2	1	1	2.5	2.5	0	0.05	70	0.214841853245161	1	1	0	0	0	0	0	0	0	0	0	0	0	0	16	20	1
6	LSCTplb	100	0.05	0.75	1	5000	1	0.1	0.5	60	1	1	2	1	0.25	0.2	0	0	0	0	0	0	0	0.790035754733253	1	1	0	0	0	0	0	0	0	0	0	0	0	0	16	20	1
7	MECIcl3plb	100	0.05	0.5	0.3	2000	0.3	0.3	0.5	60	0.75	0.5	2	1	0.25	0.2	1	1	17.5	12.5	1	0.05	70	0.898181227268651	1	1	0	0	0	0	0	0	0	0	0	0	0	0	16	20	1
8	MECIcl4plb	100	0.05	0.5	0.3	2000	0.3	0.3	0.5	60	0.75	0.5	2	1	0.25	0.2	1	1	17.5	12.5	0	0.05	70	0.701205136836506	1	1	0	0	0	0	0	0	0	0	0	0	0	0	16	20	1
9	MECTcl3peb	100	0.05	0.5	0.3	2000	0.3	0.3	0.5	60	1	1	2	1	0.25	0.2	1	1	17.5	12.5	1	0.05	70	0.139964100497309	1	1	0	0	0	0	0	0	0	0	0	0	0	0	16	20	1
10	MEITplb	100	0.05	0.5	0.3	2000	0.3	0.3	0.5	40	1	1	4	1	0.25	0.2	0	0	0	0	0	0	0	0.143715129292104	1	1	0	0	0	0	0	0	0	0	0	0	0	0	16	20	1
11	MESTcl1plb	100	0.05	0.5	0.3	2000	0.3	0.3	0.5	20	1	1	6	1	0.25	0.2	1	1	2.5	2.5	1	0.05	70	0.0190820548450574	1	1	0	0	0	0	0	0	0	0	0	0	0	0	16	20	1
12	MRITcl3peb	100	0.05	1	0.3	2000	0.3	0.3	0.5	40	1	1	4	1	0.25	0.2	1	1	17.5	12.5	1	0.05	70	0.909045810869429	1	1	0	0	0	0	0	0	0	0	0	0	0	0	1	5	1
13	MSCAcl3plb	100	0.05	0.75	0.3	2000	0.3	0.3	0.5	60	0.5	0.25	2	1	0.25	0.2	1	1	17.5	12.5	1	0.05	70	0.18009084725054	1	1	0	0	0	0	0	0	0	0	0	0	0	0	16	20	1
14	MSCIplb	100	0.05	0.75	0.3	2000	0.3	0.3	0.5	60	0.75	0.5	2	1	0.25	0.2	0	0	0	0	0	0	0	0.0185545971617103	1	1	0	0	0	0	0	0	0	0	0	0	0	0	16	20	1
15	MSCIcl1plb	100	0.05	0.75	0.3	2000	0.3	0.3	0.5	60	0.75	0.5	2	1	0.25	0.2	1	1	2.5	2.5	1	0.05	70	0.51588593935594	1	1	0	0	0	0	0	0	0	0	0	0	0	0	16	20	1
16	MSCIcl3plb	100	0.05	0.75	0.3	2000	0.3	0.3	0.5	60	0.75	0.5	2	1	0.25	0.2	1	1	17.5	12.5	1	0.05	70	0.152337518054992	1	1	0	0	0	0	0	0	0	0	0	0	0	0	16	20	1
17	MSCTcl1plb	100	0.05	0.75	0.3	2000	0.3	0.3	0.5	60	1	1	2	1	0.25	0.2	1	1	2.5	2.5	1	0.05	70	0.442807705549058	1	1	0	0	0	0	0	0	0	0	0	0	0	0	16	20	1
18	MSCTcl2plb	100	0.05	0.75	0.3	2000	0.3	0.3	0.5	60	1	1	2	1	0.25	0.2	1	1	2.5	2.5	0	0.05	70	0.104227251431439	1	1	0	0	0	0	0	0	0	0	0	0	0	0	16	20	1
19	MSCTcl3plb	100	0.05	0.75	0.3	2000	0.3	0.3	0.5	60	1	1	2	1	0.25	0.2	1	1	17.5	12.5	1	0.05	70	0.0306426620227285	1	1	0	0	0	0	0	0	0	0	0	0	0	0	16	20	1
20	MSIAcl1plb	100	0.05	0.75	0.3	2000	0.3	0.3	0.5	40	0.5	0.25	4	1	0.25	0.2	1	1	2.5	2.5	1	0.05	70	0.345723347447347	1	1	0	0	0	0	0	0	0	0	0	0	0	0	16	20	1
21	MSIIplb	100	0.05	0.75	0.3	2000	0.3	0.3	0.5	40	0.75	0.5	4	1	0.25	0.2	0	0	0	0	0	0	0	0.161668049520813	1	1	0	0	0	0	0	0	0	0	0	0	0	0	16	20	1
22	MSITcl1plb	100	0.05	0.75	0.3	2000	0.3	0.3	0.5	40	1	1	4	1	0.25	0.2	1	1	2.5	2.5	1	0.05	70	0.273603833978996	1	1	0	0	0	0	0	0	0	0	0	0	0	0	16	20	1
23	MSITcl3plb	100	0.05	0.75	0.3	2000	0.3	0.3	0.5	40	1	1	4	1	0.25	0.2	1	1	17.5	12.5	1	0.05	70	0.231275805854239	1	1	0	0	0	0	0	0	0	0	0	0	0	0	16	20	1
24	MSITcl4plb	100	0.05	0.75	0.3	2000	0.3	0.3	0.5	40	1	1	4	1	0.25	0.2	1	1	17.5	12.5	0	0.05	70	0.215007213759236	1	1	0	0	0	0	0	0	0	0	0	0	0	0	16	20	1
25	MSSIcl1plb	100	0.05	0.75	0.3	2000	0.3	0.3	0.5	20	0.75	0.5	6	1	0.25	0.2	1	1	2.5	2.5	1	0.05	70	0.0389599921763875	1	1	0	0	0	0	0	0	0	0	0	0	0	0	16	20	1
26	MSSTcl3plb	100	0.05	0.75	0.3	2000	0.3	0.3	0.5	20	1	1	6	1	0.25	0.2	1	1	17.5	12.5	1	0.05	70	0.935136134852655	1	1	0	0	0	0	0	0	0	0	0	0	0	0	16	20	1
27	SECTpeb	100	0.05	0.5	0.1	1000	0.1	0.6	0.5	60	1	1	2	1	0.25	0.2	0	0	0	0	0	0	0	0.509296904841904	1	1	0	0	0	0	0	0	0	0	0	0	0	0	16	20	1
28	SEIAcl4peb	100	0.05	0.5	0.1	1000	0.1	0.6	0.5	40	0.5	0.25	4	1	0.25	0.2	1	1	17.5	12.5	0	0.05	70	0.936168159299996	1	1	0	0	0	0	0	0	0	0	0	0	0	0	16	20	1
29	SEITcl3peb	100	0.05	0.5	0.1	1000	0.1	0.6	0.5	40	1	1	4	1	0.25	0.2	1	1	17.5	12.5	1	0.05	70	0.235094515199307	1	1	0	0	0	0	0	0	0	0	0	0	0	0	16	20	1
30	SEITcl4peb	100	0.05	0.5	0.1	1000	0.1	0.6	0.5	40	1	1	4	1	0.25	0.2	1	1	17.5	12.5	0	0.05	70	0.186009499477223	1	1	0	0	0	0	0	0	0	0	0	0	0	0	16	20	1
31	SRIAcl1peb	100	0.05	1	0.1	1000	0.1	0.6	0.5	40	0.5	0.25	4	1	0.25	0.2	1	1	2.5	2.5	1	0.05	70	0.0781037543783896	1	1	0	0	0	0	0	0	0	0	0	0	0	0	1	5	1
32	SRIAcl1plb	100	0.05	1	0.1	1000	0.1	0.6	0.5	40	0.5	0.25	4	1	0.25	0.2	1	1	2.5	2.5	1	0.05	70	0.716265051218215	1	1	0	0	0	0	0	0	0	0	0	0	0	0	16	20	1
33	SRIAcl2plb	100	0.05	1	0.1	1000	0.1	0.6	0.5	40	0.5	0.25	4	1	0.25	0.2	1	1	2.5	2.5	0	0.05	70	0.0330556611879729	1	1	0	0	0	0	0	0	0	0	0	0	0	0	16	20	1
34	SRIAcl4peb	100	0.05	1	0.1	1000	0.1	0.6	0.5	40	0.5	0.25	4	1	0.25	0.2	1	1	17.5	12.5	0	0.05	70	0.149893664813135	1	1	0	0	0	0	0	0	0	0	0	0	0	0	16	20	1
35	SRITcl1plb	100	0.05	1	0.1	1000	0.1	0.6	0.5	40	1	1	4	1	0.25	0.2	1	1	2.5	2.5	1	0.05	70	0.18445620482089	1	1	0	0	0	0	0	0	0	0	0	0	0	0	16	20	1
36	SSCTplb	100	0.05	0.75	0.1	1000	0.1	0.6	0.5	60	1	1	2	1	0.25	0.2	0	0	0	0	0	0	0	0.203446671715938	1	1	0	0	0	0	0	0	0	0	0	0	0	0	16	20	1
37	SSIAcl4plb	100	0.05	0.75	0.1	1000	0.1	0.6	0.5	40	0.5	0.25	4	1	0.25	0.2	1	1	17.5	12.5	0	0.05	70	0.181268456857651	1	1	0	0	0	0	0	0	0	0	0	0	0	0	16	20	1
38	SSITcl2plb	100	0.05	0.75	0.1	1000	0.1	0.6	0.5	40	1	1	4	1	0.25	0.2	1	1	2.5	2.5	0	0.05	70	0.0320818326435983	1	1	0	0	0	0	0	0	0	0	0	0	0	0	16	20	1
39	SSITcl3plb	100	0.05	0.75	0.1	1000	0.1	0.6	0.5	40	1	1	4	1	0.25	0.2	1	1	17.5	12.5	1	0.05	70	0.00194817397277802	1	1	0	0	0	0	0	0	0	0	0	0	0	0	16	20	1
40	SSITcl4plb	100	0.05	0.75	0.1	1000	0.1	0.6	0.5	40	1	1	4	1	0.25	0.2	1	1	17.5	12.5	0	0.05	70	0.0650334867532365	1	1	0	0	0	0	0	0	0	0	0	0	0	0	16	20	1
