Time	totMass	NInd	abovemass	belowmass	mean_ares	mean_bres	shannon	meanShannon	NPFT	meanNPFT	Cutted	NNonClonal	NClonal	mean_generation	mean_genet_size	NGenets
1	569.2	0	284.6	284.6	100	90	0	1.00174	52	51.5	0	424	1657	1	0.775665	1715
2	16805.6	0	8164.61	8640.94	100	90	0	1.00174	52	51.5	0	424	1657	1	0.772844	1715
3	76638.7	0	40980.2	35658.6	100	90	0	1.00174	52	51.5	0	424	1657	1	0.767994	1715
4	229558	0	122039	107519	100	90	0	1.00174	52	51.5	0	424	1657	1	0.764937	1715
5	499813	0	264587	235226	100	90	0	1.00174	52	51.5	0	424	1657	1	0.764659	1715
6	833330	755	440522	392808	100	90	2.65586	1.00174	52	51.5	0	424	1657	1.00717	0.773266	1715
7	1.12944e+006	1022	600304	529137	100	90	3.37431	1.00174	52	51.5	0	424	1657	1.01535	0.774194	1715
8	1.33788e+006	1037	716667	621214	100	90	3.43628	1.00174	52	51.5	0	424	1657	1.02556	0.783992	1715
9	1.4816e+006	968	798472	683127	100	90	3.29622	1.00174	52	51.5	0	424	1657	1.03475	0.794421	1715
10	1.57673e+006	914	854383	722345	100	90	3.16627	1.00174	52	51.5	0	424	1657	1.05391	0.815098	1715
11	1.66017e+006	891	903076	757090	100	90	3.12523	1.00174	52	51.5	0	424	1657	1.07073	0.833145	1715
12	1.6928e+006	851	922119	770677	100	90	3.08961	1.00174	52	51.5	0	424	1657	1.08161	0.847981	1715
13	1.72996e+006	825	944599	785357	100	90	3.08339	1.00174	52	51.5	0	424	1657	1.0944	0.859779	1715
14	1.76988e+006	819	967839	802036	100	90	3.15774	1.00174	52	51.5	0	424	1657	1.09436	0.858926	1715
15	1.78845e+006	810	980023	808427	100	90	3.14887	1.00174	52	51.5	0	424	1657	1.1238	0.89433	1715
16	1.83582e+006	821	993581	816024	100	90	3.19975	1.00174	52	51.5	0	424	1657	1.14872	0.920676	1715
17	1.87275e+006	809	1.00128e+006	820435	100	90	3.17827	1.00174	52	51.5	0	424	1657	1.17222	0.939314	1715
18	1.89114e+006	801	1.00841e+006	826138	100	90	3.24326	1.00174	52	51.5	0	424	1657	1.16133	0.920912	1715
19	1.91631e+006	794	1.02223e+006	835922	100	90	3.29475	1.00174	52	51.5	0	424	1657	1.16157	0.912807	1715
20	1.93183e+006	801	1.03174e+006	842755	100	90	3.3494	1.00174	52	51.5	0	424	1657	1.16273	0.914246	1715
21	1.88895e+006	809	1.0404e+006	848543	100	90	3.40007	1.00174	52	51.5	0	424	1657	1.17662	0.918881	1715
22	1.8785e+006	801	1.03629e+006	842208	100	90	1.58492	1.00174	52	51.5	0	424	1657	1.0641	0.772747	1715
23	1.89137e+006	794	1.04142e+006	849955	100	90	1.56331	1.00174	52	51.5	0	424	1657	1.06553	0.771991	1715
24	1.91017e+006	784	1.05041e+006	859754	100	90	1.5401	1.00174	52	51.5	0	424	1657	1.06602	0.776204	1715
25	1.90101e+006	769	1.04576e+006	855248	100	90	1.62291	1.00174	52	51.5	0	424	1657	1.08118	0.804184	1715
26	1.91058e+006	757	1.05114e+006	859441	100	90	1.73322	1.00174	52	51.5	0	424	1657	1.10016	0.837259	1715
27	1.93506e+006	1200	1.06484e+006	870217	100	90	2.70272	1.00174	52	51.5	0	424	1657	1.11729	0.861782	1715
28	1.96179e+006	1143	1.07914e+006	882650	100	90	2.84827	1.00174	52	51.5	0	424	1657	1.13182	0.879852	1715
29	1.97741e+006	1094	1.08777e+006	889639	100	90	2.91063	1.00174	52	51.5	0	424	1657	1.15326	0.909543	1715
30	1.45361e+006	1060	551669	901942	100	90	2.36634	1.00174	52	51.5	0	424	1657	1.50458	1.49578	1715
31	1.45159e+006	951	611481	837803	100	90	1.30646	1.00174	52	51.5	0	424	1657	1.15738	0.904444	1715
32	1.47562e+006	833	681847	790457	100	90	1.02381	1.00174	52	51.5	0	424	1657	1.09579	0.804922	1715
33	1.44306e+006	726	697283	742401	100	90	0.831702	1.00174	52	51.5	0	424	1657	1.07219	0.771236	1715
34	1.43708e+006	641	715733	718148	100	90	0.922852	1.00174	52	51.5	0	424	1657	1.08417	0.773081	1715
35	1.37092e+006	710	696083	671805	100	90	1.15988	1.00174	52	51.5	0	424	1657	1.0881	0.798713	1715
36	1.30931e+006	738	680503	628805	100	90	1.38247	1.00174	52	51.5	0	424	1657	1.09493	0.824832	1715
37	1.20064e+006	834	632238	568403	100	90	1.83566	1.00174	52	51.5	0	424	1657	1.10341	0.817847	1715
38	1.15985e+006	947	616347	543504	100	90	2.4915	1.00174	52	51.5	0	424	1657	1.11844	0.831591	1715
39	1.09314e+006	758	584215	508922	100	90	2.52366	1.00174	52	51.5	0	424	1657	1.14537	0.849493	1715
40	1.02448e+006	620	551778	472697	100	90	2.61846	1.00174	52	51.5	0	424	1657	1.16382	0.85968	1715
41	981568	524	530490	451078	100	90	2.74579	1.00174	52	51.5	0	424	1657	1.19062	0.912206	1715
42	930318	453	504525	425793	100	90	2.76058	1.00174	52	51.5	0	424	1657	1.20833	0.920398	1715
43	877724	394	478634	399090	100	90	2.75735	1.00174	52	51.5	0	424	1657	1.2521	0.962536	1715
44	599413	354	226240	373173	100	90	2.79847	1.00174	52	51.5	0	424	1657	1.29064	0.990228	1715
45	611098	310	269968	341130	100	90	2.83645	1.00174	52	51.5	0	424	1657	1.33631	1.02642	1715
46	643097	289	310005	323065	100	90	2.86322	1.00174	52	51.5	0	424	1657	1.37209	1.02429	1715
47	627269	253	313330	296480	100	90	2.86594	1.00174	52	51.5	0	424	1657	1.39526	1.01402	1715
48	601596	226	310586	273261	100	90	3.03025	1.00174	52	51.5	0	424	1657	1.38605	0.984293	1715
49	581491	207	304244	259273	100	90	3.05057	1.00174	52	51.5	0	424	1657	1.41799	0.977011	1715
50	549953	189	289867	243618	100	90	3.0698	1.00174	52	51.5	0	424	1657	1.42262	1	1715
51	501920	174	274625	227295	100	90	3.04859	1.00174	52	51.5	0	424	1657	1.44516	1.02837	1715
52	249171	154	43428.2	205743	100	90	0.0982182	1.00174	52	51.5	237027	424	1657	1.00594	0.728917	1715
53	483888	143	183036	300852	100	90	0.0661474	1.00174	52	51.5	237027	424	1657	1.00363	0.730668	1715
54	815804	132	362302	453502	100	90	0.0667208	1.00174	52	51.5	237027	424	1657	1.00382	0.73511	1715
55	833452	112	384836	448615	100	90	0.0661907	1.00174	52	51.5	237027	424	1657	1.00432	0.766442	1715
56	822054	103	398676	423377	100	90	0.0767544	1.00174	52	51.5	237027	424	1657	1.00528	0.778623	1715
57	952341	2480	478118	474223	100	90	1.40735	1.00174	52	51.5	237027	424	1657	1.00663	0.767113	1715
58	1.03043e+006	2194	523954	506476	100	90	1.73523	1.00174	52	51.5	237027	424	1657	1.00917	0.76571	1715
59	1.07909e+006	1789	556002	523092	100	90	1.85742	1.00174	52	51.5	237027	424	1657	1.01308	0.769344	1715
60	806821	1531	284559	522261	100	90	1.95277	1.00174	52	51.5	237027	424	1657	1.14168	1.00855	1715
61	886834	1245	389381	492265	100	90	1.25463	1.00174	52	51.5	0	424	1657	1.07498	0.807584	1715
62	1.00184e+006	1056	479150	514917	100	90	1.05639	1.00174	52	51.5	0	424	1657	1.0528	0.771274	1715
63	1.06302e+006	844	531183	523433	100	90	0.938437	1.00174	52	51.5	0	424	1657	1.05077	0.755961	1715
64	1.12639e+006	684	571839	547123	100	90	0.947665	1.00174	52	51.5	0	424	1657	1.05505	0.766174	1715
65	1.18133e+006	664	606192	568431	100	90	1.0709	1.00174	52	51.5	0	424	1657	1.06141	0.77519	1715
66	1.17753e+006	1216	613885	563643	100	90	1.97548	1.00174	52	51.5	0	424	1657	1.05798	0.770115	1715
67	1.13154e+006	1180	595295	536246	100	90	2.18733	1.00174	52	51.5	0	424	1657	1.05714	0.767884	1715
68	1.11438e+006	1057	591292	523087	100	90	2.38512	1.00174	52	51.5	0	424	1657	1.06714	0.770955	1715
69	1.09657e+006	894	586364	510209	100	90	2.49022	1.00174	52	51.5	0	424	1657	1.06982	0.776498	1715
70	1.04081e+006	769	558325	482485	100	90	2.54243	1.00174	52	51.5	0	424	1657	1.07059	0.770053	1715
71	961180	659	518628	442552	100	90	2.62688	1.00174	52	51.5	0	424	1657	1.07874	0.784161	1715
72	906337	589	490985	415353	100	90	2.67617	1.00174	52	51.5	0	424	1657	1.08333	0.786087	1715
73	846366	523	459776	386590	100	90	2.73824	1.00174	52	51.5	0	424	1657	1.09627	0.816929	1715
74	762189	460	415758	346431	100	90	2.80833	1.00174	52	51.5	0	424	1657	1.10556	0.828442	1715
75	705566	414	385017	320549	100	90	2.84824	1.00174	52	51.5	0	424	1657	1.14224	0.866499	1715
76	649460	367	351277	289213	100	90	2.89855	1.00174	52	51.5	0	424	1657	1.13547	0.853521	1715
77	606421	332	325780	265837	100	90	2.8874	1.00174	52	51.5	0	424	1657	1.14722	0.865625	1715
78	591291	317	318139	258205	100	90	2.97069	1.00174	52	51.5	0	424	1657	1.14328	0.850993	1715
79	516331	279	279710	223646	100	90	3.00029	1.00174	52	51.5	0	424	1657	1.15172	0.853933	1715
80	475026	245	257924	205337	100	90	3.01989	1.00174	52	51.5	0	424	1657	1.15476	0.843478	1715
81	439457	222	245362	194095	100	90	2.93893	1.00174	52	51.5	0	424	1657	1.17904	0.854369	1715
82	222138	196	43593.7	178544	100	90	0.0929993	1.00174	52	51.5	207434	424	1657	1.00233	0.715955	1715
83	527329	178	216377	310952	100	90	0.0671939	1.00174	52	51.5	207434	424	1657	1.00183	0.710346	1715
84	806554	166	365156	441397	100	90	0.0684446	1.00174	52	51.5	207434	424	1657	1.00191	0.725289	1715
85	774766	156	365576	409190	100	90	0.0750012	1.00174	52	51.5	207434	424	1657	1.0024	0.753356	1715
86	817824	144	407039	410785	100	90	0.089072	1.00174	52	51.5	207434	424	1657	1.00335	0.762269	1715
87	964397	2980	491750	472646	100	90	1.39187	1.00174	51	51.5	207434	424	1657	1.00432	0.756663	1715
88	1.02252e+006	2553	524908	497613	100	90	1.71066	1.00174	51	51.5	207434	424	1657	1.00685	0.768011	1715
89	1.06293e+006	2066	551131	511799	100	90	1.78255	1.00174	51	51.5	207434	424	1657	1.00713	0.767422	1715
90	767962	1727	272846	495116	100	90	1.80064	1.00174	50	51.5	207434	424	1657	1.11043	0.966181	1715
