Time	totMass	NInd	abovemass	belowmass	mean_ares	mean_bres	shannon	meanShannon	NPFT	meanNPFT	Cutted	NNonClonal	NClonal	mean_generation	mean_genet_size	NGenets
1	475.6	0	237.8	237.8	100	60	0	0.697556	39	38.9	0	3	1940	1	0.862712	1788
2	8875.19	0	3471.97	5403.21	100	60	0	0.697556	39	38.9	0	3	1940	1	0.867816	1788
3	41094	0	19167	21927	100	60	0	0.697556	39	38.9	0	3	1940	1	0.877175	1788
4	122744	0	57677.5	65066.4	100	60	0	0.697556	39	38.9	0	3	1940	1	0.87513	1788
5	273027	0	127968	145059	100	60	0	0.697556	39	38.9	0	3	1940	1	0.875399	1788
6	480299	561	225355	254944	100	60	2.463	0.697556	39	38.9	0	3	1940	1.00317	0.880613	1788
7	696274	792	328933	367341	100	60	3.22181	0.697556	39	38.9	0	3	1940	1.00642	0.884485	1788
8	876019	851	419140	456878	100	60	3.39986	0.697556	39	38.9	0	3	1940	1.01844	0.901293	1788
9	999385	800	483566	515819	100	60	3.22159	0.697556	39	38.9	0	3	1940	1.03829	0.92375	1788
10	1.08736e+006	759	531802	555555	100	60	3.07326	0.697556	39	38.9	0	3	1940	1.05856	0.948617	1788
11	1.15601e+006	726	570787	585224	100	60	2.9868	0.697556	39	38.9	0	3	1940	1.06742	0.961433	1788
12	1.21171e+006	696	601837	609876	100	60	2.88461	0.697556	39	38.9	0	3	1940	1.09677	1.00576	1788
13	1.26101e+006	681	630274	630738	100	60	2.83668	0.697556	39	38.9	0	3	1940	1.12308	1.03529	1788
14	1.29354e+006	673	649366	644173	100	60	2.81737	0.697556	39	38.9	0	3	1940	1.14495	1.05856	1788
15	1.31796e+006	669	664274	653686	100	60	2.82434	0.697556	39	38.9	0	3	1940	1.17045	1.07447	1788
16	1.36331e+006	666	678629	664761	100	60	2.85104	0.697556	39	38.9	0	3	1940	1.18898	1.09553	1788
17	1.38472e+006	663	681240	665690	100	60	2.88628	0.697556	39	38.9	0	3	1940	1.20604	1.09531	1788
18	1.41124e+006	664	693119	675207	100	60	2.96947	0.697556	39	38.9	0	3	1940	1.19971	1.06951	1788
19	1.43804e+006	664	706523	687376	100	60	3.03278	0.697556	39	38.9	0	3	1940	1.19214	1.05423	1788
20	1.43398e+006	659	706004	684828	100	60	3.07613	0.697556	39	38.9	0	3	1940	1.18047	1.03415	1788
21	1.40405e+006	659	713788	690266	100	60	3.11914	0.697556	39	38.9	0	3	1940	1.18141	1.03279	1788
22	1.40255e+006	655	714206	688346	100	60	0.777678	0.697556	39	38.9	0	3	1940	1.02942	0.903863	1788
23	1.41822e+006	646	716344	701877	100	60	0.772599	0.697556	39	38.9	0	3	1940	1.03097	0.914132	1788
24	1.4303e+006	633	719373	710925	100	60	0.784888	0.697556	39	38.9	0	3	1940	1.03324	0.938436	1788
25	1.42697e+006	619	718505	708463	100	60	0.866043	0.697556	39	38.9	0	3	1940	1.03857	0.961827	1788
26	1.45724e+006	618	733146	724095	100	60	1.00167	0.697556	39	38.9	0	3	1940	1.04909	0.982092	1788
27	1.49097e+006	1490	749057	741914	100	60	2.40676	0.697556	39	38.9	0	3	1940	1.06988	1.00232	1788
28	1.50951e+006	1355	756525	752986	100	60	2.51035	0.697556	39	38.9	0	3	1940	1.08872	1.02586	1788
29	1.53084e+006	1285	766373	764465	100	60	2.59837	0.697556	39	38.9	0	3	1940	1.09766	1.03028	1788
30	1.17558e+006	1234	392418	783160	100	60	2.21189	0.697556	39	38.9	0	3	1940	1.36822	1.47119	1788
31	1.16602e+006	1037	456567	709256	100	60	1.0572	0.697556	39	38.9	0	3	1940	1.10599	1.00311	1788
32	1.12665e+006	857	474301	652041	100	60	0.836332	0.697556	39	38.9	0	3	1940	1.0715	0.965546	1788
33	1.10645e+006	739	482302	623852	100	60	0.713297	0.697556	39	38.9	0	3	1940	1.05578	0.956112	1788
34	1.09247e+006	651	487450	604751	100	60	0.79423	0.697556	39	38.9	0	3	1940	1.05945	0.958278	1788
35	1.0389e+006	697	473261	565491	100	60	1.02442	0.697556	39	38.9	0	3	1940	1.06839	0.987226	1788
36	1.0134e+006	750	470843	542557	100	60	1.35059	0.697556	39	38.9	0	3	1940	1.08225	1.02333	1788
37	947867	858	447615	500253	100	60	1.80047	0.697556	39	38.9	0	3	1940	1.08738	1.02745	1788
38	930171	1039	445481	484691	100	60	2.52974	0.697556	39	38.9	0	3	1940	1.10505	1.03484	1788
39	666630	865	209437	457192	100	60	2.57007	0.697556	39	38.9	0	3	1940	1.11715	1.03305	1788
40	568016	728	145728	422288	100	60	2.63799	0.697556	39	38.9	125959	3	1940	1.11983	1.02758	1788
41	591933	618	194361	397572	100	60	2.60734	0.697556	39	38.9	125959	3	1940	1.13398	1.04647	1788
42	617683	547	239186	378497	100	60	2.62193	0.697556	39	38.9	125959	3	1940	1.14727	1.05284	1788
43	601107	458	257625	343482	100	60	2.71179	0.697556	39	38.9	125959	3	1940	1.17509	1.05841	1788
44	607935	418	278377	329558	100	60	2.77898	0.697556	39	38.9	125959	3	1940	1.19415	1.08831	1788
45	581083	364	275888	305196	100	60	2.79594	0.697556	39	38.9	125959	3	1940	1.20885	1.11446	1788
46	559076	325	269244	280095	100	60	2.79485	0.697556	39	38.9	125959	3	1940	1.23677	1.12292	1788
47	395540	290	132867	259584	100	60	2.80174	0.697556	39	38.9	125959	3	1940	1.25	1.12639	1788
48	426373	272	170342	247345	100	60	2.76717	0.697556	39	38.9	125959	3	1940	1.26014	1.12451	1788
49	418516	241	185003	223576	100	60	2.82885	0.697556	39	38.9	125959	3	1940	1.23922	1.11404	1788
50	431561	232	201369	220744	100	60	2.86488	0.697556	39	38.9	125959	3	1940	1.2735	1.13426	1788
51	412061	218	202094	209967	100	60	2.98856	0.697556	39	38.9	125959	3	1940	1.30435	1.13776	1788
52	237317	184	47675	189642	100	60	0.129608	0.697556	39	38.9	288509	3	1940	1.00521	0.932754	1788
53	360566	166	115442	245125	100	60	0.0868931	0.697556	39	38.9	288509	3	1940	1.0031	0.928913	1788
54	570926	142	217521	353405	100	60	0.0773699	0.697556	39	38.9	288509	3	1940	1.00256	0.932825	1788
55	675466	128	268232	407234	100	60	0.0790893	0.697556	39	38.9	288509	3	1940	1.00276	0.94429	1788
56	663266	120	272190	391076	100	60	0.0922518	0.697556	39	38.9	288509	3	1940	1.00353	0.957407	1788
57	684700	2154	292913	391788	100	60	1.27133	0.697556	39	38.9	288509	3	1940	1.00487	0.963733	1788
58	755741	2148	333151	422590	100	60	1.56791	0.697556	39	38.9	288509	3	1940	1.00585	0.96732	1788
59	830075	1885	373568	456507	100	60	1.85655	0.697556	39	38.9	288509	3	1940	1.00811	0.974057	1788
60	658786	1655	195346	463441	100	60	1.97571	0.697556	39	38.9	288509	3	1940	1.11441	1.15636	1788
61	711296	1336	268704	442138	100	60	1.37655	0.697556	39	38.9	0	3	1940	1.06613	1.01868	1788
62	771145	1107	323617	446830	100	60	1.20416	0.697556	39	38.9	0	3	1940	1.04528	0.985174	1788
63	842702	962	374241	467667	100	60	1.13872	0.697556	39	38.9	0	3	1940	1.03796	0.972379	1788
64	861118	787	392700	467709	100	60	1.14504	0.697556	39	38.9	0	3	1940	1.0386	0.968726	1788
65	901249	743	418935	481679	100	60	1.26239	0.697556	39	38.9	0	3	1940	1.03604	0.964286	1788
66	907837	1194	426587	481250	100	60	2.09836	0.697556	39	38.9	0	3	1940	1.03992	0.973091	1788
67	895191	1130	425972	469219	100	60	2.21748	0.697556	39	38.9	0	3	1940	1.04384	0.979592	1788
68	894462	1076	431222	463239	100	60	2.39265	0.697556	39	38.9	0	3	1940	1.04928	0.982092	1788
69	867580	932	421980	445601	100	60	2.40582	0.697556	39	38.9	0	3	1940	1.05231	0.988082	1788
70	621882	805	201005	420877	100	60	2.45447	0.697556	39	38.9	229848	3	1940	1.0652	0.99875	1788
71	505183	699	117385	387799	100	60	2.52515	0.697556	39	38.9	229848	3	1940	1.07293	1.00865	1788
72	542406	638	178391	364015	100	60	2.58915	0.697556	39	38.9	229848	3	1940	1.07799	1.01741	1788
73	544614	547	217173	327441	100	60	2.69259	0.697556	39	38.9	229848	3	1940	1.08736	1.02762	1788
74	542883	484	238719	304164	100	60	2.73212	0.697556	39	38.9	229848	3	1940	1.11273	1.04211	1788
75	408874	441	121997	286877	100	60	2.77882	0.697556	39	38.9	229848	3	1940	1.13485	1.06089	1788
76	411470	377	147974	257006	100	60	2.78576	0.697556	39	38.9	229848	3	1940	1.13119	1.04959	1788
77	443747	354	184988	249297	100	60	2.77602	0.697556	39	38.9	229848	3	1940	1.14973	1.06765	1788
78	434677	314	194808	227897	100	60	2.75984	0.697556	39	38.9	229848	3	1940	1.16616	1.06908	1788
79	442927	300	207452	222884	100	60	2.80006	0.697556	39	38.9	229848	3	1940	1.1672	1.07042	1788
80	432494	278	208635	212176	100	60	2.84544	0.697556	39	38.9	229848	3	1940	1.15548	1.04981	1788
81	398964	256	200384	198579	100	60	2.80469	0.697556	39	38.9	229848	3	1940	1.16988	1.05042	1788
82	242620	225	65089.6	177531	100	60	0.112971	0.697556	39	38.9	367973	3	1940	1.00298	0.947825	1788
83	424888	208	153020	271869	100	60	0.0855459	0.697556	39	38.9	367973	3	1940	1.00261	0.945298	1788
84	623826	192	243790	380035	100	60	0.0833885	0.697556	39	38.9	367973	3	1940	1.00217	0.948828	1788
85	659149	173	265695	393454	100	60	0.0891239	0.697556	39	38.9	367973	3	1940	1.00275	0.955602	1788
86	616053	154	257927	358126	100	60	0.0968643	0.697556	39	38.9	367973	3	1940	1.00333	0.960572	1788
87	641177	2089	280119	361058	100	60	1.15035	0.697556	39	38.9	367973	3	1940	1.00515	0.965673	1788
88	716993	2020	319374	397619	100	60	1.40366	0.697556	39	38.9	367973	3	1940	1.00743	0.964401	1788
89	770650	1758	346480	424170	100	60	1.73058	0.697556	39	38.9	367973	3	1940	1.00952	0.96396	1788
90	605274	1583	178181	427092	100	60	1.92212	0.697556	39	38.9	367973	3	1940	1.09489	1.11926	1788
91	661854	1268	250880	410299	100	60	1.04213	0.697556	39	38.9	0	3	1940	1.04004	0.989961	1788
92	709798	1036	297720	411018	100	60	0.83847	0.697556	39	38.9	0	3	1940	1.02488	0.971915	1788
93	782903	872	345710	436119	100	60	0.737825	0.697556	39	38.9	0	3	1940	1.01732	0.964079	1788
94	869982	776	390503	478502	100	60	0.788178	0.697556	39	38.9	0	3	1940	1.01964	0.965585	1788
95	889494	701	403688	484983	100	60	0.839845	0.697556	39	38.9	0	3	1940	1.02133	0.968306	1788
96	895688	1411	413207	482481	100	60	1.65449	0.697556	39	38.9	0	3	1940	1.02262	0.968836	1788
97	873447	1357	407523	465924	100	60	1.84576	0.697556	39	38.9	0	3	1940	1.02308	0.972654	1788
98	839392	1294	395920	443471	100	60	2.11264	0.697556	39	38.9	0	3	1940	1.03001	0.978142	1788
99	838771	1087	399735	439037	100	60	2.13911	0.697556	39	38.9	0	3	1940	1.03801	0.994403	1788
100	630242	902	220577	409665	100	60	2.22448	0.697556	39	38.9	180936	3	1940	1.04634	0.997753	1788
101	519826	798	127349	392477	100	60	2.30189	0.697556	39	38.9	180936	3	1940	1.05062	0.998731	1788
102	551951	704	187114	364837	100	60	2.34696	0.697556	39	38.9	180936	3	1940	1.06029	1.00288	1788
103	457214	633	115970	341245	100	60	2.43683	0.697556	39	38.9	180936	3	1940	1.06535	1.00321	1788
104	493992	582	171925	322067	100	60	2.50646	0.697556	39	38.9	180936	3	1940	1.07779	1.00874	1788
105	382794	494	100214	282580	100	60	2.61764	0.697556	39	38.9	180936	3	1940	1.09515	1.02088	1788
106	408519	443	143123	258793	100	60	2.66637	0.697556	39	38.9	180936	3	1940	1.10581	1.0303	1788
107	406312	375	169970	228134	100	60	2.7386	0.697556	39	38.9	180936	3	1940	1.10997	1.03056	1788
108	395427	323	177283	206941	100	60	2.70743	0.697556	39	38.9	180936	3	1940	1.12722	1.0418	1788
109	296049	295	96141.8	197794	100	60	2.72223	0.697556	39	38.9	180936	3	1940	1.12459	1.06071	1788
110	300627	268	118675	180249	100	60	2.7295	0.697556	39	38.9	180936	3	1940	1.14338	1.06299	1788
111	291899	230	131829	160069	100	60	2.69344	0.697556	39	38.9	180936	3	1940	1.14468	1.08295	1788
112	215304	213	61437.9	153866	100	60	0.185194	0.697556	39	38.9	268822	3	1940	1.00496	1.00121	1788
113	293760	175	109689	184071	100	60	0.119144	0.697556	39	38.9	268822	3	1940	1.00341	1.00029	1788
114	493194	161	209617	283577	100	60	0.109936	0.697556	39	38.9	268822	3	1940	1.00318	1.00039	1788
115	649497	134	277609	371888	100	60	0.103174	0.697556	39	38.9	268822	3	1940	1.00345	1.00069	1788
116	711505	121	305897	405608	100	60	0.111509	0.697556	39	38.9	268822	3	1940	1.00435	1.00258	1788
117	715273	2204	314572	400701	100	60	1.16448	0.697556	39	38.9	268822	3	1940	1.00512	1.00445	1788
118	734512	1966	332219	402292	100	60	1.23613	0.697556	39	38.9	268822	3	1940	1.00412	1.00448	1788
119	779449	1698	361318	418131	100	60	1.3923	0.697556	39	38.9	268822	3	1940	1.00611	1.00582	1788
120	623774	1570	193864	429911	100	60	1.39887	0.697556	35	38.9	268822	3	1940	1.13746	1.27098	1788
121	678340	1300	270588	405180	100	60	1.27935	0.697556	39	38.9	0	3	1940	1.10957	1.14029	1788
122	537607	1075	150793	385467	100	60	1.21296	0.697556	39	38.9	0	3	1940	1.07161	1.07394	1788
123	590872	926	217816	370399	100	60	1.09425	0.697556	39	38.9	0	3	1940	1.04574	1.03654	1788
124	661602	794	283127	375563	100	60	1.11042	0.697556	39	38.9	0	3	1940	1.04733	1.02993	1788
125	745330	768	342756	399979	100	60	1.21765	0.697556	39	38.9	0	3	1940	1.05426	1.02999	1788
126	788107	1143	375861	412247	100	60	1.81447	0.697556	39	38.9	0	3	1940	1.05953	1.03088	1788
127	804617	1159	392824	411792	100	60	1.98358	0.697556	39	38.9	0	3	1940	1.05545	1.02765	1788
128	590136	1084	192721	397415	100	60	2.04482	0.697556	39	38.9	0	3	1940	1.07058	1.03955	1788
129	619784	934	248929	370855	100	60	2.03047	0.697556	39	38.9	0	3	1940	1.06684	1.0458	1788
130	604474	841	246339	358135	100	60	2.01915	0.697556	39	38.9	57192.7	3	1940	1.0767	1.05939	1788
131	609457	740	276997	332460	100	60	2.01608	0.697556	39	38.9	57192.7	3	1940	1.08451	1.0674	1788
132	612912	676	294692	318220	100	60	2.05073	0.697556	39	38.9	57192.7	3	1940	1.10714	1.09726	1788
133	593660	617	295479	298181	100	60	2.12619	0.697556	39	38.9	57192.7	3	1940	1.13216	1.11953	1788
134	549474	534	280784	268690	100	60	2.11632	0.697556	39	38.9	57192.7	3	1940	1.17077	1.1528	1788
135	524489	489	271759	252731	100	60	2.11569	0.697556	39	38.9	57192.7	3	1940	1.18416	1.15352	1788
136	498419	444	256833	234454	100	60	2.10558	0.697556	39	38.9	57192.7	3	1940	1.2022	1.16393	1788
137	463979	399	237526	214860	100	60	2.14747	0.697556	39	38.9	57192.7	3	1940	1.20098	1.1623	1788
138	314713	360	113837	199236	100	60	2.14772	0.697556	39	38.9	57192.7	3	1940	1.21607	1.16471	1788
139	317858	320	133681	179391	100	60	2.11342	0.697556	39	38.9	57192.7	3	1940	1.22857	1.19128	1788
140	315013	296	147509	163236	100	60	2.0734	0.697556	39	38.9	57192.7	3	1940	1.22635	1.18248	1788
141	305586	278	152603	152983	100	60	2.07993	0.697556	39	38.9	57192.7	3	1940	1.2782	1.2439	1788
142	198157	238	60902.4	137254	100	60	0.0999138	0.697556	39	38.9	69110.4	3	1940	1.0047	0.995034	1788
143	378793	205	143558	235235	100	60	0.0724746	0.697556	39	38.9	69110.4	3	1940	1.00352	0.994039	1788
144	592324	174	238255	354069	100	60	0.0653061	0.697556	39	38.9	69110.4	3	1940	1.00281	0.994826	1788
145	650366	165	266561	383805	100	60	0.0719232	0.697556	39	38.9	69110.4	3	1940	1.00349	0.997431	1788
146	585114	152	248159	336954	100	60	0.0797167	0.697556	39	38.9	69110.4	3	1940	1.00396	1.00059	1788
147	603140	2422	267390	335750	100	60	0.975452	0.697556	39	38.9	69110.4	3	1940	1.005	1.00176	1788
148	707461	2274	321435	386025	100	60	1.15116	0.697556	39	38.9	69110.4	3	1940	1.0065	1.00481	1788
149	758158	1903	349580	408578	100	60	1.42491	0.697556	39	38.9	69110.4	3	1940	1.01103	1.01019	1788
150	592404	1674	182042	410362	100	60	1.57707	0.697556	36	38.9	69110.4	3	1940	1.09673	1.15685	1788
151	498090	1334	119845	377334	100	60	0.971623	0.697556	39	38.9	0	3	1940	1.04093	1.03653	1788
152	465983	1142	93924.9	371542	100	60	0.726399	0.697556	39	38.9	0	3	1940	1.02155	1.01231	1788
153	473666	997	90671.1	382709	100	60	0.636924	0.697556	39	38.9	0	3	1940	1.01511	1.00251	1788
154	587031	879	181618	403884	100	60	0.67351	0.697556	39	38.9	0	3	1940	1.01552	1.00062	1788
155	696673	791	268009	427323	100	60	0.730623	0.697556	39	38.9	0	3	1940	1.01712	1.00083	1788
156	766046	1640	325345	440701	100	60	1.36932	0.697556	39	38.9	0	3	1940	1.01977	1.00415	1788
157	766580	1614	345310	421270	100	60	1.54837	0.697556	39	38.9	0	3	1940	1.02335	1.00803	1788
158	783618	1520	368124	415494	100	60	1.68562	0.697556	39	38.9	0	3	1940	1.02577	1.0119	1788
159	787915	1268	380833	407083	100	60	1.70295	0.697556	39	38.9	0	3	1940	1.02564	1.01345	1788
160	702354	1081	313406	388947	100	60	1.76907	0.697556	39	38.9	74416.1	3	1940	1.02947	1.02041	1788
161	713718	972	338640	375077	100	60	1.83631	0.697556	39	38.9	74416.1	3	1940	1.03846	1.0299	1788
162	687167	850	337280	349887	100	60	1.89944	0.697556	39	38.9	74416.1	3	1940	1.05063	1.04492	1788
163	490093	762	161900	328194	100	60	1.9471	0.697556	39	38.9	74416.1	3	1940	1.06823	1.06085	1788
164	517125	694	209719	307406	100	60	2.00794	0.697556	39	38.9	74416.1	3	1940	1.07768	1.06706	1788
165	520294	622	240314	279980	100	60	2.01023	0.697556	39	38.9	74416.1	3	1940	1.09591	1.08157	1788
166	501667	549	241648	252552	100	60	2.05971	0.697556	39	38.9	74416.1	3	1940	1.10413	1.08178	1788
167	471910	478	232434	227776	100	60	2.06448	0.697556	39	38.9	74416.1	3	1940	1.11946	1.08742	1788
168	455315	432	228320	215243	100	60	2.0471	0.697556	39	38.9	74416.1	3	1940	1.13948	1.11374	1788
169	411103	376	209225	191053	100	60	2.04632	0.697556	39	38.9	74416.1	3	1940	1.14573	1.13187	1788
170	392017	349	200898	181140	100	60	2.06475	0.697556	39	38.9	74416.1	3	1940	1.14835	1.12836	1788
171	363080	325	191466	171614	100	60	2.03914	0.697556	39	38.9	74416.1	3	1940	1.16667	1.14887	1788
172	271800	296	111833	159967	100	60	0.103087	0.697556	39	38.9	149393	3	1940	1.00356	1.00115	1788
173	483227	262	201475	281752	100	60	0.0825761	0.697556	39	38.9	149393	3	1940	1.00318	1.00048	1788
174	497375	235	127794	369581	100	60	0.0776956	0.697556	39	38.9	149393	3	1940	1.003	1.00075	1788
175	516469	220	160070	356399	100	60	0.0754185	0.697556	39	38.9	149393	3	1940	1.00284	1.00122	1788
176	518722	195	186862	331860	100	60	0.0819261	0.697556	38	38.9	149393	3	1940	1.00335	1.00165	1788
177	600922	2617	244663	356259	100	60	0.953942	0.697556	38	38.9	149393	3	1940	1.00496	1.00318	1788
178	699468	2323	301355	398113	100	60	1.13795	0.697556	38	38.9	149393	3	1940	1.00629	1.00538	1788
179	754647	1968	336506	418141	100	60	1.32878	0.697556	38	38.9	149393	3	1940	1.00925	1.00822	1788
180	584176	1943	174207	409969	100	60	1.58608	0.697556	35	38.9	149393	3	1940	1.06891	1.12002	1788
181	615185	1485	240322	373245	100	60	0.859079	0.697556	39	38.9	0	3	1940	1.02826	1.02802	1788
182	707587	1267	306125	399150	100	60	0.705287	0.697556	39	38.9	0	3	1940	1.0179	1.01619	1788
183	799512	1105	363160	433603	100	60	0.676521	0.697556	39	38.9	0	3	1940	1.01416	1.01032	1788
184	851744	962	394405	454797	100	60	0.739085	0.697556	39	38.9	0	3	1940	1.01466	1.00802	1788
185	865645	871	407010	456389	100	60	0.812534	0.697556	39	38.9	0	3	1940	1.0177	1.00996	1788
186	835940	1537	400273	435667	100	60	1.42384	0.697556	39	38.9	0	3	1940	1.02212	1.01591	1788
187	842222	1501	408447	433775	100	60	1.55377	0.697556	39	38.9	0	3	1940	1.02388	1.01802	1788
188	826839	1410	406581	420258	100	60	1.748	0.697556	39	38.9	0	3	1940	1.02606	1.02222	1788
189	809010	1204	402794	406216	100	60	1.78619	0.697556	39	38.9	0	3	1940	1.03014	1.03107	1788
190	673718	1015	293997	379721	100	60	1.86204	0.697556	39	38.9	101045	3	1940	1.03956	1.03777	1788
191	642263	843	300614	341649	100	60	1.96887	0.697556	39	38.9	101045	3	1940	1.04608	1.04072	1788
192	657050	787	320392	336658	100	60	1.97383	0.697556	39	38.9	101045	3	1940	1.0599	1.05634	1788
193	603178	683	301076	302102	100	60	2.0415	0.697556	39	38.9	101045	3	1940	1.07663	1.07556	1788
194	569878	615	289705	280174	100	60	2.0766	0.697556	39	38.9	101045	3	1940	1.08734	1.08306	1788
195	394536	550	136798	257738	100	60	2.11247	0.697556	39	38.9	101045	3	1940	1.10135	1.08955	1788
196	416209	504	170262	239458	100	60	2.11997	0.697556	39	38.9	101045	3	1940	1.11887	1.1102	1788
197	402933	433	184523	209647	100	60	2.11656	0.697556	39	38.9	101045	3	1940	1.13647	1.12649	1788
198	397342	396	191809	194536	100	60	2.11506	0.697556	39	38.9	101045	3	1940	1.12315	1.10995	1788
199	380448	358	188913	180839	100	60	2.15682	0.697556	39	38.9	101045	3	1940	1.12849	1.11144	1788
200	239995	296	84528.2	153999	100	60	2.16288	0.697556	39	38.9	101045	3	1940	1.13311	1.11111	1788
201	246520	273	104501	142019	100	60	2.12495	0.697556	39	38.9	101045	3	1940	1.15299	1.12549	1788
202	225206	258	88991.9	136214	100	60	0.134074	0.697556	39	38.9	138945	3	1940	1.00448	1.00233	1788
203	367584	238	155127	212457	100	60	0.106253	0.697556	39	38.9	138945	3	1940	1.00362	1.00163	1788
204	589248	223	255785	333463	100	60	0.102278	0.697556	39	38.9	138945	3	1940	1.00341	1.00192	1788
205	681382	191	292249	389133	100	60	0.100061	0.697556	39	38.9	138945	3	1940	1.00338	1.00211	1788
206	645595	166	281440	364155	100	60	0.105649	0.697556	39	38.9	138945	3	1940	1.00376	1.0047	1788
207	634742	2106	286083	348659	100	60	0.837111	0.697556	39	38.9	138945	3	1940	1.00574	1.00852	1788
208	686615	1854	316918	369697	100	60	0.909859	0.697556	39	38.9	138945	3	1940	1.00675	1.0119	1788
209	721549	1611	341064	380485	100	60	1.10629	0.697556	39	38.9	138945	3	1940	1.00985	1.01374	1788
210	575103	1480	183806	391297	100	60	1.16938	0.697556	34	38.9	138945	3	1940	1.15326	1.27112	1788
211	630277	1229	258136	368578	100	60	0.867694	0.697556	39	38.9	0	3	1940	1.08003	1.09323	1788
212	668537	1029	303859	359879	100	60	0.776018	0.697556	39	38.9	0	3	1940	1.04883	1.04943	1788
213	705008	871	338512	360943	100	60	0.71911	0.697556	39	38.9	0	3	1940	1.03177	1.02683	1788
214	771199	768	378384	387435	100	60	0.736415	0.697556	39	38.9	0	3	1940	1.03102	1.02113	1788
215	821091	712	405398	411195	100	60	0.787874	0.697556	39	38.9	0	3	1940	1.0313	1.01934	1788
216	839419	1335	417676	421744	100	60	1.26982	0.697556	39	38.9	0	3	1940	1.03856	1.02266	1788
217	608553	1322	199898	408655	100	60	1.39215	0.697556	39	38.9	0	3	1940	1.04339	1.02823	1788
218	629495	1232	251659	377836	100	60	1.47222	0.697556	39	38.9	0	3	1940	1.04844	1.0363	1788
219	658069	1052	298513	359555	100	60	1.45614	0.697556	39	38.9	0	3	1940	1.05307	1.04545	1788
220	495305	894	157043	338261	100	60	1.45758	0.697556	39	38.9	1179.85	3	1940	1.0654	1.06356	1788
221	522176	786	210151	312025	100	60	1.4904	0.697556	39	38.9	1179.85	3	1940	1.0703	1.07226	1788
222	409572	689	122000	287572	100	60	1.52045	0.697556	39	38.9	1179.85	3	1940	1.09524	1.09735	1788
223	432046	611	168950	263095	100	60	1.52588	0.697556	39	38.9	1179.85	3	1940	1.11723	1.11765	1788
224	446594	538	204227	242367	100	60	1.52533	0.697556	39	38.9	1179.85	3	1940	1.14797	1.13636	1788
225	438826	478	217970	220857	100	60	1.52412	0.697556	39	38.9	1179.85	3	1940	1.18058	1.15401	1788
226	429794	430	219873	204820	100	60	1.4898	0.697556	39	38.9	1179.85	3	1940	1.21508	1.18932	1788
227	426804	401	220381	197314	100	60	1.49828	0.697556	39	38.9	1179.85	3	1940	1.25622	1.23016	1788
228	300211	370	110836	188212	100	60	1.48561	0.697556	39	38.9	1179.85	3	1940	1.26776	1.23988	1788
229	313724	344	135175	174920	100	60	1.4582	0.697556	39	38.9	1179.85	3	1940	1.26923	1.23899	1788
230	314442	314	149996	161232	100	60	1.45494	0.697556	39	38.9	1179.85	3	1940	1.27687	1.24042	1788
231	302770	290	153909	148861	100	60	1.42649	0.697556	39	38.9	1179.85	3	1940	1.32222	1.3083	1788
232	255643	265	117273	138369	100	60	0.0885653	0.697556	39	38.9	40468.5	3	1940	1.00483	1.00348	1788
233	455415	246	197578	257837	100	60	0.075195	0.697556	39	38.9	40468.5	3	1940	1.00384	1.00275	1788
234	634581	224	270838	363743	100	60	0.0734717	0.697556	39	38.9	40468.5	3	1940	1.0042	1.00371	1788
235	661866	195	284455	377411	100	60	0.0742743	0.697556	39	38.9	40468.5	3	1940	1.00469	1.00432	1788
236	436746	165	109055	327690	100	60	0.0754759	0.697556	38	38.9	40468.5	3	1940	1.00546	1.00684	1788
237	468413	2200	159022	309391	100	60	0.78026	0.697556	38	38.9	40468.5	3	1940	1.00827	1.01016	1788
238	593243	2054	238706	354537	100	60	0.981734	0.697556	38	38.9	40468.5	3	1940	1.01115	1.01331	1788
239	691001	1787	299977	391024	100	60	1.12802	0.697556	38	38.9	40468.5	3	1940	1.01464	1.0179	1788
240	565828	1711	167750	398078	100	60	1.27422	0.697556	35	38.9	40468.5	3	1940	1.10136	1.15811	1788
241	608789	1346	239024	366436	100	60	0.708361	0.697556	39	38.9	0	3	1940	1.03733	1.0384	1788
242	666880	1096	294044	368660	100	60	0.571695	0.697556	39	38.9	0	3	1940	1.02118	1.01824	1788
243	732876	908	341916	385734	100	60	0.507217	0.697556	39	38.9	0	3	1940	1.01635	1.01145	1788
244	798656	764	378925	414984	100	60	0.522662	0.697556	39	38.9	0	3	1940	1.01611	1.009	1788
245	828455	685	397203	427189	100	60	0.566081	0.697556	39	38.9	0	3	1940	1.01819	1.00891	1788
246	803231	1568	391885	411345	100	60	1.11917	0.697556	39	38.9	0	3	1940	1.02079	1.01244	1788
247	774102	1414	382214	391888	100	60	1.20987	0.697556	39	38.9	0	3	1940	1.0223	1.0176	1788
248	762361	1317	382631	379729	100	60	1.3195	0.697556	39	38.9	0	3	1940	1.02285	1.01838	1788
249	760583	1117	387116	373467	100	60	1.34871	0.697556	39	38.9	0	3	1940	1.0308	1.02891	1788
250	695698	979	334307	361391	100	60	1.39793	0.697556	39	38.9	57077	3	1940	1.04006	1.04124	1788
251	699424	882	349512	349912	100	60	1.48489	0.697556	39	38.9	57077	3	1940	1.04851	1.04686	1788
252	659973	771	338807	321167	100	60	1.53054	0.697556	39	38.9	57077	3	1940	1.06943	1.06946	1788
253	616759	671	323072	293688	100	60	1.53814	0.697556	39	38.9	57077	3	1940	1.09476	1.09639	1788
254	571823	590	303028	268795	100	60	1.55898	0.697556	39	38.9	57077	3	1940	1.12333	1.12392	1788
255	542578	535	289778	252800	100	60	1.57945	0.697556	39	38.9	57077	3	1940	1.14915	1.14532	1788
256	507612	478	268582	232581	100	60	1.57705	0.697556	39	38.9	57077	3	1940	1.18426	1.17811	1788
257	495444	454	259169	224706	100	60	1.57716	0.697556	39	38.9	57077	3	1940	1.19588	1.18451	1788
258	477618	431	249424	217183	100	60	1.59761	0.697556	39	38.9	57077	3	1940	1.20628	1.18689	1788
259	450815	401	235501	204699	100	60	1.63161	0.697556	39	38.9	57077	3	1940	1.20393	1.17647	1788
260	431016	374	225825	195362	100	60	1.60733	0.697556	39	38.9	57077	3	1940	1.2	1.16905	1788
261	390089	341	209508	180581	100	60	1.60482	0.697556	39	38.9	57077	3	1940	1.22941	1.1853	1788
262	304532	308	135279	169253	100	60	0.0924057	0.697556	39	38.9	124809	3	1940	1.00431	1.00139	1788
263	417255	285	112880	304375	100	60	0.0809834	0.697556	39	38.9	124809	3	1940	1.0038	1.00095	1788
264	569087	267	190668	378419	100	60	0.0723943	0.697556	39	38.9	124809	3	1940	1.0037	1.00109	1788
265	455768	234	92719.7	363048	100	60	0.0765093	0.697556	39	38.9	124809	3	1940	1.00418	1.00088	1788
266	441245	203	128077	313168	100	60	0.0864044	0.697556	39	38.9	124809	3	1940	1.00464	1.00104	1788
267	545103	2453	200628	344475	100	60	0.850745	0.697556	39	38.9	124809	3	1940	1.00611	1.001	1788
268	656282	2253	269145	387136	100	60	1.05908	0.697556	39	38.9	124809	3	1940	1.00809	1.002	1788
269	691284	2024	302732	388552	100	60	1.21703	0.697556	39	38.9	124809	3	1940	1.01117	1.00579	1788
270	567462	1841	169175	398287	100	60	1.36038	0.697556	36	38.9	124809	3	1940	1.06623	1.10234	1788
271	636199	1474	249656	383805	100	60	0.65275	0.697556	39	38.9	0	3	1940	1.01979	1.01705	1788
272	725600	1217	315289	406849	100	60	0.536898	0.697556	39	38.9	0	3	1940	1.01214	1.0082	1788
273	802195	1010	364932	432985	100	60	0.492889	0.697556	39	38.9	0	3	1940	1.00798	1.00274	1788
274	651577	888	193079	458149	100	60	0.528681	0.697556	39	38.9	0	3	1940	1.00905	1.00341	1788
275	554953	794	118248	436697	100	60	0.570556	0.697556	39	38.9	0	3	1940	1.01211	1.00628	1788
276	579484	1649	180541	398943	100	60	1.10135	0.697556	39	38.9	0	3	1940	1.01312	1.00623	1788
277	633903	1525	245569	388334	100	60	1.25872	0.697556	39	38.9	0	3	1940	1.01423	1.00742	1788
278	699164	1547	305731	393433	100	60	1.48323	0.697556	39	38.9	0	3	1940	1.01604	1.00714	1788
279	549498	1265	163727	385771	100	60	1.54301	0.697556	39	38.9	0	3	1940	1.02443	1.01827	1788
280	573673	1060	216325	357348	100	60	1.59617	0.697556	39	38.9	3170.84	3	1940	1.03316	1.02936	1788
281	590414	895	259134	331280	100	60	1.64203	0.697556	39	38.9	3170.84	3	1940	1.04505	1.03807	1788
282	590276	763	282384	307893	100	60	1.69719	0.697556	39	38.9	3170.84	3	1940	1.05085	1.04336	1788
283	603095	706	304762	298333	100	60	1.7174	0.697556	39	38.9	3170.84	3	1940	1.0618	1.0554	1788
284	419694	616	146285	273409	100	60	1.72364	0.697556	39	38.9	3170.84	3	1940	1.09091	1.0832	1788
285	425077	545	177749	247328	100	60	1.77899	0.697556	39	38.9	3170.84	3	1940	1.10016	1.08257	1788
286	423012	473	195883	221110	100	60	1.80873	0.697556	39	38.9	3170.84	3	1940	1.11524	1.09514	1788
287	425617	426	208032	207872	100	60	1.84096	0.697556	39	38.9	3170.84	3	1940	1.15011	1.12766	1788
288	402733	375	204417	188162	100	60	1.87104	0.697556	39	38.9	3170.84	3	1940	1.14286	1.11321	1788
289	379272	330	196678	172923	100	60	1.85003	0.697556	39	38.9	3170.84	3	1940	1.14085	1.09816	1788
290	355740	301	187382	159757	100	60	1.79747	0.697556	39	38.9	3170.84	3	1940	1.15142	1.11224	1788
291	321211	270	173957	147254	100	60	1.81356	0.697556	39	38.9	3170.84	3	1940	1.16547	1.11407	1788
292	213203	252	75626.7	137576	100	60	0.0922602	0.697556	39	38.9	13343.6	3	1940	1.00293	1.00173	1788
293	421075	233	167713	253362	100	60	0.0747998	0.697556	39	38.9	13343.6	3	1940	1.00231	1.00136	1788
294	616505	218	253929	362577	100	60	0.0737229	0.697556	39	38.9	13343.6	3	1940	1.00259	1.00162	1788
295	630717	194	264429	366287	100	60	0.0787282	0.697556	39	38.9	13343.6	3	1940	1.00301	1.00254	1788
296	433513	171	104772	328741	100	60	0.0846388	0.697556	39	38.9	13343.6	3	1940	1.00245	1.00376	1788
297	471034	2283	157374	313660	100	60	0.933898	0.697556	39	38.9	13343.6	3	1940	1.00327	1.00503	1788
298	468964	2181	107729	361235	100	60	1.17097	0.697556	39	38.9	13343.6	3	1940	1.00433	1.00599	1788
299	541323	1965	177033	364290	100	60	1.38944	0.697556	39	38.9	13343.6	3	1940	1.0054	1.00613	1788
300	436487	1820	57841.4	378646	100	60	1.60461	0.697556	37	38.9	13343.6	3	1940	1.06474	1.09768	1788
301	465776	1507	121060	344507	100	60	0.742043	0.697556	39	38.9	0	3	1940	1.01754	1.0156	1788
302	573301	1272	206979	366016	100	60	0.62328	0.697556	39	38.9	0	3	1940	1.01183	1.00878	1788
303	697358	1068	290712	406263	100	60	0.592742	0.697556	39	38.9	0	3	1940	1.00815	1.00423	1788
304	765757	866	338839	426512	100	60	0.620661	0.697556	39	38.9	0	3	1940	1.00903	1.00385	1788
305	797131	752	366273	430530	100	60	0.677944	0.697556	39	38.9	0	3	1940	1.01113	1.00629	1788
306	799982	1589	378984	420998	100	60	1.31138	0.697556	39	38.9	0	3	1940	1.01438	1.0117	1788
307	776300	1442	375773	400528	100	60	1.43385	0.697556	39	38.9	0	3	1940	1.01459	1.01238	1788
308	779713	1360	383451	396261	100	60	1.56099	0.697556	39	38.9	0	3	1940	1.01617	1.01625	1788
309	579889	1162	188145	391744	100	60	1.63726	0.697556	39	38.9	0	3	1940	1.01915	1.019	1788
310	560854	951	211561	349293	100	60	1.70184	0.697556	39	38.9	18135.7	3	1940	1.02289	1.0254	1788
311	450841	827	123284	327556	100	60	1.80515	0.697556	39	38.9	18135.7	3	1940	1.02629	1.02923	1788
312	482736	743	178776	303960	100	60	1.84313	0.697556	39	38.9	18135.7	3	1940	1.0327	1.03383	1788
313	395949	667	111027	284922	100	60	1.87027	0.697556	39	38.9	18135.7	3	1940	1.0438	1.04367	1788
314	339914	606	78084.4	261830	100	60	1.91902	0.697556	39	38.9	18135.7	3	1940	1.04067	1.03814	1788
315	342495	519	116369	226126	100	60	1.94294	0.697556	39	38.9	18135.7	3	1940	1.05085	1.04449	1788
316	346644	436	145390	194427	100	60	1.91924	0.697556	39	38.9	18135.7	3	1940	1.06846	1.06279	1788
317	346876	370	162580	174589	100	60	1.94423	0.697556	39	38.9	18135.7	3	1940	1.06618	1.05205	1788
318	257066	333	89702.2	164801	100	60	1.96514	0.697556	39	38.9	18135.7	3	1940	1.0551	1.03939	1788
319	268515	299	110725	151843	100	60	2.00019	0.697556	39	38.9	18135.7	3	1940	1.0528	1.04762	1788
320	281542	276	132310	143787	100	60	2.00526	0.697556	39	38.9	18135.7	3	1940	1.08163	1.07353	1788
321	263723	243	134817	128906	100	60	2.04602	0.697556	39	38.9	18135.7	3	1940	1.07874	1.06329	1788
322	191995	208	75051.9	116943	100	60	0.0935661	0.697556	39	38.9	77443.8	3	1940	1.00176	1.00106	1788
323	368744	192	152325	216419	100	60	0.0738006	0.697556	39	38.9	77443.8	3	1940	1.00116	1.00046	1788
324	588926	173	247954	340972	100	60	0.0701571	0.697556	39	38.9	77443.8	3	1940	1.00079	1.00038	1788
325	510870	164	127724	383146	100	60	0.0754545	0.697556	39	38.9	77443.8	3	1940	1.0011	1.00068	1788
326	478886	144	151840	327046	100	60	0.0802329	0.697556	38	38.9	77443.8	3	1940	1.0011	1.00121	1788
327	527514	2308	201404	326110	100	60	0.950772	0.697556	38	38.9	77443.8	3	1940	1.00174	1.00247	1788
328	635308	2141	268012	367296	100	60	1.15792	0.697556	36	38.9	77443.8	3	1940	1.00195	1.00276	1788
329	716990	1870	317644	399346	100	60	1.32836	0.697556	36	38.9	77443.8	3	1940	1.00298	1.00405	1788
330	591470	1732	176760	414709	100	60	1.48184	0.697556	33	38.9	77443.8	3	1940	1.10066	1.1659	1788
331	628925	1351	248481	379478	100	60	0.941025	0.697556	39	38.9	0	3	1940	1.04742	1.0502	1788
332	524450	1112	145851	378244	100	60	0.800142	0.697556	39	38.9	0	3	1940	1.02795	1.02519	1788
333	645879	1021	242586	402233	100	60	0.721147	0.697556	39	38.9	0	3	1940	1.01768	1.01144	1788
334	751258	904	322623	427426	100	60	0.76496	0.697556	39	38.9	0	3	1940	1.0171	1.00959	1788
335	798222	820	363930	433240	100	60	0.847023	0.697556	39	38.9	0	3	1940	1.02019	1.00806	1788
336	833751	1474	393185	440566	100	60	1.43756	0.697556	39	38.9	0	3	1940	1.0259	1.0126	1788
337	827353	1363	399476	427877	100	60	1.53828	0.697556	39	38.9	0	3	1940	1.0275	1.01429	1788
338	838036	1358	411946	426091	100	60	1.67217	0.697556	39	38.9	0	3	1940	1.0274	1.01334	1788
339	800974	1119	399560	401414	100	60	1.68003	0.697556	39	38.9	0	3	1940	1.02717	1.01802	1788
340	700924	992	312570	388354	100	60	1.75386	0.697556	39	38.9	93794.9	3	1940	1.03786	1.02843	1788
341	537037	893	164808	372229	100	60	1.84382	0.697556	39	38.9	93794.9	3	1940	1.03866	1.02703	1788
342	562733	803	217914	344819	100	60	1.89046	0.697556	39	38.9	93794.9	3	1940	1.04396	1.03513	1788
343	555030	686	250063	304967	100	60	1.92772	0.697556	39	38.9	93794.9	3	1940	1.05978	1.05286	1788
344	567574	634	276215	291359	100	60	1.98449	0.697556	39	38.9	93794.9	3	1940	1.06789	1.05732	1788
345	550348	571	279024	271324	100	60	1.98856	0.697556	39	38.9	93794.9	3	1940	1.0816	1.06903	1788
346	510987	500	260253	241760	100	60	1.98412	0.697556	39	38.9	93794.9	3	1940	1.10075	1.08081	1788
347	485414	448	246082	224360	100	60	2.01252	0.697556	39	38.9	93794.9	3	1940	1.10737	1.08126	1788
348	455952	400	232734	208945	100	60	2.05108	0.697556	39	38.9	93794.9	3	1940	1.09856	1.06835	1788
349	430648	369	221782	195544	100	60	2.06932	0.697556	39	38.9	93794.9	3	1940	1.10345	1.07479	1788
350	422047	355	218543	190802	100	60	2.09221	0.697556	39	38.9	93794.9	3	1940	1.10423	1.07895	1788
351	374582	319	200428	174153	100	60	2.10328	0.697556	39	38.9	93794.9	3	1940	1.10972	1.08442	1788
352	268364	288	108406	159958	100	60	0.0958463	0.697556	39	38.9	180458	3	1940	1.00172	0.995208	1788
353	502281	262	208253	294028	100	60	0.0805931	0.697556	39	38.9	180458	3	1940	1.00149	0.99465	1788
354	608180	200	250198	357982	100	60	0.0654391	0.697556	39	38.9	180458	3	1940	1.00129	0.994802	1788
355	572696	169	241966	330730	100	60	0.067319	0.697556	39	38.9	180458	3	1940	1.00146	0.994698	1788
356	540227	142	237266	302961	100	60	0.0678692	0.697556	38	38.9	180458	3	1940	1.00176	0.995065	1788
357	459207	2509	121579	337627	100	60	1.02845	0.697556	38	38.9	180458	3	1940	1.0026	0.995749	1788
358	425710	2211	82262.7	343447	100	60	1.22555	0.697556	38	38.9	180458	3	1940	1.00343	0.995135	1788
359	485044	1943	150246	334798	100	60	1.46313	0.697556	38	38.9	180458	3	1940	1.00504	0.995639	1788
360	475779	1840	112971	362808	100	60	1.71554	0.697556	36	38.9	180458	3	1940	1.04679	1.0609	1788
361	555291	1506	195872	358276	100	60	0.676707	0.697556	39	38.9	0	3	1940	1.0119	1.00394	1788
362	666017	1249	270481	394243	100	60	0.552941	0.697556	39	38.9	0	3	1940	1.00779	1.00033	1788
363	764389	1027	332508	429859	100	60	0.511302	0.697556	39	38.9	0	3	1940	1.00551	0.997946	1788
364	834097	879	373617	458763	100	60	0.544596	0.697556	39	38.9	0	3	1940	1.00598	0.998309	1788
365	819349	773	376618	441285	100	60	0.589424	0.697556	39	38.9	0	3	1940	1.00755	1.00109	1788
366	776307	1628	366567	409739	100	60	1.26506	0.697556	39	38.9	0	3	1940	1.00984	1.0062	1788
367	780992	1483	376125	404867	100	60	1.39565	0.697556	39	38.9	0	3	1940	1.01248	1.01229	1788
368	785169	1367	383009	402161	100	60	1.62145	0.697556	39	38.9	0	3	1940	1.01442	1.01105	1788
369	786320	1179	387857	398463	100	60	1.70629	0.697556	39	38.9	0	3	1940	1.02464	1.02652	1788
370	674524	1027	292605	381919	100	60	1.78626	0.697556	39	38.9	100562	3	1940	1.03061	1.0314	1788
371	665752	882	308744	357008	100	60	1.89112	0.697556	39	38.9	100562	3	1940	1.03099	1.02281	1788
372	676285	803	327446	348838	100	60	1.91723	0.697556	39	38.9	100562	3	1940	1.04344	1.04271	1788
373	668726	734	333352	335374	100	60	1.97157	0.697556	39	38.9	100562	3	1940	1.05622	1.05495	1788
374	643577	670	326570	317007	100	60	2.05225	0.697556	39	38.9	100562	3	1940	1.06767	1.06061	1788
375	596101	593	306382	289719	100	60	2.08744	0.697556	39	38.9	100562	3	1940	1.08272	1.0789	1788
376	411441	532	144476	265016	100	60	2.07618	0.697556	39	38.9	100562	3	1940	1.10624	1.09333	1788
377	424377	484	173824	242031	100	60	2.10822	0.697556	39	38.9	100562	3	1940	1.119	1.10316	1788
378	339614	455	103858	233370	100	60	2.14961	0.697556	39	38.9	100562	3	1940	1.12025	1.10158	1788
379	282969	412	69571.3	212356	100	60	2.16075	0.697556	39	38.9	100562	3	1940	1.1432	1.12091	1788
380	291715	368	102309	188546	100	60	2.14982	0.697556	39	38.9	100562	3	1940	1.14516	1.11268	1788
381	315711	349	136446	179265	100	60	2.17249	0.697556	39	38.9	100562	3	1940	1.15743	1.1303	1788
382	262475	302	100909	161566	100	60	0.22583	0.697556	39	38.9	151392	3	1940	1.00688	1.00324	1788
383	344508	265	146213	198295	100	60	0.162095	0.697556	39	38.9	151392	3	1940	1.00512	1.00236	1788
384	524143	246	235698	288445	100	60	0.150652	0.697556	39	38.9	151392	3	1940	1.00455	1.00173	1788
385	526990	234	146733	380257	100	60	0.158083	0.697556	39	38.9	151392	3	1940	1.00518	1.00205	1788
386	603530	217	202156	401374	100	60	0.173573	0.697556	39	38.9	151392	3	1940	1.00542	1.00351	1788
387	492968	2099	107489	385479	100	60	0.957565	0.697556	39	38.9	151392	3	1940	1.00619	1.00501	1788
388	524372	1875	164525	359848	100	60	1.05291	0.697556	39	38.9	151392	3	1940	1.00763	1.0061	1788
389	625290	1733	242627	382663	100	60	1.19385	0.697556	39	38.9	151392	3	1940	1.00951	1.00873	1788
390	537781	1570	149168	388614	100	60	1.26169	0.697556	38	38.9	151392	3	1940	1.12981	1.21022	1788
391	589068	1287	225686	359340	100	60	1.0519	0.697556	39	38.9	0	3	1940	1.08368	1.0872	1788
392	634437	1063	278942	350847	100	60	0.962882	0.697556	39	38.9	0	3	1940	1.05739	1.04606	1788
393	689059	930	325295	357079	100	60	0.918598	0.697556	39	38.9	0	3	1940	1.0436	1.02727	1788
394	714078	783	349655	358521	100	60	0.928939	0.697556	39	38.9	0	3	1940	1.03983	1.01966	1788
395	752327	735	374816	372392	100	60	1.01445	0.697556	39	38.9	0	3	1940	1.03913	1.0159	1788
396	764680	1035	386040	378641	100	60	1.41731	0.697556	39	38.9	0	3	1940	1.04529	1.01986	1788
397	759058	1050	385626	373432	100	60	1.56479	0.697556	39	38.9	0	3	1940	1.04605	1.02481	1788
398	547773	1031	185681	362091	100	60	1.71381	0.697556	39	38.9	0	3	1940	1.05677	1.03656	1788
399	463145	899	117498	345648	100	60	1.68312	0.697556	39	38.9	0	3	1940	1.06726	1.04853	1788
400	394122	764	82912.8	311209	100	60	1.71717	0.697556	39	38.9	16.5083	3	1940	1.08559	1.06631	1788
401	428037	692	139100	288937	100	60	1.72849	0.697556	39	38.9	16.5083	3	1940	1.0936	1.0776	1788
402	473682	636	196344	277338	100	60	1.77009	0.697556	39	38.9	16.5083	3	1940	1.11429	1.08974	1788
403	492167	573	232206	259961	100	60	1.78399	0.697556	39	38.9	16.5083	3	1940	1.15032	1.12143	1788
404	478858	503	241314	237545	100	60	1.7726	0.697556	39	38.9	16.5083	3	1940	1.17383	1.15226	1788
405	456607	448	237218	219388	100	60	1.74404	0.697556	39	38.9	16.5083	3	1940	1.18162	1.15081	1788
406	335660	426	120287	214681	100	60	1.71912	0.697556	39	38.9	16.5083	3	1940	1.22936	1.20247	1788
407	357048	398	150683	202191	100	60	1.69945	0.697556	39	38.9	16.5083	3	1940	1.24324	1.21867	1788
408	373012	373	175262	192204	100	60	1.71617	0.697556	39	38.9	16.5083	3	1940	1.25683	1.22157	1788
409	378270	352	187875	183423	100	60	1.67349	0.697556	39	38.9	16.5083	3	1940	1.28824	1.25705	1788
410	360987	314	185348	169392	100	60	1.67353	0.697556	39	38.9	16.5083	3	1940	1.29966	1.26335	1788
411	347105	296	184238	162867	100	60	1.62434	0.697556	39	38.9	16.5083	3	1940	1.34944	1.33852	1788
412	244134	279	85304.7	158829	100	60	0.0875994	0.697556	39	38.9	7176.78	3	1940	1.00555	1.00042	1788
413	479740	261	188106	291633	100	60	0.075082	0.697556	39	38.9	7176.78	3	1940	1.00478	0.999625	1788
414	617944	214	248540	369404	100	60	0.0668365	0.697556	39	38.9	7176.78	3	1940	1.00461	0.999604	1788
415	604846	196	252102	352744	100	60	0.0731082	0.697556	38	38.9	7176.78	3	1940	1.00523	1.00157	1788
416	573525	191	249952	323573	100	60	0.0851828	0.697556	38	38.9	7176.78	3	1940	1.00595	1.0037	1788
417	635735	2352	288759	346976	100	60	0.918114	0.697556	38	38.9	7176.78	3	1940	1.00914	1.0078	1788
418	720473	2144	332387	388086	100	60	1.11979	0.697556	38	38.9	7176.78	3	1940	1.01138	1.01035	1788
419	740810	1817	347344	393466	100	60	1.3287	0.697556	38	38.9	7176.78	3	1940	1.01618	1.01431	1788
420	562371	1610	176607	385763	100	60	1.43091	0.697556	36	38.9	7176.78	3	1940	1.10378	1.17669	1788
421	483826	1314	119197	363904	100	60	0.686199	0.697556	39	38.9	0	3	1940	1.03159	1.02875	1788
422	578628	1140	200425	376019	100	60	0.518796	0.697556	39	38.9	0	3	1940	1.01756	1.01045	1788
423	704102	964	289181	412121	100	60	0.4773	0.697556	39	38.9	0	3	1940	1.01261	1.00344	1788
424	775743	791	339083	433607	100	60	0.49228	0.697556	39	38.9	0	3	1940	1.01317	1.004	1788
425	602101	740	170589	431391	100	60	0.582914	0.697556	39	38.9	0	3	1940	1.01576	1.0059	1788
426	635613	1692	230181	405433	100	60	1.22677	0.697556	39	38.9	0	3	1940	1.01957	1.0086	1788
427	711782	1655	300684	411098	100	60	1.35405	0.697556	39	38.9	0	3	1940	1.02181	1.00794	1788
428	754816	1547	345397	409419	100	60	1.55054	0.697556	39	38.9	0	3	1940	1.02533	1.00977	1788
429	785867	1311	377350	408517	100	60	1.64644	0.697556	39	38.9	0	3	1940	1.03128	1.01845	1788
430	572090	1107	182146	389943	100	60	1.71532	0.697556	39	38.9	2921.17	3	1940	1.04425	1.03545	1788
431	600069	975	237864	362205	100	60	1.79779	0.697556	39	38.9	2921.17	3	1940	1.0478	1.03498	1788
432	613625	849	277464	336161	100	60	1.84002	0.697556	39	38.9	2921.17	3	1940	1.05633	1.04492	1788
433	624857	764	303802	321055	100	60	1.84405	0.697556	39	38.9	2921.17	3	1940	1.07233	1.06711	1788
434	608199	683	306992	301207	100	60	1.88633	0.697556	39	38.9	2921.17	3	1940	1.09147	1.08309	1788
435	564894	595	291997	272897	100	60	1.8838	0.697556	39	38.9	2921.17	3	1940	1.11304	1.1058	1788
436	542336	539	280114	254733	100	60	1.90436	0.697556	39	38.9	2921.17	3	1940	1.14405	1.13826	1788
437	525027	497	269445	242137	100	60	1.95768	0.697556	39	38.9	2921.17	3	1940	1.15254	1.14108	1788
438	515204	471	265401	236722	100	60	1.95738	0.697556	39	38.9	2921.17	3	1940	1.15226	1.13525	1788
439	485987	433	251517	222321	100	60	1.98273	0.697556	39	38.9	2921.17	3	1940	1.16393	1.15196	1788
440	440339	386	229507	200268	100	60	1.94391	0.697556	39	38.9	2921.17	3	1940	1.17647	1.15789	1788
441	398418	350	213285	185133	100	60	1.92909	0.697556	39	38.9	2921.17	3	1940	1.1976	1.18098	1788
442	310256	322	134445	175811	100	60	0.113151	0.697556	39	38.9	74815.1	3	1940	1.00399	1.00012	1788
443	497434	276	211573	285861	100	60	0.0879753	0.697556	39	38.9	74815.1	3	1940	1.00351	0.998745	1788
444	506915	249	133232	373684	100	60	0.0825937	0.697556	39	38.9	74815.1	3	1940	1.00348	1.00065	1788
445	521319	221	164967	356353	100	60	0.0766733	0.697556	39	38.9	74815.1	3	1940	1.00302	1.00111	1788
446	518526	198	188837	329689	100	60	0.0837922	0.697556	39	38.9	74815.1	3	1940	1.00334	1.00227	1788
447	446613	2390	101865	344748	100	60	0.908439	0.697556	39	38.9	74815.1	3	1940	1.00464	1.00263	1788
448	521055	2191	171058	349997	100	60	1.11831	0.697556	39	38.9	74815.1	3	1940	1.0058	1.00343	1788
449	610239	1968	238554	371685	100	60	1.33965	0.697556	39	38.9	74815.1	3	1940	1.00818	1.00638	1788
450	534858	2035	145610	389248	100	60	1.65671	0.697556	34	38.9	74815.1	3	1940	1.05805	1.09383	1788
451	588199	1584	220923	366762	100	60	0.857121	0.697556	39	38.9	0	3	1940	1.02011	1.01771	1788
452	663349	1277	281401	381173	100	60	0.68768	0.697556	39	38.9	0	3	1940	1.01123	1.00786	1788
453	762200	1070	343388	417968	100	60	0.622437	0.697556	39	38.9	0	3	1940	1.00823	1.00416	1788
454	825272	887	378446	446057	100	60	0.632525	0.697556	39	38.9	0	3	1940	1.00843	1.00423	1788
455	830852	775	387576	442685	100	60	0.685563	0.697556	39	38.9	0	3	1940	1.00981	1.00644	1788
456	784789	1539	372267	412521	100	60	1.33835	0.697556	39	38.9	0	3	1940	1.00955	1.00985	1788
457	785577	1441	379138	406438	100	60	1.45414	0.697556	39	38.9	0	3	1940	1.01176	1.01329	1788
458	799183	1415	391190	407993	100	60	1.65525	0.697556	39	38.9	0	3	1940	1.01472	1.0199	1788
459	807526	1210	400169	407357	100	60	1.73528	0.697556	39	38.9	0	3	1940	1.01562	1.01993	1788
460	677435	1009	292037	385398	100	60	1.85483	0.697556	39	38.9	104680	3	1940	1.02676	1.0339	1788
461	682726	885	315622	367104	100	60	1.95538	0.697556	39	38.9	104680	3	1940	1.03372	1.04105	1788
462	673031	785	325638	347392	100	60	2.04258	0.697556	39	38.9	104680	3	1940	1.03613	1.04129	1788
463	656250	708	327056	329194	100	60	2.11409	0.697556	39	38.9	104680	3	1940	1.04817	1.05	1788
464	601192	614	306754	294437	100	60	2.11833	0.697556	39	38.9	104680	3	1940	1.07074	1.07072	1788
465	550289	537	284177	266112	100	60	2.14858	0.697556	39	38.9	104680	3	1940	1.09046	1.09091	1788
466	522830	487	267510	245845	100	60	2.17266	0.697556	39	38.9	104680	3	1940	1.09756	1.09167	1788
467	483854	432	244506	223956	100	60	2.18612	0.697556	39	38.9	104680	3	1940	1.10874	1.10613	1788
468	452451	385	229764	207747	100	60	2.2515	0.697556	39	38.9	104680	3	1940	1.09606	1.09067	1788
469	391934	317	201055	177807	100	60	2.24019	0.697556	39	38.9	104680	3	1940	1.08383	1.07097	1788
470	263130	284	96541.5	163855	100	60	2.23889	0.697556	39	38.9	104680	3	1940	1.09	1.07273	1788
471	271733	265	116639	155094	100	60	2.25086	0.697556	39	38.9	104680	3	1940	1.13553	1.12205	1788
472	238803	254	88769	150034	100	60	0.150234	0.697556	39	38.9	154527	3	1940	1.00364	1.00163	1788
473	294366	240	75507.5	218859	100	60	0.118761	0.697556	39	38.9	154527	3	1940	1.00253	1.00054	1788
474	521300	223	190656	330645	100	60	0.106977	0.697556	39	38.9	154527	3	1940	1.0024	1.00081	1788
475	648645	190	255787	392858	100	60	0.103502	0.697556	39	38.9	154527	3	1940	1.00231	1.00066	1788
476	490210	165	116797	373413	100	60	0.111072	0.697556	39	38.9	154527	3	1940	1.00259	1.00189	1788
477	495387	2132	158490	336897	100	60	0.874466	0.697556	39	38.9	154527	3	1940	1.00309	1.0027	1788
478	587398	1987	228097	359302	100	60	0.990826	0.697556	39	38.9	154527	3	1940	1.00308	1.00226	1788
479	689424	1834	295705	393719	100	60	1.18612	0.697556	38	38.9	154527	3	1940	1.00504	1.00484	1788
480	483432	1661	80485.4	402947	100	60	1.29643	0.697556	35	38.9	154527	3	1940	1.11115	1.17551	1788
481	498362	1331	142647	353963	100	60	0.93361	0.697556	39	38.9	0	3	1940	1.05885	1.06359	1788
482	577071	1142	218936	356197	100	60	0.839113	0.697556	39	38.9	0	3	1940	1.03599	1.0314	1788
483	659303	994	287638	368326	100	60	0.824722	0.697556	39	38.9	0	3	1940	1.02605	1.01915	1788
484	553527	854	167744	385399	100	60	0.871048	0.697556	39	38.9	0	3	1940	1.02648	1.01944	1788
485	618535	739	242428	375779	100	60	0.926007	0.697556	39	38.9	0	3	1940	1.02957	1.02005	1788
486	705156	1251	312399	392756	100	60	1.42234	0.697556	39	38.9	0	3	1940	1.03457	1.02161	1788
487	743256	1278	351153	392104	100	60	1.5675	0.697556	39	38.9	0	3	1940	1.04155	1.03035	1788
488	757684	1180	372556	385128	100	60	1.59825	0.697556	39	38.9	0	3	1940	1.04238	1.02997	1788
489	746280	1014	376605	369675	100	60	1.5856	0.697556	39	38.9	0	3	1940	1.04075	1.02985	1788
490	664627	883	313216	351411	100	60	1.58212	0.697556	39	38.9	64754.4	3	1940	1.05323	1.04566	1788
491	635036	762	315880	319155	100	60	1.59207	0.697556	39	38.9	64754.4	3	1940	1.0612	1.05556	1788
492	595837	657	307390	288447	100	60	1.59556	0.697556	39	38.9	64754.4	3	1940	1.07645	1.07385	1788
493	578811	603	304936	273875	100	60	1.59594	0.697556	39	38.9	64754.4	3	1940	1.10213	1.10218	1788
494	562553	564	300078	262475	100	60	1.61686	0.697556	39	38.9	64754.4	3	1940	1.11324	1.11131	1788
495	536360	526	287612	248748	100	60	1.63669	0.697556	39	38.9	64754.4	3	1940	1.12721	1.12573	1788
496	489830	463	259861	222727	100	60	1.62635	0.697556	39	38.9	64754.4	3	1940	1.138	1.13187	1788
497	463992	422	243279	207658	100	60	1.6369	0.697556	39	38.9	64754.4	3	1940	1.15576	1.1477	1788
498	430201	385	225884	192154	100	60	1.6567	0.697556	39	38.9	64754.4	3	1940	1.15504	1.13736	1788
499	393804	339	207721	174771	100	60	1.67605	0.697556	39	38.9	64754.4	3	1940	1.12903	1.10494	1788
500	376993	317	199673	166780	100	60	1.67717	0.697556	39	38.9	64754.4	3	1940	1.13249	1.11921	1788
501	354874	303	193456	161418	100	60	1.65547	0.697556	39	38.9	64754.4	3	1940	1.15461	1.13542	1788
502	241897	291	85104.3	156793	100	60	0.0935231	0.697556	39	38.9	74027	3	1940	1.00276	0.998591	1788
503	463343	253	185070	278274	100	60	0.0734011	0.697556	39	38.9	74027	3	1940	1.00224	0.997945	1788
504	621813	216	254397	367415	100	60	0.0660283	0.697556	38	38.9	74027	3	1940	1.00227	0.998829	1788
505	596552	175	249454	347098	100	60	0.0659867	0.697556	38	38.9	74027	3	1940	1.00226	0.999752	1788
506	560335	159	244585	315750	100	60	0.0713674	0.697556	38	38.9	74027	3	1940	1.00252	1.00148	1788
507	618537	2387	281255	337283	100	60	0.880623	0.697556	38	38.9	74027	3	1940	1.00451	1.00583	1788
508	691848	2092	319781	372066	100	60	1.02704	0.697556	38	38.9	74027	3	1940	1.00617	1.00841	1788
509	766908	1895	360451	406457	100	60	1.23812	0.697556	38	38.9	74027	3	1940	1.00757	1.01092	1788
510	611090	1739	192007	419083	100	60	1.36072	0.697556	33	38.9	74027	3	1940	1.09675	1.17255	1788
511	661411	1426	266462	393912	100	60	0.71903	0.697556	39	38.9	0	3	1940	1.03081	1.03249	1788
512	713187	1148	316340	395414	100	60	0.572981	0.697556	39	38.9	0	3	1940	1.01729	1.013	1788
513	804898	1001	374882	428272	100	60	0.542673	0.697556	39	38.9	0	3	1940	1.0113	1.00417	1788
514	854103	870	404860	447528	100	60	0.578744	0.697556	39	38.9	0	3	1940	1.01188	1.00394	1788
515	877856	830	424084	452185	100	60	0.683155	0.697556	39	38.9	0	3	1940	1.01495	1.00742	1788
516	845949	1433	415863	430086	100	60	1.13392	0.697556	39	38.9	0	3	1940	1.01714	1.00785	1788
517	835134	1351	416333	418801	100	60	1.25255	0.697556	39	38.9	0	3	1940	1.02039	1.01169	1788
518	607707	1400	198858	408849	100	60	1.47	0.697556	39	38.9	0	3	1940	1.02486	1.01866	1788
519	629454	1160	252195	377259	100	60	1.47659	0.697556	39	38.9	0	3	1940	1.02686	1.02506	1788
520	618476	971	262211	356265	100	60	1.5549	0.697556	39	38.9	33818.9	3	1940	1.03129	1.03102	1788
521	650811	871	303014	347797	100	60	1.63464	0.697556	39	38.9	33818.9	3	1940	1.03879	1.03917	1788
522	653535	781	321637	331898	100	60	1.66543	0.697556	39	38.9	33818.9	3	1940	1.04595	1.04756	1788
523	615623	678	313356	302267	100	60	1.70357	0.697556	39	38.9	33818.9	3	1940	1.06561	1.06963	1788
524	612057	637	317931	294127	100	60	1.75863	0.697556	39	38.9	33818.9	3	1940	1.07776	1.08612	1788
525	546756	538	288532	258224	100	60	1.78466	0.697556	39	38.9	33818.9	3	1940	1.08194	1.08491	1788
526	534472	503	279461	245708	100	60	1.77882	0.697556	39	38.9	33818.9	3	1940	1.08484	1.08687	1788
527	498976	446	257703	225148	100	60	1.80809	0.697556	39	38.9	33818.9	3	1940	1.079	1.08182	1788
528	469535	403	242629	211569	100	60	1.84326	0.697556	39	38.9	33818.9	3	1940	1.05896	1.06076	1788
529	436037	372	227391	194421	100	60	1.84299	0.697556	39	38.9	33818.9	3	1940	1.04688	1.04972	1788
530	394760	327	206503	175427	100	60	1.84666	0.697556	39	38.9	33818.9	3	1940	1.04204	1.03438	1788
531	358062	299	194090	163972	100	60	1.83493	0.697556	39	38.9	33818.9	3	1940	1.03595	1.03082	1788
532	244152	255	104419	139733	100	60	0.0796562	0.697556	39	38.9	112827	3	1940	1.0013	0.993674	1788
533	491963	240	206768	285194	100	60	0.070095	0.697556	39	38.9	112827	3	1940	1.00132	0.994706	1788
534	628688	221	263789	364898	100	60	0.0683634	0.697556	39	38.9	112827	3	1940	1.00135	0.997016	1788
535	588118	184	251882	336236	100	60	0.0703141	0.697556	38	38.9	112827	3	1940	1.00125	0.99837	1788
536	410124	166	100795	309328	100	60	0.0755254	0.697556	37	38.9	112827	3	1940	1.00166	0.999099	1788
537	473022	2344	161083	311940	100	60	0.925387	0.697556	37	38.9	112827	3	1940	1.00217	1.00113	1788
538	595642	2204	236335	359307	100	60	1.16467	0.697556	37	38.9	112827	3	1940	1.00303	1.00249	1788
539	680537	1959	291805	388732	100	60	1.35151	0.697556	37	38.9	112827	3	1940	1.00451	1.00518	1788
540	470075	1766	76557.5	393517	100	60	1.48663	0.697556	36	38.9	112827	3	1940	1.06646	1.1118	1788
541	478435	1385	136519	340852	100	60	0.5405	0.697556	39	38.9	0	3	1940	1.01509	1.01007	1788
542	579141	1114	216249	361798	100	60	0.432482	0.697556	39	38.9	0	3	1940	1.00918	1.00293	1788
543	704570	909	295406	407411	100	60	0.395358	0.697556	39	38.9	0	3	1940	1.00737	1.00166	1788
544	782203	769	343442	437179	100	60	0.418813	0.697556	39	38.9	0	3	1940	1.00767	1.00205	1788
545	770058	685	352316	416321	100	60	0.47605	0.697556	39	38.9	0	3	1940	1.00919	1.00197	1788
546	567701	1637	164222	403479	100	60	1.12007	0.697556	39	38.9	0	3	1940	1.01318	1.00715	1788
547	618078	1529	228405	389674	100	60	1.25254	0.697556	39	38.9	0	3	1940	1.01323	1.00953	1788
548	673347	1515	287560	385787	100	60	1.53852	0.697556	39	38.9	0	3	1940	1.01275	1.00796	1788
549	708742	1243	328442	380300	100	60	1.60361	0.697556	39	38.9	0	3	1940	1.01844	1.01698	1788
550	654408	1045	290736	363672	100	60	1.66044	0.697556	39	38.9	59822.8	3	1940	1.02174	1.02216	1788
551	666827	918	317378	349450	100	60	1.72966	0.697556	39	38.9	59822.8	3	1940	1.0304	1.02957	1788
552	666863	817	331615	335248	100	60	1.77629	0.697556	39	38.9	59822.8	3	1940	1.04696	1.04803	1788
553	642473	720	328683	313790	100	60	1.76695	0.697556	39	38.9	59822.8	3	1940	1.06414	1.06685	1788
554	627315	656	326550	300765	100	60	1.81243	0.697556	39	38.9	59822.8	3	1940	1.08252	1.0841	1788
555	566093	559	298117	267976	100	60	1.87165	0.697556	39	38.9	59822.8	3	1940	1.08967	1.09173	1788
556	544145	510	283461	252067	100	60	1.91672	0.697556	39	38.9	59822.8	3	1940	1.10225	1.10297	1788
557	523910	478	270049	238499	100	60	1.9366	0.697556	39	38.9	59822.8	3	1940	1.11538	1.12179	1788
558	482267	417	249063	218777	100	60	1.97702	0.697556	39	38.9	59822.8	3	1940	1.12128	1.11881	1788
559	472732	393	245011	213562	100	60	2.00094	0.697556	39	38.9	59822.8	3	1940	1.12159	1.11873	1788
560	428937	349	223137	193222	100	60	2.00452	0.697556	39	38.9	59822.8	3	1940	1.12712	1.12575	1788
561	387158	317	208273	178884	100	60	1.99438	0.697556	39	38.9	59822.8	3	1940	1.13437	1.13	1788
562	281048	292	111170	169878	100	60	0.09635	0.697556	39	38.9	152827	3	1940	1.00266	1.00203	1788
563	501046	257	205744	295302	100	60	0.0787695	0.697556	39	38.9	152827	3	1940	1.00197	1.00141	1788
564	634687	226	262624	372063	100	60	0.0731781	0.697556	39	38.9	152827	3	1940	1.00195	1.00154	1788
565	599332	198	254876	344456	100	60	0.0768442	0.697556	38	38.9	152827	3	1940	1.0022	1.0025	1788
566	558039	161	245879	312160	100	60	0.074815	0.697556	38	38.9	152827	3	1940	1.0022	1.00361	1788
567	614945	2364	279170	335775	100	60	0.965895	0.697556	38	38.9	152827	3	1940	1.00333	1.00458	1788
568	687376	2148	316310	371065	100	60	1.14742	0.697556	38	38.9	152827	3	1940	1.0053	1.00725	1788
569	724982	1916	337483	387499	100	60	1.4104	0.697556	38	38.9	152827	3	1940	1.00746	1.0109	1788
570	568731	1677	176777	391954	100	60	1.49231	0.697556	34	38.9	152827	3	1940	1.08416	1.15398	1788
571	484865	1348	116709	367588	100	60	0.68785	0.697556	39	38.9	0	3	1940	1.02557	1.02601	1788
572	564083	1104	193630	369084	100	60	0.488174	0.697556	39	38.9	0	3	1940	1.01385	1.01137	1788
573	687834	920	280199	405860	100	60	0.438204	0.697556	39	38.9	0	3	1940	1.00915	1.00573	1788
574	769419	785	333884	433532	100	60	0.463375	0.697556	39	38.9	0	3	1940	1.00995	1.0054	1788
575	777741	681	349742	426345	100	60	0.501977	0.697556	39	38.9	0	3	1940	1.01132	1.00579	1788
576	774073	1700	360432	413641	100	60	1.18839	0.697556	39	38.9	0	3	1940	1.01247	1.00702	1788
577	780815	1640	373701	407114	100	60	1.38851	0.697556	39	38.9	0	3	1940	1.01563	1.009	1788
578	798399	1514	389747	408653	100	60	1.60229	0.697556	39	38.9	0	3	1940	1.02153	1.01863	1788
579	786487	1231	389129	397358	100	60	1.68754	0.697556	39	38.9	0	3	1940	1.02446	1.02208	1788
580	685053	1054	298845	386208	100	60	1.76544	0.697556	39	38.9	100881	3	1940	1.02875	1.02669	1788
581	680214	910	317663	362551	100	60	1.84543	0.697556	39	38.9	100881	3	1940	1.04409	1.04641	1788
582	502625	803	159820	342805	100	60	1.90078	0.697556	39	38.9	100881	3	1940	1.05085	1.05646	1788
583	414441	712	100074	314367	100	60	1.94205	0.697556	39	38.9	100881	3	1940	1.06326	1.07102	1788
584	420394	611	142937	277457	100	60	1.99628	0.697556	39	38.9	100881	3	1940	1.09053	1.0995	1788
585	448762	558	187596	261166	100	60	2.05926	0.697556	39	38.9	100881	3	1940	1.11236	1.11722	1788
586	456752	502	208741	240458	100	60	2.07744	0.697556	39	38.9	100881	3	1940	1.13729	1.1373	1788
587	448093	447	213386	222500	100	60	2.09918	0.697556	39	38.9	100881	3	1940	1.13919	1.13921	1788
588	452232	424	221669	217869	100	60	2.14041	0.697556	39	38.9	100881	3	1940	1.1352	1.13086	1788
589	434530	385	216972	205347	100	60	2.18084	0.697556	39	38.9	100881	3	1940	1.1372	1.12121	1788
590	414270	347	209413	193780	100	60	2.17094	0.697556	39	38.9	100881	3	1940	1.13864	1.12577	1788
591	396245	333	207242	189002	100	60	2.19404	0.697556	39	38.9	100881	3	1940	1.15409	1.14007	1788
592	292289	308	112529	179760	100	60	0.106466	0.697556	39	38.9	192991	3	1940	1.0027	1.00243	1788
593	500983	266	202917	298066	100	60	0.0854857	0.697556	39	38.9	192991	3	1940	1.0028	1.00246	1788
594	628116	206	255827	372289	100	60	0.069227	0.697556	39	38.9	192991	3	1940	1.00223	1.00191	1788
595	625567	198	262908	362659	100	60	0.0801889	0.697556	39	38.9	192991	3	1940	1.00246	1.00256	1788
596	582389	182	254029	328360	100	60	0.0887643	0.697556	39	38.9	192991	3	1940	1.00292	1.00448	1788
597	631307	2374	285163	346145	100	60	1.01229	0.697556	39	38.9	192991	3	1940	1.00471	1.00651	1788
598	714691	2092	327821	386870	100	60	1.15808	0.697556	39	38.9	192991	3	1940	1.00593	1.00826	1788
599	756187	1845	350738	405449	100	60	1.4438	0.697556	39	38.9	192991	3	1940	1.0087	1.01172	1788
600	592913	1634	183189	409724	100	60	1.57189	0.697556	36	38.9	192991	3	1940	1.0987	1.1752	1788
601	637507	1337	252544	383463	100	60	0.740938	0.697556	39	38.9	0	3	1940	1.02952	1.03116	1788
602	720414	1119	312602	405668	100	60	0.589753	0.697556	39	38.9	0	3	1940	1.01797	1.01734	1788
603	622892	955	181452	440779	100	60	0.536788	0.697556	39	38.9	0	3	1940	1.01332	1.01053	1788
604	714840	819	261329	452159	100	60	0.556149	0.697556	39	38.9	0	3	1940	1.01444	1.00953	1788
605	756237	748	312691	442389	100	60	0.60643	0.697556	39	38.9	0	3	1940	1.01634	1.00929	1788
606	770992	1687	343231	427761	100	60	1.27477	0.697556	39	38.9	0	3	1940	1.01845	1.01245	1788
607	801438	1594	374392	427046	100	60	1.43098	0.697556	39	38.9	0	3	1940	1.02224	1.0136	1788
608	819849	1512	393929	425920	100	60	1.64169	0.697556	39	38.9	0	3	1940	1.02557	1.01464	1788
609	599299	1243	189752	409546	100	60	1.68765	0.697556	39	38.9	0	3	1940	1.02997	1.02348	1788
610	626408	1100	234597	391811	100	60	1.76031	0.697556	39	38.9	16269.4	3	1940	1.03539	1.03199	1788
611	638207	936	275034	363173	100	60	1.85539	0.697556	39	38.9	16269.4	3	1940	1.05301	1.05054	1788
612	657632	845	307081	350551	100	60	1.88596	0.697556	39	38.9	16269.4	3	1940	1.06949	1.06905	1788
613	642784	753	314998	327786	100	60	1.94062	0.697556	39	38.9	16269.4	3	1940	1.07872	1.07497	1788
614	633784	695	319103	314681	100	60	2.00933	0.697556	39	38.9	16269.4	3	1940	1.09471	1.08772	1788
615	609116	626	311360	297756	100	60	2.03611	0.697556	39	38.9	16269.4	3	1940	1.10264	1.09076	1788
616	569220	560	289544	270818	100	60	2.04099	0.697556	39	38.9	16269.4	3	1940	1.12681	1.11091	1788
617	544934	513	274613	254517	100	60	2.0999	0.697556	39	38.9	16269.4	3	1940	1.13479	1.12323	1788
618	528386	478	267943	245377	100	60	2.10025	0.697556	39	38.9	16269.4	3	1940	1.12623	1.11304	1788
619	503461	447	255700	233446	100	60	2.13229	0.697556	39	38.9	16269.4	3	1940	1.11373	1.1007	1788
620	465167	402	236560	215809	100	60	2.12906	0.697556	39	38.9	16269.4	3	1940	1.1256	1.11024	1788
621	314006	372	110631	203374	100	60	2.15123	0.697556	39	38.9	16269.4	3	1940	1.13978	1.12607	1788
622	302581	343	109774	192807	100	60	0.108891	0.697556	39	38.9	43474.9	3	1940	1.00288	1.00099	1788
623	533997	326	210857	323140	100	60	0.10156	0.697556	39	38.9	43474.9	3	1940	1.00275	1.00101	1788
624	527249	293	129566	397683	100	60	0.0967509	0.697556	39	38.9	43474.9	3	1940	1.00264	1.00106	1788
625	531503	254	160055	371447	100	60	0.0871379	0.697556	37	38.9	43474.9	3	1940	1.00234	1.00062	1788
626	541941	231	192041	349900	100	60	0.0962466	0.697556	37	38.9	43474.9	3	1940	1.00298	1.00154	1788
627	619431	2606	248500	370930	100	60	0.978303	0.697556	37	38.9	43474.9	3	1940	1.00476	1.00362	1788
628	694711	2187	296408	398303	100	60	1.14013	0.697556	37	38.9	43474.9	3	1940	1.00627	1.00568	1788
629	733287	1851	324541	408745	100	60	1.33614	0.697556	37	38.9	43474.9	3	1940	1.00902	1.00777	1788
630	573810	1777	169540	404270	100	60	1.58865	0.697556	36	38.9	43474.9	3	1940	1.08341	1.14124	1788
631	610051	1341	235591	373368	100	60	0.750098	0.697556	39	38.9	0	3	1940	1.02916	1.02732	1788
632	689639	1113	294080	394004	100	60	0.600615	0.697556	39	38.9	0	3	1940	1.01781	1.01428	1788
633	786359	944	351158	433509	100	60	0.542937	0.697556	39	38.9	0	3	1940	1.0132	1.00841	1788
634	851191	820	386587	462968	100	60	0.581571	0.697556	39	38.9	0	3	1940	1.01462	1.00894	1788
635	859233	752	396903	460880	100	60	0.647551	0.697556	39	38.9	0	3	1940	1.0172	1.01378	1788
636	848946	1627	400053	448893	100	60	1.35153	0.697556	39	38.9	0	3	1940	1.02033	1.01487	1788
637	852464	1546	407683	444781	100	60	1.47912	0.697556	39	38.9	0	3	1940	1.02465	1.01821	1788
638	844546	1477	408882	435664	100	60	1.67628	0.697556	39	38.9	0	3	1940	1.02961	1.02806	1788
639	835615	1203	410424	425191	100	60	1.77192	0.697556	39	38.9	0	3	1940	1.03607	1.03269	1788
640	672040	992	276824	395216	100	60	1.88925	0.697556	39	38.9	131494	3	1940	1.0449	1.04065	1788
641	666326	852	296308	370017	100	60	1.97572	0.697556	39	38.9	131494	3	1940	1.05249	1.05101	1788
642	643803	738	303281	340522	100	60	2.03248	0.697556	39	38.9	131494	3	1940	1.06353	1.06019	1788
643	620362	657	303737	316625	100	60	2.08564	0.697556	39	38.9	131494	3	1940	1.07317	1.0678	1788
644	579063	566	289942	289121	100	60	2.11764	0.697556	39	38.9	131494	3	1940	1.1051	1.10072	1788
645	549511	502	280008	269503	100	60	2.15294	0.697556	39	38.9	131494	3	1940	1.10932	1.10591	1788
646	522719	456	264626	249493	100	60	2.15123	0.697556	39	38.9	131494	3	1940	1.12903	1.13318	1788
647	501170	422	252385	234454	100	60	2.1528	0.697556	39	38.9	131494	3	1940	1.12939	1.12714	1788
648	485524	395	245294	226195	100	60	2.14818	0.697556	39	38.9	131494	3	1940	1.14493	1.13123	1788
649	446145	348	226249	206705	100	60	2.17149	0.697556	39	38.9	131494	3	1940	1.14206	1.13293	1788
650	372586	285	189613	172449	100	60	2.20644	0.697556	39	38.9	131494	3	1940	1.15035	1.13383	1788
651	349210	272	182846	166363	100	60	2.23736	0.697556	39	38.9	131494	3	1940	1.15242	1.12648	1788
652	252441	257	90366.5	162075	100	60	0.0951286	0.697556	39	38.9	224396	3	1940	1.00245	1.00039	1788
653	377395	223	95070.4	282325	100	60	0.0740428	0.697556	39	38.9	224396	3	1940	1.00215	0.999904	1788
654	548358	208	177387	370971	100	60	0.0669578	0.697556	39	38.9	224396	3	1940	1.00178	0.99954	1788
655	449147	173	90399.4	358747	100	60	0.0679047	0.697556	39	38.9	224396	3	1940	1.00195	0.999782	1788
656	438864	157	124016	314848	100	60	0.0773263	0.697556	39	38.9	224396	3	1940	1.0022	1.00025	1788
657	507881	2318	184237	323645	100	60	0.961746	0.697556	39	38.9	224396	3	1940	1.00262	1	1788
658	616903	2150	250436	366468	100	60	1.23546	0.697556	38	38.9	224396	3	1940	1.00412	1.00055	1788
659	687655	2093	295545	392110	100	60	1.51466	0.697556	38	38.9	224396	3	1940	1.00496	1.00198	1788
660	557899	1875	160434	397466	100	60	1.68838	0.697556	34	38.9	224396	3	1940	1.0618	1.10043	1788
661	615836	1486	235048	379261	100	60	0.870733	0.697556	39	38.9	0	3	1940	1.02386	1.02168	1788
662	533339	1181	138652	394016	100	60	0.684255	0.697556	39	38.9	0	3	1940	1.01537	1.01111	1788
663	650704	1000	231649	417436	100	60	0.568686	0.697556	39	38.9	0	3	1940	1.01048	1.00565	1788
664	742420	812	299929	440921	100	60	0.565179	0.697556	39	38.9	0	3	1940	1.01126	1.00483	1788
665	783590	731	338554	443736	100	60	0.619224	0.697556	39	38.9	0	3	1940	1.01222	1.00629	1788
666	780825	1583	351984	428841	100	60	1.30544	0.697556	39	38.9	0	3	1940	1.0156	1.00901	1788
667	833465	1574	386720	446746	100	60	1.48352	0.697556	39	38.9	0	3	1940	1.02033	1.01573	1788
668	848288	1585	402248	446040	100	60	1.76917	0.697556	39	38.9	0	3	1940	1.02543	1.02355	1788
669	821841	1292	396152	425689	100	60	1.79365	0.697556	39	38.9	0	3	1940	1.03319	1.0312	1788
670	704301	1066	293163	411139	100	60	1.87758	0.697556	39	38.9	108929	3	1940	1.04713	1.04631	1788
671	706366	940	317965	388401	100	60	1.95129	0.697556	39	38.9	108929	3	1940	1.04692	1.0439	1788
672	685719	810	324008	361711	100	60	1.96307	0.697556	39	38.9	108929	3	1940	1.05834	1.05933	1788
673	679749	736	332333	347417	100	60	2.00491	0.697556	39	38.9	108929	3	1940	1.07497	1.07776	1788
674	662900	670	330391	332508	100	60	2.0601	0.697556	39	38.9	108929	3	1940	1.09202	1.09474	1788
675	456861	592	153924	302937	100	60	2.09144	0.697556	39	38.9	108929	3	1940	1.1039	1.10427	1788
676	471856	535	184416	280568	100	60	2.12339	0.697556	39	38.9	108929	3	1940	1.10873	1.10837	1788
677	450264	457	198392	241984	100	60	2.1687	0.697556	39	38.9	108929	3	1940	1.11647	1.11011	1788
678	454616	416	213157	229052	100	60	2.21759	0.697556	39	38.9	108929	3	1940	1.12273	1.10918	1788
679	424311	361	206495	205912	100	60	2.24916	0.697556	39	38.9	108929	3	1940	1.11467	1.10057	1788
680	405494	330	201537	193199	100	60	2.24483	0.697556	39	38.9	108929	3	1940	1.12389	1.10828	1788
681	376300	305	193783	182517	100	60	2.23167	0.697556	39	38.9	108929	3	1940	1.14658	1.12587	1788
682	273166	285	97336.4	175829	100	60	0.107225	0.697556	39	38.9	207123	3	1940	1.00312	1.00226	1788
683	477189	251	188221	288968	100	60	0.0844773	0.697556	39	38.9	207123	3	1940	1.00266	1.00198	1788
684	618408	209	251218	367190	100	60	0.0747975	0.697556	39	38.9	207123	3	1940	1.00237	1.0018	1788
685	620592	190	257792	362799	100	60	0.0809777	0.697556	39	38.9	207123	3	1940	1.00248	1.00199	1788
686	580479	171	248945	331534	100	60	0.0885293	0.697556	39	38.9	207123	3	1940	1.00312	1.00388	1788
687	621714	2323	276380	345334	100	60	1.04635	0.697556	39	38.9	207123	3	1940	1.00454	1.00629	1788
688	530270	2082	143539	386731	100	60	1.21727	0.697556	39	38.9	207123	3	1940	1.0071	1.01204	1788
689	470045	1798	92585.3	377460	100	60	1.4777	0.697556	39	38.9	207123	3	1940	1.00822	1.01277	1788
690	429868	1630	77161.9	352706	100	60	1.76522	0.697556	36	38.9	207123	3	1940	1.07274	1.11688	1788
691	509562	1373	158200	350171	100	60	0.711907	0.697556	39	38.9	0	3	1940	1.0189	1.01846	1788
692	634310	1183	242025	391059	100	60	0.605643	0.697556	39	38.9	0	3	1940	1.01305	1.0111	1788
693	750061	1009	313875	434283	100	60	0.587098	0.697556	39	38.9	0	3	1940	1.01153	1.00834	1788
694	800710	825	348902	450170	100	60	0.617589	0.697556	39	38.9	0	3	1940	1.01299	1.0081	1788
695	618072	716	173587	444140	100	60	0.667991	0.697556	39	38.9	0	3	1940	1.01601	1.00963	1788
696	667389	1642	235283	432106	100	60	1.43412	0.697556	39	38.9	0	3	1940	1.01822	1.01325	1788
697	732768	1570	301476	431292	100	60	1.55557	0.697556	39	38.9	0	3	1940	1.01825	1.01602	1788
698	782428	1487	348398	434031	100	60	1.75356	0.697556	39	38.9	0	3	1940	1.02183	1.01971	1788
699	811258	1249	377783	433474	100	60	1.78956	0.697556	39	38.9	0	3	1940	1.02774	1.02829	1788
700	702769	1049	291300	411469	100	60	1.85855	0.697556	39	38.9	99340.4	3	1940	1.03082	1.03176	1788
701	724475	932	326124	398351	100	60	1.9477	0.697556	39	38.9	99340.4	3	1940	1.04438	1.0487	1788
702	687265	782	326285	360980	100	60	2.02599	0.697556	39	38.9	99340.4	3	1940	1.05512	1.05806	1788
703	672687	700	329787	342899	100	60	2.08538	0.697556	39	38.9	99340.4	3	1940	1.07558	1.07803	1788
704	636347	625	317319	319027	100	60	2.12877	0.697556	39	38.9	99340.4	3	1940	1.10027	1.10049	1788
705	596319	560	301871	294448	100	60	2.154	0.697556	39	38.9	99340.4	3	1940	1.11717	1.11455	1788
706	559124	503	280606	269701	100	60	2.17565	0.697556	39	38.9	99340.4	3	1940	1.13383	1.12831	1788
707	542238	472	269356	257623	100	60	2.17008	0.697556	39	38.9	99340.4	3	1940	1.15292	1.14629	1788
708	510720	422	254547	241506	100	60	2.21604	0.697556	39	38.9	99340.4	3	1940	1.13544	1.12136	1788
709	497226	406	248573	234372	100	60	2.24536	0.697556	39	38.9	99340.4	3	1940	1.13221	1.11082	1788
710	453797	364	228241	213044	100	60	2.28845	0.697556	39	38.9	99340.4	3	1940	1.13661	1.10145	1788
711	312540	345	109260	203280	100	60	2.26562	0.697556	39	38.9	99340.4	3	1940	1.15072	1.1118	1788
712	285309	311	100041	185268	100	60	0.107655	0.697556	39	38.9	135549	3	1940	1.00277	0.997284	1788
713	498894	280	195112	303782	100	60	0.0925298	0.697556	39	38.9	135549	3	1940	1.00247	0.996889	1788
714	504654	252	123117	381537	100	60	0.0904616	0.697556	39	38.9	135549	3	1940	1.00293	0.998848	1788
715	505330	198	154036	351294	100	60	0.0745564	0.697556	39	38.9	135549	3	1940	1.00277	1.00042	1788
716	519986	175	185551	334436	100	60	0.0806604	0.697556	39	38.9	135549	3	1940	1.0027	1.00102	1788
717	601250	2445	241948	359302	100	60	0.983626	0.697556	37	38.9	135549	3	1940	1.00408	1.00225	1788
718	691661	2144	294080	397580	100	60	1.1437	0.697556	37	38.9	135549	3	1940	1.0048	1.00265	1788
719	727369	1840	320625	406744	100	60	1.35451	0.697556	37	38.9	135549	3	1940	1.00575	1.00326	1788
720	580701	1803	170463	410239	100	60	1.58481	0.697556	33	38.9	135549	3	1940	1.07386	1.13056	1788
721	624381	1408	239431	384348	100	60	0.854972	0.697556	39	38.9	0	3	1940	1.0286	1.02427	1788
722	720474	1207	305458	414081	100	60	0.712502	0.697556	39	38.9	0	3	1940	1.01887	1.0125	1788
723	783922	970	348915	433931	100	60	0.63269	0.697556	39	38.9	0	3	1940	1.01457	1.00617	1788
724	857133	838	389273	466869	100	60	0.666236	0.697556	39	38.9	0	3	1940	1.01467	1.0061	1788
725	867401	775	401024	465471	100	60	0.755354	0.697556	39	38.9	0	3	1940	1.01705	1.00807	1788
726	637819	1411	189437	448382	100	60	1.36332	0.697556	39	38.9	0	3	1940	1.01975	1.01267	1788
727	551838	1421	117028	434810	100	60	1.58496	0.697556	39	38.9	0	3	1940	1.02396	1.01938	1788
728	594480	1324	183970	410510	100	60	1.83207	0.697556	39	38.9	0	3	1940	1.03029	1.02292	1788
729	520931	1114	121237	399693	100	60	1.91322	0.697556	39	38.9	0	3	1940	1.04005	1.0364	1788
730	560115	984	182919	377197	100	60	2.03538	0.697556	39	38.9	8063.67	3	1940	1.04167	1.037	1788
731	599673	862	242278	357395	100	60	2.11404	0.697556	39	38.9	8063.67	3	1940	1.05365	1.05418	1788
732	618239	758	278794	339445	100	60	2.15561	0.697556	39	38.9	8063.67	3	1940	1.07309	1.07392	1788
733	620235	677	296637	323598	100	60	2.19012	0.697556	39	38.9	8063.67	3	1940	1.07624	1.07186	1788
734	606467	611	299722	306745	100	60	2.23662	0.697556	39	38.9	8063.67	3	1940	1.08272	1.07807	1788
735	558109	522	280760	277349	100	60	2.25219	0.697556	39	38.9	8063.67	3	1940	1.09804	1.0932	1788
736	510119	448	254101	246953	100	60	2.21857	0.697556	39	38.9	8063.67	3	1940	1.11959	1.11565	1788
737	487433	404	240775	230963	100	60	2.25431	0.697556	39	38.9	8063.67	3	1940	1.11241	1.10687	1788
738	448967	352	223317	210966	100	60	2.29665	0.697556	39	38.9	8063.67	3	1940	1.10354	1.09649	1788
739	425203	322	212332	199125	100	60	2.3223	0.697556	39	38.9	8063.67	3	1940	1.09394	1.09061	1788
740	398482	289	199166	186922	100	60	2.3145	0.697556	39	38.9	8063.67	3	1940	1.09396	1.0942	1788
741	367718	270	190408	177310	100	60	2.31314	0.697556	39	38.9	8063.67	3	1940	1.10469	1.09339	1788
742	257539	258	87749.8	169789	100	60	0.095817	0.697556	39	38.9	111389	3	1940	1.00221	1.00155	1788
743	476727	232	185108	291619	100	60	0.0781998	0.697556	39	38.9	111389	3	1940	1.00202	1.00154	1788
744	480439	193	118826	361614	100	60	0.0697499	0.697556	39	38.9	111389	3	1940	1.00193	1.00176	1788
745	507974	175	152524	355450	100	60	0.0649924	0.697556	39	38.9	111389	3	1940	1.00181	1.00153	1788
746	403047	150	75275.2	327772	100	60	0.0686767	0.697556	39	38.9	111389	3	1940	1.0022	1.00185	1788
747	469402	2334	140088	329314	100	60	0.91239	0.697556	39	38.9	111389	3	1940	1.00307	1.00246	1788
748	571293	2241	208712	362582	100	60	1.22231	0.697556	39	38.9	111389	3	1940	1.00337	1.00201	1788
749	653567	1958	264218	389349	100	60	1.39684	0.697556	39	38.9	111389	3	1940	1.004	1.00255	1788
750	556956	1999	151923	405033	100	60	1.74399	0.697556	37	38.9	111389	3	1940	1.05077	1.08062	1788
751	531314	1555	137987	392307	100	60	0.929328	0.697556	39	38.9	0	3	1940	1.01971	1.01876	1788
752	622040	1262	225217	395663	100	60	0.706045	0.697556	39	38.9	0	3	1940	1.01002	1.00709	1788
753	741229	1081	305904	433689	100	60	0.652652	0.697556	39	38.9	0	3	1940	1.00739	1.00344	1788
754	820284	907	356364	462502	100	60	0.677127	0.697556	39	38.9	0	3	1940	1.00719	1.00175	1788
755	846019	793	379230	465509	100	60	0.741874	0.697556	39	38.9	0	3	1940	1.00901	1.00431	1788
756	839212	1476	386466	452746	100	60	1.42188	0.697556	39	38.9	0	3	1940	1.00941	1.00524	1788
757	833089	1413	391009	442079	100	60	1.58023	0.697556	39	38.9	0	3	1940	1.01379	1.01328	1788
758	827786	1379	394850	432936	100	60	1.80105	0.697556	39	38.9	0	3	1940	1.02292	1.02762	1788
759	810910	1157	392462	418448	100	60	1.83627	0.697556	39	38.9	0	3	1940	1.02878	1.03646	1788
760	575620	969	174213	401407	100	60	1.92348	0.697556	39	38.9	13166.6	3	1940	1.03899	1.04348	1788
761	587461	825	223075	364385	100	60	1.99161	0.697556	39	38.9	13166.6	3	1940	1.04713	1.05488	1788
762	598505	718	260873	337632	100	60	2.05261	0.697556	39	38.9	13166.6	3	1940	1.07113	1.07423	1788
763	612355	654	286916	325439	100	60	2.12375	0.697556	39	38.9	13166.6	3	1940	1.0855	1.08951	1788
764	588462	589	287286	301176	100	60	2.15057	0.697556	39	38.9	13166.6	3	1940	1.099	1.10535	1788
765	566544	539	282241	284303	100	60	2.20823	0.697556	39	38.9	13166.6	3	1940	1.10891	1.10714	1788
766	531710	479	263598	259381	100	60	2.2413	0.697556	39	38.9	13166.6	3	1940	1.10899	1.12128	1788
767	509264	442	250737	243570	100	60	2.24436	0.697556	39	38.9	13166.6	3	1940	1.13333	1.1452	1788
768	483484	399	238803	230234	100	60	2.26356	0.697556	39	38.9	13166.6	3	1940	1.13835	1.14921	1788
769	464798	372	230858	219991	100	60	2.32312	0.697556	39	38.9	13166.6	3	1940	1.13102	1.13068	1788
770	436671	343	218599	205536	100	60	2.32715	0.697556	39	38.9	13166.6	3	1940	1.12684	1.13003	1788
771	417412	330	215931	201482	100	60	2.32917	0.697556	39	38.9	13166.6	3	1940	1.12654	1.13592	1788
772	302974	314	109724	193251	100	60	0.11652	0.697556	39	38.9	118003	3	1940	1.00274	1.00217	1788
773	516215	287	205652	310562	100	60	0.0957339	0.697556	39	38.9	118003	3	1940	1.00257	1.00208	1788
774	649464	254	265982	383481	100	60	0.0894318	0.697556	39	38.9	118003	3	1940	1.00247	1.00208	1788
775	622565	221	261166	361399	100	60	0.0949322	0.697556	39	38.9	118003	3	1940	1.00248	1.00236	1788
776	586478	195	254243	332235	100	60	0.101003	0.697556	39	38.9	118003	3	1940	1.0027	1.00355	1788
777	645786	2435	289780	356006	100	60	1.14053	0.697556	39	38.9	118003	3	1940	1.00468	1.00596	1788
778	747240	2209	339201	408039	100	60	1.30227	0.697556	39	38.9	118003	3	1940	1.00603	1.00839	1788
779	784538	1887	358463	426075	100	60	1.52415	0.697556	39	38.9	118003	3	1940	1.0076	1.01057	1788
780	595619	1673	179929	415690	100	60	1.66857	0.697556	36	38.9	118003	3	1940	1.08967	1.16315	1788
781	641797	1343	249116	391503	100	60	0.782937	0.697556	39	38.9	0	3	1940	1.02789	1.03001	1788
782	720132	1125	307059	411360	100	60	0.638507	0.697556	39	38.9	0	3	1940	1.01751	1.01758	1788
783	803013	946	358529	442620	100	60	0.566685	0.697556	39	38.9	0	3	1940	1.01286	1.0105	1788
784	861652	812	389930	470026	100	60	0.588777	0.697556	39	38.9	0	3	1940	1.01399	1.01052	1788
785	646177	729	185717	460199	100	60	0.639917	0.697556	39	38.9	0	3	1940	1.01614	1.01224	1788
786	675383	1585	241871	433512	100	60	1.38161	0.697556	39	38.9	0	3	1940	1.01896	1.0161	1788
787	732225	1529	301143	431082	100	60	1.574	0.697556	39	38.9	0	3	1940	1.01971	1.01433	1788
788	780349	1508	345884	434464	100	60	1.8333	0.697556	39	38.9	0	3	1940	1.02353	1.01604	1788
789	598348	1244	175498	422850	100	60	1.87078	0.697556	39	38.9	0	3	1940	1.03062	1.0276	1788
790	604281	1040	212886	391396	100	60	1.98385	0.697556	39	38.9	18087.9	3	1940	1.03694	1.037	1788
791	626440	875	261358	365082	100	60	2.03271	0.697556	39	38.9	18087.9	3	1940	1.04703	1.04983	1788
792	484708	766	140390	344318	100	60	2.05855	0.697556	39	38.9	18087.9	3	1940	1.05814	1.06217	1788
793	496142	657	185936	310206	100	60	2.14235	0.697556	39	38.9	18087.9	3	1940	1.07126	1.08025	1788
794	508758	580	223808	284951	100	60	2.19922	0.697556	39	38.9	18087.9	3	1940	1.08947	1.09233	1788
795	535932	548	254322	281610	100	60	2.29554	0.697556	39	38.9	18087.9	3	1940	1.0915	1.08688	1788
796	509122	480	245369	255069	100	60	2.33017	0.697556	39	38.9	18087.9	3	1940	1.10365	1.09402	1788
797	497918	438	241693	241624	100	60	2.34685	0.697556	39	38.9	18087.9	3	1940	1.11613	1.10824	1788
798	487738	407	239852	233275	100	60	2.36548	0.697556	39	38.9	18087.9	3	1940	1.12293	1.10687	1788
799	344135	378	118997	222096	100	60	2.37143	0.697556	39	38.9	18087.9	3	1940	1.11311	1.10221	1788
800	349804	342	143806	203296	100	60	2.35159	0.697556	39	38.9	18087.9	3	1940	1.12536	1.10606	1788
801	267603	312	80932	186671	100	60	2.36178	0.697556	39	38.9	18087.9	3	1940	1.14921	1.13087	1788
802	259434	288	85478	173956	100	60	0.180742	0.697556	39	38.9	40972.6	3	1940	1.00509	1.00364	1788
803	372601	261	146759	225842	100	60	0.139106	0.697556	39	38.9	40972.6	3	1940	1.0041	1.00226	1788
804	558320	232	239324	318996	100	60	0.127634	0.697556	39	38.9	40972.6	3	1940	1.00408	1.0018	1788
805	681915	200	293929	387987	100	60	0.12298	0.697556	39	38.9	40972.6	3	1940	1.00389	1.00213	1788
806	520168	168	136933	383235	100	60	0.126125	0.697556	39	38.9	40972.6	3	1940	1.00445	1.00322	1788
807	507366	2116	169316	338051	100	60	0.998087	0.697556	38	38.9	40972.6	3	1940	1.00488	1.00368	1788
808	612380	1961	242203	370177	100	60	1.1097	0.697556	38	38.9	40972.6	3	1940	1.00555	1.00492	1788
809	555223	1810	145529	409694	100	60	1.31082	0.697556	38	38.9	40972.6	3	1940	1.00714	1.008	1788
810	489124	1673	103649	385475	100	60	1.4434	0.697556	32	38.9	40972.6	3	1940	1.10033	1.16396	1788
811	555659	1429	187817	366544	100	60	1.07043	0.697556	39	38.9	0	3	1940	1.0513	1.05496	1788
812	491907	1202	124866	366765	100	60	0.978024	0.697556	39	38.9	0	3	1940	1.0307	1.02473	1788
813	571914	1059	207334	363209	100	60	0.914931	0.697556	39	38.9	0	3	1940	1.01853	1.00767	1788
814	674240	940	288216	384479	100	60	0.965941	0.697556	39	38.9	0	3	1940	1.01828	1.00499	1788
815	741856	833	343115	397403	100	60	1.0388	0.697556	39	38.9	0	3	1940	1.02218	1.00536	1788
816	789593	1324	381253	408340	100	60	1.56968	0.697556	39	38.9	0	3	1940	1.02429	1.00561	1788
817	803437	1303	397859	405578	100	60	1.72003	0.697556	39	38.9	0	3	1940	1.02827	1.00821	1788
818	770938	1178	391055	379883	100	60	1.80029	0.697556	39	38.9	0	3	1940	1.03464	1.01787	1788
819	739946	989	381831	358115	100	60	1.78898	0.697556	39	38.9	0	3	1940	1.04201	1.02738	1788
820	612717	852	276379	336338	100	60	1.81618	0.697556	39	38.9	105721	3	1940	1.05126	1.03286	1788
821	470587	771	148100	322487	100	60	1.85847	0.697556	39	38.9	105721	3	1940	1.05567	1.04156	1788
822	500527	702	201200	299327	100	60	1.87292	0.697556	39	38.9	105721	3	1940	1.05986	1.05128	1788
823	499530	607	231555	267975	100	60	1.8923	0.697556	39	38.9	105721	3	1940	1.07022	1.06096	1788
824	484031	523	241933	242097	100	60	1.92817	0.697556	39	38.9	105721	3	1940	1.08486	1.07457	1788
825	479881	484	249299	230582	100	60	1.94389	0.697556	39	38.9	105721	3	1940	1.11049	1.10187	1788
826	461797	439	240295	213460	100	60	1.96496	0.697556	39	38.9	105721	3	1940	1.1234	1.11085	1788
827	453824	413	235038	204749	100	60	1.99462	0.697556	39	38.9	105721	3	1940	1.1106	1.10345	1788
828	439800	380	228848	197475	100	60	2.05325	0.697556	39	38.9	105721	3	1940	1.09873	1.08871	1788
829	440303	369	230396	196364	100	60	2.06388	0.697556	39	38.9	105721	3	1940	1.1029	1.09777	1788
830	411523	341	216617	182634	100	60	2.05146	0.697556	39	38.9	105721	3	1940	1.11207	1.09091	1788
831	377215	315	205335	171879	100	60	2.03748	0.697556	39	38.9	105721	3	1940	1.11838	1.09868	1788
832	262831	277	106390	156441	100	60	0.091107	0.697556	39	38.9	195766	3	1940	1.00255	0.996325	1788
833	480309	238	197439	282871	100	60	0.0732861	0.697556	39	38.9	195766	3	1940	1.00227	0.99606	1788
834	610150	210	251611	358539	100	60	0.0673486	0.697556	39	38.9	195766	3	1940	1.00224	0.996687	1788
835	593457	189	251387	342070	100	60	0.0736248	0.697556	38	38.9	195766	3	1940	1.00265	0.998354	1788
836	571394	175	252219	319175	100	60	0.0809801	0.697556	38	38.9	195766	3	1940	1.00278	0.999145	1788
837	637808	2465	291784	346024	100	60	0.996696	0.697556	38	38.9	195766	3	1940	1.00486	1.00262	1788
838	704839	2191	326069	378770	100	60	1.13261	0.697556	38	38.9	195766	3	1940	1.00655	1.00369	1788
839	744861	1941	349217	395645	100	60	1.35665	0.697556	38	38.9	195766	3	1940	1.00817	1.00473	1788
840	569268	1770	178780	390488	100	60	1.53013	0.697556	38	38.9	195766	3	1940	1.07334	1.11977	1788
841	608120	1411	244723	361938	100	60	0.69095	0.697556	39	38.9	0	3	1940	1.02059	1.01414	1788
842	703746	1216	310656	391165	100	60	0.577577	0.697556	39	38.9	0	3	1940	1.01219	1.0044	1788
843	795555	1054	366736	426497	100	60	0.539295	0.697556	39	38.9	0	3	1940	1.00707	1.00013	1788
844	825453	868	386180	437374	100	60	0.564341	0.697556	39	38.9	0	3	1940	1.00677	0.998964	1788
845	820208	766	390382	428241	100	60	0.632127	0.697556	39	38.9	0	3	1940	1.00858	1.00318	1788
846	812337	1548	394025	418312	100	60	1.22906	0.697556	39	38.9	0	3	1940	1.01069	1.00473	1788
847	817100	1479	403018	414082	100	60	1.38492	0.697556	39	38.9	0	3	1940	1.01084	1.00697	1788
848	851537	1569	425587	425950	100	60	1.66224	0.697556	39	38.9	0	3	1940	1.01537	1.01216	1788
849	842148	1291	426532	415617	100	60	1.71328	0.697556	39	38.9	0	3	1940	1.01992	1.01634	1788
850	705779	1093	308536	397244	100	60	1.82624	0.697556	39	38.9	119299	3	1940	1.0283	1.02477	1788
851	691854	942	321789	370065	100	60	1.87146	0.697556	39	38.9	119299	3	1940	1.03991	1.03723	1788
852	669711	814	327084	342627	100	60	1.9087	0.697556	39	38.9	119299	3	1940	1.045	1.04433	1788
853	608283	675	307054	301229	100	60	1.95885	0.697556	39	38.9	119299	3	1940	1.05734	1.05498	1788
854	585567	601	304251	281316	100	60	2.0129	0.697556	39	38.9	119299	3	1940	1.07231	1.06833	1788
855	557352	541	294731	262621	100	60	2.03974	0.697556	39	38.9	119299	3	1940	1.08991	1.07978	1788
856	401646	513	147943	252125	100	60	2.07601	0.697556	39	38.9	119299	3	1940	1.11538	1.10277	1788
857	402101	444	172032	222078	100	60	2.07116	0.697556	39	38.9	119299	3	1940	1.12863	1.10274	1788
858	401417	397	188987	202311	100	60	2.07184	0.697556	39	38.9	119299	3	1940	1.11888	1.07379	1788
859	395372	366	195299	188445	100	60	2.07872	0.697556	39	38.9	119299	3	1940	1.12694	1.08659	1788
860	282846	336	102609	178329	100	60	2.08282	0.697556	39	38.9	119299	3	1940	1.14	1.09451	1788
861	298389	317	129174	169215	100	60	2.06116	0.697556	39	38.9	119299	3	1940	1.14114	1.11401	1788
862	236443	267	89649.9	146793	100	60	0.149549	0.697556	39	38.9	172043	3	1940	1.00462	1.00331	1788
863	292049	250	76564.6	215485	100	60	0.116327	0.697556	39	38.9	172043	3	1940	1.00371	1.0023	1788
864	505032	200	190240	314792	100	60	0.0902151	0.697556	39	38.9	172043	3	1940	1.00298	1.00155	1788
865	641834	177	256462	385372	100	60	0.0893541	0.697556	39	38.9	172043	3	1940	1.00263	1.00141	1788
866	491696	168	117125	374572	100	60	0.103503	0.697556	39	38.9	172043	3	1940	1.0036	1.00342	1788
867	494645	2170	160931	333714	100	60	0.86686	0.697556	38	38.9	172043	3	1940	1.00403	1.00476	1788
868	588159	2007	230605	357555	100	60	0.989226	0.697556	38	38.9	172043	3	1940	1.00527	1.00674	1788
869	695106	1925	299027	396079	100	60	1.19305	0.697556	38	38.9	172043	3	1940	1.00789	1.00908	1788
870	586241	1772	172882	413359	100	60	1.32575	0.697556	34	38.9	172043	3	1940	1.08919	1.14731	1788
871	623720	1396	244659	376057	100	60	1.04048	0.697556	39	38.9	0	3	1940	1.05729	1.06674	1788
872	678480	1166	301472	373491	100	60	0.927416	0.697556	39	38.9	0	3	1940	1.03407	1.03333	1788
873	729036	1007	345706	378420	100	60	0.888189	0.697556	39	38.9	0	3	1940	1.0201	1.01576	1788
874	762919	847	374017	384603	100	60	0.89972	0.697556	39	38.9	0	3	1940	1.01896	1.0107	1788
875	825939	788	410971	411128	100	60	0.958454	0.697556	39	38.9	0	3	1940	1.02255	1.01042	1788
876	837003	1229	420948	416055	100	60	1.41684	0.697556	39	38.9	0	3	1940	1.02611	1.01381	1788
877	819056	1223	415454	403602	100	60	1.55213	0.697556	39	38.9	0	3	1940	1.03231	1.01951	1788
878	807431	1183	414745	392686	100	60	1.62533	0.697556	39	38.9	0	3	1940	1.03806	1.02896	1788
879	746796	964	388595	358201	100	60	1.62728	0.697556	39	38.9	0	3	1940	1.04317	1.03661	1788
880	632442	828	295209	337233	100	60	1.61147	0.697556	39	38.9	88257.2	3	1940	1.05995	1.0609	1788
881	623919	730	309430	314489	100	60	1.60449	0.697556	39	38.9	88257.2	3	1940	1.07423	1.07586	1788
882	602900	654	310011	292889	100	60	1.63489	0.697556	39	38.9	88257.2	3	1940	1.09418	1.10062	1788
883	587667	600	309492	278175	100	60	1.64353	0.697556	39	38.9	88257.2	3	1940	1.11641	1.12373	1788
884	568397	556	303045	265351	100	60	1.67493	0.697556	39	38.9	88257.2	3	1940	1.14809	1.15174	1788
885	517546	494	278239	239307	100	60	1.68756	0.697556	39	38.9	88257.2	3	1940	1.19002	1.18542	1788
886	474955	437	253215	215304	100	60	1.6313	0.697556	39	38.9	88257.2	3	1940	1.21397	1.20706	1788
887	438756	395	232605	195316	100	60	1.62106	0.697556	39	38.9	88257.2	3	1940	1.21867	1.21108	1788
888	419743	364	222503	186971	100	60	1.63707	0.697556	39	38.9	88257.2	3	1940	1.22162	1.22063	1788
889	396570	336	210753	175938	100	60	1.6759	0.697556	39	38.9	88257.2	3	1940	1.21765	1.20938	1788
890	370012	308	197144	163978	100	60	1.7028	0.697556	39	38.9	88257.2	3	1940	1.2351	1.223	1788
891	324180	275	177126	147054	100	60	1.7398	0.697556	39	38.9	88257.2	3	1940	1.2567	1.24194	1788
892	242067	250	105573	136494	100	60	0.0776971	0.697556	39	38.9	154747	3	1940	1.00358	1.00298	1788
893	481984	232	202937	279047	100	60	0.0670799	0.697556	39	38.9	154747	3	1940	1.00341	1.003	1788
894	627910	214	262412	365498	100	60	0.0656811	0.697556	39	38.9	154747	3	1940	1.00365	1.00355	1788
895	610687	194	261258	349429	100	60	0.0705456	0.697556	39	38.9	154747	3	1940	1.00394	1.00425	1788
896	570850	182	254572	316279	100	60	0.0790508	0.697556	39	38.9	154747	3	1940	1.0046	1.00652	1788
897	640127	2488	294834	345293	100	60	0.926934	0.697556	39	38.9	154747	3	1940	1.00644	1.00775	1788
898	718776	2227	335548	383229	100	60	1.09534	0.697556	39	38.9	154747	3	1940	1.00942	1.01047	1788
899	773782	1960	366643	407139	100	60	1.29888	0.697556	39	38.9	154747	3	1940	1.01264	1.01389	1788
900	598778	1761	190925	407854	100	60	1.4556	0.697556	35	38.9	154747	3	1940	1.0986	1.16619	1788
901	660213	1463	268230	389429	100	60	0.711108	0.697556	39	38.9	0	3	1940	1.03053	1.03173	1788
902	735127	1216	326244	405473	100	60	0.577662	0.697556	39	38.9	0	3	1940	1.01751	1.01529	1788
903	805293	1003	373084	428406	100	60	0.511563	0.697556	39	38.9	0	3	1940	1.0118	1.0083	1788
904	862915	885	406715	452609	100	60	0.564992	0.697556	39	38.9	0	3	1940	1.01249	1.00729	1788
905	862460	797	413220	446139	100	60	0.622902	0.697556	39	38.9	0	3	1940	1.01629	1.01066	1788
906	842499	1651	413000	429499	100	60	1.21008	0.697556	39	38.9	0	3	1940	1.0204	1.01391	1788
907	604958	1539	192306	412653	100	60	1.33649	0.697556	39	38.9	0	3	1940	1.02207	1.01626	1788
908	673476	1517	262548	410928	100	60	1.55099	0.697556	39	38.9	0	3	1940	1.02759	1.02321	1788
909	705745	1257	311347	394398	100	60	1.63285	0.697556	39	38.9	0	3	1940	1.0312	1.0248	1788
910	684863	1084	302610	382253	100	60	1.75247	0.697556	39	38.9	47721.2	3	1940	1.04321	1.03621	1788
911	681873	942	324691	357182	100	60	1.7982	0.697556	39	38.9	47721.2	3	1940	1.05372	1.04706	1788
912	513563	853	169024	344540	100	60	1.82316	0.697556	39	38.9	47721.2	3	1940	1.0661	1.05792	1788
913	528848	754	215060	313787	100	60	1.84904	0.697556	39	38.9	47721.2	3	1940	1.07624	1.07086	1788
914	549321	691	254175	295146	100	60	1.88638	0.697556	39	38.9	47721.2	3	1940	1.09962	1.09357	1788
915	566193	647	280165	286028	100	60	1.90038	0.697556	39	38.9	47721.2	3	1940	1.11708	1.10798	1788
916	550919	588	278886	264442	100	60	1.92175	0.697556	39	38.9	47721.2	3	1940	1.13355	1.12674	1788
917	515950	510	263469	239399	100	60	1.97183	0.697556	39	38.9	47721.2	3	1940	1.14313	1.12249	1788
918	375019	480	136293	236405	100	60	1.98989	0.697556	39	38.9	47721.2	3	1940	1.13442	1.11064	1788
919	345809	390	143775	196750	100	60	1.97722	0.697556	39	38.9	47721.2	3	1940	1.16291	1.14815	1788
920	346255	356	161211	180306	100	60	1.97271	0.697556	39	38.9	47721.2	3	1940	1.16209	1.15497	1788
921	355171	344	178803	176369	100	60	1.95561	0.697556	39	38.9	47721.2	3	1940	1.18786	1.1896	1788
922	279647	307	116615	163032	100	60	0.114766	0.697556	39	38.9	115671	3	1940	1.00441	1.00319	1788
923	451010	260	188057	262953	100	60	0.0882861	0.697556	39	38.9	115671	3	1940	1.00321	1.00216	1788
924	623337	215	260679	362658	100	60	0.0769457	0.697556	39	38.9	115671	3	1940	1.00258	1.00158	1788
925	643997	172	271636	372361	100	60	0.071433	0.697556	39	38.9	115671	3	1940	1.00229	1.00151	1788
926	589393	156	256947	332446	100	60	0.0772152	0.697556	39	38.9	115671	3	1940	1.00254	1.00234	1788
927	604712	2385	274646	330066	100	60	0.895216	0.697556	39	38.9	115671	3	1940	1.00401	1.00406	1788
928	510027	2043	141897	368130	100	60	0.992405	0.697556	39	38.9	115671	3	1940	1.00443	1.00382	1788
929	456012	1894	91812.1	364200	100	60	1.22621	0.697556	39	38.9	115671	3	1940	1.00518	1.00391	1788
930	425034	1791	79167.7	345867	100	60	1.47747	0.697556	38	38.9	115671	3	1940	1.05171	1.08501	1788
