Time	totMass	NInd	abovemass	belowmass	mean_ares	mean_bres	shannon	meanShannon	NPFT	meanNPFT	Cutted	NNonClonal	NClonal	mean_generation	mean_genet_size	NGenets
1	389.8	0	194.9	194.9	100	90	0	0.775895	40	40	0	244	2080	1	0.758065	1925
2	11803.4	0	5749.63	6053.72	100	90	0	0.775895	40	40	0	244	2080	1	0.786286	1925
3	58506.9	0	30708.4	27798.5	100	90	0	0.775895	40	40	0	244	2080	1	0.795409	1925
4	183703	0	95520.1	88183.3	100	90	0	0.775895	40	40	0	244	2080	1	0.793878	1925
5	417970	0	217326	200644	100	90	0	0.775895	40	40	0	244	2080	1.00311	0.79285	1925
6	715680	545	372638	343041	100	90	2.38881	0.775895	40	40	0	244	2080	1.01047	0.801087	1925
7	973824	780	511379	462445	100	90	3.16528	0.775895	40	40	0	244	2080	1.01591	0.804124	1925
8	1.15561e+006	820	612184	543423	100	90	3.25147	0.775895	40	40	0	244	2080	1.0385	0.823171	1925
9	1.28286e+006	778	683945	598912	100	90	3.08731	0.775895	40	40	0	244	2080	1.06833	0.859897	1925
10	1.36715e+006	737	731897	635252	100	90	2.92645	0.775895	40	40	0	244	2080	1.10011	0.892371	1925
11	1.43843e+006	723	772091	666342	100	90	2.90719	0.775895	40	40	0	244	2080	1.12045	0.913529	1925
12	1.49114e+006	710	801093	690050	100	90	2.89309	0.775895	40	40	0	244	2080	1.14692	0.944206	1925
13	1.53384e+006	706	825161	708682	100	90	2.89732	0.775895	40	40	0	244	2080	1.17857	0.973723	1925
14	1.56799e+006	714	844984	723009	100	90	2.94829	0.775895	40	40	0	244	2080	1.19206	1.00743	1925
15	1.5872e+006	711	856379	730820	100	90	2.93408	0.775895	40	40	0	244	2080	1.22679	1.04085	1925
16	1.62951e+006	711	865456	736146	100	90	2.93118	0.775895	40	40	0	244	2080	1.24761	1.07066	1925
17	1.65642e+006	713	867815	737366	100	90	2.94349	0.775895	40	40	0	244	2080	1.2563	1.075	1925
18	1.69026e+006	730	883185	751136	100	90	3.0146	0.775895	40	40	0	244	2080	1.25641	1.0739	1925
19	1.7212e+006	732	899167	764795	100	90	3.07294	0.775895	40	40	0	244	2080	1.2551	1.05994	1925
20	1.72965e+006	737	903509	769777	100	90	3.10978	0.775895	40	40	0	244	2080	1.26183	1.04134	1925
21	1.67897e+006	741	907796	771170	100	90	3.15296	0.775895	40	40	0	244	2080	1.26537	1.03398	1925
22	1.67674e+006	746	908003	768740	100	90	1.11858	0.775895	40	40	0	244	2080	1.06201	0.823342	1925
23	1.70053e+006	737	917310	783217	100	90	1.09689	0.775895	40	40	0	244	2080	1.06629	0.844148	1925
24	1.73247e+006	722	932766	799701	100	90	1.09247	0.775895	40	40	0	244	2080	1.07038	0.865474	1925
25	1.74231e+006	713	938658	803648	100	90	1.14882	0.775895	40	40	0	244	2080	1.08006	0.915045	1925
26	1.76766e+006	711	953596	814063	100	90	1.27063	0.775895	40	40	0	244	2080	1.09424	0.952999	1925
27	1.80354e+006	1393	973328	830216	100	90	2.41222	0.775895	40	40	0	244	2080	1.11143	0.966691	1925
28	1.8373e+006	1258	990999	846305	100	90	2.53432	0.775895	40	40	0	244	2080	1.14029	0.986278	1925
29	1.89411e+006	1199	1.02218e+006	871929	100	90	2.68487	0.775895	40	40	0	244	2080	1.16883	1.01511	1925
30	1.40771e+006	1161	520685	887022	100	90	2.20727	0.775895	40	40	0	244	2080	1.49887	1.60707	1925
31	1.45716e+006	1029	632998	823449	100	90	1.31151	0.775895	40	40	0	244	2080	1.18363	0.992779	1925
32	1.43377e+006	886	666030	766431	100	90	1.01848	0.775895	40	40	0	244	2080	1.11818	0.903801	1925
33	1.43374e+006	790	688145	744321	100	90	0.841705	0.775895	40	40	0	244	2080	1.0872	0.8714	1925
34	1.40318e+006	687	687013	715134	100	90	0.860941	0.775895	40	40	0	244	2080	1.09205	0.883694	1925
35	1.35118e+006	773	672378	677929	100	90	1.07315	0.775895	40	40	0	244	2080	1.09768	0.895859	1925
36	1.32936e+006	821	673566	655792	100	90	1.38149	0.775895	40	40	0	244	2080	1.11704	0.941973	1925
37	1.25681e+006	948	643552	613260	100	90	1.83102	0.775895	40	40	0	244	2080	1.13406	0.947781	1925
38	1.21485e+006	1033	627269	587581	100	90	2.40691	0.775895	40	40	0	244	2080	1.15526	0.941242	1925
39	1.17285e+006	835	610216	562630	100	90	2.54473	0.775895	40	40	0	244	2080	1.20548	0.962238	1925
40	699465	708	166027	533438	100	90	2.48268	0.775895	40	40	456806	244	2080	1.2136	0.983607	1925
41	747704	636	253511	494194	100	90	2.63092	0.775895	40	40	456806	244	2080	1.2356	1.00742	1925
42	810617	580	334964	475653	100	90	2.65309	0.775895	40	40	456806	244	2080	1.25333	1.02637	1925
43	836806	542	386409	450397	100	90	2.7432	0.775895	40	40	456806	244	2080	1.28351	1.05252	1925
44	819805	490	402590	417215	100	90	2.87013	0.775895	40	40	456806	244	2080	1.31884	1.06311	1925
45	797446	450	404535	392910	100	90	2.93235	0.775895	40	40	456806	244	2080	1.35577	1.08967	1925
46	453708	397	99413.1	354091	100	90	2.93213	0.775895	40	40	782877	244	2080	1.37978	1.07407	1925
47	494925	362	159822	327863	100	90	2.89157	0.775895	40	40	782877	244	2080	1.37135	1.03947	1925
48	533231	334	214438	307720	100	90	2.94676	0.775895	40	40	782877	244	2080	1.3754	1.04364	1925
49	545842	309	247385	284344	100	90	2.95548	0.775895	40	40	782877	244	2080	1.39858	1.05556	1925
50	558601	289	271402	274048	100	90	2.99162	0.775895	40	40	782877	244	2080	1.42023	1.06867	1925
51	517102	254	266871	250231	100	90	2.9561	0.775895	40	40	782877	244	2080	1.43231	1.04902	1925
52	295292	230	61195.7	234096	100	90	0.14497	0.775895	40	40	1.00167e+006	244	2080	1.00789	0.784341	1925
53	532419	221	203693	328726	100	90	0.102657	0.775895	40	40	1.00167e+006	244	2080	1.00528	0.780641	1925
54	838482	202	371293	467190	100	90	0.104758	0.775895	40	40	1.00167e+006	244	2080	1.00501	0.783664	1925
55	887016	169	408595	478422	100	90	0.103646	0.775895	40	40	1.00167e+006	244	2080	1.00515	0.803853	1925
56	844851	146	406665	438185	100	90	0.111723	0.775895	40	40	1.00167e+006	244	2080	1.00582	0.817896	1925
57	960415	2349	478858	481557	100	90	1.38789	0.775895	40	40	1.00167e+006	244	2080	1.00706	0.803191	1925
58	1.03835e+006	2085	524157	514197	100	90	1.64247	0.775895	40	40	1.00167e+006	244	2080	1.00924	0.791571	1925
59	1.05152e+006	1647	535774	515745	100	90	1.75151	0.775895	40	40	1.00167e+006	244	2080	1.01102	0.77748	1925
60	801954	1466	278138	523816	100	90	1.87701	0.775895	40	40	1.00167e+006	244	2080	1.17054	1.07341	1925
61	869491	1173	380831	488115	100	90	1.15945	0.775895	40	40	0	244	2080	1.08415	0.862098	1925
62	952617	1004	456004	495683	100	90	0.98602	0.775895	40	40	0	244	2080	1.06355	0.829529	1925
63	1.03275e+006	839	512602	519069	100	90	0.917765	0.775895	40	40	0	244	2080	1.05831	0.812595	1925
64	1.12153e+006	714	564200	556259	100	90	0.936565	0.775895	40	40	0	244	2080	1.06388	0.817645	1925
65	1.16839e+006	708	594339	573170	100	90	1.04029	0.775895	40	40	0	244	2080	1.06743	0.814241	1925
66	1.17994e+006	1321	607135	572806	100	90	1.9777	0.775895	40	40	0	244	2080	1.06772	0.813122	1925
67	1.13561e+006	1191	588876	546737	100	90	2.15585	0.775895	40	40	0	244	2080	1.07115	0.79938	1925
68	816320	1085	280551	535769	100	90	2.25307	0.775895	40	40	0	244	2080	1.07727	0.804223	1925
69	854319	906	362167	492153	100	90	2.33926	0.775895	40	40	0	244	2080	1.09084	0.817241	1925
70	659230	801	184451	474779	100	90	2.42787	0.775895	40	40	270570	244	2080	1.10387	0.827273	1925
71	720713	713	276825	443888	100	90	2.65657	0.775895	40	40	270570	244	2080	1.11665	0.831858	1925
72	784096	641	355753	428343	100	90	2.74783	0.775895	40	40	270570	244	2080	1.13316	0.854575	1925
73	596938	571	192624	404314	100	90	2.75382	0.775895	40	40	270570	244	2080	1.15765	0.882136	1925
74	645776	527	267351	378425	100	90	2.78296	0.775895	40	40	270570	244	2080	1.1815	0.906504	1925
75	691179	488	327928	363251	100	90	2.77579	0.775895	40	40	270570	244	2080	1.2065	0.927632	1925
76	420830	418	97697.7	323067	100	90	2.74041	0.775895	40	40	350881	244	2080	1.2167	0.951157	1925
77	471033	382	164650	299205	100	90	2.73066	0.775895	40	40	350881	244	2080	1.24297	0.968661	1925
78	503454	351	217392	275890	100	90	2.75922	0.775895	40	40	350881	244	2080	1.26979	1.01923	1925
79	523723	330	246597	262676	100	90	2.74444	0.775895	40	40	350881	244	2080	1.28527	1.03103	1925
80	503385	292	248187	242543	100	90	2.77308	0.775895	40	40	350881	244	2080	1.28417	1.01969	1925
81	510202	287	263607	246595	100	90	2.82116	0.775895	40	40	350881	244	2080	1.29213	1.01633	1925
82	292434	256	70251.6	222183	100	90	0.147796	0.775895	40	40	551286	244	2080	1.00673	0.742444	1925
83	509684	214	208787	300897	100	90	0.0928206	0.775895	40	40	551286	244	2080	1.00442	0.738124	1925
84	813669	188	371921	441748	100	90	0.0892508	0.775895	40	40	551286	244	2080	1.00443	0.751538	1925
85	832140	169	391946	440193	100	90	0.0942462	0.775895	40	40	551286	244	2080	1.00464	0.771452	1925
86	824019	152	404676	419343	100	90	0.102937	0.775895	40	40	551286	244	2080	1.0052	0.789864	1925
87	945659	2398	476096	469564	100	90	1.23819	0.775895	40	40	551286	244	2080	1.00695	0.776072	1925
88	1.04093e+006	2154	527705	513227	100	90	1.56323	0.775895	40	40	551286	244	2080	1.01031	0.78208	1925
89	1.08031e+006	1764	551913	528402	100	90	1.67564	0.775895	40	40	551286	244	2080	1.01496	0.790554	1925
90	792734	1469	275437	517297	100	90	1.75473	0.775895	38	40	551286	244	2080	1.15654	1.06082	1925
91	877746	1219	386812	490223	100	90	1.13939	0.775895	40	40	0	244	2080	1.07916	0.840437	1925
92	976574	1049	467566	507723	100	90	0.951322	0.775895	40	40	0	244	2080	1.05899	0.801934	1925
93	1.0463e+006	885	519694	525379	100	90	0.870251	0.775895	40	40	0	244	2080	1.05342	0.790518	1925
94	1.10264e+006	740	554726	546850	100	90	0.879292	0.775895	40	40	0	244	2080	1.05486	0.789618	1925
95	1.10962e+006	703	562264	546406	100	90	0.994548	0.775895	40	40	0	244	2080	1.05819	0.78811	1925
96	1.10975e+006	1241	567570	542180	100	90	1.80278	0.775895	40	40	0	244	2080	1.05771	0.785377	1925
97	804548	1249	273368	531180	100	90	2.0538	0.775895	40	40	0	244	2080	1.06345	0.773443	1925
98	864073	1132	361971	502102	100	90	2.18225	0.775895	40	40	0	244	2080	1.06579	0.772686	1925
99	904617	953	425101	479516	100	90	2.27124	0.775895	40	40	0	244	2080	1.07542	0.777535	1925
100	649700	823	195533	454166	100	90	2.37515	0.775895	40	40	279857	244	2080	1.08538	0.783648	1925
101	543726	700	134849	408877	100	90	2.49406	0.775895	40	40	279857	244	2080	1.10587	0.800591	1925
102	564703	581	211677	353026	100	90	2.62759	0.775895	40	40	279857	244	2080	1.10698	0.795009	1925
103	620486	533	282464	338022	100	90	2.69307	0.775895	40	40	279857	244	2080	1.12606	0.8125	1925
104	644999	491	318995	326004	100	90	2.68514	0.775895	40	40	279857	244	2080	1.13993	0.823404	1925
105	603390	421	308560	294830	100	90	2.70538	0.775895	40	40	279857	244	2080	1.16555	0.836272	1925
106	368300	372	94128.9	274110	100	90	2.69268	0.775895	40	40	511276	244	2080	1.17677	0.851852	1925
107	404206	326	149441	248130	100	90	2.69344	0.775895	40	40	511276	244	2080	1.18605	0.875817	1925
108	424173	293	190009	224949	100	90	2.72101	0.775895	40	40	511276	244	2080	1.19732	0.875	1925
109	442779	279	212930	216964	100	90	2.71158	0.775895	40	40	511276	244	2080	1.19929	0.871094	1925
110	420120	248	208367	200040	100	90	2.72039	0.775895	40	40	511276	244	2080	1.18898	0.827586	1925
111	390306	227	202651	187655	100	90	2.80679	0.775895	40	40	511276	244	2080	1.18222	0.829384	1925
112	232719	207	55960.7	176759	100	90	0.111563	0.775895	40	40	661925	244	2080	1.00343	0.701566	1925
113	487314	171	207003	280311	100	90	0.0727134	0.775895	40	40	661925	244	2080	1.00171	0.702187	1925
114	801057	153	371460	429597	100	90	0.0723833	0.775895	40	40	661925	244	2080	1.00203	0.722317	1925
115	789941	138	374846	415095	100	90	0.0768132	0.775895	40	40	661925	244	2080	1.00226	0.772655	1925
116	785672	128	388125	397547	100	90	0.0889356	0.775895	40	40	661925	244	2080	1.0029	0.799708	1925
117	919604	2516	464018	455586	100	90	1.25352	0.775895	40	40	661925	244	2080	1.00379	0.786231	1925
118	1.00614e+006	2119	510238	495905	100	90	1.47285	0.775895	39	40	661925	244	2080	1.00565	0.777068	1925
119	1.01843e+006	1686	520441	497989	100	90	1.57232	0.775895	39	40	661925	244	2080	1.00732	0.781364	1925
120	621457	1486	122928	498529	100	90	1.70193	0.775895	37	40	661925	244	2080	1.1386	1.02233	1925
121	711535	1276	239949	471231	100	90	0.988485	0.775895	40	40	0	244	2080	1.0592	0.781715	1925
122	870569	1141	371764	498277	100	90	0.88225	0.775895	40	40	0	244	2080	1.04394	0.75688	1925
123	1.01563e+006	1003	477569	537301	100	90	0.908261	0.775895	40	40	0	244	2080	1.04338	0.750057	1925
124	1.08233e+006	840	530580	551007	100	90	0.974792	0.775895	40	40	0	244	2080	1.04895	0.757138	1925
125	1.12166e+006	820	561630	559492	100	90	1.12817	0.775895	40	40	0	244	2080	1.05589	0.769648	1925
126	819110	1313	269676	549434	100	90	1.84875	0.775895	40	40	0	244	2080	1.05712	0.764316	1925
127	907182	1289	376395	530787	100	90	2.07236	0.775895	40	40	0	244	2080	1.05916	0.761281	1925
128	972371	1196	454863	517508	100	90	2.20876	0.775895	40	40	0	244	2080	1.05759	0.765558	1925
129	1.0046e+006	1034	497343	507256	100	90	2.26362	0.775895	40	40	0	244	2080	1.06263	0.758621	1925
130	693386	887	214992	478395	100	90	2.31569	0.775895	40	40	309213	244	2080	1.06928	0.758898	1925
131	757195	799	309785	447410	100	90	2.39923	0.775895	40	40	309213	244	2080	1.06816	0.756688	1925
132	797213	714	373975	423238	100	90	2.44652	0.775895	40	40	309213	244	2080	1.08059	0.772206	1925
133	786008	643	390415	395593	100	90	2.50312	0.775895	40	40	309213	244	2080	1.09235	0.7936	1925
134	754090	570	384392	369698	100	90	2.51741	0.775895	40	40	309213	244	2080	1.11585	0.820144	1925
135	677812	491	349609	328203	100	90	2.51062	0.775895	40	40	309213	244	2080	1.13043	0.840336	1925
136	413085	444	111290	301717	100	90	2.50286	0.775895	40	40	560380	244	2080	1.13035	0.87007	1925
137	361220	397	88239.7	271924	100	90	2.50695	0.775895	40	40	560380	244	2080	1.15349	0.887728	1925
138	410292	363	149713	252639	100	90	2.50685	0.775895	40	40	560380	244	2080	1.15897	0.893372	1925
139	447273	336	200411	237170	100	90	2.55356	0.775895	40	40	560380	244	2080	1.17045	0.892744	1925
140	439913	305	214315	217121	100	90	2.56573	0.775895	40	40	560380	244	2080	1.19355	0.911032	1925
141	433421	292	221929	211491	100	90	2.58092	0.775895	40	40	560380	244	2080	1.2234	0.935849	1925
142	261744	260	67663.7	194080	100	90	0.151488	0.775895	40	40	717351	244	2080	1.00475	0.68653	1925
143	507556	245	215684	291872	100	90	0.110091	0.775895	40	40	717351	244	2080	1.00309	0.679909	1925
144	836617	233	389665	446952	100	90	0.117593	0.775895	40	40	717351	244	2080	1.00395	0.701632	1925
145	626713	206	182617	444096	100	90	0.124478	0.775895	40	40	717351	244	2080	1.00442	0.752191	1925
146	638683	187	238017	400666	100	90	0.136573	0.775895	40	40	717351	244	2080	1.00554	0.788063	1925
147	640108	2424	169919	470190	100	90	1.33319	0.775895	40	40	717351	244	2080	1.00655	0.784545	1925
148	768697	2297	286151	482546	100	90	1.74079	0.775895	40	40	717351	244	2080	1.00975	0.791903	1925
149	912114	1952	399322	512791	100	90	1.98041	0.775895	40	40	717351	244	2080	1.01287	0.797129	1925
150	731880	1642	227743	504138	100	90	1.91914	0.775895	39	40	717351	244	2080	1.16838	1.04054	1925
151	820829	1366	347879	472212	100	90	1.23341	0.775895	40	40	0	244	2080	1.08474	0.821862	1925
152	937540	1180	440388	496012	100	90	1.07714	0.775895	40	40	0	244	2080	1.06849	0.785317	1925
153	1.00929e+006	986	495797	512182	100	90	1.02316	0.775895	40	40	0	244	2080	1.06444	0.762478	1925
154	1.0764e+006	831	537960	537182	100	90	1.05046	0.775895	40	40	0	244	2080	1.06815	0.759413	1925
155	816225	785	271433	544670	100	90	1.16233	0.775895	40	40	0	244	2080	1.06932	0.761084	1925
156	925303	1251	384210	541094	100	90	1.84294	0.775895	40	40	0	244	2080	1.07583	0.770574	1925
157	992901	1261	462193	530708	100	90	2.05906	0.775895	40	40	0	244	2080	1.07409	0.781226	1925
158	1.00026e+006	1140	490962	509300	100	90	2.15888	0.775895	40	40	0	244	2080	1.0801	0.795059	1925
159	970550	968	490917	479633	100	90	2.17009	0.775895	40	40	0	244	2080	1.09077	0.796336	1925
160	669734	860	209295	460439	100	90	2.22155	0.775895	40	40	297620	244	2080	1.10581	0.801683	1925
161	709405	752	291123	418282	100	90	2.28799	0.775895	40	40	297620	244	2080	1.10752	0.791495	1925
162	721937	651	339804	382133	100	90	2.35489	0.775895	40	40	297620	244	2080	1.11869	0.799685	1925
163	721767	594	359889	361877	100	90	2.43781	0.775895	40	40	297620	244	2080	1.12152	0.809359	1925
164	703778	549	358320	345458	100	90	2.46065	0.775895	40	40	297620	244	2080	1.14403	0.838041	1925
165	673664	512	345760	327903	100	90	2.48432	0.775895	40	40	297620	244	2080	1.16304	0.863544	1925
166	424686	473	118339	306224	100	90	2.50435	0.775895	40	40	537952	244	2080	1.17365	0.878855	1925
167	354107	404	87165.2	265748	100	90	2.52312	0.775895	40	40	537952	244	2080	1.21065	0.926893	1925
168	381477	343	139126	235067	100	90	2.50172	0.775895	40	40	537952	244	2080	1.23631	0.959627	1925
169	431990	324	193849	228778	100	90	2.55271	0.775895	40	40	537952	244	2080	1.22601	0.933775	1925
170	312473	288	103662	207179	100	90	2.57645	0.775895	40	40	537952	244	2080	1.24549	0.95	1925
171	325074	247	139701	185373	100	90	2.55007	0.775895	40	40	537952	244	2080	1.27391	1.01382	1925
172	236625	231	59815.9	176810	100	90	0.351068	0.775895	40	40	653559	244	2080	1.018	0.617949	1925
173	334051	218	134622	199429	100	90	0.244202	0.775895	40	40	653559	244	2080	1.01131	0.604784	1925
174	561778	204	267193	294585	100	90	0.236554	0.775895	40	40	653559	244	2080	1.01147	0.612461	1925
175	823435	193	401333	422102	100	90	0.257904	0.775895	40	40	653559	244	2080	1.01281	0.630947	1925
176	972815	168	477473	495342	100	90	0.269729	0.775895	40	40	653559	244	2080	1.01548	0.655968	1925
177	1.00375e+006	1483	499970	503781	100	90	1.60253	0.775895	40	40	653559	244	2080	1.01719	0.663507	1925
178	995734	1387	504512	491222	100	90	1.7364	0.775895	40	40	653559	244	2080	1.02229	0.664487	1925
179	991285	1169	509243	482042	100	90	1.72737	0.775895	40	40	653559	244	2080	1.02417	0.652209	1925
180	713583	1034	249026	464557	100	90	1.54928	0.775895	38	40	653559	244	2080	1.27835	1.09744	1925
181	791585	920	358924	432096	100	90	1.43605	0.775895	40	40	0	244	2080	1.23043	0.905104	1925
182	824720	816	403046	420763	100	90	1.39311	0.775895	40	40	0	244	2080	1.19756	0.810427	1925
183	825067	701	413341	410806	100	90	1.34598	0.775895	40	40	0	244	2080	1.17204	0.77308	1925
184	849023	612	429990	418148	100	90	1.37956	0.775895	40	40	0	244	2080	1.17846	0.748964	1925
185	659796	666	223475	436290	100	90	1.618	0.775895	40	40	0	244	2080	1.18073	0.746628	1925
186	735472	786	318454	417018	100	90	2.13765	0.775895	40	40	0	244	2080	1.17245	0.756694	1925
187	817245	809	393364	423881	100	90	2.30734	0.775895	40	40	0	244	2080	1.16129	0.752926	1925
188	832639	765	418730	413908	100	90	2.35981	0.775895	40	40	0	244	2080	1.17429	0.774146	1925
189	805494	671	411761	393734	100	90	2.34802	0.775895	40	40	0	244	2080	1.19286	0.791878	1925
190	511746	574	157203	354543	100	90	2.27737	0.775895	40	40	252257	244	2080	1.20786	0.796875	1925
191	533865	493	221302	312563	100	90	2.29657	0.775895	40	40	252257	244	2080	1.24266	0.846682	1925
192	566999	452	271395	295604	100	90	2.33045	0.775895	40	40	252257	244	2080	1.26398	0.885	1925
193	545026	406	275468	269558	100	90	2.34114	0.775895	40	40	252257	244	2080	1.28535	0.904762	1925
194	556763	395	286455	270307	100	90	2.32487	0.775895	40	40	252257	244	2080	1.30971	0.905983	1925
195	512373	356	265355	247018	100	90	2.31321	0.775895	40	40	252257	244	2080	1.33828	0.918831	1925
196	330897	331	96396.6	234178	100	90	2.30505	0.775895	40	40	435488	244	2080	1.35948	0.943662	1925
197	307875	320	78237.8	228546	100	90	2.32519	0.775895	40	40	435488	244	2080	1.36949	0.923358	1925
198	340348	289	128959	204748	100	90	2.385	0.775895	40	40	435488	244	2080	1.35606	0.906122	1925
199	374837	269	170121	196476	100	90	2.4067	0.775895	40	40	435488	244	2080	1.35246	0.928251	1925
200	364237	242	179058	178044	100	90	2.43144	0.775895	40	40	435488	244	2080	1.35047	0.918367	1925
201	341846	220	175749	166097	100	90	2.41936	0.775895	40	40	435488	244	2080	1.37838	0.982456	1925
202	228984	214	63101.8	165883	100	90	0.124202	0.775895	40	40	557263	244	2080	1.00655	0.575813	1925
203	455538	194	197339	258199	100	90	0.0889801	0.775895	40	40	557263	244	2080	1.00474	0.575264	1925
204	799375	185	373243	426132	100	90	0.0951423	0.775895	40	40	557263	244	2080	1.00521	0.598085	1925
205	832657	166	395722	436934	100	90	0.101953	0.775895	40	40	557263	244	2080	1.00561	0.673469	1925
206	806212	160	394950	411262	100	90	0.11961	0.775895	40	40	557263	244	2080	1.00705	0.721315	1925
207	899805	2204	452350	447455	100	90	1.15934	0.775895	40	40	557263	244	2080	1.00939	0.698076	1925
208	976302	1859	496144	480158	100	90	1.3343	0.775895	40	40	557263	244	2080	1.01251	0.689342	1925
209	1.00692e+006	1550	516540	490382	100	90	1.43883	0.775895	40	40	557263	244	2080	1.01642	0.694364	1925
210	752664	1421	262281	490383	100	90	1.6016	0.775895	39	40	557263	244	2080	1.15938	0.944724	1925
211	829482	1204	373726	455635	100	90	1.13378	0.775895	40	40	0	244	2080	1.08867	0.709279	1925
212	883965	1019	430815	452982	100	90	0.961247	0.775895	40	40	0	244	2080	1.06981	0.680648	1925
213	962444	884	482490	479694	100	90	0.896618	0.775895	40	40	0	244	2080	1.06488	0.675636	1925
214	1.04201e+006	760	527295	514525	100	90	0.926465	0.775895	40	40	0	244	2080	1.06669	0.683266	1925
215	1.06436e+006	740	540542	523633	100	90	1.04294	0.775895	40	40	0	244	2080	1.06999	0.692499	1925
216	785641	1300	262134	523506	100	90	1.78709	0.775895	40	40	0	244	2080	1.07011	0.705462	1925
217	875011	1242	369173	505838	100	90	1.91246	0.775895	40	40	0	244	2080	1.07437	0.700468	1925
218	693209	1151	212886	480322	100	90	2.01876	0.775895	40	40	0	244	2080	1.06844	0.69837	1925
219	782259	1028	321947	460311	100	90	2.14722	0.775895	40	40	0	244	2080	1.0756	0.699492	1925
220	649135	910	210993	438142	100	90	2.20942	0.775895	40	40	197402	244	2080	1.09091	0.713464	1925
221	703159	807	299389	403770	100	90	2.26438	0.775895	40	40	197402	244	2080	1.10063	0.722008	1925
222	727837	716	350754	377083	100	90	2.29439	0.775895	40	40	197402	244	2080	1.10316	0.738439	1925
223	704643	634	355331	349313	100	90	2.33581	0.775895	40	40	197402	244	2080	1.11731	0.767327	1925
224	660646	547	338719	321927	100	90	2.31011	0.775895	40	40	197402	244	2080	1.13201	0.780952	1925
225	627630	500	324448	303182	100	90	2.32299	0.775895	40	40	197402	244	2080	1.15185	0.800839	1925
226	385104	439	112332	272507	100	90	2.344	0.775895	40	40	415660	244	2080	1.14592	0.789474	1925
227	412679	385	162521	242198	100	90	2.36274	0.775895	40	40	415660	244	2080	1.16919	0.809917	1925
228	438148	359	199393	227738	100	90	2.4196	0.775895	40	40	415660	244	2080	1.16992	0.802395	1925
229	303799	314	102550	199477	100	90	2.4369	0.775895	40	40	415660	244	2080	1.16987	0.791809	1925
230	334789	284	146721	186546	100	90	2.43643	0.775895	40	40	415660	244	2080	1.19286	0.815789	1925
231	340968	258	167378	173589	100	90	2.45572	0.775895	40	40	415660	244	2080	1.21825	0.83682	1925
232	224692	238	61724.6	162967	100	90	0.311446	0.775895	40	40	533014	244	2080	1.01251	0.628287	1925
233	311561	206	129570	181991	100	90	0.203718	0.775895	40	40	533014	244	2080	1.00744	0.619226	1925
234	543715	180	259780	283934	100	90	0.18497	0.775895	40	40	533014	244	2080	1.0068	0.632833	1925
235	820006	159	399144	420862	100	90	0.190351	0.775895	40	40	533014	244	2080	1.00751	0.649158	1925
236	960699	154	471347	489352	100	90	0.219588	0.775895	40	40	533014	244	2080	1.00972	0.676236	1925
237	1.01975e+006	1676	508545	511204	100	90	1.47543	0.775895	40	40	533014	244	2080	1.01132	0.69274	1925
238	1.03429e+006	1553	524159	510131	100	90	1.55953	0.775895	40	40	533014	244	2080	1.01313	0.674784	1925
239	1.0228e+006	1356	524647	498157	100	90	1.59809	0.775895	40	40	533014	244	2080	1.01625	0.67033	1925
240	743934	1255	259432	484502	100	90	1.49105	0.775895	39	40	533014	244	2080	1.24422	1.04896	1925
241	841332	1121	380332	460099	100	90	1.41108	0.775895	40	40	0	244	2080	1.21627	0.917448	1925
242	845077	963	411037	432640	100	90	1.37617	0.775895	40	40	0	244	2080	1.18828	0.854859	1925
243	852637	841	426035	425419	100	90	1.35081	0.775895	40	40	0	244	2080	1.17762	0.825161	1925
244	645583	727	218420	427011	100	90	1.38891	0.775895	40	40	0	244	2080	1.17936	0.794028	1925
245	763744	789	331593	431999	100	90	1.62056	0.775895	40	40	0	244	2080	1.18225	0.792436	1925
246	844629	905	404694	439934	100	90	2.02884	0.775895	40	40	0	244	2080	1.18264	0.790389	1925
247	845030	847	422921	422109	100	90	2.15484	0.775895	40	40	0	244	2080	1.17184	0.780458	1925
248	634495	829	217964	416531	100	90	2.26897	0.775895	40	40	0	244	2080	1.18172	0.790026	1925
249	703373	745	306135	397238	100	90	2.26139	0.775895	40	40	0	244	2080	1.18431	0.793003	1925
250	549219	673	175175	374045	100	90	2.25057	0.775895	40	40	190866	244	2080	1.19167	0.808752	1925
251	608848	627	255906	352942	100	90	2.29172	0.775895	40	40	190866	244	2080	1.18028	0.810105	1925
252	621136	575	293451	327684	100	90	2.32327	0.775895	40	40	190866	244	2080	1.2007	0.829175	1925
253	612652	528	304901	307751	100	90	2.34694	0.775895	40	40	190866	244	2080	1.23307	0.871795	1925
254	446634	487	152609	294025	100	90	2.35706	0.775895	40	40	190866	244	2080	1.25055	0.890443	1925
255	486312	447	212861	273450	100	90	2.36432	0.775895	40	40	190866	244	2080	1.25428	0.885496	1925
256	355191	398	108035	246676	100	90	2.30117	0.775895	40	40	337624	244	2080	1.2663	0.886686	1925
257	382970	356	152184	223259	100	90	2.27171	0.775895	40	40	337624	244	2080	1.27356	0.906452	1925
258	409030	342	184460	214811	100	90	2.31757	0.775895	40	40	337624	244	2080	1.26623	0.899654	1925
259	421762	324	201549	207750	100	90	2.36881	0.775895	40	40	337624	244	2080	1.25862	0.889299	1925
260	427125	311	210663	204771	100	90	2.3864	0.775895	40	40	337624	244	2080	1.26812	0.885057	1925
261	377671	283	194655	183016	100	90	2.40546	0.775895	40	40	337624	244	2080	1.28807	0.913043	1925
262	239357	255	72535	166822	100	90	0.100775	0.775895	40	40	459716	244	2080	1.00417	0.652465	1925
263	569508	226	256162	313346	100	90	0.0777068	0.775895	40	40	459716	244	2080	1.00313	0.652973	1925
264	822416	214	384951	437466	100	90	0.0812293	0.775895	40	40	459716	244	2080	1.004	0.704483	1925
265	794000	190	380060	413940	100	90	0.081953	0.775895	40	40	459716	244	2080	1.00416	0.78849	1925
266	822634	185	408577	414056	100	90	0.100226	0.775895	40	40	459716	244	2080	1.00545	0.80403	1925
267	936237	2827	470608	465628	100	90	1.14766	0.775895	40	40	459716	244	2080	1.00688	0.787274	1925
268	1.03531e+006	2405	523272	512035	100	90	1.36929	0.775895	40	40	459716	244	2080	1.01013	0.789009	1925
269	1.02896e+006	1964	524249	504713	100	90	1.48133	0.775895	40	40	459716	244	2080	1.01334	0.786636	1925
270	749575	1662	259852	489723	100	90	1.60969	0.775895	37	40	459716	244	2080	1.10477	0.944988	1925
271	843577	1403	377387	465889	100	90	0.938031	0.775895	40	40	0	244	2080	1.04718	0.731247	1925
272	948933	1243	457668	490711	100	90	0.780143	0.775895	40	40	0	244	2080	1.0352	0.705254	1925
273	1.03917e+006	1071	514461	524168	100	90	0.76209	0.775895	40	40	0	244	2080	1.03332	0.70622	1925
274	1.10998e+006	931	555024	554387	100	90	0.824738	0.775895	40	40	0	244	2080	1.03891	0.731563	1925
275	1.13292e+006	922	571460	560898	100	90	0.952715	0.775895	40	40	0	244	2080	1.04208	0.7559	1925
276	1.11622e+006	1532	568556	547669	100	90	1.54288	0.775895	40	40	0	244	2080	1.04498	0.760739	1925
277	1.07131e+006	1524	550005	521305	100	90	1.71442	0.775895	40	40	0	244	2080	1.05172	0.75836	1925
278	1.02525e+006	1344	530029	495224	100	90	1.80666	0.775895	40	40	0	244	2080	1.05605	0.752887	1925
279	962389	1112	500557	461832	100	90	1.85889	0.775895	40	40	0	244	2080	1.06119	0.73909	1925
280	670304	984	232931	437372	100	90	1.94279	0.775895	40	40	272631	244	2080	1.06589	0.739176	1925
281	703678	867	301459	402220	100	90	2.0252	0.775895	40	40	272631	244	2080	1.0713	0.74012	1925
282	711571	780	338869	372702	100	90	2.11297	0.775895	40	40	272631	244	2080	1.07403	0.745672	1925
283	674315	675	338554	335761	100	90	2.17883	0.775895	40	40	272631	244	2080	1.08758	0.772798	1925
284	640286	601	329326	310960	100	90	2.1992	0.775895	40	40	272631	244	2080	1.1142	0.802448	1925
285	594576	537	309514	285062	100	90	2.23932	0.775895	40	40	272631	244	2080	1.12121	0.787109	1925
286	393259	498	120075	272729	100	90	2.18546	0.775895	40	40	474874	244	2080	1.14745	0.810526	1925
287	328816	441	85699.4	241848	100	90	2.20223	0.775895	40	40	474874	244	2080	1.14502	0.813397	1925
288	350816	377	132404	211117	100	90	2.18303	0.775895	40	40	474874	244	2080	1.15228	0.813559	1925
289	378348	344	170890	199183	100	90	2.23504	0.775895	40	40	474874	244	2080	1.14689	0.818182	1925
290	281846	304	93832.1	186525	100	90	2.23808	0.775895	40	40	474874	244	2080	1.16181	0.839286	1925
291	305615	283	132602	173013	100	90	2.26261	0.775895	40	40	474874	244	2080	1.17754	0.85098	1925
292	234927	269	66491.1	168436	100	90	0.285045	0.775895	40	40	573917	244	2080	1.01048	0.629843	1925
293	287547	262	75772.8	211774	100	90	0.213529	0.775895	40	40	573917	244	2080	1.00711	0.633205	1925
294	560759	240	236727	324032	100	90	0.198316	0.775895	40	40	573917	244	2080	1.00655	0.636938	1925
295	865656	222	400989	464667	100	90	0.206499	0.775895	40	40	573917	244	2080	1.0078	0.664144	1925
296	981281	185	468997	512284	100	90	0.20997	0.775895	40	40	573917	244	2080	1.00742	0.702799	1925
297	996110	1909	489081	507029	100	90	1.41761	0.775895	40	40	573917	244	2080	1.0083	0.720426	1925
298	1.05193e+006	1720	527722	524210	100	90	1.49985	0.775895	40	40	573917	244	2080	1.01145	0.695233	1925
299	771821	1482	252095	519726	100	90	1.53475	0.775895	40	40	573917	244	2080	1.01328	0.676991	1925
300	659012	1332	173959	485053	100	90	1.5098	0.775895	38	40	573917	244	2080	1.22027	1.0312	1925
301	743519	1152	298409	443735	100	90	1.39955	0.775895	40	40	0	244	2080	1.1843	0.870276	1925
302	785815	972	360338	423414	100	90	1.31191	0.775895	40	40	0	244	2080	1.16476	0.818034	1925
303	821560	829	399635	419392	100	90	1.25446	0.775895	40	40	0	244	2080	1.14147	0.781726	1925
304	890562	743	443578	444495	100	90	1.29513	0.775895	40	40	0	244	2080	1.14609	0.775885	1925
305	936037	794	470956	462781	100	90	1.47455	0.775895	40	40	0	244	2080	1.14536	0.77101	1925
306	942469	957	478607	463862	100	90	1.86555	0.775895	40	40	0	244	2080	1.14452	0.758272	1925
307	915615	887	467316	448299	100	90	1.97894	0.775895	40	40	0	244	2080	1.15378	0.769058	1925
308	874589	841	447619	426969	100	90	2.07792	0.775895	40	40	0	244	2080	1.17094	0.772846	1925
309	825493	735	424569	400924	100	90	2.1055	0.775895	40	40	0	244	2080	1.17224	0.767857	1925
310	554508	651	185021	369487	100	90	2.16167	0.775895	40	40	232484	244	2080	1.16691	0.772575	1925
311	614604	598	264579	350025	100	90	2.1962	0.775895	40	40	232484	244	2080	1.18555	0.794872	1925
312	625380	554	295105	330276	100	90	2.22018	0.775895	40	40	232484	244	2080	1.20471	0.815476	1925
313	586107	496	289108	296998	100	90	2.23893	0.775895	40	40	232484	244	2080	1.22013	0.826185	1925
314	539362	428	271428	267934	100	90	2.25941	0.775895	40	40	232484	244	2080	1.22167	0.813648	1925
315	500587	382	254668	245920	100	90	2.22475	0.775895	40	40	232484	244	2080	1.24654	0.863501	1925
316	316352	327	98648.7	217448	100	90	2.21911	0.775895	40	40	390879	244	2080	1.24919	0.868056	1925
317	279071	307	75201.2	203001	100	90	2.19873	0.775895	40	40	390879	244	2080	1.27562	0.890977	1925
318	330847	295	130159	194870	100	90	2.2254	0.775895	40	40	390879	244	2080	1.26616	0.904382	1925
319	331245	250	152922	171866	100	90	2.23797	0.775895	40	40	390879	244	2080	1.25561	0.901408	1925
320	339186	243	165684	167386	100	90	2.2686	0.775895	40	40	390879	244	2080	1.27053	0.915423	1925
321	308546	220	156227	152319	100	90	2.1955	0.775895	40	40	390879	244	2080	1.28272	0.919355	1925
322	210490	212	64685.4	145805	100	90	0.0982332	0.775895	40	40	484491	244	2080	1.00376	0.659597	1925
323	383758	199	112648	271109	100	90	0.0765573	0.775895	40	40	484491	244	2080	1.00292	0.656748	1925
324	687983	174	271004	416979	100	90	0.0670506	0.775895	40	40	484491	244	2080	1.0026	0.676454	1925
325	796422	157	343638	452784	100	90	0.0704761	0.775895	40	40	484491	244	2080	1.00269	0.735321	1925
326	563343	129	153839	409504	100	90	0.0731762	0.775895	40	40	484491	244	2080	1.00343	0.796828	1925
327	683916	2674	260712	423204	100	90	1.0556	0.775895	40	40	484491	244	2080	1.00458	0.78747	1925
328	870062	2519	382457	487606	100	90	1.33297	0.775895	40	40	484491	244	2080	1.0067	0.792333	1925
329	978905	2292	459427	519478	100	90	1.59447	0.775895	40	40	484491	244	2080	1.00914	0.795828	1925
330	751893	1896	243487	508406	100	90	1.61434	0.775895	37	40	484491	244	2080	1.10267	0.950907	1925
331	636241	1499	169553	466290	100	90	1.11757	0.775895	40	40	0	244	2080	1.0625	0.784231	1925
332	762622	1290	293691	467081	100	90	0.895165	0.775895	40	40	0	244	2080	1.04377	0.744777	1925
333	925828	1125	415295	508095	100	90	0.864364	0.775895	40	40	0	244	2080	1.04159	0.731807	1925
334	1.0494e+006	983	498462	548013	100	90	0.937938	0.775895	40	40	0	244	2080	1.04753	0.752034	1925
335	825216	982	259317	565806	100	90	1.11542	0.775895	40	40	0	244	2080	1.05593	0.766583	1925
336	937478	1517	380446	557032	100	90	1.66127	0.775895	40	40	0	244	2080	1.05579	0.766649	1925
337	988813	1452	454534	534278	100	90	1.82704	0.775895	40	40	0	244	2080	1.05993	0.764323	1925
338	1.0152e+006	1358	494635	520565	100	90	1.91554	0.775895	40	40	0	244	2080	1.06026	0.764571	1925
339	974012	1133	488050	485962	100	90	1.91554	0.775895	40	40	0	244	2080	1.05737	0.74359	1925
340	709338	955	262584	446754	100	90	1.91222	0.775895	40	40	221697	244	2080	1.06765	0.753261	1925
341	718920	813	313940	404980	100	90	1.98998	0.775895	40	40	221697	244	2080	1.07087	0.761232	1925
342	707596	719	338317	369279	100	90	2.04898	0.775895	40	40	221697	244	2080	1.07657	0.772595	1925
343	674144	634	336680	337463	100	90	2.09759	0.775895	40	40	221697	244	2080	1.09129	0.783333	1925
344	635373	560	322831	312542	100	90	2.12073	0.775895	40	40	221697	244	2080	1.12195	0.79925	1925
345	618337	521	316538	301799	100	90	2.14725	0.775895	40	40	221697	244	2080	1.13587	0.8125	1925
346	423652	480	139773	283298	100	90	2.143	0.775895	40	40	405542	244	2080	1.14427	0.80744	1925
347	436546	405	180543	248340	100	90	2.13289	0.775895	40	40	405542	244	2080	1.15238	0.840731	1925
348	458783	374	212540	236097	100	90	2.1607	0.775895	40	40	405542	244	2080	1.15104	0.851003	1925
349	430789	328	209417	209469	100	90	2.1654	0.775895	40	40	405542	244	2080	1.14371	0.832787	1925
350	414021	304	205763	197406	100	90	2.17356	0.775895	40	40	405542	244	2080	1.1541	0.845324	1925
351	362240	271	185971	176269	100	90	2.15151	0.775895	40	40	405542	244	2080	1.15414	0.850202	1925
352	216848	221	68407.1	148441	100	90	0.0875421	0.775895	40	40	515303	244	2080	1.00252	0.667106	1925
353	541764	204	248711	293053	100	90	0.0688857	0.775895	40	40	515303	244	2080	1.00201	0.669004	1925
354	835425	200	394690	440735	100	90	0.0735741	0.775895	40	40	515303	244	2080	1.00254	0.708072	1925
355	804960	187	386725	418236	100	90	0.0797923	0.775895	40	40	515303	244	2080	1.00312	0.800114	1925
356	802012	176	398580	403432	100	90	0.0938666	0.775895	40	40	515303	244	2080	1.00359	0.810925	1925
357	896354	2769	452437	443917	100	90	1.03567	0.775895	40	40	515303	244	2080	1.00422	0.785953	1925
358	985493	2315	499043	486450	100	90	1.21155	0.775895	40	40	515303	244	2080	1.00643	0.779242	1925
359	1.02594e+006	1965	523594	502347	100	90	1.32995	0.775895	40	40	515303	244	2080	1.00902	0.783654	1925
360	596212	1745	119031	477182	100	90	1.48783	0.775895	38	40	515303	244	2080	1.08545	0.92	1925
361	675541	1451	231350	443918	100	90	0.764889	0.775895	40	40	0	244	2080	1.03094	0.71809	1925
362	827643	1254	358711	468586	100	90	0.658251	0.775895	40	40	0	244	2080	1.02354	0.714407	1925
363	981661	1074	463828	517349	100	90	0.649057	0.775895	40	40	0	244	2080	1.02122	0.721268	1925
364	1.06394e+006	940	520097	543374	100	90	0.711409	0.775895	40	40	0	244	2080	1.02498	0.748744	1925
365	1.08594e+006	901	542121	543383	100	90	0.792713	0.775895	40	40	0	244	2080	1.02946	0.778583	1925
366	1.07112e+006	1761	543067	528050	100	90	1.48188	0.775895	40	40	0	244	2080	1.03177	0.772009	1925
367	1.06323e+006	1540	543734	519498	100	90	1.54203	0.775895	40	40	0	244	2080	1.03556	0.757717	1925
368	1.04594e+006	1462	539751	506193	100	90	1.69233	0.775895	40	40	0	244	2080	1.0398	0.747893	1925
369	995701	1218	516580	479121	100	90	1.77608	0.775895	40	40	0	244	2080	1.04616	0.736931	1925
370	714067	1065	257434	456633	100	90	1.84959	0.775895	40	40	259474	244	2080	1.05585	0.739845	1925
371	773920	971	337061	436860	100	90	1.98607	0.775895	40	40	259474	244	2080	1.06894	0.753191	1925
372	800604	896	383414	417190	100	90	2.07143	0.775895	40	40	259474	244	2080	1.08341	0.765046	1925
373	571883	793	189886	381997	100	90	2.13393	0.775895	40	40	259474	244	2080	1.0904	0.778656	1925
374	611326	698	263123	348203	100	90	2.17186	0.775895	40	40	259474	244	2080	1.10933	0.793985	1925
375	623383	636	299926	323457	100	90	2.21574	0.775895	40	40	259474	244	2080	1.11161	0.805324	1925
376	445473	581	145090	299686	100	90	2.20179	0.775895	40	40	444606	244	2080	1.12126	0.821494	1925
377	489760	533	201848	277424	100	90	2.17649	0.775895	40	40	444606	244	2080	1.12522	0.827038	1925
378	530647	510	246504	270023	100	90	2.20771	0.775895	40	40	444606	244	2080	1.13143	0.820084	1925
379	514022	456	249876	247391	100	90	2.24059	0.775895	40	40	444606	244	2080	1.15232	0.851415	1925
380	503336	423	250323	237568	100	90	2.24382	0.775895	40	40	444606	244	2080	1.15072	0.840102	1925
381	421154	355	217602	203552	100	90	2.24569	0.775895	40	40	444606	244	2080	1.17442	0.857143	1925
382	287344	340	90223.7	197120	100	90	0.11855	0.775895	40	40	574816	244	2080	1.00334	0.730264	1925
383	503016	325	145589	357428	100	90	0.102806	0.775895	40	40	574816	244	2080	1.0028	0.727746	1925
384	716820	295	267582	449238	100	90	0.0865905	0.775895	40	40	574816	244	2080	1.00226	0.75951	1925
385	561312	251	136568	424744	100	90	0.0888465	0.775895	40	40	574816	244	2080	1.00259	0.812322	1925
386	649626	227	228797	420829	100	90	0.103509	0.775895	40	40	574816	244	2080	1.003	0.834501	1925
387	818227	3164	350714	467513	100	90	1.10402	0.775895	40	40	574816	244	2080	1.00298	0.837838	1925
388	952774	2862	442133	510641	100	90	1.31906	0.775895	40	40	574816	244	2080	1.00377	0.848624	1925
389	978766	2528	473091	505675	100	90	1.46841	0.775895	40	40	574816	244	2080	1.00497	0.857552	1925
390	729501	1995	242472	487030	100	90	1.44551	0.775895	38	40	574816	244	2080	1.06903	0.959799	1925
391	856528	1683	375038	481035	100	90	0.855271	0.775895	40	40	0	244	2080	1.03124	0.802467	1925
392	944387	1383	450075	493610	100	90	0.71135	0.775895	40	40	0	244	2080	1.0233	0.774964	1925
393	1.07639e+006	1186	529103	546621	100	90	0.682062	0.775895	40	40	0	244	2080	1.02097	0.782999	1925
394	1.12921e+006	1016	561557	566918	100	90	0.706987	0.775895	40	40	0	244	2080	1.02081	0.807858	1925
395	1.09149e+006	926	549317	541460	100	90	0.767628	0.775895	40	40	0	244	2080	1.02368	0.825542	1925
396	1.08604e+006	1814	552769	533274	100	90	1.39614	0.775895	40	40	0	244	2080	1.02499	0.816551	1925
397	1.0972e+006	1615	562952	534244	100	90	1.46724	0.775895	40	40	0	244	2080	1.02603	0.808598	1925
398	1.03974e+006	1565	536737	502998	100	90	1.67337	0.775895	40	40	0	244	2080	1.03117	0.8	1925
399	980038	1296	508934	471104	100	90	1.76012	0.775895	40	40	0	244	2080	1.04491	0.799528	1925
400	700703	1100	259284	441420	100	90	1.8003	0.775895	40	40	245580	244	2080	1.04687	0.801484	1925
401	731615	961	321794	409821	100	90	1.91441	0.775895	40	40	245580	244	2080	1.05469	0.805732	1925
402	752194	876	363693	388501	100	90	2.00679	0.775895	40	40	245580	244	2080	1.06814	0.811189	1925
403	712266	756	358920	353346	100	90	2.06753	0.775895	40	40	245580	244	2080	1.0901	0.820652	1925
404	671470	676	344965	326505	100	90	2.11856	0.775895	40	40	245580	244	2080	1.08996	0.811836	1925
405	609913	587	316145	293768	100	90	2.16577	0.775895	40	40	245580	244	2080	1.10079	0.816754	1925
406	387884	512	127383	260193	100	90	2.18698	0.775895	40	40	438862	244	2080	1.09324	0.803213	1925
407	444904	485	185721	249859	100	90	2.20212	0.775895	40	40	438862	244	2080	1.10806	0.814894	1925
408	349440	451	111527	235584	100	90	2.23358	0.775895	40	40	438862	244	2080	1.10606	0.816092	1925
409	380249	408	157369	214499	100	90	2.24601	0.775895	40	40	438862	244	2080	1.10412	0.806122	1925
410	395654	377	185712	202365	100	90	2.23593	0.775895	40	40	438862	244	2080	1.12895	0.833333	1925
411	388568	352	195300	193268	100	90	2.22881	0.775895	40	40	438862	244	2080	1.12045	0.816817	1925
412	261155	317	82156	178999	100	90	0.136011	0.775895	40	40	554601	244	2080	1.0029	0.694888	1925
413	546738	281	248365	298373	100	90	0.10155	0.775895	40	40	554601	244	2080	1.00259	0.691354	1925
414	861461	268	407391	454070	100	90	0.107575	0.775895	40	40	554601	244	2080	1.00265	0.71907	1925
415	860929	233	414050	446878	100	90	0.106742	0.775895	40	40	554601	244	2080	1.0026	0.792155	1925
416	808494	210	401259	407235	100	90	0.114682	0.775895	40	40	554601	244	2080	1.00308	0.830927	1925
417	879627	2662	445010	434617	100	90	1.06331	0.775895	40	40	554601	244	2080	1.00362	0.800525	1925
418	699686	2254	224714	474973	100	90	1.22125	0.775895	40	40	554601	244	2080	1.00437	0.791875	1925
419	785358	1912	322046	463312	100	90	1.42396	0.775895	40	40	554601	244	2080	1.00669	0.801199	1925
420	702309	1840	211612	490696	100	90	1.67021	0.775895	38	40	554601	244	2080	1.11986	0.979224	1925
421	808309	1560	341209	466407	100	90	1.02193	0.775895	40	40	0	244	2080	1.05503	0.779828	1925
422	896566	1344	422271	473399	100	90	0.882354	0.775895	40	40	0	244	2080	1.03746	0.75728	1925
423	970914	1108	477934	491808	100	90	0.795624	0.775895	40	40	0	244	2080	1.03017	0.74842	1925
424	1.06245e+006	963	531397	529981	100	90	0.834676	0.775895	40	40	0	244	2080	1.03126	0.759347	1925
425	1.11313e+006	948	560497	551711	100	90	0.943115	0.775895	40	40	0	244	2080	1.03422	0.776741	1925
426	1.09614e+006	1598	557024	539120	100	90	1.58043	0.775895	40	40	0	244	2080	1.03839	0.774939	1925
427	1.05858e+006	1465	542410	516172	100	90	1.6936	0.775895	40	40	0	244	2080	1.04277	0.778272	1925
428	1.0044e+006	1335	518892	485507	100	90	1.84199	0.775895	40	40	0	244	2080	1.04503	0.765974	1925
429	973645	1151	505295	468350	100	90	1.90559	0.775895	40	40	0	244	2080	1.0532	0.766756	1925
430	674284	981	238765	435519	100	90	1.96381	0.775895	40	40	259065	244	2080	1.06456	0.756558	1925
431	745067	908	321287	423780	100	90	2.06594	0.775895	40	40	259065	244	2080	1.07986	0.772469	1925
432	735559	800	349951	385608	100	90	2.15739	0.775895	40	40	259065	244	2080	1.087	0.783959	1925
433	536307	716	177394	358913	100	90	2.2276	0.775895	40	40	259065	244	2080	1.10292	0.799419	1925
434	580006	648	247266	332741	100	90	2.25357	0.775895	40	40	259065	244	2080	1.125	0.829308	1925
435	579036	569	276908	302128	100	90	2.29203	0.775895	40	40	259065	244	2080	1.12081	0.823529	1925
436	383677	510	107505	275964	100	90	2.26762	0.775895	40	40	298353	244	2080	1.11874	0.834016	1925
437	437664	467	170826	258543	100	90	2.27035	0.775895	40	40	298353	244	2080	1.12348	0.846325	1925
438	457305	417	208214	238835	100	90	2.29591	0.775895	40	40	298353	244	2080	1.11991	0.825871	1925
439	488912	411	235849	238245	100	90	2.35465	0.775895	40	40	298353	244	2080	1.12085	0.822622	1925
440	483384	387	239203	230275	100	90	2.37747	0.775895	40	40	298353	244	2080	1.11705	0.813187	1925
441	432439	341	222518	209921	100	90	2.37975	0.775895	40	40	298353	244	2080	1.11175	0.808176	1925
442	284152	310	84926.8	199225	100	90	0.117693	0.775895	40	40	437496	244	2080	1.00283	0.710886	1925
443	610412	270	272823	337589	100	90	0.0913167	0.775895	40	40	437496	244	2080	1.00236	0.710561	1925
444	857131	259	402134	454997	100	90	0.0939479	0.775895	40	40	437496	244	2080	1.00244	0.752344	1925
445	822283	237	395939	426344	100	90	0.0961854	0.775895	40	40	437496	244	2080	1.00266	0.822562	1925
446	830106	227	413061	417045	100	90	0.114717	0.775895	40	40	437496	244	2080	1.00343	0.826126	1925
447	905235	2804	457047	448189	100	90	1.07458	0.775895	40	40	437496	244	2080	1.00384	0.812305	1925
448	985883	2357	500034	485849	100	90	1.25321	0.775895	40	40	437496	244	2080	1.00531	0.815482	1925
449	991134	1988	505801	485333	100	90	1.41737	0.775895	40	40	437496	244	2080	1.00816	0.822847	1925
450	729842	1706	252928	476914	100	90	1.56427	0.775895	38	40	437496	244	2080	1.10196	0.97	1925
451	831922	1452	372136	459204	100	90	0.809633	0.775895	40	40	0	244	2080	1.03741	0.766818	1925
452	925114	1213	446725	477396	100	90	0.671283	0.775895	40	40	0	244	2080	1.02499	0.747225	1925
453	1.03259e+006	1036	511137	520564	100	90	0.64318	0.775895	40	40	0	244	2080	1.02174	0.750821	1925
454	1.08884e+006	887	544004	544078	100	90	0.670599	0.775895	40	40	0	244	2080	1.02462	0.783174	1925
455	797254	825	258614	538640	100	90	0.739689	0.775895	40	40	0	244	2080	1.02701	0.797002	1925
456	893870	1778	366324	527545	100	90	1.48342	0.775895	40	40	0	244	2080	1.02771	0.797269	1925
457	958089	1626	441724	516365	100	90	1.65354	0.775895	40	40	0	244	2080	1.03427	0.795344	1925
458	976629	1539	478336	498293	100	90	1.83156	0.775895	40	40	0	244	2080	1.03801	0.785572	1925
459	960133	1281	485134	474999	100	90	1.88822	0.775895	40	40	0	244	2080	1.04545	0.774502	1925
460	615220	1041	182161	433060	100	90	1.94502	0.775895	40	40	42913.7	244	2080	1.0498	0.767123	1925
461	666413	898	270656	395757	100	90	2.03289	0.775895	40	40	42913.7	244	2080	1.05574	0.769752	1925
462	689203	773	325645	363558	100	90	2.10178	0.775895	40	40	42913.7	244	2080	1.06517	0.788714	1925
463	710991	707	356049	354942	100	90	2.17029	0.775895	40	40	42913.7	244	2080	1.07665	0.798561	1925
464	680650	634	348976	331673	100	90	2.22887	0.775895	40	40	42913.7	244	2080	1.09192	0.807074	1925
465	456648	543	158909	297739	100	90	2.27238	0.775895	40	40	42913.7	244	2080	1.10167	0.815789	1925
466	381006	476	111640	268719	100	90	2.30646	0.775895	40	40	160466	244	2080	1.10526	0.827957	1925
467	427345	435	169887	248736	100	90	2.31391	0.775895	40	40	160466	244	2080	1.11983	0.847255	1925
468	442285	386	204983	226589	100	90	2.34461	0.775895	40	40	160466	244	2080	1.11222	0.845528	1925
469	425620	343	207950	203962	100	90	2.37333	0.775895	40	40	160466	244	2080	1.11782	0.854938	1925
470	435227	333	218467	203507	100	90	2.3707	0.775895	40	40	160466	244	2080	1.12094	0.852564	1925
471	413524	319	215838	197686	100	90	2.3697	0.775895	40	40	160466	244	2080	1.12037	0.832776	1925
472	272502	308	77461	195041	100	90	0.120185	0.775895	40	40	303685	244	2080	1.00268	0.734582	1925
473	587176	259	261231	325945	100	90	0.0878315	0.775895	40	40	303685	244	2080	1.00224	0.732774	1925
474	851632	229	400077	451555	100	90	0.084755	0.775895	40	40	303685	244	2080	1.00233	0.760798	1925
475	814119	216	391061	423058	100	90	0.0916106	0.775895	40	40	303685	244	2080	1.00265	0.825566	1925
476	804728	191	399718	405010	100	90	0.101354	0.775895	40	40	303685	244	2080	1.0029	0.841938	1925
477	904008	2728	455997	448011	100	90	1.08047	0.775895	40	40	303685	244	2080	1.00358	0.827746	1925
478	976496	2340	495663	480832	100	90	1.28857	0.775895	40	40	303685	244	2080	1.00405	0.827025	1925
479	987248	1905	504548	482700	100	90	1.42046	0.775895	40	40	303685	244	2080	1.00662	0.818563	1925
480	734399	1668	255087	479312	100	90	1.57117	0.775895	38	40	303685	244	2080	1.10712	0.987326	1925
481	817191	1365	366025	451086	100	90	0.866663	0.775895	40	40	0	244	2080	1.04106	0.797295	1925
482	906259	1156	440152	465934	100	90	0.712686	0.775895	40	40	0	244	2080	1.02738	0.775069	1925
483	1.01862e+006	979	507426	511025	100	90	0.652424	0.775895	40	40	0	244	2080	1.02267	0.775636	1925
484	804739	816	264853	539886	100	90	0.675984	0.775895	40	40	0	244	2080	1.02348	0.789694	1925
485	910594	765	375453	535141	100	90	0.747875	0.775895	40	40	0	244	2080	1.02532	0.802071	1925
486	995328	1662	460212	535116	100	90	1.50183	0.775895	40	40	0	244	2080	1.02883	0.811368	1925
487	1.03613e+006	1601	506115	530014	100	90	1.66164	0.775895	40	40	0	244	2080	1.03405	0.811578	1925
488	1.03749e+006	1530	522418	515068	100	90	1.78463	0.775895	40	40	0	244	2080	1.03822	0.80305	1925
489	992556	1229	508811	483745	100	90	1.834	0.775895	40	40	0	244	2080	1.04844	0.798507	1925
490	697396	1046	235131	462264	100	90	1.90642	0.775895	40	40	283587	244	2080	1.0551	0.795699	1925
491	756149	930	319876	436273	100	90	2.0206	0.775895	40	40	283587	244	2080	1.06854	0.809001	1925
492	791679	839	377539	414141	100	90	2.11124	0.775895	40	40	283587	244	2080	1.08217	0.822168	1925
493	764376	742	383532	380844	100	90	2.20456	0.775895	40	40	283587	244	2080	1.0874	0.814917	1925
494	734897	669	375804	359092	100	90	2.28311	0.775895	40	40	283587	244	2080	1.10946	0.853621	1925
495	707027	619	364626	342401	100	90	2.32411	0.775895	40	40	283587	244	2080	1.11952	0.865225	1925
496	439313	575	116456	322736	100	90	2.3365	0.775895	40	40	350108	244	2080	1.12541	0.873874	1925
497	493138	521	186456	297229	100	90	2.35268	0.775895	40	40	350108	244	2080	1.13519	0.885772	1925
498	568611	513	257604	297560	100	90	2.36632	0.775895	40	40	350108	244	2080	1.14368	0.898969	1925
499	599123	498	287337	292000	100	90	2.40218	0.775895	40	40	350108	244	2080	1.14659	0.891258	1925
500	582522	459	287895	276500	100	90	2.44283	0.775895	40	40	350108	244	2080	1.13786	0.880841	1925
501	525622	414	270762	254859	100	90	2.4639	0.775895	40	40	350108	244	2080	1.12802	0.888021	1925
502	322309	366	89428.3	232881	100	90	0.141075	0.775895	40	40	528180	244	2080	1.00388	0.753051	1925
503	658940	345	286318	372622	100	90	0.115417	0.775895	40	40	528180	244	2080	1.00305	0.748129	1925
504	875401	327	406742	468659	100	90	0.118532	0.775895	40	40	528180	244	2080	1.00332	0.784648	1925
505	588286	262	170947	417339	100	90	0.110233	0.775895	40	40	528180	244	2080	1.00369	0.83833	1925
506	522738	220	111756	410982	100	90	0.117868	0.775895	40	40	528180	244	2080	1.00453	0.847468	1925
507	657252	3046	227146	430106	100	90	1.27112	0.775895	40	40	528180	244	2080	1.00575	0.84324	1925
508	836719	2847	351155	485564	100	90	1.6147	0.775895	40	40	528180	244	2080	1.00859	0.855905	1925
509	901438	2303	414366	487072	100	90	1.69375	0.775895	40	40	528180	244	2080	1.01167	0.865504	1925
510	709870	1909	227922	481948	100	90	1.65676	0.775895	37	40	528180	244	2080	1.09573	1.00581	1925
511	833325	1588	357943	475343	100	90	0.832561	0.775895	40	40	0	244	2080	1.03327	0.793648	1925
512	952976	1326	449807	503150	100	90	0.702702	0.775895	40	40	0	244	2080	1.02537	0.78268	1925
513	1.09272e+006	1132	534173	558527	100	90	0.661923	0.775895	40	40	0	244	2080	1.02328	0.789482	1925
514	1.141e+006	958	566849	574100	100	90	0.681923	0.775895	40	40	0	244	2080	1.02498	0.811655	1925
515	1.10525e+006	882	557393	547815	100	90	0.745901	0.775895	40	40	0	244	2080	1.0272	0.828264	1925
516	1.09733e+006	1765	560299	537026	100	90	1.42255	0.775895	40	40	0	244	2080	1.03175	0.823165	1925
517	1.11908e+006	1600	576050	543034	100	90	1.55989	0.775895	40	40	0	244	2080	1.03713	0.82047	1925
518	790499	1463	266329	524170	100	90	1.75569	0.775895	40	40	0	244	2080	1.04384	0.822052	1925
519	874470	1267	370781	503689	100	90	1.91731	0.775895	40	40	0	244	2080	1.05449	0.822061	1925
520	695787	1063	229202	466585	100	90	2.00646	0.775895	40	40	217292	244	2080	1.06514	0.825794	1925
521	760369	919	321442	438926	100	90	2.13963	0.775895	40	40	217292	244	2080	1.08247	0.835006	1925
522	788210	809	376376	411834	100	90	2.21523	0.775895	40	40	217292	244	2080	1.09916	0.864041	1925
523	733940	681	368847	365093	100	90	2.24298	0.775895	40	40	217292	244	2080	1.12516	0.889394	1925
524	688434	595	352012	336422	100	90	2.26789	0.775895	40	40	217292	244	2080	1.14286	0.89317	1925
525	662098	544	342175	319922	100	90	2.26603	0.775895	40	40	217292	244	2080	1.15177	0.908046	1925
526	406405	483	113546	292810	100	90	2.2775	0.775895	40	40	454635	244	2080	1.14611	0.908497	1925
527	460685	441	179192	272476	100	90	2.29887	0.775895	40	40	454635	244	2080	1.15074	0.920673	1925
528	473702	388	217777	244169	100	90	2.33835	0.775895	40	40	454635	244	2080	1.14356	0.914601	1925
529	483520	353	234836	232716	100	90	2.33718	0.775895	40	40	454635	244	2080	1.15659	0.936364	1925
530	450729	318	225668	211198	100	90	2.37133	0.775895	40	40	454635	244	2080	1.1735	0.921233	1925
531	308692	296	107756	200936	100	90	2.36448	0.775895	40	40	454635	244	2080	1.16443	0.904059	1925
532	255913	275	67234.6	188678	100	90	0.101501	0.775895	40	40	547835	244	2080	1.00309	0.785198	1925
533	597354	251	259147	338207	100	90	0.0856753	0.775895	40	40	547835	244	2080	1.00277	0.784319	1925
534	850847	215	394516	456332	100	90	0.0808605	0.775895	40	40	547835	244	2080	1.00271	0.810129	1925
535	800186	183	380765	419421	100	90	0.0790237	0.775895	39	40	547835	244	2080	1.0028	0.857001	1925
536	783071	160	387756	395315	100	90	0.0867702	0.775895	39	40	547835	244	2080	1.00279	0.868635	1925
537	883775	2809	445441	438334	100	90	1.11698	0.775895	39	40	547835	244	2080	1.0038	0.858911	1925
538	982932	2353	497673	485259	100	90	1.29435	0.775895	39	40	547835	244	2080	1.00587	0.865983	1925
539	1.00466e+006	1946	511660	493004	100	90	1.42119	0.775895	39	40	547835	244	2080	1.00942	0.868881	1925
540	743370	1729	256794	486575	100	90	1.54709	0.775895	37	40	547835	244	2080	1.1027	1.03147	1925
541	835557	1430	370995	464541	100	90	0.898115	0.775895	40	40	0	244	2080	1.04265	0.84403	1925
542	955662	1246	460593	495036	100	90	0.777049	0.775895	40	40	0	244	2080	1.02821	0.820954	1925
543	1.06756e+006	1064	529220	538297	100	90	0.74349	0.775895	40	40	0	244	2080	1.02498	0.818564	1925
544	1.13351e+006	931	567936	565526	100	90	0.810752	0.775895	40	40	0	244	2080	1.02889	0.832509	1925
545	1.11222e+006	872	561574	550602	100	90	0.91584	0.775895	40	40	0	244	2080	1.03366	0.841859	1925
546	780056	1420	257633	522423	100	90	1.52291	0.775895	40	40	0	244	2080	1.03689	0.830303	1925
547	875385	1461	364513	510872	100	90	1.75766	0.775895	40	40	0	244	2080	1.04094	0.83261	1925
548	708660	1351	211728	496932	100	90	1.89267	0.775895	40	40	0	244	2080	1.05007	0.831818	1925
549	775536	1154	312882	462654	100	90	1.98049	0.775895	40	40	0	244	2080	1.05566	0.831709	1925
550	686689	1039	228354	458336	100	90	2.06801	0.775895	40	40	181898	244	2080	1.05949	0.833825	1925
551	747754	923	318496	429258	100	90	2.16514	0.775895	40	40	181898	244	2080	1.06598	0.824834	1925
552	775082	817	369428	405654	100	90	2.26201	0.775895	40	40	181898	244	2080	1.0766	0.828321	1925
553	757009	725	378283	378726	100	90	2.30681	0.775895	40	40	181898	244	2080	1.08424	0.842553	1925
554	526928	634	177748	349180	100	90	2.36414	0.775895	40	40	181898	244	2080	1.1036	0.85622	1925
555	569661	574	242057	327604	100	90	2.37889	0.775895	40	40	181898	244	2080	1.12683	0.871429	1925
556	392454	496	99498.1	292791	100	90	2.38499	0.775895	40	40	222158	244	2080	1.12383	0.874227	1925
557	421779	430	158454	255180	100	90	2.375	0.775895	40	40	222158	244	2080	1.13072	0.880952	1925
558	471819	410	214243	246556	100	90	2.4136	0.775895	40	40	222158	244	2080	1.12791	0.883838	1925
559	476496	378	228863	231794	100	90	2.39577	0.775895	40	40	222158	244	2080	1.14872	0.913408	1925
560	486570	360	240609	230941	100	90	2.39367	0.775895	40	40	222158	244	2080	1.14247	0.897661	1925
561	447659	328	230604	217054	100	90	2.34881	0.775895	40	40	222158	244	2080	1.15205	0.906752	1925
562	282056	306	75507.6	206549	100	90	0.120035	0.775895	40	40	378947	244	2080	1.00362	0.771832	1925
563	615452	276	268737	346715	100	90	0.092696	0.775895	40	40	378947	244	2080	1.00306	0.771825	1925
564	869159	253	403343	465816	100	90	0.0936215	0.775895	40	40	378947	244	2080	1.00344	0.804156	1925
565	830350	237	395320	435030	100	90	0.100597	0.775895	40	40	378947	244	2080	1.00381	0.859574	1925
566	829883	220	409902	419981	100	90	0.117212	0.775895	40	40	378947	244	2080	1.0046	0.861731	1925
567	936898	2671	469604	467295	100	90	1.09721	0.775895	40	40	378947	244	2080	1.00715	0.856974	1925
568	1.01155e+006	2240	509948	501601	100	90	1.27937	0.775895	40	40	378947	244	2080	1.00985	0.867138	1925
569	1.05798e+006	1894	536625	521359	100	90	1.44676	0.775895	40	40	378947	244	2080	1.01403	0.857209	1925
570	628601	1654	122880	505721	100	90	1.56993	0.775895	37	40	378947	244	2080	1.12991	1.06552	1925
571	734997	1442	243996	490963	100	90	0.787471	0.775895	40	40	0	244	2080	1.04413	0.828037	1925
572	871982	1227	367771	504162	100	90	0.682671	0.775895	40	40	0	244	2080	1.03067	0.811236	1925
573	988622	1012	461379	527123	100	90	0.651497	0.775895	40	40	0	244	2080	1.02838	0.82352	1925
574	1.09225e+006	861	528943	563207	100	90	0.685565	0.775895	40	40	0	244	2080	1.03266	0.832485	1925
575	814254	852	256731	557524	100	90	0.819522	0.775895	40	40	0	244	2080	1.03731	0.847622	1925
576	899937	1694	360738	539199	100	90	1.5539	0.775895	40	40	0	244	2080	1.03975	0.849711	1925
577	741322	1534	213570	527752	100	90	1.66287	0.775895	40	40	0	244	2080	1.04194	0.847875	1925
578	670323	1535	157394	512929	100	90	1.87543	0.775895	40	40	0	244	2080	1.04655	0.848627	1925
579	764189	1337	274864	489325	100	90	2.01047	0.775895	40	40	0	244	2080	1.04966	0.848508	1925
580	718502	1169	241448	477054	100	90	2.12396	0.775895	40	40	142930	244	2080	1.06328	0.860404	1925
581	825391	1081	349892	475499	100	90	2.17645	0.775895	40	40	142930	244	2080	1.07976	0.875712	1925
582	851044	967	404435	446609	100	90	2.22608	0.775895	40	40	142930	244	2080	1.08596	0.889597	1925
583	815028	829	405401	409627	100	90	2.22575	0.775895	40	40	142930	244	2080	1.09336	0.89246	1925
584	565641	718	190944	374698	100	90	2.20552	0.775895	40	40	142930	244	2080	1.10464	0.895714	1925
585	592388	640	252705	339683	100	90	2.20179	0.775895	40	40	142930	244	2080	1.12619	0.917874	1925
586	441624	559	133594	307606	100	90	2.20515	0.775895	40	40	315067	244	2080	1.14554	0.933457	1925
587	470410	489	187098	274021	100	90	2.21522	0.775895	40	40	315067	244	2080	1.15426	0.937107	1925
588	504370	460	231825	259560	100	90	2.30276	0.775895	40	40	315067	244	2080	1.14604	0.93228	1925
589	537890	452	259819	260825	100	90	2.34587	0.775895	40	40	315067	244	2080	1.15021	0.951163	1925
590	530467	419	262386	252193	100	90	2.38931	0.775895	40	40	315067	244	2080	1.14858	0.939698	1925
591	477995	374	246236	231759	100	90	2.39083	0.775895	40	40	315067	244	2080	1.16489	0.935028	1925
592	310916	353	88373.5	222542	100	90	0.136919	0.775895	40	40	477064	244	2080	1.00405	0.833797	1925
593	622623	306	273077	349546	100	90	0.101718	0.775895	40	40	477064	244	2080	1.00334	0.833119	1925
594	877580	244	410556	467024	100	90	0.0885338	0.775895	40	40	477064	244	2080	1.00337	0.852256	1925
595	856412	233	409411	447001	100	90	0.0956486	0.775895	40	40	477064	244	2080	1.00374	0.892043	1925
596	832273	219	411388	420885	100	90	0.110777	0.775895	40	40	477064	244	2080	1.00465	0.900413	1925
597	916491	2853	461440	455051	100	90	1.08939	0.775895	40	40	477064	244	2080	1.00605	0.891661	1925
598	1.01549e+006	2446	514479	501008	100	90	1.30038	0.775895	40	40	477064	244	2080	1.00834	0.892112	1925
599	766059	2017	247819	518240	100	90	1.44669	0.775895	40	40	477064	244	2080	1.01087	0.888204	1925
600	663678	1798	168453	495224	100	90	1.66364	0.775895	38	40	477064	244	2080	1.10553	1.04141	1925
601	783885	1538	302136	481748	100	90	0.855112	0.775895	40	40	0	244	2080	1.03652	0.869344	1925
602	908976	1304	409447	499528	100	90	0.725297	0.775895	40	40	0	244	2080	1.02355	0.854435	1925
603	1.04376e+006	1122	500767	542990	100	90	0.706102	0.775895	40	40	0	244	2080	1.02196	0.858041	1925
604	834060	944	268233	565827	100	90	0.731362	0.775895	40	40	0	244	2080	1.02416	0.868863	1925
605	944407	881	379899	564508	100	90	0.817304	0.775895	40	40	0	244	2080	1.02859	0.883993	1925
606	1.02278e+006	1770	466379	556399	100	90	1.52278	0.775895	40	40	0	244	2080	1.02745	0.887267	1925
607	1.03651e+006	1634	502520	533988	100	90	1.67585	0.775895	40	40	0	244	2080	1.02931	0.881449	1925
608	1.0343e+006	1464	517618	516679	100	90	1.80739	0.775895	40	40	0	244	2080	1.03468	0.882557	1925
609	1.00656e+006	1219	512575	493986	100	90	1.88042	0.775895	40	40	0	244	2080	1.04436	0.885547	1925
610	695703	1032	234118	461585	100	90	1.93976	0.775895	40	40	284179	244	2080	1.05785	0.896142	1925
611	740493	900	310852	429640	100	90	2.04679	0.775895	40	40	284179	244	2080	1.06286	0.896825	1925
612	771941	800	365651	406291	100	90	2.14998	0.775895	40	40	284179	244	2080	1.07895	0.903061	1925
613	774519	729	386188	388331	100	90	2.20566	0.775895	40	40	284179	244	2080	1.10012	0.925562	1925
614	719804	647	367165	352639	100	90	2.22903	0.775895	40	40	284179	244	2080	1.11295	0.934921	1925
615	685631	589	352864	332767	100	90	2.28257	0.775895	40	40	284179	244	2080	1.12303	0.935315	1925
616	432673	534	126118	306393	100	90	2.28197	0.775895	40	40	523943	244	2080	1.13732	0.948077	1925
617	479816	488	187499	283153	100	90	2.33245	0.775895	40	40	523943	244	2080	1.14173	0.938559	1925
618	512121	448	233495	265612	100	90	2.35209	0.775895	40	40	523943	244	2080	1.14192	0.937209	1925
619	526704	423	253650	255847	100	90	2.33587	0.775895	40	40	523943	244	2080	1.15668	0.950617	1925
620	478839	362	237456	226527	100	90	2.36638	0.775895	40	40	523943	244	2080	1.11497	0.904624	1925
621	441750	326	228485	213265	100	90	2.36806	0.775895	40	40	523943	244	2080	1.13514	0.915309	1925
622	280198	301	75650.5	204547	100	90	0.119007	0.775895	40	40	679807	244	2080	1.0033	0.80645	1925
623	603647	271	265310	338336	100	90	0.0918152	0.775895	40	40	679807	244	2080	1.00252	0.801424	1925
624	878473	249	410703	467771	100	90	0.0928215	0.775895	40	40	679807	244	2080	1.00273	0.826623	1925
625	828062	221	396272	431790	100	90	0.09478	0.775895	40	40	679807	244	2080	1.00328	0.877894	1925
626	839819	216	416569	423250	100	90	0.112598	0.775895	40	40	679807	244	2080	1.0038	0.889514	1925
627	932328	2804	469077	463251	100	90	1.13069	0.775895	40	40	679807	244	2080	1.00604	0.8811	1925
628	720873	2225	229705	491168	100	90	1.26827	0.775895	40	40	679807	244	2080	1.00771	0.876218	1925
629	804494	1923	320492	484002	100	90	1.44087	0.775895	40	40	679807	244	2080	1.01018	0.879111	1925
630	686095	1772	202236	483859	100	90	1.65146	0.775895	37	40	679807	244	2080	1.10574	1.04281	1925
631	801064	1484	332546	468480	100	90	0.882094	0.775895	40	40	0	244	2080	1.03651	0.855401	1925
632	921305	1278	428818	492397	100	90	0.761949	0.775895	40	40	0	244	2080	1.02616	0.842763	1925
633	1.04213e+006	1080	507204	534833	100	90	0.709184	0.775895	40	40	0	244	2080	1.0221	0.841574	1925
634	1.10915e+006	891	548281	560780	100	90	0.728066	0.775895	40	40	0	244	2080	1.02601	0.854929	1925
635	1.13839e+006	843	569696	568603	100	90	0.81169	0.775895	40	40	0	244	2080	1.03168	0.86463	1925
636	1.12634e+006	1650	569840	556496	100	90	1.50309	0.775895	40	40	0	244	2080	1.03376	0.871841	1925
637	1.1138e+006	1493	568278	545526	100	90	1.61494	0.775895	40	40	0	244	2080	1.03837	0.873857	1925
638	1.07886e+006	1363	555266	523594	100	90	1.74982	0.775895	40	40	0	244	2080	1.04396	0.864599	1925
639	1.01796e+006	1126	526707	491251	100	90	1.841	0.775895	40	40	0	244	2080	1.05727	0.865014	1925
640	666344	955	215058	451285	100	90	1.93452	0.775895	40	40	312801	244	2080	1.07338	0.880259	1925
641	742353	868	310240	432113	100	90	2.0836	0.775895	40	40	312801	244	2080	1.087	0.880526	1925
642	744314	741	353682	390631	100	90	2.15976	0.775895	40	40	312801	244	2080	1.10112	0.890756	1925
643	721297	652	361659	359638	100	90	2.21129	0.775895	40	40	312801	244	2080	1.12636	0.914286	1925
644	687213	591	351459	335754	100	90	2.25842	0.775895	40	40	312801	244	2080	1.12813	0.90669	1925
645	646911	533	334259	312652	100	90	2.26699	0.775895	40	40	312801	244	2080	1.14513	0.91716	1925
646	407212	491	113244	293916	100	90	2.26468	0.775895	40	40	548216	244	2080	1.16667	0.937634	1925
647	364546	449	91156.7	272173	100	90	2.28745	0.775895	40	40	548216	244	2080	1.16774	0.916279	1925
648	341847	428	80836.6	259587	100	90	2.29586	0.775895	40	40	548216	244	2080	1.17162	0.911111	1925
649	383689	390	139574	236599	100	90	2.27096	0.775895	40	40	548216	244	2080	1.18204	0.92623	1925
650	428370	360	194247	227198	100	90	2.26561	0.775895	40	40	548216	244	2080	1.18699	0.946588	1925
651	410943	318	204907	206036	100	90	2.2757	0.775895	40	40	548216	244	2080	1.20625	0.955479	1925
652	279698	308	73312.8	206385	100	90	0.162523	0.775895	40	40	698087	244	2080	1.00559	0.765583	1925
653	516270	286	220619	295651	100	90	0.120625	0.775895	40	40	698087	244	2080	1.00396	0.765913	1925
654	822680	244	386063	436617	100	90	0.114122	0.775895	40	40	698087	244	2080	1.00401	0.776223	1925
655	901574	214	431677	469898	100	90	0.113028	0.775895	40	40	698087	244	2080	1.0043	0.824809	1925
656	876141	189	429369	446772	100	90	0.11972	0.775895	40	40	698087	244	2080	1.00463	0.855121	1925
657	956110	2552	479125	476985	100	90	1.14931	0.775895	40	40	698087	244	2080	1.00631	0.842264	1925
658	735803	2189	234069	501734	100	90	1.29749	0.775895	40	40	698087	244	2080	1.0069	0.834171	1925
659	831352	1878	335832	495520	100	90	1.4362	0.775895	40	40	698087	244	2080	1.00791	0.830586	1925
660	718917	1827	214278	504639	100	90	1.68618	0.775895	39	40	698087	244	2080	1.12571	1.01935	1925
661	783327	1456	327483	455779	100	90	1.13531	0.775895	40	40	0	244	2080	1.06287	0.85982	1925
662	668460	1237	201317	467121	100	90	0.970015	0.775895	40	40	0	244	2080	1.03948	0.817506	1925
663	824077	1069	335963	488081	100	90	0.87131	0.775895	40	40	0	244	2080	1.02978	0.801564	1925
664	1.00257e+006	967	462427	540113	100	90	0.931654	0.775895	40	40	0	244	2080	1.03323	0.807403	1925
665	1.07224e+006	905	520257	551950	100	90	1.033	0.775895	40	40	0	244	2080	1.03882	0.824462	1925
666	1.0783e+006	1486	538658	539643	100	90	1.71418	0.775895	40	40	0	244	2080	1.04325	0.830898	1925
667	1.0862e+006	1412	552392	533805	100	90	1.84295	0.775895	40	40	0	244	2080	1.04898	0.828383	1925
668	1.04526e+006	1267	538125	507134	100	90	1.91706	0.775895	40	40	0	244	2080	1.05623	0.823625	1925
669	996189	1080	516715	479474	100	90	1.94194	0.775895	40	40	0	244	2080	1.06379	0.825427	1925
670	671607	959	212655	458952	100	90	1.98955	0.775895	40	40	313208	244	2080	1.0683	0.824973	1925
671	733248	856	302139	431109	100	90	2.08969	0.775895	40	40	313208	244	2080	1.07799	0.828743	1925
672	734862	728	348633	386229	100	90	2.17113	0.775895	40	40	313208	244	2080	1.08528	0.831461	1925
673	720246	654	361575	358671	100	90	2.19886	0.775895	40	40	313208	244	2080	1.10081	0.838305	1925
674	672885	579	344914	327971	100	90	2.24775	0.775895	40	40	313208	244	2080	1.11924	0.865009	1925
675	661760	548	342806	318954	100	90	2.27982	0.775895	40	40	313208	244	2080	1.12435	0.864151	1925
676	408320	492	112790	295531	100	90	2.27531	0.775895	40	40	553099	244	2080	1.12668	0.879493	1925
677	475735	470	184030	282663	100	90	2.27156	0.775895	40	40	553099	244	2080	1.13701	0.901345	1925
678	483356	399	221274	250782	100	90	2.2912	0.775895	40	40	553099	244	2080	1.13043	0.889182	1925
679	475984	355	230950	229541	100	90	2.29102	0.775895	40	40	553099	244	2080	1.15278	0.915408	1925
680	440506	302	220110	206760	100	90	2.33904	0.775895	40	40	553099	244	2080	1.15282	0.896057	1925
681	401682	272	209123	192559	100	90	2.33383	0.775895	40	40	553099	244	2080	1.171	0.919355	1925
682	235216	242	58765.3	176450	100	90	0.100015	0.775895	40	40	704604	244	2080	1.00338	0.739288	1925
683	552268	205	242001	310268	100	90	0.0693941	0.775895	40	40	704604	244	2080	1.00213	0.737367	1925
684	832601	183	388886	443715	100	90	0.068147	0.775895	40	40	704604	244	2080	1.00218	0.770698	1925
685	784988	164	375934	409054	100	90	0.0706262	0.775895	40	40	704604	244	2080	1.00253	0.835511	1925
686	795354	150	396153	399200	100	90	0.0822988	0.775895	40	40	704604	244	2080	1.00346	0.853591	1925
687	898468	2727	453992	444477	100	90	1.07396	0.775895	40	40	704604	244	2080	1.00503	0.844828	1925
688	970910	2339	493278	477632	100	90	1.30468	0.775895	40	40	704604	244	2080	1.00718	0.846777	1925
689	982101	1858	501409	480692	100	90	1.40713	0.775895	40	40	704604	244	2080	1.00904	0.847642	1925
690	575281	1555	112746	462534	100	90	1.53214	0.775895	38	40	704604	244	2080	1.11226	1.0346	1925
691	646442	1279	218129	428287	100	90	0.739206	0.775895	40	40	0	244	2080	1.03402	0.785165	1925
692	781537	1073	336173	445347	100	90	0.612377	0.775895	40	40	0	244	2080	1.02326	0.767576	1925
693	938493	893	441570	496883	100	90	0.574861	0.775895	40	40	0	244	2080	1.02105	0.776721	1925
694	1.04765e+006	754	508886	538721	100	90	0.607832	0.775895	40	40	0	244	2080	1.02459	0.798729	1925
695	1.05474e+006	710	523118	531581	100	90	0.685528	0.775895	40	40	0	244	2080	1.02572	0.814555	1925
696	1.04037e+006	1657	526074	514292	100	90	1.48687	0.775895	40	40	0	244	2080	1.02727	0.81585	1925
697	769776	1538	255317	514459	100	90	1.63138	0.775895	40	40	0	244	2080	1.03407	0.81345	1925
698	826943	1396	346263	480680	100	90	1.77499	0.775895	40	40	0	244	2080	1.03848	0.822368	1925
699	884505	1177	417440	467066	100	90	1.90502	0.775895	40	40	0	244	2080	1.04668	0.828844	1925
700	659163	1011	216697	442466	100	90	1.97315	0.775895	40	40	247936	244	2080	1.05157	0.832154	1925
701	738686	912	309882	428804	100	90	2.06528	0.775895	40	40	247936	244	2080	1.06795	0.842873	1925
702	755522	798	360243	395278	100	90	2.14501	0.775895	40	40	247936	244	2080	1.07873	0.842105	1925
703	736978	702	370259	366720	100	90	2.21594	0.775895	40	40	247936	244	2080	1.09483	0.854626	1925
704	712140	640	365219	346921	100	90	2.24886	0.775895	40	40	247936	244	2080	1.10709	0.854839	1925
705	688359	585	356687	331672	100	90	2.25029	0.775895	40	40	247936	244	2080	1.12969	0.88057	1925
706	436424	542	120213	316204	100	90	2.26201	0.775895	40	40	500333	244	2080	1.13253	0.880309	1925
707	392027	504	97042.8	293523	100	90	2.28093	0.775895	40	40	500333	244	2080	1.13826	0.888889	1925
708	446253	467	162540	274624	100	90	2.29551	0.775895	40	40	500333	244	2080	1.14493	0.902494	1925
709	458669	399	204699	243811	100	90	2.329	0.775895	40	40	500333	244	2080	1.13971	0.890374	1925
710	467861	371	227237	231471	100	90	2.34166	0.775895	40	40	500333	244	2080	1.15903	0.915452	1925
711	459086	351	234216	224870	100	90	2.30576	0.775895	40	40	500333	244	2080	1.19484	0.959752	1925
712	273501	305	70654.3	202847	100	90	0.143754	0.775895	40	40	666230	244	2080	1.00447	0.733403	1925
713	537606	262	231838	305769	100	90	0.0984704	0.775895	40	40	666230	244	2080	1.0031	0.730375	1925
714	649624	236	197457	452168	100	90	0.0980725	0.775895	40	40	666230	244	2080	1.00339	0.750321	1925
715	697734	195	258248	439486	100	90	0.0810679	0.775895	40	40	666230	244	2080	1.00311	0.798391	1925
716	775326	195	331795	443531	100	90	0.0989119	0.775895	40	40	666230	244	2080	1.004	0.833414	1925
717	693431	2899	193628	499802	100	90	1.08386	0.775895	40	40	666230	244	2080	1.00518	0.845998	1925
718	828689	2826	310402	518287	100	90	1.35165	0.775895	40	40	666230	244	2080	1.00676	0.850051	1925
719	955576	2357	419487	536090	100	90	1.53742	0.775895	39	40	666230	244	2080	1.00785	0.844899	1925
720	794075	2280	247475	546600	100	90	1.72232	0.775895	38	40	666230	244	2080	1.08324	0.965517	1925
721	884948	1806	372362	512537	100	90	1.23767	0.775895	40	40	0	244	2080	1.04758	0.826175	1925
722	973443	1516	455670	517687	100	90	1.07791	0.775895	40	40	0	244	2080	1.03034	0.801064	1925
723	1.04164e+006	1235	513164	528395	100	90	0.986069	0.775895	40	40	0	244	2080	1.02567	0.791193	1925
724	1.10787e+006	1034	558009	549777	100	90	0.99592	0.775895	40	40	0	244	2080	1.02635	0.789474	1925
725	1.09906e+006	907	559311	539665	100	90	1.06638	0.775895	40	40	0	244	2080	1.03251	0.801136	1925
726	1.1137e+006	1419	571827	541878	100	90	1.6504	0.775895	40	40	0	244	2080	1.03718	0.8	1925
727	1.07346e+006	1372	555992	517467	100	90	1.79971	0.775895	40	40	0	244	2080	1.04046	0.791114	1925
728	1.05727e+006	1309	550981	506290	100	90	1.90906	0.775895	40	40	0	244	2080	1.04294	0.791862	1925
729	972147	1079	509567	462581	100	90	1.95561	0.775895	40	40	0	244	2080	1.04681	0.783886	1925
730	652284	965	206463	445821	100	90	1.99288	0.775895	40	40	310475	244	2080	1.05518	0.781316	1925
731	711855	861	295944	415911	100	90	2.09246	0.775895	40	40	310475	244	2080	1.06487	0.793802	1925
732	711139	747	337623	373515	100	90	2.17474	0.775895	40	40	310475	244	2080	1.06885	0.797538	1925
733	700285	675	351882	348404	100	90	2.24	0.775895	40	40	310475	244	2080	1.08564	0.816388	1925
734	477456	582	164998	312458	100	90	2.24389	0.775895	40	40	310475	244	2080	1.11709	0.86067	1925
735	522544	535	228317	294227	100	90	2.26005	0.775895	40	40	310475	244	2080	1.12654	0.872093	1925
736	357971	478	91538.8	266394	100	90	2.21486	0.775895	40	40	351712	244	2080	1.14844	0.889371	1925
737	419014	443	159153	251709	100	90	2.22023	0.775895	40	40	351712	244	2080	1.1465	0.900943	1925
738	460434	408	209185	240667	100	90	2.26205	0.775895	40	40	351712	244	2080	1.13753	0.888889	1925
739	437697	354	212056	211319	100	90	2.26673	0.775895	40	40	351712	244	2080	1.14706	0.862687	1925
740	297411	303	105059	190372	100	90	2.21452	0.775895	40	40	351712	244	2080	1.17035	0.897527	1925
741	312006	274	138451	173554	100	90	2.22007	0.775895	40	40	351712	244	2080	1.18638	0.920319	1925
742	212515	248	51216	161299	100	90	0.256121	0.775895	40	40	380483	244	2080	1.00878	0.799737	1925
743	335594	231	137694	197899	100	90	0.18186	0.775895	40	40	380483	244	2080	1.00621	0.800718	1925
744	600474	206	287207	313267	100	90	0.170766	0.775895	40	40	380483	244	2080	1.00635	0.809365	1925
745	870075	177	422947	447128	100	90	0.174071	0.775895	40	40	380483	244	2080	1.0074	0.82781	1925
746	1.00256e+006	151	490786	511776	100	90	0.181112	0.775895	40	40	380483	244	2080	1.00726	0.84068	1925
747	1.04536e+006	2121	520100	525257	100	90	1.49837	0.775895	40	40	380483	244	2080	1.00665	0.842105	1925
748	1.06396e+006	1845	538465	525494	100	90	1.5319	0.775895	40	40	380483	244	2080	1.00951	0.838926	1925
749	1.09124e+006	1595	559693	531552	100	90	1.5444	0.775895	40	40	380483	244	2080	1.01295	0.832349	1925
750	804083	1441	280224	523859	100	90	1.39894	0.775895	38	40	380483	244	2080	1.27491	1.29951	1925
751	670310	943	300093	370042	100	90	1.12151	0.775895	40	40	0	244	2080	1.18092	1.00994	1925
752	736642	830	366310	369968	100	90	1.13542	0.775895	40	40	0	244	2080	1.12483	0.92724	1925
753	791957	743	402890	388727	100	90	1.12582	0.775895	40	40	0	244	2080	1.10141	0.88842	1925
754	633163	682	216622	416541	100	90	1.18045	0.775895	40	40	0	244	2080	1.10368	0.879443	1925
755	771681	718	334956	436725	100	90	1.35349	0.775895	40	40	0	244	2080	1.11429	0.878571	1925
756	859314	939	412149	447165	100	90	1.93408	0.775895	40	40	0	244	2080	1.1257	0.87384	1925
757	882626	919	443458	439168	100	90	2.13801	0.775895	40	40	0	244	2080	1.13227	0.877838	1925
758	857136	838	440522	416614	100	90	2.18113	0.775895	40	40	0	244	2080	1.14058	0.886624	1925
759	851714	749	442422	409292	100	90	2.151	0.775895	40	40	0	244	2080	1.14101	0.89886	1925
760	536612	657	156872	379740	100	90	2.12714	0.775895	40	40	286110	244	2080	1.15918	0.928105	1925
761	603669	604	244922	358746	100	90	2.1571	0.775895	40	40	286110	244	2080	1.16517	0.932743	1925
762	617143	540	289891	327252	100	90	2.21101	0.775895	40	40	286110	244	2080	1.17018	0.922311	1925
763	591407	480	295347	296060	100	90	2.20116	0.775895	40	40	286110	244	2080	1.19473	0.948081	1925
764	552171	428	283648	268523	100	90	2.19774	0.775895	40	40	286110	244	2080	1.22066	0.97201	1925
765	527022	389	273395	253627	100	90	2.18891	0.775895	40	40	286110	244	2080	1.24211	1.00855	1925
766	324546	359	86505	238041	100	90	2.17572	0.775895	40	40	488407	244	2080	1.26934	1.03427	1925
767	385345	342	147517	230181	100	90	2.19795	0.775895	40	40	488407	244	2080	1.25749	1.01294	1925
768	427588	331	193262	223745	100	90	2.21042	0.775895	40	40	488407	244	2080	1.24765	1.01701	1925
769	310439	298	104570	204053	100	90	2.1893	0.775895	40	40	488407	244	2080	1.25263	1.04183	1925
770	347888	287	153033	193078	100	90	2.18112	0.775895	40	40	488407	244	2080	1.27985	1.052	1925
771	356509	273	174769	181740	100	90	2.2002	0.775895	40	40	488407	244	2080	1.28512	1.07424	1925
772	238691	249	63895.7	174795	100	90	0.295672	0.775895	40	40	612852	244	2080	1.01646	0.869067	1925
773	346985	239	143622	203363	100	90	0.21287	0.775895	40	40	612852	244	2080	1.01135	0.858344	1925
774	561797	214	267941	293856	100	90	0.203229	0.775895	40	40	612852	244	2080	1.01091	0.865567	1925
775	805429	175	393620	411809	100	90	0.190407	0.775895	40	40	612852	244	2080	1.0111	0.880171	1925
776	970847	161	478174	492673	100	90	0.211085	0.775895	40	40	612852	244	2080	1.01281	0.886009	1925
777	747065	1865	242236	504828	100	90	1.50374	0.775895	40	40	612852	244	2080	1.01562	0.89521	1925
778	642474	1742	159040	483435	100	90	1.6238	0.775895	40	40	612852	244	2080	1.01692	0.887679	1925
779	748109	1578	280126	467983	100	90	1.67748	0.775895	40	40	612852	244	2080	1.01933	0.889282	1925
780	670591	1485	193829	476762	100	90	1.53237	0.775895	38	40	612852	244	2080	1.33349	1.3531	1925
781	749882	1264	312657	437194	100	90	1.3752	0.775895	40	40	0	244	2080	1.21978	1.10144	1925
782	802164	1079	378129	423970	100	90	1.32556	0.775895	40	40	0	244	2080	1.15232	1.00346	1925
783	852825	947	423461	429299	100	90	1.29129	0.775895	40	40	0	244	2080	1.11645	0.95941	1925
784	663609	830	222058	441551	100	90	1.29936	0.775895	40	40	0	244	2080	1.10929	0.939506	1925
785	762838	798	327789	435048	100	90	1.41977	0.775895	40	40	0	244	2080	1.10703	0.929619	1925
786	658473	1027	203689	454784	100	90	1.81622	0.775895	40	40	0	244	2080	1.11252	0.944398	1925
787	756500	1037	313157	443343	100	90	2.0536	0.775895	40	40	0	244	2080	1.11201	0.932445	1925
788	813260	983	383137	430122	100	90	2.14323	0.775895	40	40	0	244	2080	1.10592	0.916667	1925
789	804748	848	402125	402623	100	90	2.16157	0.775895	40	40	0	244	2080	1.11053	0.92698	1925
790	556183	729	187126	369057	100	90	2.13779	0.775895	40	40	230917	244	2080	1.11779	0.936872	1925
791	598620	659	256281	342339	100	90	2.17156	0.775895	40	40	230917	244	2080	1.12431	0.9472	1925
792	609883	585	292693	317190	100	90	2.19902	0.775895	40	40	230917	244	2080	1.1205	0.939394	1925
793	608477	537	306672	301804	100	90	2.19856	0.775895	40	40	230917	244	2080	1.13739	0.96699	1925
794	588852	499	303985	284867	100	90	2.20572	0.775895	40	40	230917	244	2080	1.15029	0.981053	1925
795	550990	448	287309	263681	100	90	2.16223	0.775895	40	40	230917	244	2080	1.15914	0.97669	1925
796	359642	419	108946	250619	100	90	2.15575	0.775895	40	40	422877	244	2080	1.16859	1	1925
797	388979	376	155959	225201	100	90	2.19127	0.775895	40	40	422877	244	2080	1.16138	0.994382	1925
798	387926	327	176701	201476	100	90	2.25859	0.775895	40	40	422877	244	2080	1.14241	0.96732	1925
799	280035	288	95530.3	182191	100	90	2.24757	0.775895	40	40	422877	244	2080	1.17021	0.988722	1925
800	281416	247	124280	155070	100	90	2.21198	0.775895	40	40	422877	244	2080	1.15984	0.982533	1925
801	213753	227	71500.6	142253	100	90	2.18816	0.775895	40	40	422877	244	2080	1.17273	1.01435	1925
802	185599	207	52328.1	133271	100	90	0.173622	0.775895	40	40	478539	244	2080	1.00517	0.832254	1925
803	256094	193	70953.3	185140	100	90	0.128164	0.775895	40	40	478539	244	2080	1.00342	0.829607	1925
804	545064	172	230602	314462	100	90	0.117743	0.775895	40	40	478539	244	2080	1.00303	0.828817	1925
805	871996	169	400778	471219	100	90	0.127972	0.775895	40	40	478539	244	2080	1.00388	0.850421	1925
806	989174	163	469307	519867	100	90	0.152079	0.775895	40	40	478539	244	2080	1.00491	0.876038	1925
807	1.02963e+006	2550	504572	525054	100	90	1.36154	0.775895	40	40	478539	244	2080	1.00587	0.870465	1925
808	1.04633e+006	2168	525265	521069	100	90	1.40313	0.775895	40	40	478539	244	2080	1.00815	0.860154	1925
809	1.04536e+006	1782	534840	510525	100	90	1.42578	0.775895	39	40	478539	244	2080	1.00864	0.851187	1925
810	628513	1585	127970	500543	100	90	1.35309	0.775895	36	40	478539	244	2080	1.23586	1.25127	1925
811	713545	1378	246015	467497	100	90	1.28359	0.775895	40	40	0	244	2080	1.17924	1.03991	1925
812	779758	1183	338502	441210	100	90	1.26055	0.775895	40	40	0	244	2080	1.12442	0.943304	1925
813	837441	1039	402175	435177	100	90	1.24309	0.775895	40	40	0	244	2080	1.09564	0.908326	1925
814	894325	935	449017	445201	100	90	1.33257	0.775895	40	40	0	244	2080	1.09067	0.891907	1925
815	938763	914	481279	457441	100	90	1.45141	0.775895	40	40	0	244	2080	1.09323	0.890801	1925
816	933618	1076	483431	450187	100	90	1.80205	0.775895	40	40	0	244	2080	1.08922	0.885194	1925
817	933483	1051	488298	445185	100	90	1.96411	0.775895	40	40	0	244	2080	1.08451	0.875926	1925
818	929657	1009	489891	439767	100	90	2.04312	0.775895	40	40	0	244	2080	1.08755	0.868394	1925
819	865598	874	458508	407090	100	90	2.01902	0.775895	40	40	0	244	2080	1.09443	0.878427	1925
820	585167	765	210017	375150	100	90	2.04325	0.775895	40	40	238527	244	2080	1.10928	0.903533	1925
821	629637	680	280565	349072	100	90	2.07117	0.775895	40	40	238527	244	2080	1.10027	0.887367	1925
822	634708	620	308629	326079	100	90	2.10746	0.775895	40	40	238527	244	2080	1.11196	0.91443	1925
823	637409	585	322805	314604	100	90	2.15315	0.775895	40	40	238527	244	2080	1.11667	0.926916	1925
824	618493	545	319767	298726	100	90	2.13916	0.775895	40	40	238527	244	2080	1.12341	0.934866	1925
825	542961	459	284591	258370	100	90	2.15024	0.775895	40	40	238527	244	2080	1.12987	0.936364	1925
826	352599	416	120233	232244	100	90	2.13065	0.775895	40	40	412902	244	2080	1.1244	0.93199	1925
827	310537	390	89028.6	220010	100	90	2.13504	0.775895	40	40	412902	244	2080	1.12879	0.924933	1925
828	346112	354	136041	202204	100	90	2.11171	0.775895	40	40	412902	244	2080	1.11264	0.906158	1925
829	359465	318	166306	184187	100	90	2.10697	0.775895	40	40	412902	244	2080	1.11621	0.908197	1925
830	340486	279	169071	163676	100	90	2.07306	0.775895	40	40	412902	244	2080	1.11268	0.909091	1925
831	317295	255	165262	152033	100	90	2.07838	0.775895	40	40	412902	244	2080	1.12109	0.916667	1925
832	209695	229	68825.7	140870	100	90	0.0927736	0.775895	40	40	509280	244	2080	1.00253	0.826797	1925
833	505444	201	236249	269195	100	90	0.0701447	0.775895	40	40	509280	244	2080	1.00196	0.826952	1925
834	833047	187	397144	435902	100	90	0.0711367	0.775895	40	40	509280	244	2080	1.0018	0.840306	1925
835	885560	150	426275	459285	100	90	0.0651342	0.775895	40	40	509280	244	2080	1.00183	0.880966	1925
836	836689	142	412302	424387	100	90	0.0741917	0.775895	40	40	509280	244	2080	1.00209	0.908434	1925
837	911805	3178	455536	456269	100	90	1.04073	0.775895	40	40	509280	244	2080	1.00245	0.892203	1925
838	1.02978e+006	2634	518280	511495	100	90	1.16316	0.775895	40	40	509280	244	2080	1.00326	0.883212	1925
839	1.06297e+006	2213	540254	522712	100	90	1.33551	0.775895	40	40	509280	244	2080	1.00477	0.887021	1925
840	762906	1936	263555	499351	100	90	1.47841	0.775895	36	40	509280	244	2080	1.10679	1.0544	1925
841	867661	1634	385777	481687	100	90	1.00737	0.775895	40	40	0	244	2080	1.05093	0.89228	1925
842	920183	1362	444082	475690	100	90	0.8607	0.775895	40	40	0	244	2080	1.03481	0.866207	1925
843	767426	1212	251823	515590	100	90	0.811699	0.775895	40	40	0	244	2080	1.02679	0.861561	1925
844	940778	1058	393278	547331	100	90	0.838459	0.775895	40	40	0	244	2080	1.02498	0.861091	1925
845	1.06574e+006	1009	494234	571382	100	90	0.925991	0.775895	40	40	0	244	2080	1.02886	0.87154	1925
846	1.08713e+006	1751	530299	556830	100	90	1.54911	0.775895	40	40	0	244	2080	1.03265	0.870603	1925
847	1.04875e+006	1592	527352	521399	100	90	1.61365	0.775895	40	40	0	244	2080	1.03468	0.867582	1925
848	1.00806e+006	1479	516729	491333	100	90	1.75443	0.775895	40	40	0	244	2080	1.0394	0.866343	1925
849	950038	1229	492560	457478	100	90	1.75445	0.775895	40	40	0	244	2080	1.04564	0.861667	1925
850	688937	1043	267332	421605	100	90	1.81407	0.775895	40	40	213987	244	2080	1.05166	0.86529	1925
851	749407	953	340790	408618	100	90	1.91113	0.775895	40	40	213987	244	2080	1.06143	0.878364	1925
852	750730	869	367040	383689	100	90	1.98945	0.775895	40	40	213987	244	2080	1.06907	0.884298	1925
853	744684	819	376803	367882	100	90	2.04922	0.775895	40	40	213987	244	2080	1.0809	0.896595	1925
854	706889	748	364229	342660	100	90	2.07222	0.775895	40	40	213987	244	2080	1.08302	0.894591	1925
855	673217	695	350334	322883	100	90	2.10717	0.775895	40	40	213987	244	2080	1.08671	0.898507	1925
856	460640	613	166164	294235	100	90	2.14211	0.775895	40	40	396638	244	2080	1.10145	0.920204	1925
857	489526	544	212208	266930	100	90	2.09147	0.775895	40	40	396638	244	2080	1.10461	0.910985	1925
858	523144	523	245912	262884	100	90	2.12304	0.775895	40	40	396638	244	2080	1.08736	0.908549	1925
859	493387	465	240981	235426	100	90	2.12221	0.775895	40	40	396638	244	2080	1.09188	0.914607	1925
860	480493	440	240306	224417	100	90	2.13944	0.775895	40	40	396638	244	2080	1.07991	0.899522	1925
861	444541	406	233051	211490	100	90	2.15937	0.775895	40	40	396638	244	2080	1.06914	0.889175	1925
862	301011	370	102131	198880	100	90	0.12149	0.775895	40	40	525862	244	2080	1.00203	0.842083	1925
863	672505	360	311394	361111	100	90	0.109322	0.775895	40	40	525862	244	2080	1.00159	0.841452	1925
864	932205	334	442780	489425	100	90	0.108851	0.775895	40	40	525862	244	2080	1.0018	0.868044	1925
865	911205	279	440710	470495	100	90	0.100244	0.775895	40	40	525862	244	2080	1.00209	0.911909	1925
866	850005	256	421941	428065	100	90	0.109901	0.775895	40	40	525862	244	2080	1.00255	0.922295	1925
867	650400	3233	195190	455210	100	90	1.02618	0.775895	40	40	525862	244	2080	1.00396	0.918083	1925
868	761483	2745	299516	461968	100	90	1.18568	0.775895	40	40	525862	244	2080	1.00389	0.918194	1925
869	916925	2512	411531	505394	100	90	1.42748	0.775895	40	40	525862	244	2080	1.00518	0.917428	1925
870	757095	2312	239410	517685	100	90	1.60664	0.775895	38	40	525862	244	2080	1.08279	1.03166	1925
871	830365	1804	353063	477196	100	90	0.824529	0.775895	40	40	0	244	2080	1.02881	0.884115	1925
872	939493	1511	442550	496786	100	90	0.680261	0.775895	40	40	0	244	2080	1.01805	0.872784	1925
873	1.0595e+006	1272	518095	541247	100	90	0.630221	0.775895	40	40	0	244	2080	1.01444	0.873379	1925
874	827630	1077	265633	561997	100	90	0.653191	0.775895	40	40	0	244	2080	1.01657	0.889288	1925
875	928890	1013	372375	556515	100	90	0.740008	0.775895	40	40	0	244	2080	1.01836	0.900437	1925
876	1.00496e+006	1976	456697	548260	100	90	1.3783	0.775895	40	40	0	244	2080	1.02061	0.896735	1925
877	1.00604e+006	1843	488349	517689	100	90	1.5071	0.775895	40	40	0	244	2080	1.02299	0.893097	1925
878	728202	1698	237980	490222	100	90	1.6728	0.775895	40	40	0	244	2080	1.02736	0.896469	1925
879	763216	1384	318036	445180	100	90	1.73281	0.775895	40	40	0	244	2080	1.02923	0.893539	1925
880	695874	1208	270180	425694	100	90	1.80713	0.775895	40	40	122651	244	2080	1.03601	0.893098	1925
881	743828	1049	341503	402325	100	90	1.89438	0.775895	40	40	122651	244	2080	1.04549	0.900971	1925
882	739123	918	363103	376020	100	90	1.94696	0.775895	40	40	122651	244	2080	1.05596	0.90677	1925
883	719648	818	365160	354488	100	90	1.98254	0.775895	40	40	122651	244	2080	1.07014	0.915212	1925
884	659911	702	339888	320023	100	90	1.99815	0.775895	40	40	122651	244	2080	1.08005	0.918605	1925
885	632597	641	327991	304606	100	90	2.02688	0.775895	40	40	122651	244	2080	1.08873	0.929487	1925
886	417222	562	145209	271872	100	90	2.00424	0.775895	40	40	308611	244	2080	1.09662	0.943327	1925
887	448369	501	191829	247157	100	90	2.02426	0.775895	40	40	308611	244	2080	1.11255	0.958763	1925
888	479157	475	226275	239816	100	90	2.06299	0.775895	40	40	308611	244	2080	1.09127	0.933045	1925
889	467516	430	229368	221516	100	90	2.08966	0.775895	40	40	308611	244	2080	1.09641	0.942446	1925
890	448056	396	225025	207900	100	90	2.07746	0.775895	40	40	308611	244	2080	1.086	0.921875	1925
891	417735	373	218846	198889	100	90	2.09795	0.775895	40	40	308611	244	2080	1.07467	0.911357	1925
892	284005	351	92354.9	191650	100	90	0.114439	0.775895	40	40	435368	244	2080	1.00191	0.873098	1925
893	640831	316	296038	344792	100	90	0.0940623	0.775895	40	40	435368	244	2080	1.00158	0.872629	1925
894	925700	295	439396	486304	100	90	0.0944866	0.775895	40	40	435368	244	2080	1.0016	0.887301	1925
895	933785	271	449791	483995	100	90	0.0963746	0.775895	40	40	435368	244	2080	1.00173	0.920455	1925
896	844174	222	416935	427238	100	90	0.0951288	0.775895	40	40	435368	244	2080	1.00186	0.931164	1925
897	892024	3053	447193	444831	100	90	0.943287	0.775895	40	40	435368	244	2080	1.00268	0.920193	1925
898	1.01242e+006	2672	512602	499815	100	90	1.05393	0.775895	40	40	435368	244	2080	1.00381	0.921018	1925
899	1.07658e+006	2348	548039	528538	100	90	1.23421	0.775895	40	40	435368	244	2080	1.00564	0.917833	1925
900	792811	2120	272943	519868	100	90	1.42656	0.775895	40	40	435368	244	2080	1.09101	1.06025	1925
901	898547	1777	395663	502843	100	90	0.834647	0.775895	40	40	0	244	2080	1.03633	0.907442	1925
902	759994	1534	234542	525441	100	90	0.705044	0.775895	40	40	0	244	2080	1.02267	0.891772	1925
903	953858	1334	389833	563993	100	90	0.604451	0.775895	40	40	0	244	2080	1.01383	0.884151	1925
904	1.10188e+006	1153	500278	601551	100	90	0.632062	0.775895	40	40	0	244	2080	1.01498	0.90231	1925
905	1.12609e+006	1088	538929	587111	100	90	0.730491	0.775895	40	40	0	244	2080	1.01872	0.921297	1925
906	1.10006e+006	2049	544479	555577	100	90	1.31481	0.775895	40	40	0	244	2080	1.02089	0.914775	1925
907	1.10393e+006	1858	558584	545344	100	90	1.40253	0.775895	40	40	0	244	2080	1.02358	0.910772	1925
908	1.09999e+006	1766	563406	536586	100	90	1.59615	0.775895	40	40	0	244	2080	1.02912	0.909301	1925
909	1.06131e+006	1485	547770	513537	100	90	1.67888	0.775895	40	40	0	244	2080	1.03229	0.904336	1925
910	770515	1245	293749	476766	100	90	1.74182	0.775895	40	40	243788	244	2080	1.03758	0.90625	1925
911	813556	1102	363721	449835	100	90	1.84074	0.775895	40	40	243788	244	2080	1.04514	0.912801	1925
912	835459	1012	403530	431928	100	90	1.90091	0.775895	40	40	243788	244	2080	1.0432	0.906155	1925
913	631526	952	211480	420046	100	90	1.94349	0.775895	40	40	243788	244	2080	1.0523	0.909871	1925
914	677264	855	285939	391325	100	90	1.97982	0.775895	40	40	243788	244	2080	1.05612	0.904762	1925
915	519115	765	160603	358512	100	90	2.01487	0.775895	40	40	243788	244	2080	1.0669	0.910547	1925
916	476294	673	154195	320380	100	90	2.03382	0.775895	40	40	333012	244	2080	1.07065	0.914894	1925
917	532298	621	221803	298413	100	90	2.02084	0.775895	40	40	333012	244	2080	1.08419	0.930693	1925
918	411189	557	131760	276686	100	90	2.04855	0.775895	40	40	333012	244	2080	1.0786	0.918669	1925
919	447194	496	184515	252583	100	90	2.07453	0.775895	40	40	333012	244	2080	1.07955	0.908903	1925
920	439144	428	207307	223157	100	90	2.09722	0.775895	40	40	333012	244	2080	1.07743	0.922892	1925
921	440376	405	222763	217613	100	90	2.11515	0.775895	40	40	333012	244	2080	1.09113	0.938303	1925
922	300917	373	94687.4	206229	100	90	0.149083	0.775895	40	40	467465	244	2080	1.00269	0.829043	1925
923	569587	310	259306	310281	100	90	0.105931	0.775895	40	40	467465	244	2080	1.0022	0.83265	1925
924	896144	294	423628	472516	100	90	0.107547	0.775895	40	40	467465	244	2080	1.00241	0.848401	1925
925	936342	258	449540	486803	100	90	0.107779	0.775895	40	40	467465	244	2080	1.00216	0.885866	1925
926	857326	242	422110	435216	100	90	0.121501	0.775895	40	40	467465	244	2080	1.00233	0.91128	1925
927	896883	2887	450844	446039	100	90	1.03616	0.775895	40	40	467465	244	2080	1.00335	0.900671	1925
928	1.00772e+006	2450	511330	496394	100	90	1.1239	0.775895	40	40	467465	244	2080	1.00441	0.897972	1925
929	1.06588e+006	2273	544973	520906	100	90	1.38624	0.775895	40	40	467465	244	2080	1.00624	0.895277	1925
930	790629	1933	274127	516502	100	90	1.50566	0.775895	40	40	467465	244	2080	1.12205	1.08052	1925
