Time	totMass	NInd	abovemass	belowmass	mean_ares	mean_bres	shannon	meanShannon	NPFT	meanNPFT	Cutted	NNonClonal	NClonal	mean_generation	mean_genet_size	NGenets
1	407.8	0	203.9	203.9	100	90	0	0.801639	40	39.7	0	417	1864	1	0.785948	2053
2	12855.2	0	6261.52	6593.68	100	90	0	0.801639	40	39.7	0	417	1864	1	0.799122	2053
3	62399.7	0	32859.2	29540.5	100	90	0	0.801639	40	39.7	0	417	1864	1	0.797642	2053
4	192777	0	100569	92207.6	100	90	0	0.801639	40	39.7	0	417	1864	1	0.798193	2053
5	432270	0	225197	207073	100	90	0	0.801639	40	39.7	0	417	1864	1.00201	0.798768	2053
6	733265	588	382646	350619	100	90	2.48876	0.801639	40	39.7	0	417	1864	1.01122	0.804646	2053
7	992495	818	522382	470113	100	90	3.16567	0.801639	40	39.7	0	417	1864	1.02974	0.8202	2053
8	1.1776e+006	850	625284	552321	100	90	3.24272	0.801639	40	39.7	0	417	1864	1.04128	0.833137	2053
9	1.31599e+006	811	702548	613446	100	90	3.09474	0.801639	40	39.7	0	417	1864	1.06465	0.862069	2053
10	1.40145e+006	775	750778	650670	100	90	2.98739	0.801639	40	39.7	0	417	1864	1.09208	0.889032	2053
11	1.44827e+006	737	777410	670858	100	90	2.8885	0.801639	40	39.7	0	417	1864	1.11246	0.918256	2053
12	1.50271e+006	734	808982	693732	100	90	2.90942	0.801639	40	39.7	0	417	1864	1.12742	0.936111	2053
13	1.5522e+006	733	836562	715642	100	90	2.92398	0.801639	40	39.7	0	417	1864	1.14793	0.969058	2053
14	1.56328e+006	731	843050	720229	100	90	2.94636	0.801639	40	39.7	0	417	1864	1.16995	0.988539	2053
15	1.58344e+006	730	855505	727933	100	90	2.92816	0.801639	40	39.7	0	417	1864	1.19772	1.01308	2053
16	1.61559e+006	725	858156	729562	100	90	2.90409	0.801639	40	39.7	0	417	1864	1.22425	1.03693	2053
17	1.65347e+006	727	865900	736187	100	90	2.96697	0.801639	40	39.7	0	417	1864	1.22869	1.03288	2053
18	1.67843e+006	734	877297	745830	100	90	3.05083	0.801639	40	39.7	0	417	1864	1.22469	1.02118	2053
19	1.69255e+006	737	885615	750715	100	90	3.09301	0.801639	40	39.7	0	417	1864	1.218	1.00768	2053
20	1.67831e+006	733	881072	742522	100	90	3.11438	0.801639	40	39.7	0	417	1864	1.21418	0.99843	2053
21	1.6301e+006	736	886447	743651	100	90	3.16476	0.801639	40	39.7	0	417	1864	1.21295	0.998413	2053
22	1.63942e+006	740	892186	747230	100	90	1.07195	0.801639	40	39.7	0	417	1864	1.0504	0.819499	2053
23	1.67199e+006	736	905528	766461	100	90	1.06415	0.801639	40	39.7	0	417	1864	1.05508	0.83778	2053
24	1.7092e+006	731	924273	784925	100	90	1.07494	0.801639	40	39.7	0	417	1864	1.05823	0.85804	2053
25	1.72596e+006	722	934264	791701	100	90	1.15181	0.801639	40	39.7	0	417	1864	1.07019	0.891942	2053
26	1.75369e+006	720	950119	803569	100	90	1.27044	0.801639	40	39.7	0	417	1864	1.08691	0.927928	2053
27	1.77982e+006	1461	964145	815677	100	90	2.48231	0.801639	40	39.7	0	417	1864	1.10502	0.94577	2053
28	1.80993e+006	1299	980663	829271	100	90	2.54156	0.801639	40	39.7	0	417	1864	1.13944	0.98629	2053
29	1.8438e+006	1215	999296	844506	100	90	2.60498	0.801639	40	39.7	0	417	1864	1.16125	1.01604	2053
30	1.36289e+006	1136	507354	855536	100	90	2.11361	0.801639	40	39.7	0	417	1864	1.48549	1.62245	2053
31	1.4161e+006	992	622177	793347	100	90	1.28137	0.801639	40	39.7	0	417	1864	1.1844	0.985619	2053
32	1.40596e+006	878	658114	746944	100	90	0.968033	0.801639	40	39.7	0	417	1864	1.11325	0.898148	2053
33	1.37971e+006	780	666163	712639	100	90	0.776853	0.801639	40	39.7	0	417	1864	1.07915	0.849103	2053
34	1.38901e+006	709	683233	704762	100	90	0.855192	0.801639	40	39.7	0	417	1864	1.09021	0.865765	2053
35	947186	753	308278	638542	100	90	1.0491	0.801639	40	39.7	0	417	1864	1.10219	0.889482	2053
36	1.00646e+006	829	403480	602981	100	90	1.35938	0.801639	40	39.7	0	417	1864	1.11628	0.917178	2053
37	1.07362e+006	1010	486853	586766	100	90	1.90925	0.801639	40	39.7	0	417	1864	1.13652	0.946103	2053
38	1.09988e+006	1097	531167	568716	100	90	2.48255	0.801639	40	39.7	0	417	1864	1.16264	0.954357	2053
39	800241	886	264557	535684	100	90	2.56356	0.801639	40	39.7	0	417	1864	1.20122	0.986928	2053
40	674020	769	172865	501155	100	90	2.63321	0.801639	40	39.7	195613	417	1864	1.22453	0.982036	2053
41	726575	679	262863	463712	100	90	2.71653	0.801639	40	39.7	195613	417	1864	1.24538	0.979933	2053
42	745883	577	323809	422073	100	90	2.71506	0.801639	40	39.7	195613	417	1864	1.2592	0.994083	2053
43	735794	498	351029	384765	100	90	2.81517	0.801639	40	39.7	195613	417	1864	1.3028	1.03712	2053
44	720911	440	360141	360770	100	90	2.85652	0.801639	40	39.7	195613	417	1864	1.32751	1.03421	2053
45	689786	383	354724	335062	100	90	2.81584	0.801639	40	39.7	195613	417	1864	1.34653	1.06886	2053
46	406626	347	90663.1	315796	100	90	2.73277	0.801639	40	39.7	484845	417	1864	1.36813	1.12081	2053
47	427305	309	141417	279499	100	90	2.84705	0.801639	40	39.7	484845	417	1864	1.35621	1.10853	2053
48	364288	289	99997.4	262111	100	90	2.91928	0.801639	40	39.7	484845	417	1864	1.3663	1.13559	2053
49	372968	247	140803	224978	100	90	2.94039	0.801639	40	39.7	484845	417	1864	1.35021	1.06731	2053
50	399005	228	182112	210272	100	90	2.94349	0.801639	40	39.7	484845	417	1864	1.33488	1.06842	2053
51	404403	217	202591	201812	100	90	3.00508	0.801639	40	39.7	484845	417	1864	1.38421	1.12	2053
52	222738	175	50369.2	172369	100	90	0.132246	0.801639	40	39.7	648410	417	1864	1.00648	0.804099	2053
53	403866	159	163978	239889	100	90	0.0883796	0.801639	40	39.7	648410	417	1864	1.00444	0.804177	2053
54	738778	148	341479	397299	100	90	0.0892686	0.801639	40	39.7	648410	417	1864	1.00483	0.805674	2053
55	878672	125	416938	461734	100	90	0.0885484	0.801639	40	39.7	648410	417	1864	1.0048	0.827121	2053
56	881413	111	428067	453346	100	90	0.0934676	0.801639	40	39.7	648410	417	1864	1.00602	0.848913	2053
57	979392	2377	488839	490553	100	90	1.41365	0.801639	40	39.7	648410	417	1864	1.00783	0.842767	2053
58	1.06651e+006	2143	538063	528444	100	90	1.66992	0.801639	40	39.7	648410	417	1864	1.01073	0.832661	2053
59	1.10876e+006	1748	566728	542034	100	90	1.78682	0.801639	40	39.7	648410	417	1864	1.01496	0.821636	2053
60	795699	1448	277316	518383	100	90	1.83266	0.801639	40	39.7	648410	417	1864	1.19736	1.16295	2053
61	886016	1233	391980	493605	100	90	1.44492	0.801639	40	39.7	0	417	1864	1.13317	0.949332	2053
62	953527	1065	460658	492099	100	90	1.28575	0.801639	40	39.7	0	417	1864	1.10077	0.894644	2053
63	737959	892	242112	495505	100	90	1.22064	0.801639	40	39.7	0	417	1864	1.09016	0.876039	2053
64	694561	790	178383	515919	100	90	1.28764	0.801639	40	39.7	0	417	1864	1.09729	0.865665	2053
65	839917	815	315135	524578	100	90	1.48049	0.801639	40	39.7	0	417	1864	1.10032	0.859989	2053
66	965894	1190	430391	535503	100	90	2.26479	0.801639	40	39.7	0	417	1864	1.10642	0.858653	2053
67	1.00675e+006	1147	486993	519757	100	90	2.50783	0.801639	40	39.7	0	417	1864	1.10929	0.85384	2053
68	999982	1045	505365	494617	100	90	2.61064	0.801639	40	39.7	0	417	1864	1.10233	0.858974	2053
69	958372	852	495550	462822	100	90	2.53626	0.801639	40	39.7	0	417	1864	1.10442	0.847539	2053
70	587075	718	154522	432553	100	90	2.47635	0.801639	40	39.7	87913.3	417	1864	1.11499	0.878571	2053
71	676024	668	256542	419482	100	90	2.53424	0.801639	40	39.7	87913.3	417	1864	1.13079	0.902477	2053
72	759093	634	347322	411771	100	90	2.62694	0.801639	40	39.7	87913.3	417	1864	1.13368	0.9018	2053
73	750247	549	371685	378562	100	90	2.65192	0.801639	40	39.7	87913.3	417	1864	1.14939	0.918095	2053
74	725268	489	371583	353686	100	90	2.68109	0.801639	40	39.7	87913.3	417	1864	1.17889	0.933761	2053
75	687623	432	356662	330960	100	90	2.69498	0.801639	40	39.7	87913.3	417	1864	1.17755	0.933498	2053
76	407035	388	100940	305843	100	90	2.68116	0.801639	40	39.7	361231	417	1864	1.20602	0.953297	2053
77	461156	365	165408	287929	100	90	2.66897	0.801639	40	39.7	361231	417	1864	1.21805	0.988166	2053
78	375900	339	109273	264142	100	90	2.69399	0.801639	40	39.7	361231	417	1864	1.22283	0.987261	2053
79	315079	297	78275.4	235502	100	90	2.72429	0.801639	40	39.7	361231	417	1864	1.25733	1.02974	2053
80	350433	272	130685	218565	100	90	2.79285	0.801639	40	39.7	361231	417	1864	1.26087	0.996	2053
81	383928	255	177453	206475	100	90	2.86975	0.801639	40	39.7	361231	417	1864	1.27984	1	2053
82	266389	242	65795.4	200593	100	90	0.402658	0.801639	40	39.7	509927	417	1864	1.022	0.902495	2053
83	355674	227	137670	218004	100	90	0.279978	0.801639	40	39.7	509927	417	1864	1.01494	0.897471	2053
84	524238	202	246738	277500	100	90	0.255451	0.801639	40	39.7	509927	417	1864	1.01317	0.900644	2053
85	749768	188	372209	377559	100	90	0.259965	0.801639	40	39.7	509927	417	1864	1.0139	0.902406	2053
86	930378	169	467304	463075	100	90	0.27954	0.801639	40	39.7	509927	417	1864	1.01673	0.904831	2053
87	1.01984e+006	1660	517899	501944	100	90	1.74986	0.801639	40	39.7	509927	417	1864	1.01981	0.901138	2053
88	1.03535e+006	1624	533776	501578	100	90	1.94484	0.801639	40	39.7	509927	417	1864	1.02359	0.905191	2053
89	1.04696e+006	1405	548225	498734	100	90	1.96625	0.801639	40	39.7	509927	417	1864	1.02936	0.897368	2053
90	618804	1300	132518	486286	100	90	1.73184	0.801639	38	39.7	509927	417	1864	1.32032	1.35464	2053
91	704106	1168	235638	466948	100	90	1.54391	0.801639	40	39.7	0	417	1864	1.24214	1.16363	2053
92	785796	1028	334099	449354	100	90	1.48304	0.801639	40	39.7	0	417	1864	1.20497	1.08378	2053
93	846554	891	401931	441999	100	90	1.46796	0.801639	40	39.7	0	417	1864	1.18168	1.05106	2053
94	890918	776	445107	443263	100	90	1.54062	0.801639	40	39.7	0	417	1864	1.18553	1.03037	2053
95	915319	846	471112	442011	100	90	1.83772	0.801639	40	39.7	0	417	1864	1.19023	1.01477	2053
96	916159	962	481505	434654	100	90	2.19821	0.801639	40	39.7	0	417	1864	1.18077	1.00948	2053
97	893908	933	475696	418213	100	90	2.34818	0.801639	40	39.7	0	417	1864	1.18856	1.00776	2053
98	866894	850	466957	399937	100	90	2.39172	0.801639	40	39.7	0	417	1864	1.2	1.02185	2053
99	860844	761	466666	394178	100	90	2.37151	0.801639	40	39.7	0	417	1864	1.20941	1.0446	2053
100	610057	687	230929	379128	100	90	2.37231	0.801639	40	39.7	240348	417	1864	1.22555	1.06329	2053
101	629194	598	282228	346966	100	90	2.34716	0.801639	40	39.7	240348	417	1864	1.26565	1.09854	2053
102	647028	548	318449	328579	100	90	2.42299	0.801639	40	39.7	240348	417	1864	1.27895	1.11	2053
103	621214	496	322752	298463	100	90	2.48394	0.801639	40	39.7	240348	417	1864	1.29796	1.12809	2053
104	607698	465	323591	284107	100	90	2.48359	0.801639	40	39.7	240348	417	1864	1.32955	1.16302	2053
105	540859	397	290087	250772	100	90	2.51083	0.801639	40	39.7	240348	417	1864	1.37293	1.23599	2053
106	350518	351	122449	227862	100	90	2.51795	0.801639	40	39.7	413085	417	1864	1.39873	1.27609	2053
107	382571	324	160607	215792	100	90	2.50489	0.801639	40	39.7	413085	417	1864	1.43103	1.33948	2053
108	417672	314	195197	213194	100	90	2.46994	0.801639	40	39.7	413085	417	1864	1.43262	1.34615	2053
109	435247	307	215133	208014	100	90	2.51612	0.801639	40	39.7	413085	417	1864	1.43939	1.33871	2053
110	419175	291	214170	194075	100	90	2.50982	0.801639	40	39.7	413085	417	1864	1.45528	1.34348	2053
111	397908	275	212001	185908	100	90	2.50679	0.801639	40	39.7	413085	417	1864	1.45455	1.30556	2053
112	249368	236	86773.1	162594	100	90	0.098527	0.801639	40	39.7	534530	417	1864	1.00579	0.922677	2053
113	576560	237	264235	312325	100	90	0.0849251	0.801639	40	39.7	534530	417	1864	1.00505	0.92105	2053
114	866132	216	410489	455643	100	90	0.0848567	0.801639	40	39.7	534530	417	1864	1.00547	0.930519	2053
115	882766	195	425965	456801	100	90	0.0863501	0.801639	40	39.7	534530	417	1864	1.00546	0.941943	2053
116	841468	176	417324	424144	100	90	0.094367	0.801639	40	39.7	534530	417	1864	1.00656	0.953061	2053
117	904229	2934	453499	450729	100	90	1.21224	0.801639	40	39.7	534530	417	1864	1.00823	0.945466	2053
118	977951	2460	492469	485481	100	90	1.46627	0.801639	40	39.7	534530	417	1864	1.01191	0.946054	2053
119	1.02583e+006	2085	520463	505365	100	90	1.64032	0.801639	40	39.7	534530	417	1864	1.01723	0.950128	2053
120	763274	1773	262438	500836	100	90	1.7399	0.801639	39	39.7	534530	417	1864	1.13813	1.17884	2053
121	860758	1479	376051	483515	100	90	1.01729	0.801639	40	39.7	0	417	1864	1.0629	0.981723	2053
122	703379	1221	216746	485861	100	90	0.830385	0.801639	40	39.7	0	417	1864	1.04491	0.95755	2053
123	874484	1024	357639	515271	100	90	0.684374	0.801639	40	39.7	0	417	1864	1.03425	0.943528	2053
124	1.01561e+006	869	466306	547624	100	90	0.691564	0.801639	40	39.7	0	417	1864	1.03469	0.947764	2053
125	1.07242e+006	833	518683	552302	100	90	0.800067	0.801639	40	39.7	0	417	1864	1.04114	0.951469	2053
126	1.09761e+006	1907	548371	549241	100	90	1.71042	0.801639	40	39.7	0	417	1864	1.04569	0.946286	2053
127	1.07803e+006	1607	549680	528354	100	90	1.81253	0.801639	40	39.7	0	417	1864	1.05267	0.940705	2053
128	1.06443e+006	1536	549142	515286	100	90	2.00422	0.801639	40	39.7	0	417	1864	1.05755	0.939252	2053
129	1.02691e+006	1242	534305	492604	100	90	2.05666	0.801639	40	39.7	0	417	1864	1.0764	0.956918	2053
130	772772	1083	297020	475752	100	90	2.12121	0.801639	40	39.7	248726	417	1864	1.08	0.966571	2053
131	831313	978	374513	456800	100	90	2.24546	0.801639	40	39.7	248726	417	1864	1.09847	0.977707	2053
132	838607	878	410648	427958	100	90	2.33078	0.801639	40	39.7	248726	417	1864	1.11253	1.00237	2053
133	842279	813	429357	412922	100	90	2.4003	0.801639	40	39.7	248726	417	1864	1.13703	1.01529	2053
134	773690	694	400841	372848	100	90	2.46474	0.801639	40	39.7	248726	417	1864	1.16602	1.03008	2053
135	754197	651	394612	359585	100	90	2.47679	0.801639	40	39.7	248726	417	1864	1.18182	1.04677	2053
136	506549	584	176589	329506	100	90	2.47517	0.801639	40	39.7	470877	417	1864	1.20128	1.07957	2053
137	411481	521	113746	296319	100	90	2.48568	0.801639	40	39.7	470877	417	1864	1.21533	1.08998	2053
138	446850	462	165604	273579	100	90	2.47866	0.801639	40	39.7	470877	417	1864	1.22314	1.10369	2053
139	462527	407	206970	246147	100	90	2.47461	0.801639	40	39.7	470877	417	1864	1.23866	1.10933	2053
140	467360	368	229270	229658	100	90	2.46726	0.801639	40	39.7	470877	417	1864	1.27078	1.13814	2053
141	328947	334	115494	213453	100	90	2.48866	0.801639	40	39.7	470877	417	1864	1.29305	1.13245	2053
142	283376	291	91733.9	191642	100	90	0.12449	0.801639	40	39.7	536752	417	1864	1.00571	0.897672	2053
143	581431	277	260241	321190	100	90	0.105907	0.801639	40	39.7	536752	417	1864	1.00501	0.895922	2053
144	872798	245	410731	462067	100	90	0.104165	0.801639	40	39.7	536752	417	1864	1.00519	0.901824	2053
145	897269	219	431030	466238	100	90	0.105001	0.801639	40	39.7	536752	417	1864	1.00599	0.92337	2053
146	853430	201	421236	432195	100	90	0.114658	0.801639	40	39.7	536752	417	1864	1.007	0.939598	2053
147	945101	3024	475471	469630	100	90	1.27711	0.801639	40	39.7	536752	417	1864	1.00897	0.934225	2053
148	1.03952e+006	2587	526515	513008	100	90	1.48575	0.801639	40	39.7	536752	417	1864	1.01066	0.929356	2053
149	774843	2100	252825	522017	100	90	1.62967	0.801639	40	39.7	536752	417	1864	1.01505	0.939686	2053
150	695448	2065	175635	519813	100	90	1.86597	0.801639	39	39.7	536752	417	1864	1.12056	1.12684	2053
151	791022	1702	297948	491480	100	90	1.14361	0.801639	40	39.7	0	417	1864	1.05825	0.966303	2053
152	913956	1459	405894	506007	100	90	0.983518	0.801639	40	39.7	0	417	1864	1.04454	0.940457	2053
153	1.03778e+006	1239	496065	539027	100	90	0.926172	0.801639	40	39.7	0	417	1864	1.03929	0.928385	2053
154	1.11769e+006	1024	550769	564371	100	90	0.935672	0.801639	40	39.7	0	417	1864	1.04139	0.931687	2053
155	1.17361e+006	1003	589242	582074	100	90	1.07067	0.801639	40	39.7	0	417	1864	1.0479	0.939205	2053
156	1.17799e+006	1824	600325	577665	100	90	1.8575	0.801639	40	39.7	0	417	1864	1.0524	0.944688	2053
157	1.15684e+006	1658	596299	560541	100	90	2.0088	0.801639	40	39.7	0	417	1864	1.06163	0.941244	2053
158	1.12024e+006	1456	582517	537723	100	90	2.13665	0.801639	40	39.7	0	417	1864	1.06754	0.938703	2053
159	1.06555e+006	1207	557340	508212	100	90	2.20453	0.801639	40	39.7	0	417	1864	1.07714	0.949094	2053
160	765163	1049	285585	479578	100	90	2.25198	0.801639	40	39.7	272180	417	1864	1.09537	0.968191	2053
161	774324	896	341618	432706	100	90	2.38464	0.801639	40	39.7	272180	417	1864	1.10503	0.97561	2053
162	767435	779	372725	394710	100	90	2.42503	0.801639	40	39.7	272180	417	1864	1.1266	1.00402	2053
163	721443	669	366054	355389	100	90	2.4767	0.801639	40	39.7	272180	417	1864	1.16206	1.0283	2053
164	689362	591	356704	332658	100	90	2.49957	0.801639	40	39.7	272180	417	1864	1.20188	1.06159	2053
165	665467	543	347898	317569	100	90	2.5043	0.801639	40	39.7	272180	417	1864	1.22592	1.08982	2053
166	455018	510	150070	304812	100	90	2.48194	0.801639	40	39.7	485223	417	1864	1.22804	1.09705	2053
167	487523	460	199816	279589	100	90	2.52334	0.801639	40	39.7	485223	417	1864	1.2293	1.09176	2053
168	519099	435	240200	266856	100	90	2.56112	0.801639	40	39.7	485223	417	1864	1.24941	1.11196	2053
169	517925	405	253218	249229	100	90	2.58897	0.801639	40	39.7	485223	417	1864	1.28312	1.12672	2053
170	508525	380	256375	237801	100	90	2.63177	0.801639	40	39.7	485223	417	1864	1.28134	1.10059	2053
171	436582	320	229517	207064	100	90	2.66213	0.801639	40	39.7	485223	417	1864	1.28094	1.09964	2053
172	277295	276	84772.8	192522	100	90	0.110492	0.801639	40	39.7	628554	417	1864	1.00499	0.907605	2053
173	605169	245	272290	332879	100	90	0.0858083	0.801639	40	39.7	628554	417	1864	1.00378	0.905568	2053
174	890977	212	421065	469912	100	90	0.0791545	0.801639	40	39.7	628554	417	1864	1.00344	0.909798	2053
175	885680	195	427103	458577	100	90	0.0814317	0.801639	40	39.7	628554	417	1864	1.00382	0.924837	2053
176	838281	186	416536	421745	100	90	0.0929882	0.801639	40	39.7	628554	417	1864	1.00476	0.930953	2053
177	892226	3136	450445	441781	100	90	1.18919	0.801639	40	39.7	628554	417	1864	1.00581	0.924343	2053
178	1.00258e+006	2671	509403	493180	100	90	1.37492	0.801639	40	39.7	628554	417	1864	1.00812	0.921508	2053
179	1.05524e+006	2234	536788	518455	100	90	1.59583	0.801639	40	39.7	628554	417	1864	1.01248	0.922214	2053
180	791473	1908	271696	519777	100	90	1.74962	0.801639	39	39.7	628554	417	1864	1.13041	1.13009	2053
181	884731	1586	383448	500259	100	90	0.969904	0.801639	40	39.7	0	417	1864	1.05289	0.954005	2053
182	974259	1299	461578	511144	100	90	0.798765	0.801639	40	39.7	0	417	1864	1.03792	0.933988	2053
183	1.07918e+006	1078	528542	548897	100	90	0.714363	0.801639	40	39.7	0	417	1864	1.03422	0.927636	2053
184	1.13376e+006	889	562898	569261	100	90	0.724282	0.801639	40	39.7	0	417	1864	1.03777	0.931427	2053
185	1.15902e+006	882	582776	574922	100	90	0.842778	0.801639	40	39.7	0	417	1864	1.04157	0.938861	2053
186	1.15744e+006	1829	588163	569280	100	90	1.69469	0.801639	40	39.7	0	417	1864	1.04474	0.935211	2053
187	1.13517e+006	1636	582458	552710	100	90	1.82777	0.801639	40	39.7	0	417	1864	1.04929	0.927253	2053
188	1.13248e+006	1534	585246	547236	100	90	1.98847	0.801639	40	39.7	0	417	1864	1.05315	0.921386	2053
189	1.09504e+006	1274	568941	526104	100	90	2.02155	0.801639	40	39.7	0	417	1864	1.06269	0.92351	2053
190	751579	1063	270294	481284	100	90	2.0943	0.801639	40	39.7	293552	417	1864	1.07858	0.944069	2053
191	824250	960	355672	468578	100	90	2.21691	0.801639	40	39.7	293552	417	1864	1.08959	0.946524	2053
192	861726	872	411011	450716	100	90	2.33578	0.801639	40	39.7	293552	417	1864	1.08867	0.945819	2053
193	839713	768	419097	420616	100	90	2.36035	0.801639	40	39.7	293552	417	1864	1.11159	0.966533	2053
194	818625	708	417747	400879	100	90	2.39913	0.801639	40	39.7	293552	417	1864	1.13333	0.978102	2053
195	780082	649	402999	377083	100	90	2.41555	0.801639	40	39.7	293552	417	1864	1.15014	0.998392	2053
196	509893	590	159417	350354	100	90	2.38099	0.801639	40	39.7	548453	417	1864	1.17231	1.03186	2053
197	547702	528	219247	319414	100	90	2.40159	0.801639	40	39.7	548453	417	1864	1.17719	1.0239	2053
198	433868	484	134303	297330	100	90	2.46731	0.801639	40	39.7	548453	417	1864	1.16238	1.01974	2053
199	476151	445	191519	275481	100	90	2.48983	0.801639	40	39.7	548453	417	1864	1.18261	1.0358	2053
200	369266	393	115835	251914	100	90	2.54661	0.801639	40	39.7	548453	417	1864	1.21392	1.04959	2053
201	366802	330	152663	214139	100	90	2.57066	0.801639	40	39.7	548453	417	1864	1.25161	1.09278	2053
202	261238	283	67144.6	194094	100	90	0.275707	0.801639	40	39.7	572841	417	1864	1.01296	0.935521	2053
203	394150	261	162124	232026	100	90	0.191969	0.801639	40	39.7	572841	417	1864	1.00905	0.928363	2053
204	644909	229	305380	339529	100	90	0.177431	0.801639	40	39.7	572841	417	1864	1.00833	0.928511	2053
205	908016	213	438328	469688	100	90	0.186507	0.801639	40	39.7	572841	417	1864	1.00953	0.929802	2053
206	1.0588e+006	206	515229	543567	100	90	0.219258	0.801639	40	39.7	572841	417	1864	1.01155	0.931267	2053
207	1.09134e+006	2408	537705	553633	100	90	1.6304	0.801639	40	39.7	572841	417	1864	1.01236	0.934891	2053
208	1.08017e+006	2101	540131	540042	100	90	1.65528	0.801639	39	39.7	572841	417	1864	1.01197	0.929572	2053
209	1.09228e+006	1755	554443	537840	100	90	1.67209	0.801639	39	39.7	572841	417	1864	1.01472	0.919521	2053
210	797625	1505	275437	522187	100	90	1.5224	0.801639	39	39.7	572841	417	1864	1.25137	1.36235	2053
211	872687	1306	381336	488085	100	90	1.44482	0.801639	40	39.7	0	417	1864	1.20988	1.16188	2053
212	878809	1094	417429	456573	100	90	1.37289	0.801639	40	39.7	0	417	1864	1.16375	1.06241	2053
213	916801	952	451480	460090	100	90	1.31788	0.801639	40	39.7	0	417	1864	1.13213	1.01743	2053
214	954922	800	477755	471981	100	90	1.31407	0.801639	40	39.7	0	417	1864	1.13147	0.998895	2053
215	1.00153e+006	831	506091	490974	100	90	1.50328	0.801639	40	39.7	0	417	1864	1.12746	0.985536	2053
216	1.03887e+006	1074	529893	508977	100	90	2.01525	0.801639	40	39.7	0	417	1864	1.1298	0.983012	2053
217	1.04595e+006	1080	536787	509161	100	90	2.19159	0.801639	40	39.7	0	417	1864	1.13189	0.9783	2053
218	1.00777e+006	994	519086	488683	100	90	2.32001	0.801639	40	39.7	0	417	1864	1.13585	0.977273	2053
219	965030	875	500701	464329	100	90	2.33266	0.801639	40	39.7	0	417	1864	1.14257	0.981663	2053
220	677735	760	240707	437028	100	90	2.32717	0.801639	40	39.7	255210	417	1864	1.1417	0.994366	2053
221	749881	704	323138	426744	100	90	2.38658	0.801639	40	39.7	255210	417	1864	1.14752	1.00306	2053
222	754774	626	358356	396418	100	90	2.39411	0.801639	40	39.7	255210	417	1864	1.16391	1.02744	2053
223	537626	555	174714	362912	100	90	2.4637	0.801639	40	39.7	255210	417	1864	1.18021	1.03107	2053
224	580220	503	241908	338312	100	90	2.52036	0.801639	40	39.7	255210	417	1864	1.19639	1.02796	2053
225	589997	452	279825	310172	100	90	2.50692	0.801639	40	39.7	255210	417	1864	1.21171	1.05728	2053
226	414801	398	130940	283692	100	90	2.46909	0.801639	40	39.7	426582	417	1864	1.24173	1.0813	2053
227	437557	349	178863	252644	100	90	2.44979	0.801639	40	39.7	426582	417	1864	1.23188	1.081	2053
228	428343	301	200028	221157	100	90	2.43728	0.801639	40	39.7	426582	417	1864	1.23973	1.08	2053
229	448331	295	216794	220801	100	90	2.47382	0.801639	40	39.7	426582	417	1864	1.23509	1.07463	2053
230	409487	257	202996	197101	100	90	2.46093	0.801639	40	39.7	426582	417	1864	1.25506	1.07826	2053
231	285724	241	97293.4	188431	100	90	2.45402	0.801639	40	39.7	426582	417	1864	1.2913	1.11163	2053
232	237258	207	71424.7	165834	100	90	0.080211	0.801639	40	39.7	491508	417	1864	1.00361	0.91703	2053
233	568593	189	254357	314236	100	90	0.0674911	0.801639	40	39.7	491508	417	1864	1.00298	0.915113	2053
234	883029	168	410791	472238	100	90	0.0662539	0.801639	40	39.7	491508	417	1864	1.00296	0.918982	2053
235	927654	146	438972	488682	100	90	0.0637062	0.801639	40	39.7	491508	417	1864	1.00306	0.933869	2053
236	853100	145	413393	439707	100	90	0.075585	0.801639	40	39.7	491508	417	1864	1.00391	0.941031	2053
237	906303	3117	447437	458866	100	90	1.17369	0.801639	40	39.7	491508	417	1864	1.00548	0.933582	2053
238	1.0133e+006	2636	506266	507033	100	90	1.28246	0.801639	40	39.7	491508	417	1864	1.00741	0.935624	2053
239	1.0868e+006	2217	546048	540755	100	90	1.50854	0.801639	40	39.7	491508	417	1864	1.01146	0.936483	2053
240	817279	1981	276342	540937	100	90	1.68763	0.801639	39	39.7	491508	417	1864	1.12647	1.14125	2053
241	884047	1581	378790	502561	100	90	1.07038	0.801639	40	39.7	0	417	1864	1.06503	0.983098	2053
242	989055	1376	463164	521852	100	90	0.901498	0.801639	40	39.7	0	417	1864	1.04464	0.952805	2053
243	1.07709e+006	1171	522861	549962	100	90	0.83238	0.801639	40	39.7	0	417	1864	1.03924	0.946167	2053
244	1.16662e+006	1006	573681	588811	100	90	0.865866	0.801639	40	39.7	0	417	1864	1.04281	0.945078	2053
245	1.22885e+006	998	610091	615131	100	90	0.95431	0.801639	40	39.7	0	417	1864	1.04639	0.951598	2053
246	1.20382e+006	1812	604637	599188	100	90	1.64415	0.801639	40	39.7	0	417	1864	1.04933	0.953735	2053
247	1.14559e+006	1659	579332	566261	100	90	1.75354	0.801639	40	39.7	0	417	1864	1.05072	0.959035	2053
248	1.10174e+006	1470	561032	540709	100	90	1.84596	0.801639	40	39.7	0	417	1864	1.05272	0.946667	2053
249	1.05344e+006	1216	539871	513568	100	90	1.86219	0.801639	40	39.7	0	417	1864	1.0625	0.947413	2053
250	773965	1031	292464	481501	100	90	1.9075	0.801639	40	39.7	241672	417	1864	1.07105	0.958753	2053
251	819725	911	361203	458522	100	90	2.03554	0.801639	40	39.7	241672	417	1864	1.08292	0.962243	2053
252	822610	808	392943	429666	100	90	2.12916	0.801639	40	39.7	241672	417	1864	1.09291	0.96799	2053
253	824324	756	407916	416408	100	90	2.2304	0.801639	40	39.7	241672	417	1864	1.10345	0.975207	2053
254	788427	687	396907	391519	100	90	2.25551	0.801639	40	39.7	241672	417	1864	1.12385	0.996956	2053
255	743873	622	376718	367155	100	90	2.26754	0.801639	40	39.7	241672	417	1864	1.14027	1.00676	2053
256	465999	550	134271	331688	100	90	2.23441	0.801639	40	39.7	288841	417	1864	1.14456	1.0249	2053
257	505260	493	197387	300691	100	90	2.2798	0.801639	40	39.7	288841	417	1864	1.13193	1.01073	2053
258	541367	462	245630	285554	100	90	2.29992	0.801639	40	39.7	288841	417	1864	1.13958	1.02093	2053
259	513807	401	244911	256317	100	90	2.35081	0.801639	40	39.7	288841	417	1864	1.12591	0.989362	2053
260	516929	378	253202	251920	100	90	2.36374	0.801639	40	39.7	288841	417	1864	1.15104	1.01994	2053
261	475237	340	240887	234350	100	90	2.36955	0.801639	40	39.7	288841	417	1864	1.13372	1	2053
262	308268	300	92742.9	215526	100	90	0.122608	0.801639	40	39.7	435303	417	1864	1.00306	0.901582	2053
263	607697	257	271062	336635	100	90	0.0892523	0.801639	40	39.7	435303	417	1864	1.00237	0.901023	2053
264	915114	240	428248	486866	100	90	0.0905361	0.801639	40	39.7	435303	417	1864	1.00235	0.90444	2053
265	916684	214	436057	480627	100	90	0.0926912	0.801639	40	39.7	435303	417	1864	1.0029	0.920781	2053
266	854873	208	416764	438109	100	90	0.108629	0.801639	40	39.7	435303	417	1864	1.00345	0.930192	2053
267	893107	2623	443394	449713	100	90	1.07773	0.801639	40	39.7	435303	417	1864	1.00445	0.920293	2053
268	995704	2244	499264	496440	100	90	1.19203	0.801639	40	39.7	435303	417	1864	1.00594	0.911212	2053
269	1.05884e+006	2010	533390	525448	100	90	1.44965	0.801639	40	39.7	435303	417	1864	1.00915	0.918062	2053
270	798759	1772	270973	527785	100	90	1.61263	0.801639	39	39.7	435303	417	1864	1.13597	1.13969	2053
271	882527	1454	380522	499586	100	90	0.928004	0.801639	40	39.7	0	417	1864	1.05622	0.957578	2053
272	946769	1194	445288	497763	100	90	0.740251	0.801639	40	39.7	0	417	1864	1.03614	0.928537	2053
273	1.03681e+006	966	503570	529609	100	90	0.638414	0.801639	40	39.7	0	417	1864	1.02809	0.923139	2053
274	1.14545e+006	844	562398	579870	100	90	0.675167	0.801639	40	39.7	0	417	1864	1.03161	0.928919	2053
275	1.17218e+006	821	580438	588875	100	90	0.752502	0.801639	40	39.7	0	417	1864	1.03519	0.935437	2053
276	1.14743e+006	1783	574163	573266	100	90	1.54256	0.801639	40	39.7	0	417	1864	1.03887	0.939163	2053
277	1.1368e+006	1529	573979	562818	100	90	1.5991	0.801639	40	39.7	0	417	1864	1.04663	0.941109	2053
278	1.14093e+006	1499	578847	562085	100	90	1.78694	0.801639	40	39.7	0	417	1864	1.051	0.934573	2053
279	1.10084e+006	1263	561130	539715	100	90	1.86116	0.801639	40	39.7	0	417	1864	1.06045	0.932842	2053
280	764843	1037	276013	488829	100	90	1.89793	0.801639	40	39.7	269694	417	1864	1.06743	0.942058	2053
281	831158	940	358642	472515	100	90	2.01824	0.801639	40	39.7	269694	417	1864	1.07966	0.944629	2053
282	645720	843	196377	449343	100	90	2.13677	0.801639	40	39.7	269694	417	1864	1.08987	0.953086	2053
283	690170	745	277171	412998	100	90	2.21476	0.801639	40	39.7	269694	417	1864	1.09815	0.956643	2053
284	706933	661	323157	383776	100	90	2.26155	0.801639	40	39.7	269694	417	1864	1.10405	0.969984	2053
285	499700	560	158626	341074	100	90	2.26996	0.801639	40	39.7	269694	417	1864	1.11601	0.975701	2053
286	456674	521	137855	318198	100	90	2.2983	0.801639	40	39.7	371827	417	1864	1.12208	0.975904	2053
287	494581	464	200969	285129	100	90	2.30725	0.801639	40	39.7	371827	417	1864	1.13098	0.993166	2053
288	516462	418	239149	266817	100	90	2.3339	0.801639	40	39.7	371827	417	1864	1.11628	0.97733	2053
289	502533	380	241737	246385	100	90	2.30572	0.801639	40	39.7	371827	417	1864	1.12308	0.983333	2053
290	483861	346	237805	233028	100	90	2.34444	0.801639	40	39.7	371827	417	1864	1.12034	0.984663	2053
291	448094	319	228458	219637	100	90	2.34623	0.801639	40	39.7	371827	417	1864	1.13084	0.989933	2053
292	284673	289	82323.4	202350	100	90	0.114187	0.801639	40	39.7	515539	417	1864	1.00248	0.889762	2053
293	620410	275	276724	343687	100	90	0.0934474	0.801639	40	39.7	515539	417	1864	1.002	0.890241	2053
294	884338	239	414621	469717	100	90	0.0899675	0.801639	40	39.7	515539	417	1864	1.0022	0.90156	2053
295	869715	199	414584	455130	100	90	0.0852865	0.801639	40	39.7	515539	417	1864	1.00236	0.923474	2053
296	818864	181	401112	417752	100	90	0.093651	0.801639	40	39.7	515539	417	1864	1.00282	0.931274	2053
297	867833	2646	432693	435140	100	90	1.0241	0.801639	40	39.7	515539	417	1864	1.00443	0.925	2053
298	982035	2328	492613	489422	100	90	1.20163	0.801639	40	39.7	515539	417	1864	1.00565	0.921442	2053
299	1.02228e+006	1961	515236	507044	100	90	1.38464	0.801639	40	39.7	515539	417	1864	1.00796	0.923111	2053
300	756311	1729	257376	498935	100	90	1.57727	0.801639	40	39.7	515539	417	1864	1.14134	1.16221	2053
301	675970	1482	185155	490373	100	90	0.876767	0.801639	40	39.7	0	417	1864	1.05252	0.953601	2053
302	822924	1288	317309	504255	100	90	0.666242	0.801639	40	39.7	0	417	1864	1.03087	0.920743	2053
303	994886	1096	443743	549525	100	90	0.630998	0.801639	40	39.7	0	417	1864	1.02603	0.915545	2053
304	1.09713e+006	939	517639	577717	100	90	0.674459	0.801639	40	39.7	0	417	1864	1.02936	0.925228	2053
305	831353	883	259148	572123	100	90	0.756836	0.801639	40	39.7	0	417	1864	1.03535	0.940825	2053
306	703894	1780	166129	537764	100	90	1.49232	0.801639	40	39.7	0	417	1864	1.0363	0.934294	2053
307	812064	1720	286400	525665	100	90	1.6745	0.801639	40	39.7	0	417	1864	1.04278	0.931915	2053
308	914827	1591	394632	520196	100	90	1.87019	0.801639	40	39.7	0	417	1864	1.04481	0.930396	2053
309	955569	1324	451558	504011	100	90	1.94428	0.801639	40	39.7	0	417	1864	1.05224	0.934049	2053
310	759315	1130	275553	483762	100	90	2.01288	0.801639	40	39.7	214578	417	1864	1.05527	0.937894	2053
311	804589	974	351103	453487	100	90	2.0738	0.801639	40	39.7	214578	417	1864	1.06171	0.933264	2053
312	836914	892	399761	437153	100	90	2.10717	0.801639	40	39.7	214578	417	1864	1.05903	0.933865	2053
313	839284	828	416131	423153	100	90	2.12365	0.801639	40	39.7	214578	417	1864	1.07571	0.942189	2053
314	782388	718	394592	387796	100	90	2.17392	0.801639	40	39.7	214578	417	1864	1.09445	0.958689	2053
315	734768	640	373986	360782	100	90	2.18496	0.801639	40	39.7	214578	417	1864	1.1158	0.9791	2053
316	465041	581	129388	335648	100	90	2.17877	0.801639	40	39.7	269293	417	1864	1.12199	0.991213	2053
317	415900	528	104189	310571	100	90	2.21145	0.801639	40	39.7	269293	417	1864	1.11298	0.996109	2053
318	468851	480	174883	285495	100	90	2.23019	0.801639	40	39.7	269293	417	1864	1.13333	1.01717	2053
319	510935	440	230020	270975	100	90	2.2824	0.801639	40	39.7	269293	417	1864	1.13062	1.00476	2053
320	478578	374	231276	238810	100	90	2.28144	0.801639	40	39.7	269293	417	1864	1.13882	1.02254	2053
321	434787	328	219298	215489	100	90	2.27487	0.801639	40	39.7	269293	417	1864	1.15821	1.03607	2053
322	273480	286	77285.1	196195	100	90	0.133159	0.801639	40	39.7	410040	417	1864	1.00397	0.863663	2053
323	550161	269	242496	307665	100	90	0.101902	0.801639	40	39.7	410040	417	1864	1.00251	0.863128	2053
324	857802	226	403116	454686	100	90	0.0949563	0.801639	40	39.7	410040	417	1864	1.0025	0.87217	2053
325	914312	206	436337	477975	100	90	0.0965804	0.801639	40	39.7	410040	417	1864	1.00288	0.903024	2053
326	858268	186	419905	438363	100	90	0.104781	0.801639	40	39.7	410040	417	1864	1.00335	0.920476	2053
327	934160	2784	466145	468015	100	90	1.08214	0.801639	40	39.7	410040	417	1864	1.00442	0.905258	2053
328	1.02743e+006	2355	517562	509869	100	90	1.21991	0.801639	40	39.7	410040	417	1864	1.00609	0.898353	2053
329	1.06904e+006	1963	543122	525915	100	90	1.37478	0.801639	40	39.7	410040	417	1864	1.00844	0.889963	2053
330	782829	1705	269257	513572	100	90	1.51696	0.801639	40	39.7	410040	417	1864	1.1484	1.13628	2053
331	886138	1451	391147	494608	100	90	1.03619	0.801639	40	39.7	0	417	1864	1.07137	0.95378	2053
332	959296	1273	457971	500671	100	90	0.912046	0.801639	40	39.7	0	417	1864	1.04768	0.9157	2053
333	1.02707e+006	1080	505805	520478	100	90	0.853636	0.801639	40	39.7	0	417	1864	1.04142	0.90739	2053
334	811504	919	266482	544978	100	90	0.873359	0.801639	40	39.7	0	417	1864	1.04347	0.908647	2053
335	937954	888	387315	550596	100	90	0.970826	0.801639	40	39.7	0	417	1864	1.04442	0.910924	2053
336	1.02866e+006	1583	475383	553280	100	90	1.61377	0.801639	40	39.7	0	417	1864	1.04698	0.910233	2053
337	1.06022e+006	1475	516379	543838	100	90	1.72517	0.801639	40	39.7	0	417	1864	1.05574	0.916667	2053
338	1.01251e+006	1378	507517	504991	100	90	1.8519	0.801639	40	39.7	0	417	1864	1.06009	0.919343	2053
339	977333	1149	498015	479319	100	90	1.86053	0.801639	40	39.7	0	417	1864	1.06914	0.927993	2053
340	671715	977	225396	446319	100	90	1.87552	0.801639	40	39.7	271642	417	1864	1.07771	0.935381	2053
341	714670	850	304077	410593	100	90	1.9742	0.801639	40	39.7	271642	417	1864	1.08356	0.935523	2053
342	745270	780	355254	390015	100	90	2.06381	0.801639	40	39.7	271642	417	1864	1.0956	0.945623	2053
343	546125	699	178700	367425	100	90	2.13197	0.801639	40	39.7	271642	417	1864	1.1169	0.967359	2053
344	581445	628	245144	336300	100	90	2.21396	0.801639	40	39.7	271642	417	1864	1.12387	0.976471	2053
345	610060	580	288937	321123	100	90	2.21393	0.801639	40	39.7	271642	417	1864	1.12829	0.978182	2053
346	418180	517	122266	295862	100	90	2.18949	0.801639	40	39.7	469243	417	1864	1.1537	1.00204	2053
347	464709	470	185328	270201	100	90	2.2333	0.801639	40	39.7	469243	417	1864	1.15145	0.995506	2053
348	494182	430	228250	254243	100	90	2.24106	0.801639	40	39.7	469243	417	1864	1.14512	0.987715	2053
349	496759	402	239054	241355	100	90	2.27076	0.801639	40	39.7	469243	417	1864	1.15196	0.989418	2053
350	488042	379	240341	232809	100	90	2.32109	0.801639	40	39.7	469243	417	1864	1.13528	0.980057	2053
351	444848	341	227953	216895	100	90	2.3518	0.801639	40	39.7	469243	417	1864	1.14328	0.987179	2053
352	277677	298	75109.9	202567	100	90	0.116325	0.801639	40	39.7	621424	417	1864	1.00328	0.887424	2053
353	621763	290	272511	349252	100	90	0.0976374	0.801639	40	39.7	621424	417	1864	1.00273	0.884627	2053
354	884141	271	411599	472542	100	90	0.0998384	0.801639	40	39.7	621424	417	1864	1.00313	0.8983	2053
355	865611	230	411723	453887	100	90	0.096969	0.801639	40	39.7	621424	417	1864	1.00319	0.924154	2053
356	584486	209	168440	416046	100	90	0.107945	0.801639	40	39.7	621424	417	1864	1.00378	0.930651	2053
357	699967	2737	273319	426647	100	90	1.03824	0.801639	40	39.7	621424	417	1864	1.00428	0.92372	2053
358	872901	2520	390541	482360	100	90	1.27777	0.801639	40	39.7	621424	417	1864	1.00592	0.926951	2053
359	709883	2149	209251	500632	100	90	1.50919	0.801639	40	39.7	621424	417	1864	1.00903	0.932912	2053
360	623911	1926	150319	473591	100	90	1.61263	0.801639	37	39.7	621424	417	1864	1.11526	1.11024	2053
361	596877	1617	137240	459599	100	90	0.801741	0.801639	40	39.7	0	417	1864	1.03754	0.931501	2053
362	755544	1364	278409	476997	100	90	0.631771	0.801639	40	39.7	0	417	1864	1.02371	0.914608	2053
363	959142	1186	421016	537966	100	90	0.630938	0.801639	40	39.7	0	417	1864	1.02248	0.912529	2053
364	1.06485e+006	1010	500392	564245	100	90	0.683867	0.801639	40	39.7	0	417	1864	1.02607	0.916683	2053
365	1.08391e+006	917	528305	555455	100	90	0.771438	0.801639	40	39.7	0	417	1864	1.02911	0.925196	2053
366	1.0982e+006	1819	548128	550075	100	90	1.48523	0.801639	40	39.7	0	417	1864	1.03346	0.927234	2053
367	1.07759e+006	1622	546854	530731	100	90	1.61319	0.801639	40	39.7	0	417	1864	1.03988	0.923077	2053
368	1.05757e+006	1433	542439	515136	100	90	1.72421	0.801639	40	39.7	0	417	1864	1.0457	0.931526	2053
369	1.00537e+006	1196	519106	486265	100	90	1.8199	0.801639	40	39.7	0	417	1864	1.05358	0.930213	2053
370	672727	993	225857	446871	100	90	1.91959	0.801639	40	39.7	287430	417	1864	1.05891	0.937178	2053
371	731568	884	310974	420593	100	90	2.03228	0.801639	40	39.7	287430	417	1864	1.07105	0.939954	2053
372	771548	817	369064	402484	100	90	2.12832	0.801639	40	39.7	287430	417	1864	1.07327	0.937578	2053
373	772256	754	385480	386776	100	90	2.16884	0.801639	40	39.7	287430	417	1864	1.09091	0.95788	2053
374	741220	688	377610	363611	100	90	2.18157	0.801639	40	39.7	287430	417	1864	1.0961	0.95549	2053
375	675136	597	348027	327109	100	90	2.1886	0.801639	40	39.7	287430	417	1864	1.12158	0.977663	2053
376	418343	527	122090	296242	100	90	2.18816	0.801639	40	39.7	522609	417	1864	1.11966	0.978558	2053
377	450840	460	179515	262423	100	90	2.21631	0.801639	40	39.7	522609	417	1864	1.12055	0.959641	2053
378	465209	408	216936	236999	100	90	2.23074	0.801639	40	39.7	522609	417	1864	1.12073	0.944444	2053
379	475559	376	231796	227453	100	90	2.27091	0.801639	40	39.7	522609	417	1864	1.12814	0.947222	2053
380	448744	329	225025	209320	100	90	2.30883	0.801639	40	39.7	522609	417	1864	1.13314	0.942122	2053
381	407491	290	212683	194808	100	90	2.33417	0.801639	40	39.7	522609	417	1864	1.13559	0.942029	2053
382	234557	253	57261.3	177296	100	90	0.101875	0.801639	40	39.7	568417	417	1864	1.00272	0.885519	2053
383	559961	232	245334	314627	100	90	0.0775017	0.801639	40	39.7	568417	417	1864	1.00216	0.88693	2053
384	835151	210	391232	443919	100	90	0.0764067	0.801639	40	39.7	568417	417	1864	1.00215	0.89623	2053
385	599796	180	175270	424527	100	90	0.0756519	0.801639	40	39.7	568417	417	1864	1.00249	0.90906	2053
386	613423	154	231684	381739	100	90	0.0790577	0.801639	40	39.7	568417	417	1864	1.00255	0.915787	2053
387	799035	3025	356052	442983	100	90	1.09443	0.801639	40	39.7	568417	417	1864	1.00302	0.909548	2053
388	947641	2839	449540	498101	100	90	1.38795	0.801639	40	39.7	568417	417	1864	1.00522	0.913221	2053
389	957925	2203	468434	489491	100	90	1.49073	0.801639	40	39.7	568417	417	1864	1.00765	0.917362	2053
390	741357	1874	247661	493696	100	90	1.50837	0.801639	34	39.7	568417	417	1864	1.11149	1.09722	2053
391	853086	1564	370494	482394	100	90	0.904276	0.801639	40	39.7	0	417	1864	1.04934	0.945051	2053
392	934088	1289	444082	489805	100	90	0.751297	0.801639	40	39.7	0	417	1864	1.03407	0.919402	2053
393	1.07578e+006	1134	528792	546677	100	90	0.721358	0.801639	40	39.7	0	417	1864	1.03304	0.918216	2053
394	1.13814e+006	979	565508	572333	100	90	0.787705	0.801639	40	39.7	0	417	1864	1.0385	0.925616	2053
395	1.12932e+006	932	566761	562261	100	90	0.900112	0.801639	40	39.7	0	417	1864	1.04321	0.927505	2053
396	1.11188e+006	1622	563947	547934	100	90	1.51048	0.801639	40	39.7	0	417	1864	1.04824	0.918143	2053
397	796611	1443	262840	533771	100	90	1.56521	0.801639	40	39.7	0	417	1864	1.05254	0.909871	2053
398	879453	1379	365936	513517	100	90	1.79133	0.801639	40	39.7	0	417	1864	1.05809	0.8965	2053
399	955773	1227	449823	505950	100	90	1.92264	0.801639	40	39.7	0	417	1864	1.06893	0.902092	2053
400	714708	1068	236761	477948	100	90	1.97351	0.801639	40	39.7	255485	417	1864	1.07838	0.91092	2053
401	587608	906	154958	432650	100	90	2.04732	0.801639	40	39.7	255485	417	1864	1.09461	0.922385	2053
402	647487	813	251536	395950	100	90	2.12511	0.801639	40	39.7	255485	417	1864	1.09896	0.912609	2053
403	713248	760	329366	383882	100	90	2.15212	0.801639	40	39.7	255485	417	1864	1.10466	0.926174	2053
404	712985	686	351034	361951	100	90	2.17824	0.801639	40	39.7	255485	417	1864	1.10728	0.926756	2053
405	721424	657	365501	355923	100	90	2.21107	0.801639	40	39.7	255485	417	1864	1.11433	0.923077	2053
406	449387	574	132810	316565	100	90	2.19303	0.801639	40	39.7	496408	417	1864	1.13333	0.946043	2053
407	494652	513	197112	287613	100	90	2.19125	0.801639	40	39.7	496408	417	1864	1.14955	0.957746	2053
408	379523	450	119854	257308	100	90	2.22295	0.801639	40	39.7	496408	417	1864	1.13514	0.940367	2053
409	425362	414	175629	240208	100	90	2.22433	0.801639	40	39.7	496408	417	1864	1.14545	0.950249	2053
410	328792	370	104345	222985	100	90	2.23052	0.801639	40	39.7	496408	417	1864	1.14066	0.933518	2053
411	344347	323	147075	197272	100	90	2.19587	0.801639	40	39.7	496408	417	1864	1.1756	0.99026	2053
412	242561	277	66735.8	175826	100	90	0.310828	0.801639	40	39.7	609596	417	1864	1.01084	0.904151	2053
413	362030	264	154420	207610	100	90	0.223962	0.801639	40	39.7	609596	417	1864	1.00821	0.900196	2053
414	587120	233	283839	303280	100	90	0.205852	0.801639	40	39.7	609596	417	1864	1.00754	0.900062	2053
415	829724	187	406127	423596	100	90	0.188478	0.801639	40	39.7	609596	417	1864	1.00697	0.90054	2053
416	1.01435e+006	173	497889	516463	100	90	0.210405	0.801639	40	39.7	609596	417	1864	1.00857	0.908018	2053
417	1.06114e+006	2004	526483	534658	100	90	1.55662	0.801639	40	39.7	609596	417	1864	1.01166	0.907227	2053
418	1.07799e+006	1817	543389	534599	100	90	1.62272	0.801639	40	39.7	609596	417	1864	1.01263	0.895737	2053
419	1.04565e+006	1498	533867	511785	100	90	1.61687	0.801639	40	39.7	609596	417	1864	1.0188	0.897343	2053
420	634763	1405	128679	506084	100	90	1.41903	0.801639	38	39.7	609596	417	1864	1.35474	1.45917	2053
421	700453	1214	234683	464951	100	90	1.27445	0.801639	40	39.7	0	417	1864	1.25305	1.1875	2053
422	796501	1088	338775	456455	100	90	1.24094	0.801639	40	39.7	0	417	1864	1.19012	1.07318	2053
423	882079	999	414565	466000	100	90	1.29824	0.801639	40	39.7	0	417	1864	1.1704	1.02735	2053
424	919878	858	451525	466911	100	90	1.3401	0.801639	40	39.7	0	417	1864	1.16266	1	2053
425	961782	896	482594	478006	100	90	1.50958	0.801639	40	39.7	0	417	1864	1.16135	0.979239	2053
426	1.00815e+006	1117	513247	494907	100	90	1.95035	0.801639	40	39.7	0	417	1864	1.15326	0.9722	2053
427	762107	1120	260794	501312	100	90	2.10015	0.801639	40	39.7	0	417	1864	1.14568	0.964254	2053
428	839428	1071	357692	481736	100	90	2.20825	0.801639	40	39.7	0	417	1864	1.14286	0.959123	2053
429	852505	934	404619	447886	100	90	2.19835	0.801639	40	39.7	0	417	1864	1.15236	0.980594	2053
430	628715	831	208166	420549	100	90	2.21926	0.801639	40	39.7	231151	417	1864	1.16574	0.992327	2053
431	673078	738	283365	389713	100	90	2.25765	0.801639	40	39.7	231151	417	1864	1.15877	0.992837	2053
432	697554	673	331143	366410	100	90	2.25164	0.801639	40	39.7	231151	417	1864	1.17286	1.01258	2053
433	514845	609	169362	345484	100	90	2.24516	0.801639	40	39.7	231151	417	1864	1.19132	1.05043	2053
434	451984	574	120637	331347	100	90	2.2529	0.801639	40	39.7	231151	417	1864	1.19377	1.05741	2053
435	476255	504	182760	293495	100	90	2.31919	0.801639	40	39.7	231151	417	1864	1.17034	1.00633	2053
436	386752	455	118866	267627	100	90	2.30686	0.801639	40	39.7	360038	417	1864	1.18102	1.02113	2053
437	431178	419	175719	247667	100	90	2.33711	0.801639	40	39.7	360038	417	1864	1.18313	1.02571	2053
438	443462	381	207171	226945	100	90	2.35886	0.801639	40	39.7	360038	417	1864	1.19346	1.02594	2053
439	328533	353	111355	214837	100	90	2.33966	0.801639	40	39.7	360038	417	1864	1.20059	1.03727	2053
440	355196	323	152935	200124	100	90	2.29789	0.801639	40	39.7	360038	417	1864	1.21683	1.06826	2053
441	368123	301	178373	189750	100	90	2.31888	0.801639	40	39.7	360038	417	1864	1.25704	1.08148	2053
442	235509	250	68296.3	167213	100	90	0.198022	0.801639	40	39.7	476834	417	1864	1.00927	0.939655	2053
443	389140	230	170129	219011	100	90	0.136465	0.801639	40	39.7	476834	417	1864	1.00601	0.939251	2053
444	667130	187	318980	348150	100	90	0.11629	0.801639	40	39.7	476834	417	1864	1.00541	0.939924	2053
445	934483	176	449390	485093	100	90	0.12611	0.801639	40	39.7	476834	417	1864	1.00573	0.942397	2053
446	1.0659e+006	168	516097	549799	100	90	0.145414	0.801639	40	39.7	476834	417	1864	1.00757	0.947485	2053
447	1.07744e+006	2731	528493	548943	100	90	1.35761	0.801639	40	39.7	476834	417	1864	1.00942	0.943619	2053
448	1.06761e+006	2245	532804	534806	100	90	1.36322	0.801639	40	39.7	476834	417	1864	1.01123	0.931099	2053
449	1.07957e+006	1834	546640	532928	100	90	1.39784	0.801639	40	39.7	476834	417	1864	1.01286	0.922776	2053
450	814563	1692	280021	534543	100	90	1.34423	0.801639	40	39.7	476834	417	1864	1.21919	1.32876	2053
451	878699	1423	382555	493231	100	90	1.26738	0.801639	40	39.7	0	417	1864	1.18059	1.14838	2053
452	941883	1263	445468	491426	100	90	1.2188	0.801639	40	39.7	0	417	1864	1.14085	1.06827	2053
453	958009	1066	470820	482189	100	90	1.14972	0.801639	40	39.7	0	417	1864	1.11406	1.02535	2053
454	1.00779e+006	910	502468	500477	100	90	1.1794	0.801639	40	39.7	0	417	1864	1.11427	1.01011	2053
455	806327	980	271621	533718	100	90	1.33511	0.801639	40	39.7	0	417	1864	1.11706	1.00799	2053
456	923032	1280	383877	539155	100	90	1.75363	0.801639	40	39.7	0	417	1864	1.12085	1	2053
457	758658	1303	227020	531638	100	90	1.95491	0.801639	40	39.7	0	417	1864	1.1171	0.99262	2053
458	660057	1237	162199	497858	100	90	2.06509	0.801639	40	39.7	0	417	1864	1.11341	0.990542	2053
459	727955	1073	265787	462167	100	90	2.09865	0.801639	40	39.7	0	417	1864	1.11419	0.991089	2053
460	697012	950	257670	439342	100	90	2.13013	0.801639	40	39.7	100359	417	1864	1.12318	0.997748	2053
461	745071	847	332248	412823	100	90	2.18932	0.801639	40	39.7	100359	417	1864	1.1257	1.00633	2053
462	753969	761	362738	391231	100	90	2.20148	0.801639	40	39.7	100359	417	1864	1.14122	1.03129	2053
463	731949	683	364053	367896	100	90	2.21302	0.801639	40	39.7	100359	417	1864	1.14489	1.0317	2053
464	715617	645	361238	354379	100	90	2.19005	0.801639	40	39.7	100359	417	1864	1.15385	1.04355	2053
465	678456	592	344453	334003	100	90	2.20216	0.801639	40	39.7	100359	417	1864	1.17057	1.05311	2053
466	478977	546	163782	315121	100	90	2.18102	0.801639	40	39.7	286963	417	1864	1.17021	1.05128	2053
467	476887	453	200051	269907	100	90	2.20854	0.801639	40	39.7	286963	417	1864	1.18202	1.06921	2053
468	487783	411	228619	249648	100	90	2.2061	0.801639	40	39.7	286963	417	1864	1.18357	1.05263	2053
469	468586	370	227394	229569	100	90	2.24496	0.801639	40	39.7	286963	417	1864	1.20776	1.06567	2053
470	309860	321	105854	202241	100	90	2.25937	0.801639	40	39.7	286963	417	1864	1.21452	1.06944	2053
471	324408	284	140702	183706	100	90	2.19064	0.801639	40	39.7	286963	417	1864	1.26667	1.12351	2053
472	233668	233	74969.2	158699	100	90	0.175371	0.801639	40	39.7	373122	417	1864	1.00946	0.955035	2053
473	385090	213	172567	212523	100	90	0.126623	0.801639	40	39.7	373122	417	1864	1.00667	0.951411	2053
474	510479	194	160189	350291	100	90	0.122201	0.801639	40	39.7	373122	417	1864	1.00659	0.95507	2053
475	775199	181	306281	468917	100	90	0.116953	0.801639	40	39.7	373122	417	1864	1.00618	0.958757	2053
476	976513	163	427449	549063	100	90	0.125663	0.801639	40	39.7	373122	417	1864	1.00694	0.961376	2053
477	1.0394e+006	2871	481875	557523	100	90	1.25602	0.801639	40	39.7	373122	417	1864	1.0081	0.96521	2053
478	1.03848e+006	2526	502233	536246	100	90	1.36129	0.801639	40	39.7	373122	417	1864	1.00846	0.959104	2053
479	1.05536e+006	2036	525461	529896	100	90	1.38595	0.801639	40	39.7	373122	417	1864	1.01074	0.9541	2053
480	807522	1824	275252	532270	100	90	1.34648	0.801639	38	39.7	373122	417	1864	1.19504	1.30249	2053
481	884562	1550	386259	495294	100	90	1.29832	0.801639	40	39.7	0	417	1864	1.16567	1.15365	2053
482	916245	1336	435726	475648	100	90	1.27662	0.801639	40	39.7	0	417	1864	1.12637	1.07651	2053
483	919027	1099	455583	458571	100	90	1.19623	0.801639	40	39.7	0	417	1864	1.09875	1.02962	2053
484	977012	964	493220	479088	100	90	1.21572	0.801639	40	39.7	0	417	1864	1.09928	1.0191	2053
485	1.04123e+006	990	531169	505823	100	90	1.36097	0.801639	40	39.7	0	417	1864	1.10189	1.01447	2053
486	1.07371e+006	1246	553219	520490	100	90	1.75286	0.801639	40	39.7	0	417	1864	1.11244	1.01744	2053
487	1.06715e+006	1238	553442	513703	100	90	1.8978	0.801639	40	39.7	0	417	1864	1.12066	1.02246	2053
488	1.02768e+006	1180	536560	491119	100	90	2.00375	0.801639	40	39.7	0	417	1864	1.13796	1.03549	2053
489	982252	1041	515564	466688	100	90	2.01773	0.801639	40	39.7	0	417	1864	1.1379	1.03593	2053
490	741103	944	295763	445340	100	90	2.04571	0.801639	40	39.7	212997	417	1864	1.14674	1.05119	2053
491	796893	863	367472	429421	100	90	2.04947	0.801639	40	39.7	212997	417	1864	1.1663	1.07491	2053
492	764178	759	378627	385551	100	90	2.0796	0.801639	40	39.7	212997	417	1864	1.16945	1.07365	2053
493	519436	662	176340	343096	100	90	2.1228	0.801639	40	39.7	212997	417	1864	1.18473	1.09135	2053
494	554354	601	233378	320976	100	90	2.14037	0.801639	40	39.7	212997	417	1864	1.20275	1.1087	2053
495	430392	544	136009	294384	100	90	2.16873	0.801639	40	39.7	212997	417	1864	1.20583	1.12016	2053
496	419266	496	147444	270192	100	90	2.15853	0.801639	40	39.7	261430	417	1864	1.23326	1.13318	2053
497	444111	437	192816	244156	100	90	2.11555	0.801639	40	39.7	261430	417	1864	1.26214	1.15641	2053
498	431904	375	208416	215199	100	90	2.07683	0.801639	40	39.7	261430	417	1864	1.28531	1.18845	2053
499	436719	353	216399	208822	100	90	2.03586	0.801639	40	39.7	261430	417	1864	1.31915	1.21895	2053
500	419667	322	211951	197203	100	90	2.04939	0.801639	40	39.7	261430	417	1864	1.34122	1.23188	2053
501	373483	279	194853	178630	100	90	2.08245	0.801639	40	39.7	261430	417	1864	1.3629	1.24255	2053
502	267505	263	95251.9	172253	100	90	0.0909015	0.801639	40	39.7	363324	417	1864	1.00497	0.945428	2053
503	619730	241	291457	328274	100	90	0.0754308	0.801639	40	39.7	363324	417	1864	1.00436	0.94269	2053
504	915190	221	437276	477915	100	90	0.0748445	0.801639	40	39.7	363324	417	1864	1.00421	0.945097	2053
505	955139	199	459406	495733	100	90	0.0740435	0.801639	40	39.7	363324	417	1864	1.00405	0.955377	2053
506	847100	170	414486	432615	100	90	0.0738708	0.801639	40	39.7	363324	417	1864	1.00409	0.964556	2053
507	896437	3280	446615	449822	100	90	1.02126	0.801639	40	39.7	363324	417	1864	1.00594	0.961081	2053
508	974544	2639	489259	485285	100	90	1.08986	0.801639	40	39.7	363324	417	1864	1.00767	0.960689	2053
509	1.04232e+006	2303	525439	516886	100	90	1.30899	0.801639	40	39.7	363324	417	1864	1.01087	0.962021	2053
510	788920	2134	267891	521030	100	90	1.45506	0.801639	37	39.7	363324	417	1864	1.10139	1.14129	2053
511	860033	1723	369696	487730	100	90	0.845711	0.801639	40	39.7	0	417	1864	1.04442	0.980311	2053
512	950174	1416	445338	500815	100	90	0.686715	0.801639	40	39.7	0	417	1864	1.03139	0.960299	2053
513	1.12279e+006	1251	543460	574737	100	90	0.653278	0.801639	40	39.7	0	417	1864	1.02663	0.9575	2053
514	1.21088e+006	1105	593205	613108	100	90	0.702394	0.801639	40	39.7	0	417	1864	1.02892	0.963451	2053
515	909791	1088	291941	617112	100	90	0.801149	0.801639	40	39.7	0	417	1864	1.03467	0.969816	2053
516	1.004e+006	2160	398728	605274	100	90	1.49644	0.801639	40	39.7	0	417	1864	1.03738	0.96699	2053
517	1.09395e+006	2002	492816	601129	100	90	1.60845	0.801639	40	39.7	0	417	1864	1.04046	0.962946	2053
518	1.11295e+006	1899	534498	578453	100	90	1.78075	0.801639	40	39.7	0	417	1864	1.04705	0.967654	2053
519	1.07329e+006	1526	533449	539837	100	90	1.8363	0.801639	40	39.7	0	417	1864	1.05455	0.963265	2053
520	876809	1281	364413	512396	100	90	1.89012	0.801639	40	39.7	174728	417	1864	1.0667	0.969106	2053
521	698916	1137	206420	492496	100	90	1.9433	0.801639	40	39.7	174728	417	1864	1.08447	0.987144	2053
522	606345	1019	147603	458743	100	90	1.99685	0.801639	40	39.7	174728	417	1864	1.08968	0.979675	2053
523	633880	874	230794	403086	100	90	2.06031	0.801639	40	39.7	174728	417	1864	1.09441	0.973005	2053
524	711066	825	316463	394602	100	90	2.1507	0.801639	40	39.7	174728	417	1864	1.10855	0.982434	2053
525	715603	736	345753	369850	100	90	2.17441	0.801639	40	39.7	174728	417	1864	1.1285	1.00426	2053
526	563585	674	213257	349610	100	90	2.15028	0.801639	40	39.7	330969	417	1864	1.14266	1.03266	2053
527	589452	603	259440	320767	100	90	2.1726	0.801639	40	39.7	330969	417	1864	1.15385	1.03853	2053
528	586246	532	279081	294261	100	90	2.1568	0.801639	40	39.7	330969	417	1864	1.17679	1.062	2053
529	562668	487	276386	271470	100	90	2.16662	0.801639	40	39.7	330969	417	1864	1.182	1.05934	2053
530	513198	423	255865	244678	100	90	2.19144	0.801639	40	39.7	330969	417	1864	1.19438	1.04884	2053
531	355446	390	122755	232691	100	90	2.21906	0.801639	40	39.7	330969	417	1864	1.21809	1.08883	2053
532	314692	336	108343	206350	100	90	0.111344	0.801639	40	39.7	388711	417	1864	1.00411	0.882323	2053
533	660635	319	301823	358812	100	90	0.102933	0.801639	40	39.7	388711	417	1864	1.0037	0.882076	2053
534	931882	287	438710	493172	100	90	0.0990766	0.801639	40	39.7	388711	417	1864	1.00375	0.891783	2053
535	950515	258	453741	496775	100	90	0.0993207	0.801639	40	39.7	388711	417	1864	1.00374	0.914879	2053
536	860896	241	421631	439265	100	90	0.108203	0.801639	40	39.7	388711	417	1864	1.00436	0.92523	2053
537	884812	2853	441707	443106	100	90	1.00655	0.801639	40	39.7	388711	417	1864	1.00617	0.90778	2053
538	980031	2356	494721	485310	100	90	1.08997	0.801639	40	39.7	388711	417	1864	1.0089	0.903892	2053
539	1.02598e+006	2069	520574	505404	100	90	1.30099	0.801639	40	39.7	388711	417	1864	1.01141	0.901018	2053
540	769275	1915	263733	505541	100	90	1.52364	0.801639	39	39.7	388711	417	1864	1.11121	1.07218	2053
541	887099	1651	388803	497447	100	90	0.885243	0.801639	40	39.7	0	417	1864	1.04517	0.919766	2053
542	966693	1422	459888	505384	100	90	0.74949	0.801639	40	39.7	0	417	1864	1.03167	0.905033	2053
543	1.06693e+006	1196	521879	543499	100	90	0.690974	0.801639	40	39.7	0	417	1864	1.02682	0.905244	2053
544	1.1773e+006	1078	582663	593184	100	90	0.753006	0.801639	40	39.7	0	417	1864	1.03159	0.911782	2053
545	1.16637e+006	1005	581353	583665	100	90	0.832172	0.801639	40	39.7	0	417	1864	1.03583	0.915131	2053
546	834745	1913	272256	562489	100	90	1.42986	0.801639	40	39.7	0	417	1864	1.03778	0.906528	2053
547	711933	1731	174493	537440	100	90	1.5215	0.801639	40	39.7	0	417	1864	1.03806	0.896985	2053
548	801385	1685	290965	510420	100	90	1.76314	0.801639	40	39.7	0	417	1864	1.04407	0.891065	2053
549	892951	1485	392843	500108	100	90	1.869	0.801639	40	39.7	0	417	1864	1.05306	0.89605	2053
550	794337	1288	313892	480445	100	90	1.97314	0.801639	40	39.7	141483	417	1864	1.06763	0.901521	2053
551	849865	1156	383835	466029	100	90	2.04696	0.801639	40	39.7	141483	417	1864	1.08815	0.926259	2053
552	865163	1044	421236	443926	100	90	2.06979	0.801639	40	39.7	141483	417	1864	1.09909	0.93148	2053
553	819199	922	412473	406726	100	90	2.06962	0.801639	40	39.7	141483	417	1864	1.10329	0.928412	2053
554	759208	794	388154	371054	100	90	2.07766	0.801639	40	39.7	141483	417	1864	1.12225	0.931613	2053
555	525371	714	179238	346133	100	90	2.09004	0.801639	40	39.7	141483	417	1864	1.13892	0.942446	2053
556	477974	632	161353	314734	100	90	2.13151	0.801639	40	39.7	227187	417	1864	1.14799	0.944354	2053
557	530780	587	222519	296995	100	90	2.14686	0.801639	40	39.7	227187	417	1864	1.15831	0.964664	2053
558	557832	556	260547	283256	100	90	2.20946	0.801639	40	39.7	227187	417	1864	1.16319	0.965714	2053
559	533356	494	259116	257314	100	90	2.22053	0.801639	40	39.7	227187	417	1864	1.17554	0.956897	2053
560	363952	431	127202	234485	100	90	2.26496	0.801639	40	39.7	227187	417	1864	1.1709	0.947891	2053
561	310359	401	86009.1	224350	100	90	2.27262	0.801639	40	39.7	227187	417	1864	1.19084	0.967828	2053
562	294616	350	92575.1	202041	100	90	0.214117	0.801639	40	39.7	271585	417	1864	1.00765	0.952401	2053
563	472105	329	207637	264468	100	90	0.17257	0.801639	40	39.7	271585	417	1864	1.00597	0.95129	2053
564	751205	296	355349	395856	100	90	0.169719	0.801639	40	39.7	271585	417	1864	1.00646	0.953264	2053
565	967760	285	464676	503084	100	90	0.188913	0.801639	40	39.7	271585	417	1864	1.00731	0.957027	2053
566	1.04688e+006	244	507353	539524	100	90	0.195877	0.801639	40	39.7	271585	417	1864	1.00854	0.958247	2053
567	1.04949e+006	2735	515685	533807	100	90	1.39276	0.801639	40	39.7	271585	417	1864	1.01044	0.955839	2053
568	1.07597e+006	2245	535858	540115	100	90	1.37356	0.801639	40	39.7	271585	417	1864	1.01266	0.953806	2053
569	1.10607e+006	1903	558021	548052	100	90	1.44379	0.801639	40	39.7	271585	417	1864	1.0175	0.952358	2053
570	828736	1782	283004	545732	100	90	1.4082	0.801639	39	39.7	271585	417	1864	1.21323	1.32538	2053
571	916289	1553	396954	516631	100	90	1.29835	0.801639	40	39.7	0	417	1864	1.1719	1.15297	2053
572	976377	1380	459150	512833	100	90	1.226	0.801639	40	39.7	0	417	1864	1.13376	1.08027	2053
573	1.00914e+006	1170	492247	512315	100	90	1.17453	0.801639	40	39.7	0	417	1864	1.11137	1.03812	2053
574	1.04928e+006	1007	520380	524528	100	90	1.20481	0.801639	40	39.7	0	417	1864	1.11243	1.02587	2053
575	1.07477e+006	1018	538501	532522	100	90	1.39103	0.801639	40	39.7	0	417	1864	1.11213	1.00714	2053
576	1.09215e+006	1299	552995	539154	100	90	1.82766	0.801639	40	39.7	0	417	1864	1.11317	0.998078	2053
577	1.08281e+006	1284	551990	530816	100	90	1.96481	0.801639	40	39.7	0	417	1864	1.11009	0.995539	2053
578	1.06705e+006	1241	547316	519738	100	90	2.07831	0.801639	40	39.7	0	417	1864	1.11356	1.00508	2053
579	1.00526e+006	1071	517663	487598	100	90	2.04435	0.801639	40	39.7	0	417	1864	1.1249	1.02652	2053
580	757377	931	304441	452935	100	90	2.04878	0.801639	40	39.7	199187	417	1864	1.12124	1.03479	2053
581	773633	815	353303	420330	100	90	2.06758	0.801639	40	39.7	199187	417	1864	1.13931	1.05032	2053
582	777734	740	378685	399049	100	90	2.11305	0.801639	40	39.7	199187	417	1864	1.1487	1.07123	2053
583	729250	660	364386	364864	100	90	2.14933	0.801639	40	39.7	199187	417	1864	1.17098	1.08	2053
584	694710	608	352497	342213	100	90	2.15101	0.801639	40	39.7	199187	417	1864	1.1879	1.09948	2053
585	624809	529	319432	305378	100	90	2.19277	0.801639	40	39.7	199187	417	1864	1.19886	1.10163	2053
586	450450	480	166485	283198	100	90	2.18438	0.801639	40	39.7	354482	417	1864	1.23418	1.14382	2053
587	485893	450	212504	265579	100	90	2.17579	0.801639	40	39.7	354482	417	1864	1.25571	1.16425	2053
588	487526	411	230941	246236	100	90	2.20533	0.801639	40	39.7	354482	417	1864	1.25964	1.1752	2053
589	463949	373	225662	226018	100	90	2.21885	0.801639	40	39.7	354482	417	1864	1.27507	1.15821	2053
590	457363	354	226255	219923	100	90	2.22012	0.801639	40	39.7	354482	417	1864	1.27273	1.15238	2053
591	303965	326	102012	201952	100	90	2.19486	0.801639	40	39.7	354482	417	1864	1.27124	1.13732	2053
592	303244	308	105064	198179	100	90	0.100766	0.801639	40	39.7	398656	417	1864	1.00403	0.907506	2053
593	659742	298	302189	357554	100	90	0.0962088	0.801639	40	39.7	398656	417	1864	1.00405	0.909185	2053
594	948745	291	445513	503232	100	90	0.102258	0.801639	40	39.7	398656	417	1864	1.00434	0.92012	2053
595	732313	276	216051	516261	100	90	0.106345	0.801639	40	39.7	398656	417	1864	1.00525	0.942299	2053
596	708026	261	255385	452641	100	90	0.116823	0.801639	40	39.7	398656	417	1864	1.00594	0.960088	2053
597	832199	3477	356621	475578	100	90	1.12804	0.801639	40	39.7	398656	417	1864	1.00744	0.95382	2053
598	992301	2872	461883	530418	100	90	1.26156	0.801639	40	39.7	398656	417	1864	1.00939	0.956349	2053
599	1.07277e+006	2534	517306	555462	100	90	1.47362	0.801639	40	39.7	398656	417	1864	1.01165	0.959109	2053
600	784539	2158	256038	528501	100	90	1.55639	0.801639	39	39.7	398656	417	1864	1.10133	1.11137	2053
601	890650	1774	373784	513712	100	90	0.915591	0.801639	40	39.7	0	417	1864	1.04748	0.97111	2053
602	979430	1477	451303	523420	100	90	0.766972	0.801639	40	39.7	0	417	1864	1.03464	0.949468	2053
603	1.07959e+006	1227	515740	558659	100	90	0.694202	0.801639	40	39.7	0	417	1864	1.02847	0.942352	2053
604	1.17732e+006	1059	570858	601588	100	90	0.725334	0.801639	40	39.7	0	417	1864	1.03115	0.950761	2053
605	1.18356e+006	1000	579580	599717	100	90	0.803596	0.801639	40	39.7	0	417	1864	1.03741	0.961108	2053
606	1.15443e+006	1934	572970	581463	100	90	1.48586	0.801639	40	39.7	0	417	1864	1.04094	0.961598	2053
607	795625	1651	254413	541212	100	90	1.52321	0.801639	40	39.7	0	417	1864	1.04417	0.961684	2053
608	885199	1566	354832	530367	100	90	1.7017	0.801639	40	39.7	0	417	1864	1.04935	0.961235	2053
609	929525	1326	423299	506227	100	90	1.78651	0.801639	40	39.7	0	417	1864	1.05876	0.970428	2053
610	699244	1153	210097	489146	100	90	1.90712	0.801639	40	39.7	13457	417	1864	1.07426	0.977477	2053
611	735977	976	292262	443715	100	90	1.99907	0.801639	40	39.7	13457	417	1864	1.09068	0.993631	2053
612	743286	828	341245	402041	100	90	2.06116	0.801639	40	39.7	13457	417	1864	1.0999	1.00754	2053
613	706010	703	342280	363730	100	90	2.0809	0.801639	40	39.7	13457	417	1864	1.11139	1.01615	2053
614	673103	630	335157	337946	100	90	2.05001	0.801639	40	39.7	13457	417	1864	1.12766	1.0346	2053
615	619903	559	311794	308109	100	90	2.07702	0.801639	40	39.7	13457	417	1864	1.14428	1.03752	2053
616	438310	488	159632	277960	100	90	2.05937	0.801639	40	39.7	163010	417	1864	1.15238	1.054	2053
617	366412	453	105989	259073	100	90	2.05455	0.801639	40	39.7	163010	417	1864	1.16529	1.06019	2053
618	372342	386	145312	220454	100	90	2.06052	0.801639	40	39.7	163010	417	1864	1.17794	1.06868	2053
619	361255	318	164164	190150	100	90	2.08964	0.801639	40	39.7	163010	417	1864	1.19874	1.08503	2053
620	244365	262	80697.1	162412	100	90	2.04899	0.801639	40	39.7	163010	417	1864	1.20233	1.10373	2053
621	272829	252	116332	156497	100	90	2.07124	0.801639	40	39.7	163010	417	1864	1.20084	1.10965	2053
622	222961	230	76575.1	146386	100	90	0.145248	0.801639	40	39.7	224957	417	1864	1.00489	0.98798	2053
623	398035	207	182762	215273	100	90	0.108156	0.801639	40	39.7	224957	417	1864	1.00406	0.988177	2053
624	716996	196	343291	373705	100	90	0.110197	0.801639	40	39.7	224957	417	1864	1.00447	0.989558	2053
625	968355	174	464916	503439	100	90	0.111318	0.801639	40	39.7	224957	417	1864	1.00443	0.990263	2053
626	1.06519e+006	158	513874	551314	100	90	0.121775	0.801639	40	39.7	224957	417	1864	1.00558	0.991378	2053
627	1.04009e+006	2970	506746	533339	100	90	1.28083	0.801639	40	39.7	224957	417	1864	1.00583	0.988384	2053
628	1.05146e+006	2374	520058	531400	100	90	1.26747	0.801639	40	39.7	224957	417	1864	1.0076	0.989377	2053
629	1.08949e+006	1948	544984	544511	100	90	1.32433	0.801639	40	39.7	224957	417	1864	1.00897	0.987149	2053
630	828812	1749	280208	548604	100	90	1.28271	0.801639	37	39.7	224957	417	1864	1.20932	1.38626	2053
631	922844	1528	392545	524558	100	90	1.19373	0.801639	40	39.7	0	417	1864	1.16916	1.18043	2053
632	982580	1323	455717	517537	100	90	1.12833	0.801639	40	39.7	0	417	1864	1.13084	1.11411	2053
633	1.04316e+006	1139	502126	531247	100	90	1.07548	0.801639	40	39.7	0	417	1864	1.11254	1.08539	2053
634	834781	1001	270185	562786	100	90	1.10054	0.801639	40	39.7	0	417	1864	1.11726	1.07143	2053
635	985713	1063	397248	586953	100	90	1.26596	0.801639	40	39.7	0	417	1864	1.12103	1.06131	2053
636	1.10616e+006	1403	499397	606759	100	90	1.65401	0.801639	40	39.7	0	417	1864	1.12599	1.05716	2053
637	1.13858e+006	1404	543758	594821	100	90	1.81784	0.801639	40	39.7	0	417	1864	1.12738	1.05544	2053
638	1.14093e+006	1290	560532	580403	100	90	1.88445	0.801639	40	39.7	0	417	1864	1.1369	1.05731	2053
639	1.1252e+006	1141	562260	562941	100	90	1.87969	0.801639	40	39.7	0	417	1864	1.13164	1.05514	2053
640	908325	1007	378060	530265	100	90	1.88234	0.801639	40	39.7	177799	417	1864	1.15294	1.08165	2053
641	970051	947	445616	524434	100	90	1.89874	0.801639	40	39.7	177799	417	1864	1.17114	1.10508	2053
642	939540	839	453983	485558	100	90	1.91002	0.801639	40	39.7	177799	417	1864	1.17275	1.11421	2053
643	859234	735	425505	433729	100	90	1.92501	0.801639	40	39.7	177799	417	1864	1.19922	1.13431	2053
644	802409	664	401647	400761	100	90	1.97406	0.801639	40	39.7	177799	417	1864	1.19677	1.13235	2053
645	758103	602	380983	377120	100	90	1.94845	0.801639	40	39.7	177799	417	1864	1.22296	1.18215	2053
646	588416	565	226455	360873	100	90	1.95045	0.801639	40	39.7	335624	417	1864	1.25362	1.21373	2053
647	605602	512	268110	330880	100	90	1.95212	0.801639	40	39.7	335624	417	1864	1.25918	1.22707	2053
648	574419	444	272411	293954	100	90	1.96413	0.801639	40	39.7	335624	417	1864	1.25598	1.22423	2053
649	544325	397	264638	270925	100	90	1.97701	0.801639	40	39.7	335624	417	1864	1.25532	1.21902	2053
650	521963	375	257492	256317	100	90	2.03575	0.801639	40	39.7	335624	417	1864	1.25507	1.20625	2053
651	505386	358	254820	250566	100	90	2.04476	0.801639	40	39.7	335624	417	1864	1.27778	1.22591	2053
652	362154	321	132167	229987	100	90	0.128833	0.801639	40	39.7	449126	417	1864	1.00613	0.947794	2053
653	650273	301	299882	350391	100	90	0.105332	0.801639	40	39.7	449126	417	1864	1.00524	0.946175	2053
654	938684	287	445710	492974	100	90	0.108348	0.801639	40	39.7	449126	417	1864	1.00558	0.949356	2053
655	991797	254	474948	516849	100	90	0.108037	0.801639	40	39.7	449126	417	1864	1.00609	0.963525	2053
656	939069	230	456945	482123	100	90	0.115029	0.801639	40	39.7	449126	417	1864	1.00647	0.969049	2053
657	946030	2907	467856	478174	100	90	1.06182	0.801639	40	39.7	449126	417	1864	1.00805	0.961268	2053
658	1.02112e+006	2419	509610	511511	100	90	1.15082	0.801639	40	39.7	449126	417	1864	1.01131	0.965142	2053
659	1.05713e+006	2126	531121	526007	100	90	1.37709	0.801639	40	39.7	449126	417	1864	1.017	0.969224	2053
660	768315	1814	259709	508605	100	90	1.47502	0.801639	40	39.7	449126	417	1864	1.13766	1.19584	2053
661	837530	1525	359234	475884	100	90	0.923763	0.801639	40	39.7	0	417	1864	1.06306	1.00814	2053
662	894282	1243	417961	472588	100	90	0.726351	0.801639	40	39.7	0	417	1864	1.04188	0.981466	2053
663	1.02534e+006	1087	494900	526077	100	90	0.692479	0.801639	40	39.7	0	417	1864	1.03875	0.971792	2053
664	1.12491e+006	943	548534	572164	100	90	0.716548	0.801639	40	39.7	0	417	1864	1.04161	0.973374	2053
665	1.18616e+006	958	583423	599025	100	90	0.842454	0.801639	40	39.7	0	417	1864	1.04863	0.976401	2053
666	1.16127e+006	1850	577637	583630	100	90	1.52838	0.801639	40	39.7	0	417	1864	1.05543	0.982845	2053
667	828926	1743	267946	560980	100	90	1.65214	0.801639	40	39.7	0	417	1864	1.0586	0.979946	2053
668	887421	1555	357232	530189	100	90	1.77662	0.801639	40	39.7	0	417	1864	1.06635	0.983108	2053
669	936329	1326	428193	508135	100	90	1.84556	0.801639	40	39.7	0	417	1864	1.07819	0.987261	2053
670	822978	1164	339189	483789	100	90	1.95488	0.801639	40	39.7	132720	417	1864	1.08892	0.99909	2053
671	642475	1014	190680	451794	100	90	2.02139	0.801639	40	39.7	132720	417	1864	1.10793	1.00935	2053
672	702142	912	279684	422458	100	90	2.08356	0.801639	40	39.7	132720	417	1864	1.12331	1.01626	2053
673	724177	808	333304	390872	100	90	2.11324	0.801639	40	39.7	132720	417	1864	1.13739	1.01699	2053
674	691967	692	339466	352501	100	90	2.10379	0.801639	40	39.7	132720	417	1864	1.15508	1.02432	2053
675	658556	621	332013	326543	100	90	2.10306	0.801639	40	39.7	132720	417	1864	1.17313	1.04429	2053
676	497617	571	186810	309598	100	90	2.08973	0.801639	40	39.7	288722	417	1864	1.19156	1.06343	2053
677	527917	519	231301	286686	100	90	2.08845	0.801639	40	39.7	288722	417	1864	1.21835	1.0911	2053
678	382499	452	123332	256787	100	90	2.11268	0.801639	40	39.7	288722	417	1864	1.22103	1.07416	2053
679	406160	406	164921	233379	100	90	2.11223	0.801639	40	39.7	288722	417	1864	1.24694	1.08447	2053
680	433532	382	201336	224944	100	90	2.14272	0.801639	40	39.7	288722	417	1864	1.24	1.07918	2053
681	375888	318	185872	190015	100	90	2.14372	0.801639	40	39.7	288722	417	1864	1.29739	1.13523	2053
682	280079	291	100050	180029	100	90	0.1151	0.801639	40	39.7	380632	417	1864	1.00581	0.900519	2053
683	436199	241	135782	300417	100	90	0.0836611	0.801639	40	39.7	380632	417	1864	1.00455	0.897493	2053
684	750983	215	300384	450600	100	90	0.0716324	0.801639	40	39.7	380632	417	1864	1.00394	0.903619	2053
685	910227	192	396803	513424	100	90	0.0721164	0.801639	40	39.7	380632	417	1864	1.00386	0.925914	2053
686	884568	182	405876	478691	100	90	0.0808003	0.801639	40	39.7	380632	417	1864	1.00468	0.941709	2053
687	651158	3212	181900	469258	100	90	1.03759	0.801639	40	39.7	380632	417	1864	1.00626	0.931735	2053
688	762404	2786	288710	473694	100	90	1.18232	0.801639	40	39.7	380632	417	1864	1.00768	0.929539	2053
689	936578	2614	409175	527403	100	90	1.51594	0.801639	40	39.7	380632	417	1864	1.01078	0.923985	2053
690	789982	2308	241016	548966	100	90	1.70556	0.801639	38	39.7	380632	417	1864	1.1027	1.06212	2053
691	894908	1874	364354	527188	100	90	1.11635	0.801639	40	39.7	0	417	1864	1.05433	0.955434	2053
692	991019	1576	450509	535847	100	90	0.950605	0.801639	40	39.7	0	417	1864	1.0391	0.932703	2053
693	1.07484e+006	1302	513761	555692	100	90	0.883601	0.801639	40	39.7	0	417	1864	1.03226	0.920259	2053
694	1.15731e+006	1113	564276	587827	100	90	0.909175	0.801639	40	39.7	0	417	1864	1.0334	0.921494	2053
695	1.17746e+006	1014	580649	592411	100	90	0.988471	0.801639	40	39.7	0	417	1864	1.03683	0.922162	2053
696	1.16538e+006	1735	582700	582682	100	90	1.61404	0.801639	40	39.7	0	417	1864	1.04156	0.919631	2053
697	1.12587e+006	1598	566407	559461	100	90	1.68386	0.801639	40	39.7	0	417	1864	1.04435	0.921323	2053
698	1.08896e+006	1449	551376	537582	100	90	1.7593	0.801639	40	39.7	0	417	1864	1.04987	0.931303	2053
699	1.03324e+006	1220	526479	506762	100	90	1.80151	0.801639	40	39.7	0	417	1864	1.05696	0.928571	2053
700	793719	1032	324548	469172	100	90	1.85438	0.801639	40	39.7	186203	417	1864	1.06471	0.939544	2053
701	847332	951	388059	459273	100	90	1.97163	0.801639	40	39.7	186203	417	1864	1.0779	0.946121	2053
702	805935	821	390707	415229	100	90	2.08484	0.801639	40	39.7	186203	417	1864	1.09295	0.961153	2053
703	763227	733	379876	383351	100	90	2.14466	0.801639	40	39.7	186203	417	1864	1.10856	0.971831	2053
704	738549	678	371932	366616	100	90	2.14488	0.801639	40	39.7	186203	417	1864	1.13557	0.995413	2053
705	671096	598	340244	330852	100	90	2.14223	0.801639	40	39.7	186203	417	1864	1.16242	1.01038	2053
706	489255	542	179757	308712	100	90	2.1592	0.801639	40	39.7	347082	417	1864	1.15993	0.998095	2053
707	523544	488	227465	287491	100	90	2.14732	0.801639	40	39.7	347082	417	1864	1.17647	1.01068	2053
708	507019	431	238036	257921	100	90	2.16323	0.801639	40	39.7	347082	417	1864	1.17528	1.03431	2053
709	487725	386	235621	239723	100	90	2.16711	0.801639	40	39.7	347082	417	1864	1.20051	1.06077	2053
710	459252	351	224844	223511	100	90	2.1968	0.801639	40	39.7	347082	417	1864	1.18824	1.06897	2053
711	433619	338	219020	214599	100	90	2.1803	0.801639	40	39.7	347082	417	1864	1.19938	1.07566	2053
712	310522	310	109885	200637	100	90	0.111455	0.801639	40	39.7	452849	417	1864	1.00371	0.89682	2053
713	640771	278	296313	344458	100	90	0.0909607	0.801639	40	39.7	452849	417	1864	1.0031	0.898463	2053
714	942386	254	445536	496850	100	90	0.0892127	0.801639	40	39.7	452849	417	1864	1.00315	0.906647	2053
715	963061	226	460416	502645	100	90	0.0880356	0.801639	40	39.7	452849	417	1864	1.00326	0.933394	2053
716	855099	209	417839	437260	100	90	0.0958232	0.801639	40	39.7	452849	417	1864	1.00397	0.950096	2053
717	621335	2953	182442	438893	100	90	0.988644	0.801639	40	39.7	452849	417	1864	1.0055	0.941997	2053
718	731200	2548	285285	445914	100	90	1.11669	0.801639	40	39.7	452849	417	1864	1.00665	0.940203	2053
719	886703	2233	392942	493761	100	90	1.39694	0.801639	40	39.7	452849	417	1864	1.0094	0.935815	2053
720	747090	2086	230731	516359	100	90	1.65615	0.801639	39	39.7	452849	417	1864	1.1091	1.09811	2053
721	867582	1785	357091	507581	100	90	0.902777	0.801639	40	39.7	0	417	1864	1.04013	0.937569	2053
722	978978	1494	446662	528274	100	90	0.747987	0.801639	40	39.7	0	417	1864	1.02878	0.923077	2053
723	1.10949e+006	1264	528534	576269	100	90	0.702614	0.801639	40	39.7	0	417	1864	1.02604	0.920169	2053
724	1.17445e+006	1054	568599	601293	100	90	0.717525	0.801639	40	39.7	0	417	1864	1.02935	0.926917	2053
725	1.17944e+006	1006	577472	597858	100	90	0.80325	0.801639	40	39.7	0	417	1864	1.03352	0.938025	2053
726	1.16103e+006	1947	576664	584364	100	90	1.47149	0.801639	40	39.7	0	417	1864	1.03898	0.941732	2053
727	1.14898e+006	1689	574236	574744	100	90	1.51051	0.801639	40	39.7	0	417	1864	1.04126	0.937764	2053
728	1.14754e+006	1630	577274	570263	100	90	1.65071	0.801639	40	39.7	0	417	1864	1.0492	0.933926	2053
729	1.07161e+006	1344	541655	529959	100	90	1.72552	0.801639	40	39.7	0	417	1864	1.0537	0.932974	2053
730	723702	1145	227339	496363	100	90	1.85212	0.801639	40	39.7	23155.8	417	1864	1.06865	0.940325	2053
731	781667	1014	313385	468282	100	90	1.95405	0.801639	40	39.7	23155.8	417	1864	1.08449	0.946029	2053
732	832279	939	378330	453949	100	90	2.00952	0.801639	40	39.7	23155.8	417	1864	1.09532	0.955947	2053
733	813011	836	391799	421212	100	90	2.05648	0.801639	40	39.7	23155.8	417	1864	1.10619	0.95528	2053
734	751807	727	371678	380129	100	90	2.1214	0.801639	40	39.7	23155.8	417	1864	1.13138	0.958453	2053
735	728855	676	364682	364173	100	90	2.14244	0.801639	40	39.7	23155.8	417	1864	1.14468	0.975232	2053
736	538537	616	197249	340574	100	90	2.1569	0.801639	40	39.7	191524	417	1864	1.15	0.979452	2053
737	585638	574	251710	324079	100	90	2.15958	0.801639	40	39.7	191524	417	1864	1.16271	0.981584	2053
738	443185	524	140490	300327	100	90	2.16317	0.801639	40	39.7	191524	417	1864	1.17137	0.987805	2053
739	490712	482	197562	284354	100	90	2.18388	0.801639	40	39.7	191524	417	1864	1.17938	0.99115	2053
740	480931	425	220033	253301	100	90	2.17157	0.801639	40	39.7	191524	417	1864	1.17824	1	2053
741	469530	394	230175	239354	100	90	2.18331	0.801639	40	39.7	191524	417	1864	1.2	1.0163	2053
742	330962	342	115928	215034	100	90	0.142627	0.801639	40	39.7	305495	417	1864	1.00498	0.880531	2053
743	623850	325	285717	338133	100	90	0.115076	0.801639	40	39.7	305495	417	1864	1.00421	0.879753	2053
744	920509	298	434785	485724	100	90	0.114751	0.801639	40	39.7	305495	417	1864	1.00422	0.888376	2053
745	967602	257	462090	505512	100	90	0.110812	0.801639	40	39.7	305495	417	1864	1.00404	0.909891	2053
746	865742	215	421435	444307	100	90	0.112538	0.801639	40	39.7	305495	417	1864	1.00491	0.925124	2053
747	894466	2662	444210	450257	100	90	1.01228	0.801639	40	39.7	305495	417	1864	1.00631	0.913115	2053
748	952154	2288	478393	473761	100	90	1.13278	0.801639	40	39.7	305495	417	1864	1.00792	0.910287	2053
749	1.01105e+006	1982	510796	500249	100	90	1.36568	0.801639	40	39.7	305495	417	1864	1.01223	0.911672	2053
750	758727	1764	257917	500809	100	90	1.53149	0.801639	37	39.7	305495	417	1864	1.13706	1.12536	2053
751	791458	1486	313114	475997	100	90	0.906562	0.801639	40	39.7	0	417	1864	1.05631	0.940816	2053
752	884351	1261	400690	481311	100	90	0.724682	0.801639	40	39.7	0	417	1864	1.03656	0.913436	2053
753	1.01516e+006	1090	482376	529067	100	90	0.687061	0.801639	40	39.7	0	417	1864	1.0344	0.907156	2053
754	1.1322e+006	971	548579	580160	100	90	0.729922	0.801639	40	39.7	0	417	1864	1.03704	0.91442	2053
755	1.15239e+006	944	564967	584507	100	90	0.815307	0.801639	40	39.7	0	417	1864	1.04164	0.920626	2053
756	1.12152e+006	1859	557176	564345	100	90	1.49244	0.801639	40	39.7	0	417	1864	1.0451	0.922231	2053
757	1.11116e+006	1695	558000	553161	100	90	1.55576	0.801639	40	39.7	0	417	1864	1.04695	0.917553	2053
758	1.08075e+006	1532	546677	534073	100	90	1.68791	0.801639	40	39.7	0	417	1864	1.05088	0.909213	2053
759	1.0139e+006	1250	515117	498785	100	90	1.74054	0.801639	40	39.7	0	417	1864	1.06399	0.908491	2053
760	752667	1021	301382	451284	100	90	1.82762	0.801639	40	39.7	188720	417	1864	1.07645	0.904523	2053
761	815180	938	371679	443501	100	90	1.93704	0.801639	40	39.7	188720	417	1864	1.08313	0.9069	2053
762	819256	843	395963	423292	100	90	2.03446	0.801639	40	39.7	188720	417	1864	1.09794	0.927696	2053
763	773534	740	382659	390875	100	90	2.08294	0.801639	40	39.7	188720	417	1864	1.11497	0.939776	2053
764	713922	648	358201	355721	100	90	2.09496	0.801639	40	39.7	188720	417	1864	1.13662	0.972713	2053
765	700472	616	353720	346752	100	90	2.13733	0.801639	40	39.7	188720	417	1864	1.14877	0.982993	2053
766	488269	549	172971	314827	100	90	2.13784	0.801639	40	39.7	367144	417	1864	1.14923	0.982857	2053
767	537068	511	230353	298173	100	90	2.16879	0.801639	40	39.7	367144	417	1864	1.1619	1	2053
768	545252	465	255594	278517	100	90	2.16462	0.801639	40	39.7	367144	417	1864	1.17197	1.01595	2053
769	485767	392	234310	238890	100	90	2.18491	0.801639	40	39.7	367144	417	1864	1.16452	0.989041	2053
770	448346	342	220872	216672	100	90	2.21271	0.801639	40	39.7	367144	417	1864	1.15522	0.980831	2053
771	415977	315	211540	204438	100	90	2.21658	0.801639	40	39.7	367144	417	1864	1.16776	0.986014	2053
772	269991	266	89749.1	180242	100	90	0.100393	0.801639	40	39.7	479180	417	1864	1.00308	0.82942	2053
773	597462	236	276113	321349	100	90	0.0778429	0.801639	40	39.7	479180	417	1864	1.00242	0.828855	2053
774	904743	219	427287	477456	100	90	0.0779697	0.801639	40	39.7	479180	417	1864	1.00225	0.848005	2053
775	913479	180	437020	476459	100	90	0.0718945	0.801639	40	39.7	479180	417	1864	1.00211	0.88625	2053
776	845161	176	413919	431241	100	90	0.0836623	0.801639	40	39.7	479180	417	1864	1.0023	0.902346	2053
777	881603	2761	439657	441945	100	90	0.964279	0.801639	40	39.7	479180	417	1864	1.0033	0.886982	2053
778	974980	2348	491678	483302	100	90	1.06704	0.801639	40	39.7	479180	417	1864	1.00469	0.881807	2053
779	1.0361e+006	2062	524209	511889	100	90	1.24886	0.801639	40	39.7	479180	417	1864	1.00607	0.87215	2053
780	767921	1850	261156	506765	100	90	1.47005	0.801639	38	39.7	479180	417	1864	1.09713	1.02842	2053
781	872097	1567	380538	489238	100	90	0.887092	0.801639	40	39.7	0	417	1864	1.0449	0.880463	2053
782	951316	1327	448894	498790	100	90	0.744432	0.801639	40	39.7	0	417	1864	1.03284	0.861929	2053
783	1.052e+006	1114	511445	536343	100	90	0.682311	0.801639	40	39.7	0	417	1864	1.0264	0.850582	2053
784	1.12115e+006	926	550043	567012	100	90	0.682667	0.801639	40	39.7	0	417	1864	1.02745	0.857439	2053
785	1.12988e+006	885	558423	567791	100	90	0.777022	0.801639	40	39.7	0	417	1864	1.03082	0.871515	2053
786	1.08977e+006	1669	545293	544477	100	90	1.38972	0.801639	40	39.7	0	417	1864	1.03574	0.865114	2053
787	790791	1568	257541	533250	100	90	1.49898	0.801639	40	39.7	0	417	1864	1.03883	0.856734	2053
788	692130	1533	171541	520590	100	90	1.68521	0.801639	40	39.7	0	417	1864	1.04405	0.856369	2053
789	767001	1303	282029	484972	100	90	1.81064	0.801639	40	39.7	0	417	1864	1.05244	0.8592	2053
790	760739	1159	288730	472009	100	90	1.95074	0.801639	40	39.7	92872.4	417	1864	1.06079	0.857014	2053
791	832459	1056	373545	458915	100	90	2.05879	0.801639	40	39.7	92872.4	417	1864	1.07549	0.862648	2053
792	825059	930	395949	429109	100	90	2.07287	0.801639	40	39.7	92872.4	417	1864	1.08465	0.860987	2053
793	783594	814	388642	394952	100	90	2.09322	0.801639	40	39.7	92872.4	417	1864	1.09989	0.871009	2053
794	743977	726	374305	369672	100	90	2.09522	0.801639	40	39.7	92872.4	417	1864	1.1186	0.882353	2053
795	695303	655	352698	342605	100	90	2.08746	0.801639	40	39.7	92872.4	417	1864	1.12202	0.875994	2053
796	493668	594	175109	318230	100	90	2.10004	0.801639	40	39.7	276124	417	1864	1.13208	0.891037	2053
797	526167	537	225174	292036	100	90	2.12347	0.801639	40	39.7	276124	417	1864	1.13799	0.909627	2053
798	538450	497	251556	274870	100	90	2.17155	0.801639	40	39.7	276124	417	1864	1.12377	0.893617	2053
799	490487	429	236429	239741	100	90	2.21448	0.801639	40	39.7	276124	417	1864	1.1129	0.879012	2053
800	498520	417	244609	240150	100	90	2.20814	0.801639	40	39.7	276124	417	1864	1.11722	0.882353	2053
801	473089	399	240562	232526	100	90	2.24726	0.801639	40	39.7	276124	417	1864	1.13021	0.891599	2053
802	341655	380	114554	227101	100	90	0.130844	0.801639	40	39.7	403683	417	1864	1.00339	0.813348	2053
803	683460	341	311757	371704	100	90	0.107023	0.801639	40	39.7	403683	417	1864	1.00279	0.814831	2053
804	940538	309	443030	497508	100	90	0.104336	0.801639	40	39.7	403683	417	1864	1.00251	0.838083	2053
805	925955	282	444148	481807	100	90	0.105681	0.801639	40	39.7	403683	417	1864	1.00256	0.878528	2053
806	842966	244	415257	427708	100	90	0.108394	0.801639	40	39.7	403683	417	1864	1.00355	0.883895	2053
807	890506	2798	445475	445031	100	90	1.00299	0.801639	40	39.7	403683	417	1864	1.00492	0.867062	2053
808	977038	2194	491463	485575	100	90	1.1111	0.801639	40	39.7	403683	417	1864	1.00713	0.867111	2053
809	1.04397e+006	1956	527653	516313	100	90	1.31571	0.801639	40	39.7	403683	417	1864	1.01103	0.859829	2053
810	636235	1830	124819	511416	100	90	1.56016	0.801639	38	39.7	403683	417	1864	1.11244	1.02927	2053
811	732448	1557	243959	487218	100	90	0.707624	0.801639	40	39.7	0	417	1864	1.03417	0.843831	2053
812	897627	1349	381146	514926	100	90	0.615781	0.801639	40	39.7	0	417	1864	1.02594	0.83591	2053
813	1.03928e+006	1154	480724	556195	100	90	0.606981	0.801639	40	39.7	0	417	1864	1.02377	0.844694	2053
814	1.10513e+006	1008	530988	572055	100	90	0.677805	0.801639	40	39.7	0	417	1864	1.02645	0.859889	2053
815	1.08064e+006	938	532101	546707	100	90	0.767812	0.801639	40	39.7	0	417	1864	1.02984	0.86645	2053
816	1.06363e+006	1832	533844	529787	100	90	1.45098	0.801639	40	39.7	0	417	1864	1.03295	0.84745	2053
817	1.05637e+006	1582	535550	520817	100	90	1.51925	0.801639	40	39.7	0	417	1864	1.03471	0.82891	2053
818	1.02684e+006	1443	524705	502132	100	90	1.69056	0.801639	40	39.7	0	417	1864	1.04026	0.816197	2053
819	1.00695e+006	1248	517094	489856	100	90	1.82563	0.801639	40	39.7	0	417	1864	1.04565	0.807974	2053
820	762464	1098	287726	474738	100	90	1.89801	0.801639	40	39.7	229969	417	1864	1.05711	0.817254	2053
821	844108	1020	372303	471805	100	90	2.029	0.801639	40	39.7	229969	417	1864	1.05633	0.813627	2053
822	864959	942	411930	453029	100	90	2.11205	0.801639	40	39.7	229969	417	1864	1.06066	0.827174	2053
823	633361	852	207409	425952	100	90	2.16811	0.801639	40	39.7	229969	417	1864	1.0774	0.835337	2053
824	663544	748	276277	387267	100	90	2.20396	0.801639	40	39.7	229969	417	1864	1.09214	0.853224	2053
825	513380	668	155727	357653	100	90	2.23435	0.801639	40	39.7	229969	417	1864	1.09901	0.862229	2053
826	462468	570	145776	315341	100	90	2.24809	0.801639	40	39.7	318772	417	1864	1.10614	0.856884	2053
827	522917	530	214871	298479	100	90	2.27338	0.801639	40	39.7	318772	417	1864	1.10889	0.858824	2053
828	537446	481	247525	278149	100	90	2.27621	0.801639	40	39.7	318772	417	1864	1.10865	0.858696	2053
829	552324	458	266250	271312	100	90	2.26076	0.801639	40	39.7	318772	417	1864	1.12128	0.8627	2053
830	537459	424	265555	258299	100	90	2.29075	0.801639	40	39.7	318772	417	1864	1.13084	0.870968	2053
831	475558	368	243447	232111	100	90	2.31783	0.801639	40	39.7	318772	417	1864	1.1405	0.872832	2053
832	302506	322	91193.7	211312	100	90	0.121429	0.801639	40	39.7	467323	417	1864	1.00305	0.780618	2053
833	645603	308	288144	357459	100	90	0.101517	0.801639	40	39.7	467323	417	1864	1.00258	0.784363	2053
834	913126	287	427160	485966	100	90	0.101302	0.801639	40	39.7	467323	417	1864	1.00324	0.805742	2053
835	891820	271	425944	465876	100	90	0.107455	0.801639	40	39.7	467323	417	1864	1.00338	0.853389	2053
836	842189	244	414014	428175	100	90	0.117985	0.801639	40	39.7	467323	417	1864	1.00375	0.85874	2053
837	638832	2741	193897	444935	100	90	1.05662	0.801639	40	39.7	467323	417	1864	1.00437	0.849779	2053
838	751521	2510	297162	454359	100	90	1.29041	0.801639	40	39.7	467323	417	1864	1.00645	0.853022	2053
839	912444	2240	409716	502728	100	90	1.5679	0.801639	40	39.7	467323	417	1864	1.00908	0.844166	2053
840	759867	2050	239905	519961	100	90	1.75368	0.801639	39	39.7	467323	417	1864	1.09889	0.975037	2053
841	853347	1666	360575	491272	100	90	0.894543	0.801639	40	39.7	0	417	1864	1.03728	0.835429	2053
842	950312	1390	444231	504092	100	90	0.723096	0.801639	40	39.7	0	417	1864	1.02397	0.810936	2053
843	1.06697e+006	1133	518010	546539	100	90	0.632567	0.801639	40	39.7	0	417	1864	1.01901	0.812862	2053
844	1.14165e+006	967	562047	577288	100	90	0.662033	0.801639	40	39.7	0	417	1864	1.01924	0.827897	2053
845	1.11995e+006	869	558417	559580	100	90	0.703135	0.801639	40	39.7	0	417	1864	1.02054	0.841494	2053
846	1.07504e+006	1754	543354	531688	100	90	1.35345	0.801639	40	39.7	0	417	1864	1.0236	0.837505	2053
847	1.07103e+006	1600	546873	524157	100	90	1.44333	0.801639	40	39.7	0	417	1864	1.02425	0.821256	2053
848	1.03215e+006	1492	530659	501488	100	90	1.66327	0.801639	40	39.7	0	417	1864	1.02976	0.812287	2053
849	996717	1251	515137	481580	100	90	1.80734	0.801639	40	39.7	0	417	1864	1.04165	0.823817	2053
850	730031	1095	264290	465741	100	90	1.91717	0.801639	40	39.7	260190	417	1864	1.05166	0.821828	2053
851	793877	988	341399	452478	100	90	2.04826	0.801639	40	39.7	260190	417	1864	1.05887	0.818653	2053
852	603565	879	185188	418377	100	90	2.09616	0.801639	40	39.7	260190	417	1864	1.06778	0.833333	2053
853	637687	761	257492	380195	100	90	2.17333	0.801639	40	39.7	260190	417	1864	1.07345	0.85115	2053
854	643267	659	298326	344941	100	90	2.22583	0.801639	40	39.7	260190	417	1864	1.07547	0.838811	2053
855	642422	602	315683	326739	100	90	2.27942	0.801639	40	39.7	260190	417	1864	1.08346	0.845626	2053
856	435529	539	135385	299980	100	90	2.25592	0.801639	40	39.7	460135	417	1864	1.09915	0.857143	2053
857	483852	494	195605	279752	100	90	2.25713	0.801639	40	39.7	460135	417	1864	1.10261	0.866944	2053
858	390054	471	121527	266076	100	90	2.30319	0.801639	40	39.7	460135	417	1864	1.09331	0.870044	2053
859	421051	419	170375	242229	100	90	2.33941	0.801639	40	39.7	460135	417	1864	1.09859	0.870968	2053
860	433803	376	201144	225141	100	90	2.36054	0.801639	40	39.7	460135	417	1864	1.10236	0.878116	2053
861	434025	356	216400	217624	100	90	2.35858	0.801639	40	39.7	460135	417	1864	1.11111	0.894118	2053
862	264193	305	69925	194268	100	90	0.138433	0.801639	40	39.7	494921	417	1864	1.00324	0.784438	2053
863	535225	270	233129	302095	100	90	0.0994195	0.801639	40	39.7	494921	417	1864	1.00231	0.781533	2053
864	873175	255	407608	465567	100	90	0.102177	0.801639	40	39.7	494921	417	1864	1.00253	0.795057	2053
865	923985	249	439624	484361	100	90	0.115852	0.801639	40	39.7	494921	417	1864	1.00265	0.83562	2053
866	865539	243	423021	442518	100	90	0.135384	0.801639	40	39.7	494921	417	1864	1.00317	0.864415	2053
867	908077	2599	453754	454324	100	90	1.0839	0.801639	40	39.7	494921	417	1864	1.00417	0.844049	2053
868	1.02988e+006	2343	520912	508972	100	90	1.23059	0.801639	40	39.7	494921	417	1864	1.0055	0.835139	2053
869	1.06929e+006	1972	544164	525127	100	90	1.41371	0.801639	40	39.7	494921	417	1864	1.00798	0.834751	2053
870	813207	1841	280664	532542	100	90	1.60143	0.801639	38	39.7	494921	417	1864	1.12564	1.0301	2053
871	712794	1602	198929	513558	100	90	1.14928	0.801639	40	39.7	0	417	1864	1.06986	0.870293	2053
872	843674	1392	325574	516785	100	90	0.898546	0.801639	40	39.7	0	417	1864	1.0433	0.82873	2053
873	758881	1181	218814	539925	100	90	0.853563	0.801639	40	39.7	0	417	1864	1.03798	0.825082	2053
874	958759	1040	376047	581454	100	90	0.899062	0.801639	40	39.7	0	417	1864	1.04269	0.84058	2053
875	1.07109e+006	1007	480192	589840	100	90	1.03123	0.801639	40	39.7	0	417	1864	1.04755	0.843332	2053
876	1.12835e+006	1730	538292	590054	100	90	1.67811	0.801639	40	39.7	0	417	1864	1.05088	0.847064	2053
877	1.12914e+006	1648	558088	571048	100	90	1.82268	0.801639	40	39.7	0	417	1864	1.0541	0.847182	2053
878	1.09994e+006	1428	553630	546314	100	90	1.88279	0.801639	40	39.7	0	417	1864	1.06274	0.848507	2053
879	783689	1226	262360	521328	100	90	1.94236	0.801639	40	39.7	0	417	1864	1.06717	0.838983	2053
880	754261	1121	252134	502127	100	90	2.00945	0.801639	40	39.7	118366	417	1864	1.07531	0.844507	2053
881	614217	967	161573	452644	100	90	2.10735	0.801639	40	39.7	118366	417	1864	1.08205	0.846486	2053
882	681615	869	260246	421368	100	90	2.16509	0.801639	40	39.7	118366	417	1864	1.09127	0.845509	2053
883	701765	762	315947	385818	100	90	2.21788	0.801639	40	39.7	118366	417	1864	1.11111	0.853224	2053
884	701797	687	339935	361861	100	90	2.24399	0.801639	40	39.7	118366	417	1864	1.12845	0.86128	2053
885	663461	605	331443	332018	100	90	2.25161	0.801639	40	39.7	118366	417	1864	1.1348	0.853195	2053
886	445905	544	139754	306021	100	90	2.24452	0.801639	40	39.7	323467	417	1864	1.13299	0.862934	2053
887	505176	515	204601	292046	100	90	2.26195	0.801639	40	39.7	323467	417	1864	1.13124	0.861507	2053
888	532774	484	242339	278335	100	90	2.29863	0.801639	40	39.7	323467	417	1864	1.1255	0.857456	2053
889	539607	450	258847	265021	100	90	2.31598	0.801639	40	39.7	323467	417	1864	1.13548	0.858491	2053
890	518159	411	255262	248933	100	90	2.34487	0.801639	40	39.7	323467	417	1864	1.13494	0.843342	2053
891	480901	381	245337	235564	100	90	2.38768	0.801639	40	39.7	323467	417	1864	1.13333	0.839437	2053
892	323621	354	96025.9	227595	100	90	0.13137	0.801639	40	39.7	473580	417	1864	1.00285	0.728977	2053
893	667110	333	295312	371799	100	90	0.110735	0.801639	40	39.7	473580	417	1864	1.00262	0.728362	2053
894	904449	307	421176	483273	100	90	0.111134	0.801639	40	39.7	473580	417	1864	1.00264	0.763532	2053
895	869611	279	415940	453671	100	90	0.113927	0.801639	40	39.7	473580	417	1864	1.00305	0.820209	2053
896	852711	254	421362	431349	100	90	0.127776	0.801639	40	39.7	473580	417	1864	1.00432	0.82893	2053
897	948153	2825	475976	472177	100	90	1.0925	0.801639	40	39.7	473580	417	1864	1.00642	0.827174	2053
898	1.00504e+006	2388	508178	496863	100	90	1.25893	0.801639	40	39.7	473580	417	1864	1.00801	0.830716	2053
899	1.03507e+006	2065	527883	507191	100	90	1.41489	0.801639	40	39.7	473580	417	1864	1.01079	0.832914	2053
900	773698	1886	267580	506118	100	90	1.59887	0.801639	39	39.7	473580	417	1864	1.08953	0.958289	2053
901	866138	1551	383854	481379	100	90	0.878886	0.801639	40	39.7	0	417	1864	1.03641	0.780784	2053
902	943692	1285	452392	489893	100	90	0.706027	0.801639	40	39.7	0	417	1864	1.02624	0.759365	2053
903	1.04536e+006	1070	515178	528688	100	90	0.637418	0.801639	40	39.7	0	417	1864	1.0225	0.760662	2053
904	1.11952e+006	932	557068	560865	100	90	0.691238	0.801639	40	39.7	0	417	1864	1.02623	0.783616	2053
905	1.1257e+006	914	566316	557902	100	90	0.789917	0.801639	40	39.7	0	417	1864	1.02962	0.80544	2053
906	1.11488e+006	1835	567026	547853	100	90	1.49882	0.801639	40	39.7	0	417	1864	1.03166	0.797418	2053
907	1.08938e+006	1646	558150	531233	100	90	1.60273	0.801639	40	39.7	0	417	1864	1.03423	0.779236	2053
908	1.08562e+006	1517	560470	525152	100	90	1.74061	0.801639	40	39.7	0	417	1864	1.04087	0.776129	2053
909	778999	1310	266717	512282	100	90	1.85135	0.801639	40	39.7	0	417	1864	1.05164	0.770915	2053
910	734593	1184	245508	489084	100	90	1.95287	0.801639	40	39.7	126718	417	1864	1.05835	0.773356	2053
911	831569	1106	349973	481596	100	90	2.07406	0.801639	40	39.7	126718	417	1864	1.06579	0.772516	2053
912	842398	978	397455	444943	100	90	2.1114	0.801639	40	39.7	126718	417	1864	1.07427	0.77521	2053
913	824023	879	410167	413856	100	90	2.15387	0.801639	40	39.7	126718	417	1864	1.08149	0.778169	2053
914	787325	792	400818	386507	100	90	2.19967	0.801639	40	39.7	126718	417	1864	1.09133	0.776042	2053
915	748932	716	384801	364131	100	90	2.20226	0.801639	40	39.7	126718	417	1864	1.09573	0.790462	2053
916	487509	646	151663	335773	100	90	2.2204	0.801639	40	39.7	371203	417	1864	1.10496	0.803859	2053
917	524604	578	210832	304139	100	90	2.22599	0.801639	40	39.7	371203	417	1864	1.10509	0.796763	2053
918	556563	535	254391	288151	100	90	2.23275	0.801639	40	39.7	371203	417	1864	1.11775	0.809339	2053
919	550263	485	266745	267069	100	90	2.27516	0.801639	40	39.7	371203	417	1864	1.11382	0.791398	2053
920	549948	458	273216	261430	100	90	2.30491	0.801639	40	39.7	371203	417	1864	1.10066	0.789954	2053
921	495867	412	256095	239773	100	90	2.31664	0.801639	40	39.7	371203	417	1864	1.09709	0.777778	2053
922	309502	372	90080	219422	100	90	0.134936	0.801639	40	39.7	536081	417	1864	1.0025	0.704177	2053
923	505812	349	142161	363651	100	90	0.110132	0.801639	40	39.7	536081	417	1864	1.00204	0.702093	2053
924	580784	303	130057	450726	100	90	0.0900936	0.801639	40	39.7	536081	417	1864	1.00173	0.729519	2053
925	629420	262	199056	430364	100	90	0.0854918	0.801639	40	39.7	536081	417	1864	1.00165	0.776171	2053
926	753117	219	305160	447957	100	90	0.0935525	0.801639	40	39.7	536081	417	1864	1.00206	0.803187	2053
927	882245	3048	398869	483375	100	90	1.05499	0.801639	40	39.7	536081	417	1864	1.00275	0.829853	2053
928	960079	2727	457419	502660	100	90	1.24526	0.801639	40	39.7	536081	417	1864	1.00399	0.836394	2053
929	982724	2351	485037	497687	100	90	1.38955	0.801639	40	39.7	536081	417	1864	1.00431	0.824491	2053
930	735511	2053	249342	486169	100	90	1.49574	0.801639	37	39.7	536081	417	1864	1.05831	0.90794	2053
