Time	totMass	NInd	abovemass	belowmass	mean_ares	mean_bres	shannon	meanShannon	NPFT	meanNPFT	Cutted	NNonClonal	NClonal	mean_generation	mean_genet_size	NGenets
1	400.4	0	200.2	200.2	100	90	0	0.777945	40	39.7	0	265	2237	1	0.763766	2171
2	11709.8	0	5706.85	6002.9	100	90	0	0.777945	40	39.7	0	265	2237	1	0.789976	2171
3	57589.7	0	30239.4	27350.3	100	90	0	0.777945	40	39.7	0	265	2237	1	0.791541	2171
4	180177	0	93841.6	86335.5	100	90	0	0.777945	40	39.7	0	265	2237	1	0.792961	2171
5	409995	0	213168	196827	100	90	0	0.777945	40	39.7	0	265	2237	1	0.793177	2171
6	710247	543	370849	339398	100	90	2.41046	0.777945	40	39.7	0	265	2237	1.00953	0.801317	2171
7	982525	761	517069	465456	100	90	3.119	0.777945	40	39.7	0	265	2237	1.02146	0.809028	2171
8	1.18176e+006	825	627669	554094	100	90	3.27811	0.777945	40	39.7	0	265	2237	1.04783	0.835152	2171
9	1.30904e+006	794	699316	609725	100	90	3.15279	0.777945	40	39.7	0	265	2237	1.07965	0.870277	2171
10	1.39683e+006	757	748497	648337	100	90	3.04809	0.777945	40	39.7	0	265	2237	1.09357	0.883752	2171
11	1.46531e+006	737	787065	678243	100	90	2.97011	0.777945	40	39.7	0	265	2237	1.12139	0.920873	2171
12	1.50248e+006	726	808780	693696	100	90	2.94875	0.777945	40	39.7	0	265	2237	1.14474	0.953586	2171
13	1.55074e+006	725	835784	714956	100	90	2.9396	0.777945	40	39.7	0	265	2237	1.16401	0.982783	2171
14	1.58223e+006	729	853126	729107	100	90	2.95992	0.777945	40	39.7	0	265	2237	1.18342	0.997085	2171
15	1.60186e+006	725	864123	737741	100	90	2.95356	0.777945	40	39.7	0	265	2237	1.20363	1.01775	2171
16	1.62915e+006	729	864181	737249	100	90	2.98049	0.777945	40	39.7	0	265	2237	1.21867	1.03008	2171
17	1.66674e+006	725	872212	743853	100	90	2.96284	0.777945	40	39.7	0	265	2237	1.2428	1.05666	2171
18	1.68421e+006	724	879201	749865	100	90	3.01814	0.777945	40	39.7	0	265	2237	1.23066	1.03715	2171
19	1.69983e+006	729	887143	756544	100	90	3.06758	0.777945	40	39.7	0	265	2237	1.2311	1.03135	2171
20	1.71797e+006	736	898055	764398	100	90	3.11817	0.777945	40	39.7	0	265	2237	1.23692	1.02686	2171
21	1.67822e+006	744	907955	770269	100	90	3.17961	0.777945	40	39.7	0	265	2237	1.23495	1.01914	2171
22	1.68761e+006	748	914095	773513	100	90	1.17536	0.777945	40	39.7	0	265	2237	1.0626	0.861622	2171
23	1.71245e+006	743	924248	788206	100	90	1.1651	0.777945	40	39.7	0	265	2237	1.06604	0.877474	2171
24	1.74274e+006	736	938689	804055	100	90	1.17672	0.777945	40	39.7	0	265	2237	1.07445	0.896883	2171
25	1.74913e+006	721	942382	806743	100	90	1.23416	0.777945	40	39.7	0	265	2237	1.08749	0.933135	2171
26	1.76959e+006	711	954061	815529	100	90	1.32784	0.777945	40	39.7	0	265	2237	1.09927	0.964802	2171
27	1.78954e+006	1356	965523	824019	100	90	2.42853	0.777945	40	39.7	0	265	2237	1.1238	0.993056	2171
28	1.81931e+006	1239	982058	837254	100	90	2.50862	0.777945	40	39.7	0	265	2237	1.15159	1.02297	2171
29	1.8672e+006	1159	1.00855e+006	858650	100	90	2.5599	0.777945	40	39.7	0	265	2237	1.18617	1.06554	2171
30	1.3949e+006	1122	516535	878367	100	90	2.11677	0.777945	40	39.7	0	265	2237	1.52304	1.70811	2171
31	1.45021e+006	987	628756	820808	100	90	1.24005	0.777945	40	39.7	0	265	2237	1.17802	1.02307	2171
32	1.13142e+006	902	338498	792608	100	90	1.02826	0.777945	40	39.7	0	265	2237	1.1202	0.944253	2171
33	1.22455e+006	814	462686	761197	100	90	0.595497	0.777945	40	39.7	0	265	2237	1.05656	0.841861	2171
34	1.24641e+006	701	534120	711430	100	90	0.660034	0.777945	40	39.7	0	265	2237	1.06855	0.855415	2171
35	1.24898e+006	816	573855	674257	100	90	1.02487	0.777945	40	39.7	0	265	2237	1.0962	0.907426	2171
36	917080	887	285312	631768	100	90	1.35719	0.777945	40	39.7	0	265	2237	1.11569	0.950749	2171
37	990579	975	391634	598945	100	90	1.82198	0.777945	40	39.7	0	265	2237	1.13993	0.969253	2171
38	1.06466e+006	1238	478231	586431	100	90	2.67468	0.777945	40	39.7	0	265	2237	1.16516	0.986098	2171
39	795117	971	247235	547882	100	90	2.72374	0.777945	40	39.7	0	265	2237	1.19118	1.01548	2171
40	705187	837	182868	522320	100	90	2.732	0.777945	40	39.7	168955	265	2237	1.22142	1.0331	2171
41	751382	722	269553	481829	100	90	2.76298	0.777945	40	39.7	168955	265	2237	1.23716	1.04647	2171
42	614916	625	165646	449270	100	90	2.81205	0.777945	40	39.7	168955	265	2237	1.25326	1.03309	2171
43	654259	546	240558	413701	100	90	2.86489	0.777945	40	39.7	168955	265	2237	1.25593	1.02092	2171
44	728373	517	320326	408048	100	90	2.88521	0.777945	40	39.7	168955	265	2237	1.29664	1.06667	2171
45	726604	462	348788	377816	100	90	2.88156	0.777945	40	39.7	168955	265	2237	1.32203	1.08816	2171
46	457171	406	106702	350252	100	90	2.87562	0.777945	40	39.7	455695	265	2237	1.35427	1.1437	2171
47	507030	376	169073	330324	100	90	2.89423	0.777945	40	39.7	455695	265	2237	1.36339	1.13333	2171
48	539763	341	221827	306737	100	90	2.91653	0.777945	40	39.7	455695	265	2237	1.36667	1.12281	2171
49	546527	311	250125	281748	100	90	2.99456	0.777945	40	39.7	455695	265	2237	1.37966	1.10465	2171
50	561350	295	273717	274323	100	90	3.0261	0.777945	40	39.7	455695	265	2237	1.40977	1.14167	2171
51	530028	274	273854	256175	100	90	3.0004	0.777945	40	39.7	455695	265	2237	1.45339	1.1907	2171
52	298579	241	66706.1	231873	100	90	0.142432	0.777945	40	39.7	675115	265	2237	1.00882	0.841994	2171
53	539434	221	212799	326636	100	90	0.0989687	0.777945	40	39.7	675115	265	2237	1.00576	0.839834	2171
54	824734	190	371675	453059	100	90	0.0946597	0.777945	40	39.7	675115	265	2237	1.00581	0.844673	2171
55	856242	152	399427	456815	100	90	0.0883713	0.777945	40	39.7	675115	265	2237	1.00642	0.860121	2171
56	822619	135	399018	423601	100	90	0.0967377	0.777945	40	39.7	675115	265	2237	1.00795	0.87609	2171
57	932758	2421	465706	467052	100	90	1.33201	0.777945	40	39.7	675115	265	2237	1.00968	0.866852	2171
58	739698	2168	232228	507470	100	90	1.63266	0.777945	40	39.7	675115	265	2237	1.01425	0.868459	2171
59	840606	1875	334865	505741	100	90	1.81746	0.777945	40	39.7	675115	265	2237	1.01764	0.875688	2171
60	737138	1739	214791	522347	100	90	2.09781	0.777945	40	39.7	675115	265	2237	1.17002	1.12318	2171
61	668305	1470	165248	502790	100	90	1.32802	0.777945	40	39.7	0	265	2237	1.08475	0.928731	2171
62	775832	1232	282753	492104	100	90	1.00893	0.777945	40	39.7	0	265	2237	1.05504	0.880198	2171
63	937362	1030	408893	527385	100	90	0.907369	0.777945	40	39.7	0	265	2237	1.0509	0.872688	2171
64	1.09746e+006	909	515728	580379	100	90	0.991555	0.777945	40	39.7	0	265	2237	1.05858	0.882134	2171
65	1.13061e+006	841	551704	577777	100	90	1.11282	0.777945	40	39.7	0	265	2237	1.06338	0.881369	2171
66	1.17137e+006	1458	586217	585156	100	90	2.00135	0.777945	40	39.7	0	265	2237	1.07043	0.887376	2171
67	1.1476e+006	1331	583103	564501	100	90	2.18445	0.777945	40	39.7	0	265	2237	1.08455	0.896936	2171
68	1.11602e+006	1190	574985	541034	100	90	2.29533	0.777945	40	39.7	0	265	2237	1.09342	0.910513	2171
69	1.09614e+006	977	569950	526194	100	90	2.28924	0.777945	40	39.7	0	265	2237	1.11263	0.915612	2171
70	720681	835	216646	504034	100	90	2.3185	0.777945	40	39.7	369277	265	2237	1.11806	0.918519	2171
71	785877	751	309794	476083	100	90	2.44285	0.777945	40	39.7	369277	265	2237	1.12845	0.927198	2171
72	831559	681	380141	451418	100	90	2.56625	0.777945	40	39.7	369277	265	2237	1.15429	0.952454	2171
73	843446	617	413610	429836	100	90	2.6689	0.777945	40	39.7	369277	265	2237	1.18231	0.957555	2171
74	799183	534	406847	392336	100	90	2.73737	0.777945	40	39.7	369277	265	2237	1.21585	0.982249	2171
75	774172	478	401356	372816	100	90	2.70559	0.777945	40	39.7	369277	265	2237	1.25097	1.03778	2171
76	443794	416	104471	339284	100	90	2.68265	0.777945	40	39.7	465949	265	2237	1.25446	1.0491	2171
77	481548	381	168304	306211	100	90	2.69047	0.777945	40	39.7	465949	265	2237	1.27569	1.0745	2171
78	506710	338	218085	278717	100	90	2.68536	0.777945	40	39.7	465949	265	2237	1.2894	1.10561	2171
79	405656	331	131895	271161	100	90	2.76488	0.777945	40	39.7	465949	265	2237	1.30462	1.09722	2171
80	409670	293	171974	235578	100	90	2.78309	0.777945	40	39.7	465949	265	2237	1.33818	1.09163	2171
81	449045	288	215792	233253	100	90	2.84994	0.777945	40	39.7	465949	265	2237	1.35433	1.09917	2171
82	270238	244	69180.1	201057	100	90	0.293175	0.777945	40	39.7	631726	265	2237	1.01522	0.869641	2171
83	382730	227	150902	231828	100	90	0.195508	0.777945	40	39.7	631726	265	2237	1.00959	0.863777	2171
84	617866	201	288397	329469	100	90	0.180377	0.777945	40	39.7	631726	265	2237	1.00965	0.870144	2171
85	886097	192	426906	459191	100	90	0.193192	0.777945	40	39.7	631726	265	2237	1.01126	0.878925	2171
86	1.01478e+006	165	494188	520593	100	90	0.201925	0.777945	40	39.7	631726	265	2237	1.01262	0.885752	2171
87	1.0778e+006	2070	532155	545643	100	90	1.6253	0.777945	40	39.7	631726	265	2237	1.01415	0.888924	2171
88	1.0977e+006	1931	551216	546480	100	90	1.7454	0.777945	40	39.7	631726	265	2237	1.01658	0.885561	2171
89	1.12952e+006	1638	574678	554840	100	90	1.7825	0.777945	40	39.7	631726	265	2237	1.02344	0.876665	2171
90	822357	1404	284998	537360	100	90	1.60005	0.777945	39	39.7	631726	265	2237	1.26161	1.33043	2171
91	914702	1241	397043	514184	100	90	1.47845	0.777945	40	39.7	0	265	2237	1.2282	1.14711	2171
92	990919	1110	467940	517271	100	90	1.44596	0.777945	40	39.7	0	265	2237	1.20351	1.07437	2171
93	807680	1010	260494	545784	100	90	1.42888	0.777945	40	39.7	0	265	2237	1.19141	1.03969	2171
94	898794	880	363996	531323	100	90	1.48447	0.777945	40	39.7	0	265	2237	1.1967	1.02349	2171
95	1.0036e+006	992	459441	541056	100	90	1.78646	0.777945	40	39.7	0	265	2237	1.20101	1.00575	2171
96	1.02146e+006	1052	495995	525464	100	90	2.16601	0.777945	40	39.7	0	265	2237	1.20373	0.979167	2171
97	1.05682e+006	1036	529085	527736	100	90	2.29736	0.777945	40	39.7	0	265	2237	1.20564	0.973346	2171
98	1.03041e+006	967	523581	506831	100	90	2.41317	0.777945	40	39.7	0	265	2237	1.21137	0.970183	2171
99	733249	834	250038	483211	100	90	2.38182	0.777945	40	39.7	0	265	2237	1.20811	0.978695	2171
100	651597	736	206161	445437	100	90	2.41471	0.777945	40	39.7	130771	265	2237	1.21059	0.995468	2171
101	705889	669	288282	417607	100	90	2.45216	0.777945	40	39.7	130771	265	2237	1.2177	1.01333	2171
102	542403	586	164803	377600	100	90	2.5098	0.777945	40	39.7	130771	265	2237	1.22924	1.02103	2171
103	580200	531	234634	345565	100	90	2.55896	0.777945	40	39.7	130771	265	2237	1.24665	1.03383	2171
104	571236	464	265904	305332	100	90	2.58009	0.777945	40	39.7	130771	265	2237	1.27991	1.08068	2171
105	578520	423	287163	291357	100	90	2.53803	0.777945	40	39.7	130771	265	2237	1.30941	1.11081	2171
106	387093	381	117721	269002	100	90	2.50893	0.777945	40	39.7	316137	265	2237	1.34072	1.15198	2171
107	436828	362	171430	259683	100	90	2.50692	0.777945	40	39.7	316137	265	2237	1.35294	1.17857	2171
108	460996	332	208066	244396	100	90	2.49743	0.777945	40	39.7	316137	265	2237	1.36601	1.18571	2171
109	464626	309	223495	231035	100	90	2.52661	0.777945	40	39.7	316137	265	2237	1.38545	1.20635	2171
110	458182	286	226555	222388	100	90	2.55243	0.777945	40	39.7	316137	265	2237	1.41036	1.19397	2171
111	431711	265	220307	211404	100	90	2.52065	0.777945	40	39.7	316137	265	2237	1.4359	1.22642	2171
112	268032	225	75983.4	192049	100	90	0.105421	0.777945	40	39.7	456707	265	2237	1.00638	0.886879	2171
113	549260	202	241320	307940	100	90	0.0765854	0.777945	40	39.7	456707	265	2237	1.00455	0.887451	2171
114	856612	187	398269	458343	100	90	0.0788754	0.777945	40	39.7	456707	265	2237	1.00479	0.894305	2171
115	909022	183	429770	479251	100	90	0.0873215	0.777945	40	39.7	456707	265	2237	1.00518	0.915943	2171
116	846443	167	411237	435206	100	90	0.097766	0.777945	40	39.7	456707	265	2237	1.00661	0.928228	2171
117	904204	2637	449944	454260	100	90	1.14448	0.777945	40	39.7	456707	265	2237	1.00799	0.918529	2171
118	1.00633e+006	2327	506258	500068	100	90	1.35904	0.777945	40	39.7	456707	265	2237	1.01045	0.916504	2171
119	1.06257e+006	1952	538165	524403	100	90	1.55859	0.777945	40	39.7	456707	265	2237	1.0166	0.913214	2171
120	777333	1741	266788	510545	100	90	1.74667	0.777945	39	39.7	456707	265	2237	1.15724	1.16056	2171
121	832481	1429	362121	468608	100	90	1.05436	0.777945	40	39.7	0	265	2237	1.07097	0.955507	2171
122	948923	1247	449814	496184	100	90	0.871287	0.777945	40	39.7	0	265	2237	1.05323	0.932632	2171
123	1.06168e+006	1061	520311	538394	100	90	0.80062	0.777945	40	39.7	0	265	2237	1.04699	0.923813	2171
124	1.17455e+006	931	582675	588876	100	90	0.839521	0.777945	40	39.7	0	265	2237	1.04989	0.926728	2171
125	886731	900	290792	595587	100	90	0.942106	0.777945	40	39.7	0	265	2237	1.0532	0.930841	2171
126	961569	1692	385873	575696	100	90	1.78949	0.777945	40	39.7	0	265	2237	1.05792	0.933903	2171
127	1.03908e+006	1648	471125	567957	100	90	1.99399	0.777945	40	39.7	0	265	2237	1.05972	0.929745	2171
128	1.0616e+006	1496	513841	547759	100	90	2.11736	0.777945	40	39.7	0	265	2237	1.06374	0.928325	2171
129	1.07548e+006	1280	538180	537300	100	90	2.1203	0.777945	40	39.7	0	265	2237	1.07135	0.928975	2171
130	760555	1033	269222	491333	100	90	2.13262	0.777945	40	39.7	270545	265	2237	1.08328	0.944612	2171
131	810785	933	342664	468122	100	90	2.20861	0.777945	40	39.7	270545	265	2237	1.09766	0.953333	2171
132	862038	857	405886	456152	100	90	2.29815	0.777945	40	39.7	270545	265	2237	1.11216	0.970874	2171
133	872253	789	432581	439672	100	90	2.36253	0.777945	40	39.7	270545	265	2237	1.13989	1.00133	2171
134	832346	714	422494	409852	100	90	2.39423	0.777945	40	39.7	270545	265	2237	1.15347	1.00731	2171
135	581507	642	198544	382963	100	90	2.37057	0.777945	40	39.7	270545	265	2237	1.18953	1.03934	2171
136	503889	572	152928	350037	100	90	2.38602	0.777945	40	39.7	389486	265	2237	1.1878	1.04275	2171
137	555786	529	218388	329263	100	90	2.39769	0.777945	40	39.7	389486	265	2237	1.19755	1.04878	2171
138	575375	475	259741	303779	100	90	2.42907	0.777945	40	39.7	389486	265	2237	1.21643	1.06393	2171
139	592746	458	284611	293539	100	90	2.47271	0.777945	40	39.7	389486	265	2237	1.21702	1.05529	2171
140	578700	432	286320	278920	100	90	2.51018	0.777945	40	39.7	389486	265	2237	1.24	1.05426	2171
141	501912	366	257883	244029	100	90	2.52097	0.777945	40	39.7	389486	265	2237	1.24586	1.04805	2171
142	325982	325	99515.2	226467	100	90	0.14036	0.777945	40	39.7	547584	265	2237	1.00574	0.858784	2171
143	623097	301	272531	350565	100	90	0.110693	0.777945	40	39.7	547584	265	2237	1.00454	0.856787	2171
144	902249	275	420444	481805	100	90	0.107632	0.777945	40	39.7	547584	265	2237	1.00464	0.872237	2171
145	883000	235	421276	461725	100	90	0.106708	0.777945	40	39.7	547584	265	2237	1.00464	0.902641	2171
146	615364	225	179105	436259	100	90	0.125357	0.777945	40	39.7	547584	265	2237	1.00521	0.909604	2171
147	720869	2836	277237	443632	100	90	1.23514	0.777945	40	39.7	547584	265	2237	1.00666	0.907621	2171
148	870118	2610	387965	482153	100	90	1.54324	0.777945	40	39.7	547584	265	2237	1.00949	0.904577	2171
149	1.0058e+006	2351	478663	527141	100	90	1.81498	0.777945	40	39.7	547584	265	2237	1.01188	0.909056	2171
150	751417	1923	245999	505418	100	90	1.80958	0.777945	40	39.7	547584	265	2237	1.12099	1.09489	2171
151	831648	1563	355071	476009	100	90	0.99036	0.777945	40	39.7	0	265	2237	1.04836	0.902249	2171
152	916125	1280	431463	483813	100	90	0.782162	0.777945	40	39.7	0	265	2237	1.03306	0.878939	2171
153	1.05985e+006	1097	518713	540230	100	90	0.741369	0.777945	40	39.7	0	265	2237	1.03173	0.879299	2171
154	1.15321e+006	927	571137	581134	100	90	0.763532	0.777945	40	39.7	0	265	2237	1.03538	0.88901	2171
155	1.17159e+006	903	585516	585171	100	90	0.868489	0.777945	40	39.7	0	265	2237	1.03841	0.896676	2171
156	1.16276e+006	1737	587926	574837	100	90	1.6188	0.777945	40	39.7	0	265	2237	1.03986	0.894127	2171
157	833065	1576	272736	560329	100	90	1.69793	0.777945	40	39.7	0	265	2237	1.04701	0.889135	2171
158	889815	1489	364905	524909	100	90	1.91954	0.777945	40	39.7	0	265	2237	1.05413	0.884349	2171
159	950717	1290	441962	508755	100	90	2.02681	0.777945	40	39.7	0	265	2237	1.0557	0.882494	2171
160	722494	1082	248135	474359	100	90	2.11097	0.777945	40	39.7	242573	265	2237	1.0709	0.910048	2171
161	775975	961	328190	447785	100	90	2.22493	0.777945	40	39.7	242573	265	2237	1.08578	0.917026	2171
162	800963	859	380764	420199	100	90	2.34473	0.777945	40	39.7	242573	265	2237	1.09821	0.930825	2171
163	792106	764	396581	395525	100	90	2.38456	0.777945	40	39.7	242573	265	2237	1.11703	0.949315	2171
164	740346	669	377858	362488	100	90	2.34374	0.777945	40	39.7	242573	265	2237	1.13467	0.981337	2171
165	683266	591	351923	331342	100	90	2.34406	0.777945	40	39.7	242573	265	2237	1.14804	0.985891	2171
166	437913	547	120092	317624	100	90	2.34396	0.777945	40	39.7	299979	265	2237	1.16777	1.00766	2171
167	518237	533	196718	312284	100	90	2.39563	0.777945	40	39.7	299979	265	2237	1.17018	1.00198	2171
168	548841	486	246643	289187	100	90	2.42266	0.777945	40	39.7	299979	265	2237	1.1752	0.997807	2171
169	540153	438	259115	264748	100	90	2.48089	0.777945	40	39.7	299979	265	2237	1.19178	0.992593	2171
170	385402	395	134314	248517	100	90	2.51127	0.777945	40	39.7	299979	265	2237	1.18912	0.997222	2171
171	411112	366	178434	232678	100	90	2.5118	0.777945	40	39.7	299979	265	2237	1.23276	1.05231	2171
172	296536	321	83552.9	212984	100	90	0.254295	0.777945	40	39.7	428258	265	2237	1.0108	0.916994	2171
173	432512	278	182289	250223	100	90	0.169753	0.777945	40	39.7	428258	265	2237	1.00709	0.914363	2171
174	727912	250	343640	384273	100	90	0.162471	0.777945	40	39.7	428258	265	2237	1.00763	0.913724	2171
175	971526	233	466923	504604	100	90	0.174025	0.777945	40	39.7	428258	265	2237	1.00866	0.917177	2171
176	1.07889e+006	208	522803	556083	100	90	0.185688	0.777945	40	39.7	428258	265	2237	1.00949	0.923811	2171
177	1.08055e+006	2589	530971	549575	100	90	1.49052	0.777945	40	39.7	428258	265	2237	1.01144	0.9218	2171
178	1.09279e+006	2103	545034	547755	100	90	1.49635	0.777945	40	39.7	428258	265	2237	1.01419	0.914219	2171
179	1.12329e+006	1843	567844	555442	100	90	1.57523	0.777945	40	39.7	428258	265	2237	1.01652	0.90891	2171
180	832269	1659	285466	546804	100	90	1.49839	0.777945	37	39.7	428258	265	2237	1.21454	1.29541	2171
181	898413	1413	391296	505423	100	90	1.38616	0.777945	40	39.7	0	265	2237	1.17997	1.12694	2171
182	960910	1256	455309	502721	100	90	1.34387	0.777945	40	39.7	0	265	2237	1.14564	1.04663	2171
183	1.0149e+006	1099	498058	513878	100	90	1.30088	0.777945	40	39.7	0	265	2237	1.12594	1.01587	2171
184	1.08124e+006	987	538638	539628	100	90	1.34322	0.777945	40	39.7	0	265	2237	1.13169	1.01196	2171
185	1.11795e+006	1032	561867	553366	100	90	1.57105	0.777945	40	39.7	0	265	2237	1.13827	1.0093	2171
186	1.12232e+006	1225	568737	553579	100	90	1.99984	0.777945	40	39.7	0	265	2237	1.14507	1.00629	2171
187	1.12365e+006	1216	572517	551131	100	90	2.14328	0.777945	40	39.7	0	265	2237	1.14758	1.00725	2171
188	1.07199e+006	1143	549222	522772	100	90	2.24853	0.777945	40	39.7	0	265	2237	1.15897	1.00567	2171
189	997474	969	512864	484610	100	90	2.23662	0.777945	40	39.7	0	265	2237	1.17099	1.01665	2171
190	691892	847	242590	449301	100	90	2.19391	0.777945	40	39.7	261189	265	2237	1.17396	1.029	2171
191	733042	764	309677	423364	100	90	2.21258	0.777945	40	39.7	261189	265	2237	1.1993	1.04622	2171
192	723456	677	340841	382615	100	90	2.26068	0.777945	40	39.7	261189	265	2237	1.21309	1.05845	2171
193	680822	585	336897	343925	100	90	2.25845	0.777945	40	39.7	261189	265	2237	1.23856	1.08577	2171
194	690272	574	348934	341338	100	90	2.3024	0.777945	40	39.7	261189	265	2237	1.24696	1.0928	2171
195	653938	530	333930	320008	100	90	2.28568	0.777945	40	39.7	261189	265	2237	1.29724	1.1569	2171
196	439037	480	143603	294858	100	90	2.26077	0.777945	40	39.7	457059	265	2237	1.33917	1.19393	2171
197	481471	443	196349	276765	100	90	2.29434	0.777945	40	39.7	457059	265	2237	1.35208	1.21594	2171
198	497225	404	228291	257158	100	90	2.3084	0.777945	40	39.7	457059	265	2237	1.34153	1.2069	2171
199	494532	367	238640	242703	100	90	2.32394	0.777945	40	39.7	457059	265	2237	1.35241	1.20317	2171
200	496228	361	245658	238171	100	90	2.3954	0.777945	40	39.7	457059	265	2237	1.35806	1.21356	2171
201	464898	340	237540	227358	100	90	2.37609	0.777945	40	39.7	457059	265	2237	1.37282	1.21818	2171
202	322702	322	101535	221167	100	90	0.124962	0.777945	40	39.7	595584	265	2237	1.00675	0.905557	2171
203	634439	286	283785	350655	100	90	0.0984843	0.777945	40	39.7	595584	265	2237	1.00591	0.9063	2171
204	933883	264	437138	496746	100	90	0.09821	0.777945	40	39.7	595584	265	2237	1.00659	0.91571	2171
205	954615	242	453335	501280	100	90	0.101497	0.777945	40	39.7	595584	265	2237	1.00696	0.938229	2171
206	874111	235	424398	449713	100	90	0.117841	0.777945	40	39.7	595584	265	2237	1.00873	0.95541	2171
207	908061	2695	449702	458359	100	90	1.08876	0.777945	40	39.7	595584	265	2237	1.01136	0.953286	2171
208	1.00905e+006	2245	505440	503614	100	90	1.17205	0.777945	40	39.7	595584	265	2237	1.01336	0.953256	2171
209	783749	1986	249973	533776	100	90	1.41083	0.777945	40	39.7	595584	265	2237	1.02177	0.958618	2171
210	687867	1922	170907	516960	100	90	1.69478	0.777945	38	39.7	595584	265	2237	1.1268	1.15516	2171
211	821667	1684	306076	513994	100	90	0.941792	0.777945	40	39.7	0	265	2237	1.05106	0.95272	2171
212	959020	1437	418965	537888	100	90	0.804154	0.777945	40	39.7	0	265	2237	1.03965	0.934687	2171
213	1.09735e+006	1221	514077	580283	100	90	0.789821	0.777945	40	39.7	0	265	2237	1.03854	0.933011	2171
214	1.17823e+006	1024	567874	607576	100	90	0.820569	0.777945	40	39.7	0	265	2237	1.04406	0.9438	2171
215	1.20552e+006	1006	591786	611274	100	90	0.939305	0.777945	40	39.7	0	265	2237	1.04999	0.952486	2171
216	1.1856e+006	1842	591190	594410	100	90	1.65247	0.777945	40	39.7	0	265	2237	1.05663	0.95802	2171
217	1.15233e+006	1600	579732	572594	100	90	1.69107	0.777945	40	39.7	0	265	2237	1.0637	0.955737	2171
218	1.1001e+006	1429	558224	541874	100	90	1.85405	0.777945	40	39.7	0	265	2237	1.07524	0.957164	2171
219	1.06233e+006	1223	542029	520305	100	90	1.90581	0.777945	40	39.7	0	265	2237	1.09006	0.966292	2171
220	775665	1058	283245	492420	100	90	1.99578	0.777945	40	39.7	258789	265	2237	1.10116	0.961194	2171
221	840552	972	362103	478449	100	90	2.12221	0.777945	40	39.7	258789	265	2237	1.12709	0.985808	2171
222	848620	862	401468	447152	100	90	2.21281	0.777945	40	39.7	258789	265	2237	1.15173	0.997531	2171
223	807458	766	398620	408838	100	90	2.26494	0.777945	40	39.7	258789	265	2237	1.17506	1.0014	2171
224	771644	686	388649	382995	100	90	2.29741	0.777945	40	39.7	258789	265	2237	1.20972	1.03286	2171
225	741268	627	376586	364682	100	90	2.28567	0.777945	40	39.7	258789	265	2237	1.23802	1.06747	2171
226	483079	541	157350	325068	100	90	2.26206	0.777945	40	39.7	477706	265	2237	1.25673	1.09274	2171
227	427106	519	113447	312335	100	90	2.30685	0.777945	40	39.7	477706	265	2237	1.25962	1.08298	2171
228	451165	457	170576	272644	100	90	2.30723	0.777945	40	39.7	477706	265	2237	1.26906	1.08738	2171
229	499482	446	224546	265114	100	90	2.37578	0.777945	40	39.7	477706	265	2237	1.27033	1.09021	2171
230	523977	433	250723	263938	100	90	2.37691	0.777945	40	39.7	477706	265	2237	1.29923	1.13079	2171
231	458143	373	229643	228500	100	90	2.34673	0.777945	40	39.7	477706	265	2237	1.33038	1.13376	2171
232	323674	344	101602	222071	100	90	0.146174	0.777945	40	39.7	614058	265	2237	1.00707	0.857677	2171
233	618639	323	274059	344579	100	90	0.116965	0.777945	40	39.7	614058	265	2237	1.00575	0.85874	2171
234	921195	291	430727	490468	100	90	0.115138	0.777945	40	39.7	614058	265	2237	1.0066	0.868742	2171
235	957410	254	455053	502357	100	90	0.110864	0.777945	40	39.7	614058	265	2237	1.00642	0.9008	2171
236	890123	235	433094	457029	100	90	0.122274	0.777945	40	39.7	614058	265	2237	1.00706	0.926569	2171
237	908930	2556	450249	458681	100	90	1.07445	0.777945	40	39.7	614058	265	2237	1.01017	0.915103	2171
238	1.01847e+006	2314	511426	507048	100	90	1.22057	0.777945	40	39.7	614058	265	2237	1.0132	0.91982	2171
239	1.05657e+006	1952	532916	523653	100	90	1.46756	0.777945	40	39.7	614058	265	2237	1.02067	0.927928	2171
240	791194	1808	269116	522078	100	90	1.65682	0.777945	38	39.7	614058	265	2237	1.1458	1.14884	2171
241	867069	1507	374652	490958	100	90	0.981812	0.777945	40	39.7	0	265	2237	1.06321	0.930866	2171
242	968088	1299	455217	510518	100	90	0.819376	0.777945	40	39.7	0	265	2237	1.04432	0.904935	2171
243	1.09033e+006	1143	529669	558097	100	90	0.790528	0.777945	40	39.7	0	265	2237	1.04229	0.901271	2171
244	1.17156e+006	993	575741	593493	100	90	0.845629	0.777945	40	39.7	0	265	2237	1.04905	0.908021	2171
245	1.16806e+006	925	579711	586405	100	90	0.907026	0.777945	40	39.7	0	265	2237	1.0467	0.910105	2171
246	1.15601e+006	1776	579743	576266	100	90	1.65699	0.777945	40	39.7	0	265	2237	1.05045	0.910573	2171
247	1.15066e+006	1589	581983	568679	100	90	1.73581	0.777945	40	39.7	0	265	2237	1.05554	0.908624	2171
248	813253	1478	270685	542568	100	90	1.87872	0.777945	40	39.7	0	265	2237	1.05991	0.898663	2171
249	857753	1220	354701	503051	100	90	1.94602	0.777945	40	39.7	0	265	2237	1.07829	0.913453	2171
250	743572	1079	263660	479911	100	90	2.05142	0.777945	40	39.7	170934	265	2237	1.09185	0.922481	2171
251	804323	976	345036	459287	100	90	2.15532	0.777945	40	39.7	170934	265	2237	1.11839	0.93262	2171
252	831196	887	393869	437328	100	90	2.21224	0.777945	40	39.7	170934	265	2237	1.14581	0.948113	2171
253	811708	795	401028	410679	100	90	2.25954	0.777945	40	39.7	170934	265	2237	1.15886	0.96164	2171
254	750249	683	378176	372074	100	90	2.26699	0.777945	40	39.7	170934	265	2237	1.18801	0.98908	2171
255	723066	620	368232	354834	100	90	2.25645	0.777945	40	39.7	170934	265	2237	1.22971	1.03431	2171
256	474769	557	151278	323115	100	90	2.26621	0.777945	40	39.7	393515	265	2237	1.23368	1.03861	2171
257	486426	475	195258	282920	100	90	2.29623	0.777945	40	39.7	393515	265	2237	1.24948	1.04408	2171
258	377434	421	114498	260870	100	90	2.30427	0.777945	40	39.7	393515	265	2237	1.26699	1.07162	2171
259	404754	378	161335	235753	100	90	2.31883	0.777945	40	39.7	393515	265	2237	1.27401	1.07553	2171
260	430088	358	197983	225014	100	90	2.39417	0.777945	40	39.7	393515	265	2237	1.2884	1.07237	2171
261	429999	334	210767	219232	100	90	2.33299	0.777945	40	39.7	393515	265	2237	1.32226	1.10563	2171
262	301960	313	89272.7	212688	100	90	0.148421	0.777945	40	39.7	524459	265	2237	1.00767	0.828074	2171
263	572634	300	250239	322395	100	90	0.118067	0.777945	40	39.7	524459	265	2237	1.0058	0.824642	2171
264	898233	283	418710	479523	100	90	0.121936	0.777945	40	39.7	524459	265	2237	1.00627	0.835262	2171
265	938899	253	446185	492714	100	90	0.12646	0.777945	40	39.7	524459	265	2237	1.00686	0.873437	2171
266	872361	235	424856	447505	100	90	0.141686	0.777945	40	39.7	524459	265	2237	1.0086	0.898843	2171
267	948746	2678	472081	476665	100	90	1.19227	0.777945	40	39.7	524459	265	2237	1.01067	0.882017	2171
268	1.04857e+006	2253	527085	521487	100	90	1.31885	0.777945	40	39.7	524459	265	2237	1.01521	0.885974	2171
269	1.09565e+006	1941	553808	541838	100	90	1.52232	0.777945	40	39.7	524459	265	2237	1.02195	0.887165	2171
270	831960	1792	284122	547838	100	90	1.6387	0.777945	39	39.7	524459	265	2237	1.16996	1.14375	2171
271	907413	1505	394182	511879	100	90	1.13784	0.777945	40	39.7	0	265	2237	1.09226	0.926389	2171
272	975498	1294	460082	513076	100	90	0.968467	0.777945	40	39.7	0	265	2237	1.06722	0.885167	2171
273	1.05489e+006	1093	514669	537776	100	90	0.904215	0.777945	40	39.7	0	265	2237	1.05853	0.870755	2171
274	1.13218e+006	965	558920	570731	100	90	0.966439	0.777945	40	39.7	0	265	2237	1.06285	0.879562	2171
275	1.17226e+006	979	583789	586196	100	90	1.13997	0.777945	40	39.7	0	265	2237	1.06835	0.883408	2171
276	1.15872e+006	1489	582979	575741	100	90	1.74381	0.777945	40	39.7	0	265	2237	1.07406	0.882131	2171
277	1.1624e+006	1464	589513	572890	100	90	1.87957	0.777945	40	39.7	0	265	2237	1.07872	0.88564	2171
278	1.1151e+006	1355	569134	545963	100	90	2.0026	0.777945	40	39.7	0	265	2237	1.08761	0.880126	2171
279	1.02398e+006	1109	525151	498831	100	90	2.01381	0.777945	40	39.7	0	265	2237	1.09518	0.878963	2171
280	726157	976	249811	476347	100	90	2.0727	0.777945	40	39.7	278911	265	2237	1.10833	0.891803	2171
281	756272	853	318145	438127	100	90	2.14411	0.777945	40	39.7	278911	265	2237	1.12672	0.902378	2171
282	568965	745	170973	397992	100	90	2.22441	0.777945	40	39.7	278911	265	2237	1.1451	0.901709	2171
283	597431	648	243266	354165	100	90	2.30301	0.777945	40	39.7	278911	265	2237	1.14286	0.897858	2171
284	649811	612	303446	346364	100	90	2.35137	0.777945	40	39.7	278911	265	2237	1.1637	0.908932	2171
285	638083	552	313996	324088	100	90	2.36258	0.777945	40	39.7	278911	265	2237	1.18132	0.90411	2171
286	396222	481	106184	289881	100	90	2.32998	0.777945	40	39.7	327591	265	2237	1.21535	0.943052	2171
287	454581	452	174912	271788	100	90	2.32621	0.777945	40	39.7	327591	265	2237	1.21136	0.946341	2171
288	489956	416	221588	258080	100	90	2.33133	0.777945	40	39.7	327591	265	2237	1.22901	0.983914	2171
289	503989	390	240557	248946	100	90	2.35824	0.777945	40	39.7	327591	265	2237	1.23014	0.997101	2171
290	372036	369	127996	241697	100	90	2.3769	0.777945	40	39.7	327591	265	2237	1.23824	1.00946	2171
291	369726	321	161690	208036	100	90	2.37385	0.777945	40	39.7	327591	265	2237	1.20137	0.970696	2171
292	266916	286	75560.1	191356	100	90	0.206367	0.777945	40	39.7	445753	265	2237	1.00741	0.909552	2171
293	432181	260	186033	246147	100	90	0.146442	0.777945	40	39.7	445753	265	2237	1.00569	0.905739	2171
294	735462	235	345092	390370	100	90	0.145382	0.777945	40	39.7	445753	265	2237	1.00653	0.912045	2171
295	971743	212	462902	508841	100	90	0.148518	0.777945	40	39.7	445753	265	2237	1.00656	0.916184	2171
296	1.06178e+006	184	510401	551375	100	90	0.156237	0.777945	40	39.7	445753	265	2237	1.0064	0.918415	2171
297	1.06062e+006	2588	516424	544201	100	90	1.35419	0.777945	40	39.7	445753	265	2237	1.00631	0.906744	2171
298	1.05554e+006	2085	521314	534227	100	90	1.35558	0.777945	40	39.7	445753	265	2237	1.00737	0.883673	2171
299	1.09098e+006	1767	546662	544319	100	90	1.41854	0.777945	40	39.7	445753	265	2237	1.00956	0.878175	2171
300	820261	1640	277458	542803	100	90	1.3891	0.777945	38	39.7	445753	265	2237	1.21424	1.29236	2171
301	907805	1420	390104	515100	100	90	1.25448	0.777945	40	39.7	0	265	2237	1.17835	1.10822	2171
302	708795	1197	215922	492276	100	90	1.16761	0.777945	40	39.7	0	265	2237	1.13553	1.02197	2171
303	843283	1061	334773	506455	100	90	1.07872	0.777945	40	39.7	0	265	2237	1.10688	0.973099	2171
304	974925	929	437741	534381	100	90	1.1128	0.777945	40	39.7	0	265	2237	1.10859	0.963371	2171
305	1.05023e+006	952	498425	549458	100	90	1.265	0.777945	40	39.7	0	265	2237	1.10459	0.949476	2171
306	1.10463e+006	1375	539930	564697	100	90	1.84378	0.777945	40	39.7	0	265	2237	1.10851	0.943162	2171
307	1.12574e+006	1327	559251	566490	100	90	1.98129	0.777945	40	39.7	0	265	2237	1.1151	0.945637	2171
308	1.09579e+006	1253	550432	545357	100	90	2.04103	0.777945	40	39.7	0	265	2237	1.12039	0.954082	2171
309	773805	1079	258600	515204	100	90	2.01911	0.777945	40	39.7	0	265	2237	1.13069	0.975272	2171
310	712734	924	244723	468010	100	90	2.06661	0.777945	40	39.7	100932	265	2237	1.13924	0.976959	2171
311	756537	819	322911	433627	100	90	2.10435	0.777945	40	39.7	100932	265	2237	1.15038	0.989583	2171
312	787092	756	368775	418317	100	90	2.16248	0.777945	40	39.7	100932	265	2237	1.15648	0.99572	2171
313	758518	667	370374	388145	100	90	2.19632	0.777945	40	39.7	100932	265	2237	1.17297	1.00485	2171
314	717135	596	356808	360327	100	90	2.21126	0.777945	40	39.7	100932	265	2237	1.1876	1.03297	2171
315	694544	543	349302	345241	100	90	2.19502	0.777945	40	39.7	100932	265	2237	1.19963	1.03808	2171
316	482118	496	157641	323934	100	90	2.18068	0.777945	40	39.7	301056	265	2237	1.20528	1.05055	2171
317	399699	442	104428	294013	100	90	2.16841	0.777945	40	39.7	301056	265	2237	1.21364	1.04187	2171
318	337157	382	79382.2	256637	100	90	2.14052	0.777945	40	39.7	301056	265	2237	1.22788	1.05797	2171
319	382790	360	137267	240069	100	90	2.16493	0.777945	40	39.7	301056	265	2237	1.22384	1.04717	2171
320	413424	329	180969	227406	100	90	2.15615	0.777945	40	39.7	301056	265	2237	1.22571	1.04124	2171
321	419759	318	200431	219328	100	90	2.1495	0.777945	40	39.7	301056	265	2237	1.25083	1.05036	2171
322	290829	277	90885.5	199943	100	90	0.14543	0.777945	40	39.7	417326	265	2237	1.00725	0.849234	2171
323	402618	250	115769	286850	100	90	0.103837	0.777945	40	39.7	417326	265	2237	1.00507	0.839673	2171
324	733391	235	292169	441222	100	90	0.0956681	0.777945	40	39.7	417326	265	2237	1.00427	0.842049	2171
325	929504	228	405921	523583	100	90	0.105515	0.777945	40	39.7	417326	265	2237	1.00482	0.867637	2171
326	926182	199	423320	502862	100	90	0.113548	0.777945	40	39.7	417326	265	2237	1.00558	0.895567	2171
327	950661	2593	451766	498895	100	90	1.0565	0.777945	39	39.7	417326	265	2237	1.00663	0.892581	2171
328	1.02308e+006	2342	499887	523189	100	90	1.18947	0.777945	39	39.7	417326	265	2237	1.00852	0.8731	2171
329	1.09155e+006	2031	542561	548990	100	90	1.37246	0.777945	39	39.7	417326	265	2237	1.01097	0.860009	2171
330	810155	1703	271565	538590	100	90	1.44874	0.777945	38	39.7	417326	265	2237	1.14894	1.13789	2171
331	908190	1466	390293	515644	100	90	1.19625	0.777945	40	39.7	0	265	2237	1.1057	0.955849	2171
332	726903	1263	221454	504761	100	90	1.05167	0.777945	40	39.7	0	265	2237	1.07477	0.904267	2171
333	880466	1097	352360	526154	100	90	0.918586	0.777945	40	39.7	0	265	2237	1.05901	0.886745	2171
334	1.05018e+006	988	473201	574422	100	90	0.976711	0.777945	40	39.7	0	265	2237	1.06506	0.895423	2171
335	1.11946e+006	974	530730	586497	100	90	1.11056	0.777945	40	39.7	0	265	2237	1.07045	0.901536	2171
336	857687	1495	271527	586160	100	90	1.7054	0.777945	40	39.7	0	265	2237	1.07242	0.893056	2171
337	944017	1466	380115	563902	100	90	1.85151	0.777945	40	39.7	0	265	2237	1.07649	0.89595	2171
338	1.00327e+006	1415	456514	546761	100	90	2.03825	0.777945	40	39.7	0	265	2237	1.08347	0.891386	2171
339	1.01932e+006	1237	492036	527281	100	90	2.0314	0.777945	40	39.7	0	265	2237	1.08619	0.885204	2171
340	791720	1045	297872	493849	100	90	2.06844	0.777945	40	39.7	204170	265	2237	1.10039	0.89596	2171
341	807891	895	354300	453591	100	90	2.09599	0.777945	40	39.7	204170	265	2237	1.10571	0.898585	2171
342	812576	796	385452	427125	100	90	2.15682	0.777945	40	39.7	204170	265	2237	1.10877	0.914248	2171
343	811437	734	398291	413145	100	90	2.16308	0.777945	40	39.7	204170	265	2237	1.12968	0.936691	2171
344	749344	638	373811	375533	100	90	2.15757	0.777945	40	39.7	204170	265	2237	1.15	0.957025	2171
345	721222	583	363251	357971	100	90	2.16969	0.777945	40	39.7	204170	265	2237	1.15772	0.958409	2171
346	499654	534	162556	336674	100	90	2.16061	0.777945	40	39.7	412637	265	2237	1.16816	0.972167	2171
347	532715	484	217970	306553	100	90	2.17327	0.777945	40	39.7	412637	265	2237	1.18016	0.986784	2171
348	560740	457	254776	294452	100	90	2.17418	0.777945	40	39.7	412637	265	2237	1.17965	0.995283	2171
349	555863	430	265135	276769	100	90	2.21302	0.777945	40	39.7	412637	265	2237	1.17412	0.992366	2171
350	504978	371	247213	245909	100	90	2.22314	0.777945	40	39.7	412637	265	2237	1.16986	0.982353	2171
351	474476	342	239703	234774	100	90	2.24424	0.777945	40	39.7	412637	265	2237	1.17021	0.980707	2171
352	320883	327	91187.5	229696	100	90	0.1266	0.777945	40	39.7	442493	265	2237	1.00375	0.83042	2171
353	642456	314	279881	362575	100	90	0.105171	0.777945	40	39.7	442493	265	2237	1.00315	0.829368	2171
354	925575	289	428806	496769	100	90	0.105846	0.777945	40	39.7	442493	265	2237	1.00322	0.844708	2171
355	939418	266	444059	495360	100	90	0.108078	0.777945	40	39.7	442493	265	2237	1.00353	0.881775	2171
356	859665	245	416514	443151	100	90	0.120396	0.777945	40	39.7	442493	265	2237	1.00444	0.894441	2171
357	897282	2569	443471	453811	100	90	0.996774	0.777945	40	39.7	442493	265	2237	1.00596	0.883318	2171
358	1.00777e+006	2227	503862	503907	100	90	1.1066	0.777945	40	39.7	442493	265	2237	1.00773	0.885003	2171
359	1.07999e+006	1957	542965	537023	100	90	1.32295	0.777945	40	39.7	442493	265	2237	1.01149	0.887247	2171
360	816570	1867	276039	540531	100	90	1.53242	0.777945	39	39.7	442493	265	2237	1.12796	1.08333	2171
361	891680	1513	384922	504820	100	90	0.931326	0.777945	40	39.7	0	265	2237	1.05996	0.901933	2171
362	977880	1259	457763	516939	100	90	0.761578	0.777945	40	39.7	0	265	2237	1.04317	0.879206	2171
363	1.06418e+006	1053	513868	546870	100	90	0.682826	0.777945	40	39.7	0	265	2237	1.03533	0.869337	2171
364	1.14769e+006	897	561465	582973	100	90	0.697123	0.777945	40	39.7	0	265	2237	1.03698	0.873832	2171
365	1.15475e+006	911	569609	582163	100	90	0.818169	0.777945	40	39.7	0	265	2237	1.04064	0.894136	2171
366	1.13977e+006	1636	568992	570776	100	90	1.42759	0.777945	40	39.7	0	265	2237	1.04649	0.891397	2171
367	1.10382e+006	1492	554962	548854	100	90	1.54407	0.777945	40	39.7	0	265	2237	1.05449	0.890671	2171
368	1.03926e+006	1391	527014	512247	100	90	1.72157	0.777945	40	39.7	0	265	2237	1.06231	0.888972	2171
369	985758	1145	503253	482505	100	90	1.79591	0.777945	40	39.7	0	265	2237	1.06712	0.863225	2171
370	730482	999	263849	466633	100	90	1.90991	0.777945	40	39.7	243535	265	2237	1.07676	0.854015	2171
371	780180	904	334966	445214	100	90	2.04847	0.777945	40	39.7	243535	265	2237	1.09554	0.859954	2171
372	780998	810	367465	413533	100	90	2.08711	0.777945	40	39.7	243535	265	2237	1.10797	0.866152	2171
373	735716	702	361549	374167	100	90	2.11198	0.777945	40	39.7	243535	265	2237	1.13585	0.896861	2171
374	697641	635	350809	346832	100	90	2.15977	0.777945	40	39.7	243535	265	2237	1.1398	0.896721	2171
375	646583	563	328126	318457	100	90	2.18862	0.777945	40	39.7	243535	265	2237	1.15589	0.918819	2171
376	437811	504	139521	298102	100	90	2.17678	0.777945	40	39.7	439964	265	2237	1.18657	0.945946	2171
377	477264	457	192393	277123	100	90	2.17311	0.777945	40	39.7	439964	265	2237	1.21639	0.974478	2171
378	506050	432	229500	265698	100	90	2.21735	0.777945	40	39.7	439964	265	2237	1.22759	0.98005	2171
379	487557	389	232596	241758	100	90	2.22693	0.777945	40	39.7	439964	265	2237	1.23499	0.985994	2171
380	508346	386	249192	246456	100	90	2.28282	0.777945	40	39.7	439964	265	2237	1.21951	0.979885	2171
381	467905	369	237737	230168	100	90	2.31252	0.777945	40	39.7	439964	265	2237	1.22254	0.963636	2171
382	307470	333	95063.8	212407	100	90	0.123971	0.777945	40	39.7	580325	265	2237	1.00416	0.812324	2171
383	615825	286	277503	338322	100	90	0.0931009	0.777945	40	39.7	580325	265	2237	1.00297	0.814016	2171
384	908660	245	427968	480692	100	90	0.0854223	0.777945	40	39.7	580325	265	2237	1.00288	0.837613	2171
385	910503	227	435645	474858	100	90	0.0890987	0.777945	40	39.7	580325	265	2237	1.00303	0.87548	2171
386	842425	212	414118	428307	100	90	0.0971873	0.777945	40	39.7	580325	265	2237	1.0031	0.886661	2171
387	892482	2802	447431	445051	100	90	0.969744	0.777945	40	39.7	580325	265	2237	1.00449	0.874452	2171
388	710614	2441	220004	490610	100	90	1.13207	0.777945	39	39.7	580325	265	2237	1.00646	0.869552	2171
389	828502	2248	329849	498653	100	90	1.40097	0.777945	39	39.7	580325	265	2237	1.00871	0.86698	2171
390	735558	2072	214548	521010	100	90	1.67048	0.777945	38	39.7	580325	265	2237	1.09422	1.01072	2171
391	866866	1764	351827	513395	100	90	0.950945	0.777945	40	39.7	0	265	2237	1.04049	0.861206	2171
392	992835	1478	452567	538358	100	90	0.793042	0.777945	40	39.7	0	265	2237	1.03057	0.845423	2171
393	1.1101e+006	1240	528993	578245	100	90	0.741258	0.777945	40	39.7	0	265	2237	1.02797	0.850207	2171
394	1.17468e+006	1030	570755	601275	100	90	0.748726	0.777945	40	39.7	0	265	2237	1.02958	0.864619	2171
395	1.18483e+006	978	583341	599245	100	90	0.808301	0.777945	40	39.7	0	265	2237	1.03246	0.88091	2171
396	872141	1899	278117	594024	100	90	1.48613	0.777945	40	39.7	0	265	2237	1.03605	0.878384	2171
397	972518	1804	388148	584370	100	90	1.61687	0.777945	40	39.7	0	265	2237	1.04073	0.869633	2171
398	1.02412e+006	1653	463655	560461	100	90	1.80571	0.777945	40	39.7	0	265	2237	1.04605	0.863269	2171
399	1.02646e+006	1395	494861	531601	100	90	1.88089	0.777945	40	39.7	0	265	2237	1.05312	0.85767	2171
400	793024	1175	295342	497681	100	90	1.94512	0.777945	40	39.7	215894	265	2237	1.06899	0.860771	2171
401	843269	1052	368004	475265	100	90	2.03826	0.777945	40	39.7	215894	265	2237	1.07543	0.853516	2171
402	855751	947	405031	450721	100	90	2.07185	0.777945	40	39.7	215894	265	2237	1.09162	0.872826	2171
403	823197	834	405512	417684	100	90	2.0762	0.777945	40	39.7	215894	265	2237	1.10933	0.895191	2171
404	769939	730	387701	382238	100	90	2.10503	0.777945	40	39.7	215894	265	2237	1.11269	0.915014	2171
405	707696	642	359602	348094	100	90	2.14714	0.777945	40	39.7	215894	265	2237	1.12465	0.925325	2171
406	495142	599	163730	331016	100	90	2.14674	0.777945	40	39.7	424435	265	2237	1.13497	0.93007	2171
407	395798	515	105410	289071	100	90	2.17627	0.777945	40	39.7	424435	265	2237	1.1343	0.906504	2171
408	449103	482	170228	270391	100	90	2.17088	0.777945	40	39.7	424435	265	2237	1.16103	0.938596	2171
409	480223	436	215028	254960	100	90	2.21794	0.777945	40	39.7	424435	265	2237	1.15873	0.928747	2171
410	465087	384	223041	232863	100	90	2.22813	0.777945	40	39.7	424435	265	2237	1.16321	0.932961	2171
411	459927	360	232248	227679	100	90	2.20866	0.777945	40	39.7	424435	265	2237	1.17308	0.949254	2171
412	317340	340	94647.3	222693	100	90	0.14067	0.777945	40	39.7	569508	265	2237	1.00456	0.795633	2171
413	595111	298	266171	328940	100	90	0.104021	0.777945	40	39.7	569508	265	2237	1.00305	0.794481	2171
414	686668	266	209197	477471	100	90	0.101561	0.777945	40	39.7	569508	265	2237	1.00308	0.812398	2171
415	748325	243	274036	474289	100	90	0.0900413	0.777945	40	39.7	569508	265	2237	1.00271	0.842892	2171
416	802940	208	340785	462155	100	90	0.0923895	0.777945	40	39.7	569508	265	2237	1.003	0.869705	2171
417	671323	3021	181771	489552	100	90	1.02204	0.777945	40	39.7	569508	265	2237	1.00394	0.879441	2171
418	801044	2893	295286	505758	100	90	1.25498	0.777945	40	39.7	569508	265	2237	1.00559	0.878443	2171
419	972918	2537	417141	555778	100	90	1.48748	0.777945	40	39.7	569508	265	2237	1.00831	0.881872	2171
420	813884	2422	244808	569077	100	90	1.70746	0.777945	39	39.7	569508	265	2237	1.08709	1.00291	2171
421	926840	1982	377138	547744	100	90	1.1728	0.777945	40	39.7	0	265	2237	1.04813	0.867336	2171
422	1.04616e+006	1691	475183	568043	100	90	1.03121	0.777945	40	39.7	0	265	2237	1.0387	0.848873	2171
423	1.13789e+006	1415	544647	589916	100	90	0.981431	0.777945	40	39.7	0	265	2237	1.0363	0.846509	2171
424	1.19435e+006	1190	585116	606172	100	90	1.00938	0.777945	40	39.7	0	265	2237	1.03946	0.849944	2171
425	1.21754e+006	1121	604046	610806	100	90	1.10974	0.777945	40	39.7	0	265	2237	1.04381	0.854485	2171
426	1.22022e+006	1680	612343	607882	100	90	1.66877	0.777945	40	39.7	0	265	2237	1.05118	0.861692	2171
427	1.13744e+006	1450	576782	560660	100	90	1.73183	0.777945	40	39.7	0	265	2237	1.05499	0.867779	2171
428	1.08658e+006	1337	553954	532623	100	90	1.8263	0.777945	40	39.7	0	265	2237	1.06263	0.873077	2171
429	1.03169e+006	1147	528775	502920	100	90	1.87653	0.777945	40	39.7	0	265	2237	1.07125	0.870968	2171
430	739524	1004	263597	475927	100	90	1.93981	0.777945	40	39.7	264535	265	2237	1.08527	0.87963	2171
431	792068	908	337720	454348	100	90	2.03395	0.777945	40	39.7	264535	265	2237	1.09584	0.885227	2171
432	814192	831	381106	433086	100	90	2.08928	0.777945	40	39.7	264535	265	2237	1.10899	0.9025	2171
433	772288	734	378472	393817	100	90	2.1186	0.777945	40	39.7	264535	265	2237	1.12152	0.916074	2171
434	738858	662	369706	369152	100	90	2.14204	0.777945	40	39.7	264535	265	2237	1.14058	0.929825	2171
435	700565	603	353791	346775	100	90	2.16815	0.777945	40	39.7	264535	265	2237	1.15435	0.950617	2171
436	462617	536	147583	314852	100	90	2.14946	0.777945	40	39.7	473131	265	2237	1.15905	0.966403	2171
437	490592	475	199025	284214	100	90	2.14593	0.777945	40	39.7	473131	265	2237	1.16598	0.986547	2171
438	495389	426	225400	259172	100	90	2.16527	0.777945	40	39.7	473131	265	2237	1.16435	0.972431	2171
439	481558	388	231026	238030	100	90	2.19776	0.777945	40	39.7	473131	265	2237	1.16883	0.966667	2171
440	441881	332	217502	213887	100	90	2.15216	0.777945	40	39.7	473131	265	2237	1.17771	0.977049	2171
441	410193	299	209345	200847	100	90	2.12921	0.777945	40	39.7	473131	265	2237	1.22373	1.01845	2171
442	280575	286	81328	199247	100	90	0.109122	0.777945	40	39.7	605608	265	2237	1.00423	0.84525	2171
443	604394	270	268151	336243	100	90	0.090455	0.777945	40	39.7	605608	265	2237	1.00363	0.846638	2171
444	925861	246	431867	493994	100	90	0.0887465	0.777945	40	39.7	605608	265	2237	1.00335	0.86155	2171
445	704197	204	210230	493967	100	90	0.0843772	0.777945	40	39.7	605608	265	2237	1.00385	0.894574	2171
446	671391	187	245695	425696	100	90	0.089406	0.777945	40	39.7	605608	265	2237	1.00371	0.914355	2171
447	816690	3167	354463	462227	100	90	1.0731	0.777945	40	39.7	605608	265	2237	1.00495	0.903938	2171
448	969324	2824	453380	515944	100	90	1.30789	0.777945	40	39.7	605608	265	2237	1.0074	0.907048	2171
449	775525	2338	235823	539702	100	90	1.53882	0.777945	40	39.7	605608	265	2237	1.01141	0.909749	2171
450	668494	2019	160355	508139	100	90	1.6274	0.777945	39	39.7	605608	265	2237	1.10091	1.04848	2171
451	796496	1734	294740	499723	100	90	0.914022	0.777945	40	39.7	0	265	2237	1.0411	0.896	2171
452	928756	1435	405575	520840	100	90	0.755192	0.777945	40	39.7	0	265	2237	1.03244	0.881585	2171
453	1.06748e+006	1213	499545	564378	100	90	0.730412	0.777945	40	39.7	0	265	2237	1.03019	0.874694	2171
454	1.15167e+006	1009	554927	593459	100	90	0.757572	0.777945	40	39.7	0	265	2237	1.03207	0.883596	2171
455	1.1595e+006	930	568791	587852	100	90	0.836514	0.777945	40	39.7	0	265	2237	1.03399	0.88851	2171
456	1.14428e+006	1859	571190	573085	100	90	1.55847	0.777945	40	39.7	0	265	2237	1.03606	0.88389	2171
457	1.11607e+006	1637	563585	552489	100	90	1.59929	0.777945	40	39.7	0	265	2237	1.03856	0.878035	2171
458	1.09468e+006	1515	557507	537173	100	90	1.71113	0.777945	40	39.7	0	265	2237	1.0411	0.871141	2171
459	1.03844e+006	1255	532060	506384	100	90	1.78863	0.777945	40	39.7	0	265	2237	1.05164	0.873888	2171
460	745022	1057	273167	471855	100	90	1.86049	0.777945	40	39.7	249889	265	2237	1.05882	0.878119	2171
461	785486	951	341845	443641	100	90	1.95772	0.777945	40	39.7	249889	265	2237	1.07154	0.888412	2171
462	803712	865	381359	422353	100	90	2.05051	0.777945	40	39.7	249889	265	2237	1.07056	0.877962	2171
463	769795	763	379270	390525	100	90	2.11953	0.777945	40	39.7	249889	265	2237	1.08041	0.882749	2171
464	708272	669	355357	352915	100	90	2.16396	0.777945	40	39.7	249889	265	2237	1.09865	0.906832	2171
465	685938	628	347921	338018	100	90	2.18285	0.777945	40	39.7	249889	265	2237	1.11817	0.916667	2171
466	479368	587	157007	322013	100	90	2.1662	0.777945	40	39.7	450962	265	2237	1.1328	0.939394	2171
467	494056	512	201296	284896	100	90	2.16308	0.777945	40	39.7	450962	265	2237	1.14312	0.946721	2171
468	526922	477	240356	275299	100	90	2.13133	0.777945	40	39.7	450962	265	2237	1.15613	0.947253	2171
469	500580	426	239234	247793	100	90	2.17865	0.777945	40	39.7	450962	265	2237	1.15367	0.942643	2171
470	451722	370	221967	218044	100	90	2.21933	0.777945	40	39.7	450962	265	2237	1.16304	0.944767	2171
471	429456	348	219379	210078	100	90	2.23826	0.777945	40	39.7	450962	265	2237	1.16814	0.943218	2171
472	298631	327	92715.4	205916	100	90	0.120613	0.777945	40	39.7	582697	265	2237	1.0033	0.802124	2171
473	486394	304	138747	347646	100	90	0.0993939	0.777945	40	39.7	582697	265	2237	1.00303	0.799049	2171
474	750992	268	283781	467211	100	90	0.0833707	0.777945	40	39.7	582697	265	2237	1.00257	0.817432	2171
475	843438	249	354066	489372	100	90	0.0880284	0.777945	39	39.7	582697	265	2237	1.00278	0.854843	2171
476	831711	239	374769	456942	100	90	0.106349	0.777945	37	39.7	582697	265	2237	1.00355	0.884254	2171
477	902830	2773	428307	474522	100	90	1.00482	0.777945	37	39.7	582697	265	2237	1.00479	0.884916	2171
478	1.01014e+006	2582	495150	514994	100	90	1.2197	0.777945	37	39.7	582697	265	2237	1.00698	0.887998	2171
479	1.07184e+006	2247	533257	538581	100	90	1.44302	0.777945	37	39.7	582697	265	2237	1.01123	0.890428	2171
480	796472	1883	267261	529211	100	90	1.59073	0.777945	34	39.7	582697	265	2237	1.1179	1.06563	2171
481	904623	1583	389719	513176	100	90	0.984525	0.777945	40	39.7	0	265	2237	1.05512	0.868622	2171
482	979714	1323	460350	516634	100	90	0.808555	0.777945	40	39.7	0	265	2237	1.03963	0.844433	2171
483	1.10237e+006	1170	534885	564499	100	90	0.778268	0.777945	40	39.7	0	265	2237	1.03462	0.849882	2171
484	1.1697e+006	1022	575163	591832	100	90	0.838767	0.777945	40	39.7	0	265	2237	1.03944	0.863931	2171
485	873762	986	282966	590729	100	90	0.942431	0.777945	40	39.7	0	265	2237	1.04325	0.865602	2171
486	985108	1737	397588	587520	100	90	1.5816	0.777945	40	39.7	0	265	2237	1.04801	0.857507	2171
487	1.03652e+006	1628	469127	567397	100	90	1.72212	0.777945	40	39.7	0	265	2237	1.05302	0.866957	2171
488	1.06965e+006	1570	513902	555749	100	90	1.92559	0.777945	40	39.7	0	265	2237	1.05848	0.871075	2171
489	1.03141e+006	1292	510765	520641	100	90	1.93846	0.777945	40	39.7	0	265	2237	1.06826	0.874593	2171
490	779455	1114	284612	494843	100	90	1.98172	0.777945	40	39.7	238759	265	2237	1.07299	0.870877	2171
491	782034	945	336445	445589	100	90	2.05915	0.777945	40	39.7	238759	265	2237	1.0794	0.86044	2171
492	758629	797	357861	400768	100	90	2.1266	0.777945	40	39.7	238759	265	2237	1.10771	0.894875	2171
493	744448	717	366970	377478	100	90	2.17846	0.777945	40	39.7	238759	265	2237	1.12995	0.902047	2171
494	699760	636	351199	348561	100	90	2.17809	0.777945	40	39.7	238759	265	2237	1.15396	0.920325	2171
495	669688	586	338943	330745	100	90	2.22025	0.777945	40	39.7	238759	265	2237	1.15262	0.920495	2171
496	438901	518	140570	297936	100	90	2.20258	0.777945	40	39.7	443995	265	2237	1.19343	0.956088	2171
497	374650	474	96994.7	276332	100	90	2.2255	0.777945	40	39.7	443995	265	2237	1.19512	0.95815	2171
498	413957	430	153067	253501	100	90	2.23239	0.777945	40	39.7	443995	265	2237	1.19731	0.95599	2171
499	410532	370	181677	220543	100	90	2.28311	0.777945	40	39.7	443995	265	2237	1.21488	0.979472	2171
500	413499	343	196702	209084	100	90	2.28864	0.777945	40	39.7	443995	265	2237	1.22054	0.974603	2171
501	395479	321	197191	198287	100	90	2.31179	0.777945	40	39.7	443995	265	2237	1.22697	0.972318	2171
502	273103	297	82748.5	190355	100	90	0.13351	0.777945	40	39.7	562025	265	2237	1.00476	0.773119	2171
503	549323	274	242126	307198	100	90	0.10339	0.777945	40	39.7	562025	265	2237	1.00393	0.776034	2171
504	891044	261	415828	475216	100	90	0.107677	0.777945	40	39.7	562025	265	2237	1.00434	0.792358	2171
505	932725	237	441944	490781	100	90	0.111995	0.777945	40	39.7	562025	265	2237	1.00486	0.841614	2171
506	842941	189	411144	431796	100	90	0.107638	0.777945	40	39.7	562025	265	2237	1.00513	0.878892	2171
507	915811	2741	457237	458574	100	90	1.08785	0.777945	40	39.7	562025	265	2237	1.00601	0.855776	2171
508	1.02445e+006	2406	516668	507780	100	90	1.2443	0.777945	40	39.7	562025	265	2237	1.00855	0.851711	2171
509	1.06244e+006	1987	538576	523867	100	90	1.38541	0.777945	40	39.7	562025	265	2237	1.0114	0.846875	2171
510	627936	1707	122279	505656	100	90	1.59484	0.777945	38	39.7	562025	265	2237	1.14442	1.06588	2171
511	724969	1488	238980	485808	100	90	0.919452	0.777945	40	39.7	0	265	2237	1.05883	0.849535	2171
512	852091	1289	356936	494862	100	90	0.814974	0.777945	40	39.7	0	265	2237	1.04465	0.834176	2171
513	740846	1089	221704	519110	100	90	0.784909	0.777945	40	39.7	0	265	2237	1.03792	0.83481	2171
514	733028	950	181642	551375	100	90	0.829257	0.777945	40	39.7	0	265	2237	1.0417	0.837215	2171
515	890514	975	323462	567040	100	90	0.974718	0.777945	40	39.7	0	265	2237	1.04572	0.844063	2171
516	979421	1891	423966	555455	100	90	1.73454	0.777945	40	39.7	0	265	2237	1.04888	0.843857	2171
517	1.04754e+006	1762	492682	554858	100	90	1.81788	0.777945	40	39.7	0	265	2237	1.05543	0.848039	2171
518	1.02358e+006	1479	503040	520542	100	90	1.84075	0.777945	40	39.7	0	265	2237	1.06327	0.841812	2171
519	979033	1235	493370	485663	100	90	1.82698	0.777945	40	39.7	0	265	2237	1.0693	0.833333	2171
520	663779	1083	196954	466825	100	90	1.86817	0.777945	40	39.7	43138.2	265	2237	1.07374	0.825472	2171
521	725151	964	290408	434742	100	90	1.99683	0.777945	40	39.7	43138.2	265	2237	1.08737	0.836344	2171
522	587790	881	176450	411340	100	90	2.11266	0.777945	40	39.7	43138.2	265	2237	1.09981	0.848837	2171
523	643187	793	260413	382774	100	90	2.17843	0.777945	40	39.7	43138.2	265	2237	1.10479	0.85974	2171
524	662747	701	309692	353055	100	90	2.21868	0.777945	40	39.7	43138.2	265	2237	1.12958	0.876106	2171
525	620753	597	307137	313616	100	90	2.24064	0.777945	40	39.7	43138.2	265	2237	1.13756	0.882759	2171
526	420585	534	131146	288957	100	90	2.20825	0.777945	40	39.7	239584	265	2237	1.15532	0.891473	2171
527	460232	476	185353	265409	100	90	2.20619	0.777945	40	39.7	239584	265	2237	1.15595	0.881974	2171
528	495608	443	228178	254795	100	90	2.23899	0.777945	40	39.7	239584	265	2237	1.15499	0.875	2171
529	489225	406	235589	237647	100	90	2.25641	0.777945	40	39.7	239584	265	2237	1.15728	0.884615	2171
530	441612	344	218120	210075	100	90	2.25543	0.777945	40	39.7	239584	265	2237	1.17479	0.879154	2171
531	389105	297	201091	188014	100	90	2.27376	0.777945	40	39.7	239584	265	2237	1.18729	0.863158	2171
532	243411	266	68469.5	174942	100	90	0.101314	0.777945	40	39.7	372901	265	2237	1.00356	0.75564	2171
533	587930	249	262040	325890	100	90	0.0814091	0.777945	40	39.7	372901	265	2237	1.00299	0.756318	2171
534	872887	239	408254	464632	100	90	0.0855154	0.777945	40	39.7	372901	265	2237	1.00335	0.789852	2171
535	840158	215	401389	438769	100	90	0.087708	0.777945	40	39.7	372901	265	2237	1.00396	0.849208	2171
536	810814	200	400878	409936	100	90	0.100851	0.777945	40	39.7	372901	265	2237	1.00472	0.860324	2171
537	901254	2890	452834	448420	100	90	1.09179	0.777945	40	39.7	372901	265	2237	1.00611	0.838498	2171
538	980874	2394	496281	484594	100	90	1.25967	0.777945	40	39.7	372901	265	2237	1.00783	0.842071	2171
539	1.02217e+006	2033	520697	501471	100	90	1.43136	0.777945	40	39.7	372901	265	2237	1.01191	0.846975	2171
540	753101	1755	260134	492968	100	90	1.58338	0.777945	39	39.7	372901	265	2237	1.11545	1.02597	2171
541	840502	1471	371516	468887	100	90	0.890058	0.777945	40	39.7	0	265	2237	1.04757	0.83015	2171
542	936136	1258	448072	487909	100	90	0.739383	0.777945	40	39.7	0	265	2237	1.03627	0.80471	2171
543	1.05438e+006	1096	518120	536129	100	90	0.718592	0.777945	40	39.7	0	265	2237	1.0345	0.806124	2171
544	1.12302e+006	931	557660	565229	100	90	0.738728	0.777945	40	39.7	0	265	2237	1.03665	0.821967	2171
545	1.11807e+006	923	561673	556369	100	90	0.859078	0.777945	40	39.7	0	265	2237	1.04142	0.839623	2171
546	1.11386e+006	1621	565216	548648	100	90	1.45808	0.777945	40	39.7	0	265	2237	1.04281	0.839065	2171
547	1.1004e+006	1549	562570	537827	100	90	1.59964	0.777945	40	39.7	0	265	2237	1.04799	0.832476	2171
548	1.09466e+006	1493	563094	531566	100	90	1.74829	0.777945	40	39.7	0	265	2237	1.05649	0.831601	2171
549	1.03946e+006	1245	539080	500375	100	90	1.81876	0.777945	40	39.7	0	265	2237	1.0632	0.821131	2171
550	729929	1103	248011	481918	100	90	1.94336	0.777945	40	39.7	297462	265	2237	1.06853	0.810734	2171
551	753219	941	315865	437354	100	90	2.01879	0.777945	40	39.7	297462	265	2237	1.07731	0.810573	2171
552	597595	853	181506	416090	100	90	2.11975	0.777945	40	39.7	297462	265	2237	1.09172	0.818071	2171
553	652400	778	265164	387236	100	90	2.17096	0.777945	40	39.7	297462	265	2237	1.10227	0.837584	2171
554	642106	664	298582	343524	100	90	2.19235	0.777945	40	39.7	297462	265	2237	1.1049	0.860502	2171
555	626591	594	309702	316889	100	90	2.21332	0.777945	40	39.7	297462	265	2237	1.1118	0.854167	2171
556	411720	526	125797	285687	100	90	2.2089	0.777945	40	39.7	497855	265	2237	1.12589	0.86444	2171
557	446623	468	179168	258426	100	90	2.20885	0.777945	40	39.7	497855	265	2237	1.15261	0.895089	2171
558	463870	417	212655	239425	100	90	2.22856	0.777945	40	39.7	497855	265	2237	1.15313	0.903797	2171
559	442718	362	212931	215154	100	90	2.2221	0.777945	40	39.7	497855	265	2237	1.15691	0.901163	2171
560	424195	328	209700	201345	100	90	2.28216	0.777945	40	39.7	497855	265	2237	1.15549	0.876221	2171
561	387320	298	199516	187804	100	90	2.23121	0.777945	40	39.7	497855	265	2237	1.17114	0.902174	2171
562	237544	257	65659	171885	100	90	0.0987139	0.777945	40	39.7	631171	265	2237	1.00273	0.755796	2171
563	562166	228	249636	312529	100	90	0.0757108	0.777945	40	39.7	631171	265	2237	1.00235	0.756343	2171
564	850945	213	397251	453694	100	90	0.0767443	0.777945	40	39.7	631171	265	2237	1.00273	0.782546	2171
565	835820	189	398638	437181	100	90	0.0777205	0.777945	40	39.7	631171	265	2237	1.00294	0.838272	2171
566	818694	174	403882	414812	100	90	0.0889989	0.777945	40	39.7	631171	265	2237	1.00321	0.852825	2171
567	921328	2847	462682	458646	100	90	1.07214	0.777945	40	39.7	631171	265	2237	1.00498	0.844295	2171
568	1.03304e+006	2540	522075	510969	100	90	1.2732	0.777945	39	39.7	631171	265	2237	1.00727	0.847548	2171
569	1.06231e+006	2165	540418	521896	100	90	1.40517	0.777945	39	39.7	631171	265	2237	1.00881	0.840448	2171
570	769222	1827	265157	504065	100	90	1.52599	0.777945	39	39.7	631171	265	2237	1.10308	0.994484	2171
571	658882	1504	181035	477838	100	90	0.916113	0.777945	40	39.7	0	265	2237	1.05132	0.814269	2171
572	806797	1296	314879	491881	100	90	0.701716	0.777945	40	39.7	0	265	2237	1.03277	0.784331	2171
573	992702	1140	447088	545554	100	90	0.683225	0.777945	40	39.7	0	265	2237	1.02894	0.781671	2171
574	1.09548e+006	974	521863	573572	100	90	0.733605	0.777945	40	39.7	0	265	2237	1.03291	0.809472	2171
575	1.11653e+006	936	547738	568747	100	90	0.830236	0.777945	40	39.7	0	265	2237	1.03791	0.830465	2171
576	1.12005e+006	1652	560782	559270	100	90	1.44838	0.777945	40	39.7	0	265	2237	1.04264	0.829797	2171
577	1.10391e+006	1525	560175	543735	100	90	1.6209	0.777945	40	39.7	0	265	2237	1.05109	0.836858	2171
578	1.10765e+006	1460	567652	539995	100	90	1.78452	0.777945	40	39.7	0	265	2237	1.06009	0.840486	2171
579	789075	1263	268873	520202	100	90	1.84556	0.777945	40	39.7	0	265	2237	1.06813	0.825908	2171
580	696570	1061	223335	473235	100	90	1.93928	0.777945	40	39.7	138292	265	2237	1.07944	0.839725	2171
581	775336	970	323664	451671	100	90	2.04868	0.777945	40	39.7	138292	265	2237	1.0867	0.839266	2171
582	811313	878	380620	430693	100	90	2.09087	0.777945	40	39.7	138292	265	2237	1.10593	0.859712	2171
583	801363	794	395734	405629	100	90	2.14707	0.777945	40	39.7	138292	265	2237	1.114	0.864542	2171
584	757849	703	382735	375114	100	90	2.15883	0.777945	40	39.7	138292	265	2237	1.13299	0.878195	2171
585	700107	622	357983	342124	100	90	2.16881	0.777945	40	39.7	138292	265	2237	1.15068	0.886792	2171
586	439670	546	126720	312749	100	90	2.12561	0.777945	40	39.7	379031	265	2237	1.17212	0.910331	2171
587	504578	515	196615	298131	100	90	2.15025	0.777945	40	39.7	379031	265	2237	1.17132	0.902893	2171
588	394952	457	119792	272813	100	90	2.14604	0.777945	40	39.7	379031	265	2237	1.19108	0.915691	2171
589	445149	428	177575	258103	100	90	2.19261	0.777945	40	39.7	379031	265	2237	1.20665	0.933333	2171
590	339577	376	106135	231953	100	90	2.17964	0.777945	40	39.7	379031	265	2237	1.2027	0.94362	2171
591	384602	363	162335	222267	100	90	2.2108	0.777945	40	39.7	379031	265	2237	1.20571	0.937695	2171
592	279778	330	69587.2	210191	100	90	0.384372	0.777945	40	39.7	407377	265	2237	1.01737	0.773228	2171
593	389537	308	157486	232050	100	90	0.270814	0.777945	40	39.7	407377	265	2237	1.01248	0.763158	2171
594	618643	281	293242	325401	100	90	0.256874	0.777945	40	39.7	407377	265	2237	1.01269	0.772549	2171
595	654425	253	208658	445767	100	90	0.262005	0.777945	40	39.7	407377	265	2237	1.01392	0.79074	2171
596	846357	249	336634	509722	100	90	0.302467	0.777945	40	39.7	407377	265	2237	1.01574	0.810568	2171
597	968529	1887	433928	534601	100	90	1.64093	0.777945	40	39.7	407377	265	2237	1.01943	0.822166	2171
598	1.03911e+006	1814	497204	541908	100	90	1.76512	0.777945	40	39.7	407377	265	2237	1.02176	0.818827	2171
599	1.04328e+006	1575	517330	525946	100	90	1.7587	0.777945	40	39.7	407377	265	2237	1.02691	0.814133	2171
600	756063	1379	256216	499847	100	90	1.56108	0.777945	38	39.7	407377	265	2237	1.29647	1.25756	2171
601	871666	1249	385267	486187	100	90	1.46095	0.777945	40	39.7	0	265	2237	1.24868	1.08818	2171
602	922459	1125	441839	480303	100	90	1.45385	0.777945	40	39.7	0	265	2237	1.21655	1.01946	2171
603	924747	988	457498	466931	100	90	1.44718	0.777945	40	39.7	0	265	2237	1.18583	0.960145	2171
604	947235	873	475305	471653	100	90	1.48393	0.777945	40	39.7	0	265	2237	1.19331	0.93617	2171
605	983351	941	496786	486319	100	90	1.68639	0.777945	40	39.7	0	265	2237	1.19323	0.927374	2171
606	985919	1012	502229	483690	100	90	2.00232	0.777945	40	39.7	0	265	2237	1.18423	0.9045	2171
607	990187	1017	508007	482181	100	90	2.14752	0.777945	40	39.7	0	265	2237	1.17193	0.896236	2171
608	949101	938	489719	459382	100	90	2.22635	0.777945	40	39.7	0	265	2237	1.17435	0.903037	2171
609	915049	854	473856	441194	100	90	2.20482	0.777945	40	39.7	0	265	2237	1.18757	0.914432	2171
610	582056	743	184286	397770	100	90	2.20808	0.777945	40	39.7	280318	265	2237	1.19819	0.917647	2171
611	632695	665	260214	372481	100	90	2.23469	0.777945	40	39.7	280318	265	2237	1.20384	0.926108	2171
612	630929	592	295502	335427	100	90	2.2227	0.777945	40	39.7	280318	265	2237	1.23208	0.966418	2171
613	620766	537	307855	312912	100	90	2.22833	0.777945	40	39.7	280318	265	2237	1.24099	0.981405	2171
614	599978	500	304417	295560	100	90	2.22396	0.777945	40	39.7	280318	265	2237	1.25263	0.988864	2171
615	565432	459	289608	275824	100	90	2.19638	0.777945	40	39.7	280318	265	2237	1.2877	1.02689	2171
616	386332	437	118836	267104	100	90	2.20236	0.777945	40	39.7	466936	265	2237	1.30827	1.0705	2171
617	424883	406	169675	246679	100	90	2.19383	0.777945	40	39.7	466936	265	2237	1.34254	1.0977	2171
618	441652	366	200795	229812	100	90	2.19127	0.777945	40	39.7	466936	265	2237	1.35366	1.08599	2171
619	441056	341	211570	215549	100	90	2.2485	0.777945	40	39.7	466936	265	2237	1.36678	1.09187	2171
620	436166	331	215404	208016	100	90	2.26569	0.777945	40	39.7	466936	265	2237	1.37638	1.10943	2171
621	304386	316	104476	199909	100	90	2.29373	0.777945	40	39.7	466936	265	2237	1.37154	1.09677	2171
622	248266	267	72647.4	175619	100	90	0.0938384	0.777945	39	39.7	539124	265	2237	1.00427	0.75532	2171
623	595998	241	264129	331869	100	90	0.0792086	0.777945	39	39.7	539124	265	2237	1.00401	0.757202	2171
624	869331	215	403480	465852	100	90	0.0772119	0.777945	39	39.7	539124	265	2237	1.00404	0.786861	2171
625	847786	198	402603	445183	100	90	0.0802118	0.777945	39	39.7	539124	265	2237	1.0044	0.850851	2171
626	810474	187	398182	412291	100	90	0.092348	0.777945	39	39.7	539124	265	2237	1.00552	0.862341	2171
627	883292	2888	442461	440831	100	90	1.06938	0.777945	39	39.7	539124	265	2237	1.00699	0.843588	2171
628	1.00887e+006	2497	510092	498777	100	90	1.24273	0.777945	39	39.7	539124	265	2237	1.00896	0.845418	2171
629	1.03004e+006	2058	524586	505453	100	90	1.39763	0.777945	39	39.7	539124	265	2237	1.01122	0.838764	2171
630	767473	1867	264728	502745	100	90	1.6256	0.777945	38	39.7	539124	265	2237	1.09599	0.977285	2171
631	874903	1565	388103	486557	100	90	0.950018	0.777945	40	39.7	0	265	2237	1.04387	0.817171	2171
632	951312	1309	455872	495016	100	90	0.791048	0.777945	40	39.7	0	265	2237	1.03189	0.792241	2171
633	1.04444e+006	1117	515388	528676	100	90	0.727612	0.777945	40	39.7	0	265	2237	1.02765	0.786329	2171
634	1.09689e+006	946	546351	550125	100	90	0.76139	0.777945	40	39.7	0	265	2237	1.03104	0.799232	2171
635	1.09394e+006	873	550242	543384	100	90	0.819177	0.777945	40	39.7	0	265	2237	1.03135	0.812342	2171
636	1.06078e+006	1629	538605	522180	100	90	1.45725	0.777945	40	39.7	0	265	2237	1.03437	0.81176	2171
637	1.03768e+006	1508	531596	506087	100	90	1.60413	0.777945	40	39.7	0	265	2237	1.03539	0.79233	2171
638	743951	1430	252063	491889	100	90	1.73884	0.777945	40	39.7	0	265	2237	1.04225	0.781048	2171
639	816939	1249	346067	470872	100	90	1.812	0.777945	40	39.7	0	265	2237	1.05345	0.780788	2171
640	698838	1104	247042	451796	100	90	1.9149	0.777945	40	39.7	171441	265	2237	1.06105	0.786245	2171
641	765105	1009	329885	435220	100	90	2.06199	0.777945	40	39.7	171441	265	2237	1.07001	0.796541	2171
642	793349	922	377419	415931	100	90	2.13737	0.777945	40	39.7	171441	265	2237	1.08675	0.803333	2171
643	787099	833	391404	395695	100	90	2.19804	0.777945	40	39.7	171441	265	2237	1.10843	0.823239	2171
644	731335	731	371345	359990	100	90	2.20827	0.777945	40	39.7	171441	265	2237	1.11899	0.824438	2171
645	677106	647	347893	329213	100	90	2.19672	0.777945	40	39.7	171441	265	2237	1.13689	0.841521	2171
646	458557	596	145097	313091	100	90	2.17728	0.777945	40	39.7	386575	265	2237	1.16484	0.871528	2171
647	490499	539	197311	283585	100	90	2.16014	0.777945	40	39.7	386575	265	2237	1.16899	0.892788	2171
648	375177	481	115810	256930	100	90	2.22915	0.777945	40	39.7	386575	265	2237	1.16499	0.878587	2171
649	432621	460	174255	249088	100	90	2.23134	0.777945	40	39.7	386575	265	2237	1.1871	0.913753	2171
650	431166	400	199971	223217	100	90	2.25583	0.777945	40	39.7	386575	265	2237	1.19697	0.907104	2171
651	428935	373	214107	214827	100	90	2.28346	0.777945	40	39.7	386575	265	2237	1.20718	0.916667	2171
652	298384	352	89229.7	209154	100	90	0.152514	0.777945	40	39.7	524459	265	2237	1.00542	0.716844	2171
653	570198	310	251404	318794	100	90	0.114459	0.777945	40	39.7	524459	265	2237	1.0039	0.71697	2171
654	856470	248	401299	455172	100	90	0.100808	0.777945	40	39.7	524459	265	2237	1.00354	0.740067	2171
655	872472	224	416957	455515	100	90	0.100837	0.777945	40	39.7	524459	265	2237	1.00369	0.800182	2171
656	814311	193	401839	412472	100	90	0.102718	0.777945	40	39.7	524459	265	2237	1.00432	0.835343	2171
657	890598	2708	448957	441641	100	90	1.04186	0.777945	40	39.7	524459	265	2237	1.00532	0.824965	2171
658	970878	2315	493960	476918	100	90	1.17731	0.777945	40	39.7	524459	265	2237	1.0068	0.833657	2171
659	1.02921e+006	2028	527164	502047	100	90	1.34728	0.777945	40	39.7	524459	265	2237	1.00881	0.834039	2171
660	750343	1835	260729	489614	100	90	1.57697	0.777945	37	39.7	524459	265	2237	1.1019	0.993392	2171
661	818399	1513	364431	453741	100	90	1.01978	0.777945	40	39.7	0	265	2237	1.05256	0.813021	2171
662	901347	1303	434266	466628	100	90	0.834015	0.777945	40	39.7	0	265	2237	1.03449	0.782585	2171
663	1.03673e+006	1159	514603	521711	100	90	0.815584	0.777945	40	39.7	0	265	2237	1.03122	0.780378	2171
664	1.11989e+006	1015	561024	558508	100	90	0.867065	0.777945	40	39.7	0	265	2237	1.03242	0.793138	2171
665	1.12518e+006	946	567582	557295	100	90	0.952943	0.777945	40	39.7	0	265	2237	1.03655	0.813684	2171
666	1.13063e+006	1584	575698	554931	100	90	1.54518	0.777945	40	39.7	0	265	2237	1.03719	0.796975	2171
667	1.11876e+006	1514	574838	543922	100	90	1.70358	0.777945	40	39.7	0	265	2237	1.04421	0.785207	2171
668	1.05047e+006	1408	544261	506210	100	90	1.83166	0.777945	40	39.7	0	265	2237	1.04805	0.770456	2171
669	1.00667e+006	1196	524565	482105	100	90	1.89631	0.777945	40	39.7	0	265	2237	1.05621	0.762799	2171
670	688673	1042	234874	453799	100	90	1.93188	0.777945	40	39.7	288171	265	2237	1.05969	0.764244	2171
671	746492	936	312988	433504	100	90	2.03475	0.777945	40	39.7	288171	265	2237	1.0678	0.764254	2171
672	764793	841	358845	405948	100	90	2.10297	0.777945	40	39.7	288171	265	2237	1.08652	0.777641	2171
673	727267	731	361700	365567	100	90	2.16869	0.777945	40	39.7	288171	265	2237	1.09658	0.793785	2171
674	704571	670	359683	344888	100	90	2.19037	0.777945	40	39.7	288171	265	2237	1.10082	0.78681	2171
675	646709	590	334086	312622	100	90	2.21014	0.777945	40	39.7	288171	265	2237	1.1248	0.801038	2171
676	391139	507	119030	271872	100	90	2.19985	0.777945	40	39.7	504386	265	2237	1.1297	0.818182	2171
677	409401	437	161933	239435	100	90	2.19719	0.777945	40	39.7	504386	265	2237	1.14066	0.811765	2171
678	425450	396	192582	222433	100	90	2.22701	0.777945	40	39.7	504386	265	2237	1.15062	0.819372	2171
679	446721	380	215212	217672	100	90	2.25274	0.777945	40	39.7	504386	265	2237	1.14844	0.81768	2171
680	422697	335	209710	200800	100	90	2.25416	0.777945	40	39.7	504386	265	2237	1.1462	0.805031	2171
681	369366	288	191222	178144	100	90	2.27776	0.777945	40	39.7	504386	265	2237	1.14931	0.820225	2171
682	236746	267	65655.6	171091	100	90	0.100181	0.777945	40	39.7	632746	265	2237	1.00265	0.680275	2171
683	449697	230	130557	319141	100	90	0.076158	0.777945	40	39.7	632746	265	2237	1.00217	0.683506	2171
684	688673	211	257236	431437	100	90	0.0673941	0.777945	40	39.7	632746	265	2237	1.00174	0.722083	2171
685	744424	195	311930	432495	100	90	0.072335	0.777945	40	39.7	632746	265	2237	1.00205	0.793813	2171
686	807644	166	373370	434275	100	90	0.0794922	0.777945	40	39.7	632746	265	2237	1.00269	0.830738	2171
687	910895	3207	441457	469438	100	90	1.14426	0.777945	40	39.7	632746	265	2237	1.00391	0.836882	2171
688	997639	2759	495361	502278	100	90	1.33862	0.777945	40	39.7	632746	265	2237	1.00461	0.831576	2171
689	990915	2234	499199	491716	100	90	1.44715	0.777945	40	39.7	632746	265	2237	1.00537	0.818773	2171
690	724109	1855	249530	474579	100	90	1.53007	0.777945	37	39.7	632746	265	2237	1.07233	0.928108	2171
691	819530	1529	365503	453641	100	90	0.920152	0.777945	40	39.7	0	265	2237	1.03361	0.760874	2171
692	923104	1331	445672	476830	100	90	0.782135	0.777945	40	39.7	0	265	2237	1.02168	0.731563	2171
693	1.02389e+006	1100	508303	514890	100	90	0.714472	0.777945	40	39.7	0	265	2237	1.01879	0.727807	2171
694	1.13108e+006	953	565766	564632	100	90	0.74139	0.777945	40	39.7	0	265	2237	1.02158	0.756477	2171
695	1.10166e+006	852	554711	546410	100	90	0.788121	0.777945	40	39.7	0	265	2237	1.02371	0.785266	2171
696	1.10384e+006	1789	562996	540842	100	90	1.51744	0.777945	40	39.7	0	265	2237	1.02605	0.788975	2171
697	791026	1598	262251	528774	100	90	1.61041	0.777945	40	39.7	0	265	2237	1.0297	0.778613	2171
698	872960	1487	363183	509777	100	90	1.77502	0.777945	40	39.7	0	265	2237	1.03284	0.771175	2171
699	899086	1264	421142	477944	100	90	1.89386	0.777945	40	39.7	0	265	2237	1.04043	0.776973	2171
700	693644	1083	239290	454354	100	90	1.98957	0.777945	40	39.7	226146	265	2237	1.05014	0.785108	2171
701	742345	963	315054	427292	100	90	2.09861	0.777945	40	39.7	226146	265	2237	1.05951	0.789362	2171
702	763375	861	360743	402632	100	90	2.17817	0.777945	40	39.7	226146	265	2237	1.07207	0.806413	2171
703	765119	796	380802	384317	100	90	2.22576	0.777945	40	39.7	226146	265	2237	1.07063	0.804124	2171
704	526003	690	177991	348012	100	90	2.25658	0.777945	40	39.7	226146	265	2237	1.07275	0.811852	2171
705	539987	598	229513	310473	100	90	2.27524	0.777945	40	39.7	226146	265	2237	1.07344	0.80789	2171
706	416645	552	125630	290652	100	90	2.28146	0.777945	40	39.7	387726	265	2237	1.08076	0.814953	2171
707	469372	508	188708	271076	100	90	2.27946	0.777945	40	39.7	387726	265	2237	1.09811	0.830612	2171
708	485185	455	223914	249183	100	90	2.30383	0.777945	40	39.7	387726	265	2237	1.09705	0.834483	2171
709	479308	411	233709	230553	100	90	2.29546	0.777945	40	39.7	387726	265	2237	1.1007	0.822335	2171
710	461619	372	231033	217213	100	90	2.33262	0.777945	40	39.7	387726	265	2237	1.10263	0.84375	2171
711	429312	341	223341	205971	100	90	2.35854	0.777945	40	39.7	387726	265	2237	1.12023	0.863354	2171
712	269205	314	75469.9	193735	100	90	0.118432	0.777945	40	39.7	535935	265	2237	1.0029	0.744723	2171
713	600171	286	266029	334142	100	90	0.0938701	0.777945	40	39.7	535935	265	2237	1.00223	0.742658	2171
714	655248	260	195113	460135	100	90	0.092768	0.777945	40	39.7	535935	265	2237	1.00221	0.780865	2171
715	678620	236	244616	434005	100	90	0.0818964	0.777945	40	39.7	535935	265	2237	1.0017	0.81642	2171
716	767414	218	326603	440811	100	90	0.0943368	0.777945	40	39.7	535935	265	2237	1.00205	0.831571	2171
717	917001	3185	424760	492242	100	90	1.09884	0.777945	40	39.7	535935	265	2237	1.00323	0.849161	2171
718	1.00299e+006	2872	484091	518895	100	90	1.34102	0.777945	40	39.7	535935	265	2237	1.00414	0.856225	2171
719	1.02021e+006	2250	505665	514546	100	90	1.43545	0.777945	40	39.7	535935	265	2237	1.00661	0.850018	2171
720	633100	2019	120546	512554	100	90	1.58119	0.777945	38	39.7	535935	265	2237	1.08557	0.989547	2171
721	698151	1638	228631	469087	100	90	0.875836	0.777945	40	39.7	0	265	2237	1.0337	0.790698	2171
722	841315	1397	354162	486740	100	90	0.745	0.777945	40	39.7	0	265	2237	1.02274	0.778395	2171
723	998479	1168	463922	533673	100	90	0.697304	0.777945	40	39.7	0	265	2237	1.01971	0.775989	2171
724	1.10276e+006	988	532116	569878	100	90	0.728886	0.777945	40	39.7	0	265	2237	1.02246	0.793013	2171
725	1.12886e+006	936	556834	571368	100	90	0.814914	0.777945	40	39.7	0	265	2237	1.0255	0.812409	2171
726	821717	1775	264209	557508	100	90	1.49734	0.777945	40	39.7	0	265	2237	1.03046	0.813233	2171
727	906725	1680	367440	539285	100	90	1.65716	0.777945	40	39.7	0	265	2237	1.0339	0.815368	2171
728	964995	1616	443263	521732	100	90	1.87025	0.777945	40	39.7	0	265	2237	1.0371	0.811512	2171
729	966641	1335	471810	494831	100	90	1.97825	0.777945	40	39.7	0	265	2237	1.05032	0.82069	2171
730	740420	1176	261476	478945	100	90	2.07852	0.777945	40	39.7	241963	265	2237	1.0611	0.826504	2171
731	798447	1070	337890	460557	100	90	2.16522	0.777945	40	39.7	241963	265	2237	1.07376	0.834615	2171
732	813773	954	382070	431703	100	90	2.18073	0.777945	40	39.7	241963	265	2237	1.08505	0.84973	2171
733	579413	832	188899	390514	100	90	2.20096	0.777945	40	39.7	241963	265	2237	1.08949	0.846344	2171
734	632582	763	263401	369181	100	90	2.24586	0.777945	40	39.7	241963	265	2237	1.09272	0.853659	2171
735	625376	664	294409	330967	100	90	2.22526	0.777945	40	39.7	241963	265	2237	1.11247	0.859133	2171
736	429310	615	117807	311317	100	90	2.21245	0.777945	40	39.7	283166	265	2237	1.11127	0.857383	2171
737	386312	566	95436.3	289484	100	90	2.23176	0.777945	40	39.7	283166	265	2237	1.11859	0.855839	2171
738	431384	517	158713	263923	100	90	2.25628	0.777945	40	39.7	283166	265	2237	1.12252	0.854545	2171
739	348236	461	103819	242656	100	90	2.30944	0.777945	40	39.7	283166	265	2237	1.11482	0.853881	2171
740	400171	441	165571	232870	100	90	2.38069	0.777945	40	39.7	283166	265	2237	1.10112	0.841727	2171
741	423989	412	200698	223291	100	90	2.35357	0.777945	40	39.7	283166	265	2237	1.12864	0.881137	2171
742	284873	360	83830.7	201043	100	90	0.355054	0.777945	40	39.7	414147	265	2237	1.00933	0.871109	2171
743	395668	320	169185	226483	100	90	0.237133	0.777945	40	39.7	414147	265	2237	1.0068	0.874392	2171
744	662770	305	316708	346061	100	90	0.235623	0.777945	40	39.7	414147	265	2237	1.00682	0.880132	2171
745	692147	273	219810	472337	100	90	0.242775	0.777945	40	39.7	414147	265	2237	1.00775	0.891483	2171
746	879923	250	348234	531689	100	90	0.261973	0.777945	40	39.7	414147	265	2237	1.00779	0.896636	2171
747	777047	2363	216142	560905	100	90	1.5947	0.777945	39	39.7	414147	265	2237	1.00809	0.904903	2171
748	863750	2274	323602	540147	100	90	1.72733	0.777945	39	39.7	414147	265	2237	1.00837	0.906373	2171
749	1.00147e+006	2054	439504	561961	100	90	1.81022	0.777945	39	39.7	414147	265	2237	1.01049	0.900892	2171
750	781799	1703	242915	538884	100	90	1.60081	0.777945	37	39.7	414147	265	2237	1.26737	1.30615	2171
751	827520	1441	328064	497406	100	90	1.41855	0.777945	40	39.7	0	265	2237	1.2031	1.11888	2171
752	908563	1273	411867	493839	100	90	1.34914	0.777945	40	39.7	0	265	2237	1.15643	1.03822	2171
753	945783	1074	454301	487956	100	90	1.29379	0.777945	40	39.7	0	265	2237	1.1252	0.988021	2171
754	1.01344e+006	940	499666	510472	100	90	1.3304	0.777945	40	39.7	0	265	2237	1.12866	0.981656	2171
755	1.03781e+006	932	517441	517476	100	90	1.49611	0.777945	40	39.7	0	265	2237	1.12942	0.972594	2171
756	1.06889e+006	1167	539196	529691	100	90	1.96862	0.777945	40	39.7	0	265	2237	1.13032	0.957335	2171
757	805879	1164	271200	534680	100	90	2.13527	0.777945	40	39.7	0	265	2237	1.13865	0.958798	2171
758	869830	1097	364946	504883	100	90	2.24011	0.777945	40	39.7	0	265	2237	1.1354	0.960784	2171
759	677881	953	207025	470857	100	90	2.22846	0.777945	40	39.7	0	265	2237	1.13674	0.953933	2171
760	621332	813	201877	419455	100	90	2.26412	0.777945	40	39.7	92093.9	265	2237	1.13951	0.959157	2171
761	670146	731	281134	389013	100	90	2.27859	0.777945	40	39.7	92093.9	265	2237	1.15006	0.96793	2171
762	671904	637	315327	356577	100	90	2.28421	0.777945	40	39.7	92093.9	265	2237	1.17262	0.984925	2171
763	657465	580	324001	333464	100	90	2.33568	0.777945	40	39.7	92093.9	265	2237	1.18569	0.994455	2171
764	616638	512	309875	306763	100	90	2.30703	0.777945	40	39.7	92093.9	265	2237	1.20459	1.00833	2171
765	578954	458	294350	284604	100	90	2.30647	0.777945	40	39.7	92093.9	265	2237	1.20386	1.00701	2171
766	379364	417	118659	260433	100	90	2.28885	0.777945	40	39.7	275384	265	2237	1.22222	1.03351	2171
767	319821	366	83048.3	235833	100	90	2.2982	0.777945	40	39.7	275384	265	2237	1.241	1.08683	2171
768	391240	364	147327	236728	100	90	2.28253	0.777945	40	39.7	275384	265	2237	1.2605	1.1155	2171
769	426419	343	190303	228202	100	90	2.28916	0.777945	40	39.7	275384	265	2237	1.26074	1.1082	2171
770	415233	301	198798	209628	100	90	2.26143	0.777945	40	39.7	275384	265	2237	1.26897	1.09559	2171
771	391475	275	196191	195283	100	90	2.27227	0.777945	40	39.7	275384	265	2237	1.28077	1.11523	2171
772	272846	264	81412.3	191434	100	90	0.122379	0.777945	40	39.7	398973	265	2237	1.00545	0.877684	2171
773	416486	237	119874	296612	100	90	0.0912224	0.777945	40	39.7	398973	265	2237	1.00396	0.878683	2171
774	737107	219	286838	450269	100	90	0.0805162	0.777945	40	39.7	398973	265	2237	1.0036	0.88166	2171
775	694558	193	184173	510386	100	90	0.0815272	0.777945	40	39.7	398973	265	2237	1.00389	0.90443	2171
776	695750	181	238534	457216	100	90	0.092558	0.777945	40	39.7	398973	265	2237	1.00437	0.927465	2171
777	644677	3130	155496	489180	100	90	1.1121	0.777945	40	39.7	398973	265	2237	1.0052	0.926306	2171
778	772955	2920	273218	499737	100	90	1.35387	0.777945	40	39.7	398973	265	2237	1.00662	0.927255	2171
779	735767	2900	187840	547927	100	90	1.71583	0.777945	40	39.7	398973	265	2237	1.00898	0.92648	2171
780	674017	2516	148101	525916	100	90	1.81985	0.777945	40	39.7	398973	265	2237	1.07248	1.02434	2171
781	768813	1995	273185	492953	100	90	1.22164	0.777945	40	39.7	0	265	2237	1.03907	0.934462	2171
782	903818	1672	387613	513635	100	90	1.03437	0.777945	40	39.7	0	265	2237	1.03031	0.918431	2171
783	772894	1363	232874	539567	100	90	0.95278	0.777945	40	39.7	0	265	2237	1.02594	0.915399	2171
784	770830	1161	189230	581428	100	90	0.955345	0.777945	40	39.7	0	265	2237	1.02615	0.915714	2171
785	931367	1087	333256	597959	100	90	1.0401	0.777945	40	39.7	0	265	2237	1.02777	0.915344	2171
786	1.05157e+006	1905	448361	603209	100	90	1.74389	0.777945	40	39.7	0	265	2237	1.03267	0.913902	2171
787	1.08277e+006	1769	501890	580884	100	90	1.83365	0.777945	40	39.7	0	265	2237	1.03817	0.918409	2171
788	1.05847e+006	1528	514884	543583	100	90	1.92121	0.777945	40	39.7	0	265	2237	1.04089	0.916555	2171
789	1.04584e+006	1300	522112	523729	100	90	1.9067	0.777945	40	39.7	0	265	2237	1.05142	0.930414	2171
790	810016	1123	313118	496899	100	90	1.9395	0.777945	40	39.7	212728	265	2237	1.06266	0.934901	2171
791	845827	1002	373882	471945	100	90	2.01074	0.777945	40	39.7	212728	265	2237	1.07143	0.934077	2171
792	829593	877	394294	435299	100	90	2.13062	0.777945	40	39.7	212728	265	2237	1.08569	0.952381	2171
793	787321	777	388039	399282	100	90	2.19599	0.777945	40	39.7	212728	265	2237	1.1009	0.959635	2171
794	721816	671	361958	359857	100	90	2.20614	0.777945	40	39.7	212728	265	2237	1.11867	0.980183	2171
795	683060	614	345815	337245	100	90	2.20214	0.777945	40	39.7	212728	265	2237	1.14264	0.998331	2171
796	474963	553	161549	312983	100	90	2.19248	0.777945	40	39.7	401063	265	2237	1.16611	1.01481	2171
797	513582	514	214093	291262	100	90	2.19494	0.777945	40	39.7	401063	265	2237	1.18018	1.01811	2171
798	532002	481	244704	275330	100	90	2.21089	0.777945	40	39.7	401063	265	2237	1.18982	1.03017	2171
799	516013	437	247160	254976	100	90	2.25676	0.777945	40	39.7	401063	265	2237	1.18584	1	2171
800	510027	414	250295	246799	100	90	2.30581	0.777945	40	39.7	401063	265	2237	1.17143	0.984772	2171
801	438890	357	224216	214674	100	90	2.33174	0.777945	40	39.7	401063	265	2237	1.19088	1.01201	2171
802	298712	329	96363.8	202348	100	90	0.120928	0.777945	40	39.7	528908	265	2237	1.00398	0.856199	2171
803	643420	320	290873	352547	100	90	0.105825	0.777945	40	39.7	528908	265	2237	1.00385	0.860639	2171
804	928206	288	436454	491752	100	90	0.102163	0.777945	40	39.7	528908	265	2237	1.00379	0.872254	2171
805	949560	271	453394	496165	100	90	0.105476	0.777945	40	39.7	528908	265	2237	1.00377	0.910319	2171
806	834958	248	409206	425751	100	90	0.117519	0.777945	40	39.7	528908	265	2237	1.0046	0.928705	2171
807	897636	2865	449891	447745	100	90	1.03662	0.777945	40	39.7	528908	265	2237	1.00657	0.916811	2171
808	993666	2401	502759	490907	100	90	1.17078	0.777945	40	39.7	528908	265	2237	1.00981	0.919245	2171
809	1.03218e+006	2051	524289	507888	100	90	1.39218	0.777945	40	39.7	528908	265	2237	1.0139	0.920974	2171
810	781077	1863	268523	512554	100	90	1.60141	0.777945	37	39.7	528908	265	2237	1.12908	1.10942	2171
811	897077	1624	393675	502768	100	90	0.91384	0.777945	40	39.7	0	265	2237	1.05022	0.911842	2171
812	990946	1398	470940	518913	100	90	0.776301	0.777945	40	39.7	0	265	2237	1.03605	0.893984	2171
813	1.10075e+006	1220	539252	560312	100	90	0.762883	0.777945	40	39.7	0	265	2237	1.03152	0.894448	2171
814	1.16085e+006	1043	576560	583364	100	90	0.782748	0.777945	40	39.7	0	265	2237	1.03276	0.899298	2171
815	1.1564e+006	986	579833	575663	100	90	0.872706	0.777945	40	39.7	0	265	2237	1.03515	0.909401	2171
816	1.1377e+006	1791	577257	560445	100	90	1.55578	0.777945	40	39.7	0	265	2237	1.04102	0.914045	2171
817	1.10614e+006	1557	565843	540301	100	90	1.65177	0.777945	40	39.7	0	265	2237	1.04829	0.909571	2171
818	1.07014e+006	1468	550692	519449	100	90	1.81387	0.777945	40	39.7	0	265	2237	1.05518	0.910815	2171
819	744868	1241	254542	490326	100	90	1.86183	0.777945	40	39.7	0	265	2237	1.06856	0.917081	2171
820	684952	1069	232044	452909	100	90	1.95293	0.777945	40	39.7	109804	265	2237	1.07714	0.921815	2171
821	736950	954	313168	423782	100	90	2.06828	0.777945	40	39.7	109804	265	2237	1.08893	0.928806	2171
822	746045	844	352570	393475	100	90	2.09774	0.777945	40	39.7	109804	265	2237	1.1085	0.949132	2171
823	716452	732	356572	359880	100	90	2.132	0.777945	40	39.7	109804	265	2237	1.12408	0.965567	2171
824	673683	644	343034	330649	100	90	2.16668	0.777945	40	39.7	109804	265	2237	1.1447	0.972222	2171
825	638766	585	328780	309986	100	90	2.1703	0.777945	40	39.7	109804	265	2237	1.1648	0.987365	2171
826	390227	524	107372	282778	100	90	2.1434	0.777945	40	39.7	163477	265	2237	1.1646	0.986	2171
827	440857	480	170022	262429	100	90	2.14182	0.777945	40	39.7	163477	265	2237	1.16342	0.980263	2171
828	487470	461	220621	255343	100	90	2.21638	0.777945	40	39.7	163477	265	2237	1.16597	0.976744	2171
829	480764	421	230897	234680	100	90	2.26709	0.777945	40	39.7	163477	265	2237	1.16905	0.997396	2171
830	450816	373	223888	213400	100	90	2.26559	0.777945	40	39.7	163477	265	2237	1.15691	0.942363	2171
831	315636	350	109355	206281	100	90	2.29767	0.777945	40	39.7	163477	265	2237	1.17867	0.944615	2171
832	254376	294	72580.9	181796	100	90	0.100025	0.777945	40	39.7	240926	265	2237	1.00305	0.812992	2171
833	603603	261	268486	335117	100	90	0.0837652	0.777945	40	39.7	240926	265	2237	1.00261	0.812125	2171
834	681326	244	202685	478642	100	90	0.0842536	0.777945	40	39.7	240926	265	2237	1.00271	0.839033	2171
835	707763	213	255253	452510	100	90	0.0738244	0.777945	40	39.7	240926	265	2237	1.00246	0.874076	2171
836	780166	197	329319	450847	100	90	0.0838492	0.777945	39	39.7	240926	265	2237	1.00247	0.890351	2171
837	892482	3702	414393	478088	100	90	1.15542	0.777945	38	39.7	240926	265	2237	1.00347	0.901047	2171
838	972896	2982	471520	501376	100	90	1.29914	0.777945	38	39.7	240926	265	2237	1.004	0.90355	2171
839	1.03147e+006	2442	512044	519424	100	90	1.42101	0.777945	38	39.7	240926	265	2237	1.00556	0.90458	2171
840	769752	2142	260360	509392	100	90	1.52734	0.777945	36	39.7	240926	265	2237	1.07102	1.01545	2171
841	898994	1837	391202	506808	100	90	0.945197	0.777945	40	39.7	0	265	2237	1.03285	0.866359	2171
842	991033	1525	470612	518948	100	90	0.807386	0.777945	40	39.7	0	265	2237	1.02418	0.846986	2171
843	1.09923e+006	1293	539695	557809	100	90	0.759525	0.777945	40	39.7	0	265	2237	1.02167	0.848671	2171
844	1.15757e+006	1074	575718	580120	100	90	0.758237	0.777945	40	39.7	0	265	2237	1.02292	0.862636	2171
845	1.14174e+006	1004	573980	566299	100	90	0.846494	0.777945	40	39.7	0	265	2237	1.02616	0.87437	2171
846	1.11034e+006	1838	564284	546054	100	90	1.47056	0.777945	40	39.7	0	265	2237	1.02634	0.863124	2171
847	1.06916e+006	1634	548234	520922	100	90	1.55566	0.777945	40	39.7	0	265	2237	1.02967	0.86235	2171
848	1.04836e+006	1552	541280	507079	100	90	1.72789	0.777945	40	39.7	0	265	2237	1.03646	0.862951	2171
849	1.02909e+006	1323	534119	494969	100	90	1.80288	0.777945	40	39.7	0	265	2237	1.04977	0.875	2171
850	732158	1155	265397	466761	100	90	1.89616	0.777945	40	39.7	269212	265	2237	1.05434	0.868678	2171
851	765118	1013	329093	436025	100	90	2.00727	0.777945	40	39.7	269212	265	2237	1.06556	0.892604	2171
852	771977	897	366611	405367	100	90	2.05189	0.777945	40	39.7	269212	265	2237	1.08577	0.911697	2171
853	787994	833	393393	394601	100	90	2.10278	0.777945	40	39.7	269212	265	2237	1.0965	0.911548	2171
854	745025	750	379933	365092	100	90	2.12895	0.777945	40	39.7	269212	265	2237	1.11693	0.941989	2171
855	712394	684	366259	346135	100	90	2.16835	0.777945	40	39.7	269212	265	2237	1.12863	0.954198	2171
856	459729	604	147031	312460	100	90	2.20331	0.777945	40	39.7	491702	265	2237	1.12857	0.954704	2171
857	500856	546	202130	289803	100	90	2.22992	0.777945	40	39.7	491702	265	2237	1.13262	0.964981	2171
858	524072	494	238324	273540	100	90	2.24176	0.777945	40	39.7	491702	265	2237	1.13347	0.952991	2171
859	380859	447	125279	253162	100	90	2.26907	0.777945	40	39.7	491702	265	2237	1.1317	0.963768	2171
860	412398	413	173568	236691	100	90	2.26268	0.777945	40	39.7	491702	265	2237	1.15271	1.01075	2171
861	396325	349	188873	207452	100	90	2.20669	0.777945	40	39.7	491702	265	2237	1.18841	1.04777	2171
862	263753	302	76698.9	187054	100	90	0.233372	0.777945	40	39.7	616822	265	2237	1.00831	0.902558	2171
863	320334	269	88389.3	231945	100	90	0.159235	0.777945	40	39.7	616822	265	2237	1.0056	0.901534	2171
864	618138	224	256270	361868	100	90	0.132123	0.777945	40	39.7	616822	265	2237	1.00472	0.903278	2171
865	926428	207	420441	505987	100	90	0.138032	0.777945	40	39.7	616822	265	2237	1.00484	0.91062	2171
866	786180	187	232896	553284	100	90	0.151872	0.777945	40	39.7	616822	265	2237	1.00526	0.929827	2171
867	677409	2616	149395	528015	100	90	1.32557	0.777945	40	39.7	616822	265	2237	1.00622	0.930354	2171
868	802694	2516	273380	529314	100	90	1.456	0.777945	40	39.7	616822	265	2237	1.00717	0.926837	2171
869	956339	2269	398052	558287	100	90	1.60052	0.777945	40	39.7	616822	265	2237	1.00963	0.924182	2171
870	798063	2054	237181	560881	100	90	1.59775	0.777945	37	39.7	616822	265	2237	1.18202	1.19282	2171
871	720079	1761	180568	538949	100	90	1.41284	0.777945	40	39.7	0	265	2237	1.13872	1.07217	2171
872	823017	1516	297493	522939	100	90	1.28986	0.777945	40	39.7	0	265	2237	1.10488	1.01861	2171
873	969760	1362	419314	546957	100	90	1.27078	0.777945	40	39.7	0	265	2237	1.09077	0.989826	2171
874	1.06625e+006	1181	498992	562943	100	90	1.30049	0.777945	40	39.7	0	265	2237	1.09121	0.976375	2171
875	865273	1188	276104	588810	100	90	1.44843	0.777945	40	39.7	0	265	2237	1.09544	0.969278	2171
876	771343	1489	191642	579701	100	90	1.86278	0.777945	40	39.7	0	265	2237	1.09783	0.964565	2171
877	873447	1415	320184	553263	100	90	2.00827	0.777945	40	39.7	0	265	2237	1.09785	0.961619	2171
878	966607	1343	421584	545022	100	90	2.10996	0.777945	40	39.7	0	265	2237	1.09618	0.965354	2171
879	744249	1165	226050	518199	100	90	2.08883	0.777945	40	39.7	0	265	2237	1.09707	0.973636	2171
880	714958	999	249122	465836	100	90	2.08567	0.777945	40	39.7	68577.7	265	2237	1.10597	0.987275	2171
881	774568	896	333515	441053	100	90	2.13237	0.777945	40	39.7	68577.7	265	2237	1.12175	0.990533	2171
882	792420	820	372439	419981	100	90	2.14868	0.777945	40	39.7	68577.7	265	2237	1.12989	1	2171
883	763785	733	374033	389752	100	90	2.13851	0.777945	40	39.7	68577.7	265	2237	1.15283	1.01895	2171
884	541461	650	180332	361129	100	90	2.13333	0.777945	40	39.7	68577.7	265	2237	1.15396	1.01475	2171
885	600339	617	251866	348473	100	90	2.16173	0.777945	40	39.7	68577.7	265	2237	1.16129	1.03141	2171
886	470566	538	158798	311358	100	90	2.1591	0.777945	40	39.7	203868	265	2237	1.15818	1.01594	2171
887	510979	494	216946	286042	100	90	2.17551	0.777945	40	39.7	203868	265	2237	1.16667	1.01087	2171
888	526276	448	244568	271618	100	90	2.17037	0.777945	40	39.7	203868	265	2237	1.17333	1.02906	2171
889	524035	417	251310	259769	100	90	2.19437	0.777945	40	39.7	203868	265	2237	1.17918	1.03916	2171
890	489117	372	239510	238233	100	90	2.18641	0.777945	40	39.7	203868	265	2237	1.18256	1.02047	2171
891	452176	337	228906	223270	100	90	2.22003	0.777945	40	39.7	203868	265	2237	1.18769	1.03934	2171
892	282251	281	89045.9	193205	100	90	0.108402	0.777945	40	39.7	335918	265	2237	1.00373	0.876015	2171
893	605152	264	275343	329809	100	90	0.0874986	0.777945	40	39.7	335918	265	2237	1.00302	0.875579	2171
894	897791	234	422769	475022	100	90	0.0847575	0.777945	40	39.7	335918	265	2237	1.00301	0.88394	2171
895	919539	200	438354	481185	100	90	0.0813044	0.777945	40	39.7	335918	265	2237	1.00307	0.911628	2171
896	834046	186	406971	427074	100	90	0.0913065	0.777945	40	39.7	335918	265	2237	1.00369	0.929589	2171
897	871045	2748	434201	436844	100	90	0.97636	0.777945	40	39.7	335918	265	2237	1.0043	0.913955	2171
898	972072	2466	491251	480822	100	90	1.11387	0.777945	40	39.7	335918	265	2237	1.00544	0.913588	2171
899	1.04046e+006	2108	528923	511538	100	90	1.31653	0.777945	40	39.7	335918	265	2237	1.00843	0.912052	2171
900	786152	1947	270411	515741	100	90	1.54924	0.777945	38	39.7	335918	265	2237	1.11759	1.09721	2171
901	859735	1610	376699	482073	100	90	0.912814	0.777945	40	39.7	0	265	2237	1.04737	0.926085	2171
902	935163	1323	445928	487686	100	90	0.718121	0.777945	40	39.7	0	265	2237	1.03132	0.908367	2171
903	1.0569e+006	1147	518880	536335	100	90	0.68895	0.777945	40	39.7	0	265	2237	1.02846	0.910305	2171
904	1.14403e+006	1000	567852	574651	100	90	0.710544	0.777945	40	39.7	0	265	2237	1.02925	0.918766	2171
905	1.17276e+006	969	587183	584259	100	90	0.80581	0.777945	40	39.7	0	265	2237	1.03253	0.9298	2171
906	1.11879e+006	1936	565263	553525	100	90	1.49733	0.777945	40	39.7	0	265	2237	1.03016	0.920597	2171
907	1.09611e+006	1709	557783	538329	100	90	1.54585	0.777945	40	39.7	0	265	2237	1.03367	0.915849	2171
908	1.05267e+006	1577	539939	512728	100	90	1.69904	0.777945	40	39.7	0	265	2237	1.03723	0.912338	2171
909	1.0127e+006	1317	522730	489974	100	90	1.76157	0.777945	40	39.7	0	265	2237	1.04718	0.910296	2171
910	670675	1140	205755	464920	100	90	1.83739	0.777945	40	39.7	41175	265	2237	1.05829	0.911712	2171
911	730739	1011	295177	435563	100	90	1.96047	0.777945	40	39.7	41175	265	2237	1.06899	0.92057	2171
912	785950	932	364367	421583	100	90	2.03807	0.777945	40	39.7	41175	265	2237	1.07841	0.919515	2171
913	779625	832	383088	396537	100	90	2.1247	0.777945	40	39.7	41175	265	2237	1.08193	0.920398	2171
914	760925	759	384291	376634	100	90	2.17469	0.777945	40	39.7	41175	265	2237	1.09905	0.9369	2171
915	544578	693	185799	358779	100	90	2.20118	0.777945	40	39.7	41175	265	2237	1.11451	0.947447	2171
916	495135	647	154666	339193	100	90	2.20433	0.777945	40	39.7	152863	265	2237	1.11748	0.943548	2171
917	533922	582	215247	308088	100	90	2.19567	0.777945	40	39.7	152863	265	2237	1.12919	0.944938	2171
918	568309	551	258369	296635	100	90	2.2118	0.777945	40	39.7	152863	265	2237	1.12715	0.932458	2171
919	541485	482	258618	266584	100	90	2.26182	0.777945	40	39.7	152863	265	2237	1.13673	0.932755	2171
920	554814	470	273488	265648	100	90	2.30746	0.777945	40	39.7	152863	265	2237	1.13793	0.939462	2171
921	526137	438	269788	256349	100	90	2.30811	0.777945	40	39.7	152863	265	2237	1.13176	0.949398	2171
922	332486	389	101071	231414	100	90	0.140416	0.777945	40	39.7	318123	265	2237	1.00373	0.856901	2171
923	660810	342	293735	367075	100	90	0.107789	0.777945	40	39.7	318123	265	2237	1.00316	0.855915	2171
924	695406	312	206952	488453	100	90	0.107019	0.777945	40	39.7	318123	265	2237	1.00311	0.87334	2171
925	745350	296	266100	479249	100	90	0.0929996	0.777945	40	39.7	318123	265	2237	1.00246	0.891484	2171
926	802399	260	336711	465688	100	90	0.100616	0.777945	40	39.7	318123	265	2237	1.00248	0.90256	2171
927	906870	2961	413428	493442	100	90	0.947056	0.777945	40	39.7	318123	265	2237	1.00402	0.91134	2171
928	1.00906e+006	2745	482971	526090	100	90	1.14854	0.777945	40	39.7	318123	265	2237	1.00526	0.909884	2171
929	1.04728e+006	2329	514991	532290	100	90	1.3133	0.777945	40	39.7	318123	265	2237	1.00744	0.904439	2171
930	784369	2181	262630	521739	100	90	1.51361	0.777945	37	39.7	318123	265	2237	1.08175	1.0304	2171
