ID	Species	MaxAge	AllocSeed	LMR	m0	MaxMass	mSeed	Dist	pEstab	Gmax	SLA	palat	memo	RAR	growth	mThres	clonal	propSex	meanSpacerLength	sdSpacerlength	Resshare	AllocSpacer	mSpacer	sens	allocroot	allocshoot	EC50_biomass	slope_biomass	EC50_SEbiomass	slope_SEbiomass	EC50_survival	slope_survival	EC50_establishment	slope_establishment	EC50_sterility	slope_sterility	EC50_seednumber	slope_seednumber	FlowerWeek	DispWeek	GermPeriod
1	LECAcl3plb	100	0.05	0.5	1	5000	1	0.1	0.5	60	0.5	0.25	2	1	0.25	0.2	1	1	17.5	12.5	1	0.05	70	0.536007630405948	1	1	0	0	0	0	0	0	0	0	0	0	0	0	16	20	1
2	LECIcl3plb	100	0.05	0.5	1	5000	1	0.1	0.5	60	0.75	0.5	2	1	0.25	0.2	1	1	17.5	12.5	1	0.05	70	0.164341468596831	1	1	0	0	0	0	0	0	0	0	0	0	0	0	16	20	1
3	LSCAplb	100	0.05	0.75	1	5000	1	0.1	0.5	60	0.5	0.25	2	1	0.25	0.2	0	0	0	0	0	0	0	0.163507913064677	1	1	0	0	0	0	0	0	0	0	0	0	0	0	16	20	1
4	LSCAcl1plb	100	0.05	0.75	1	5000	1	0.1	0.5	60	0.5	0.25	2	1	0.25	0.2	1	1	2.5	2.5	1	0.05	70	0.981475566863082	1	1	0	0	0	0	0	0	0	0	0	0	0	0	16	20	1
5	LSCIcl1plb	100	0.05	0.75	1	5000	1	0.1	0.5	60	0.75	0.5	2	1	0.25	0.2	1	1	2.5	2.5	1	0.05	70	0.0367604700149968	1	1	0	0	0	0	0	0	0	0	0	0	0	0	16	20	1
6	LSCIcl3plb	100	0.05	0.75	1	5000	1	0.1	0.5	60	0.75	0.5	2	1	0.25	0.2	1	1	17.5	12.5	1	0.05	70	0.796366419526748	1	1	0	0	0	0	0	0	0	0	0	0	0	0	16	20	1
7	LSCTcl2plb	100	0.05	0.75	1	5000	1	0.1	0.5	60	1	1	2	1	0.25	0.2	1	1	2.5	2.5	0	0.05	70	0.282296184333973	1	1	0	0	0	0	0	0	0	0	0	0	0	0	16	20	1
8	LSSIcl3plb	100	0.05	0.75	1	5000	1	0.1	0.5	20	0.75	0.5	6	1	0.25	0.2	1	1	17.5	12.5	1	0.05	70	0.591577547544148	1	1	0	0	0	0	0	0	0	0	0	0	0	0	16	20	1
9	LSSTcl3plb	100	0.05	0.75	1	5000	1	0.1	0.5	20	1	1	6	1	0.25	0.2	1	1	17.5	12.5	1	0.05	70	0.825752000731882	1	1	0	0	0	0	0	0	0	0	0	0	0	0	16	20	1
10	MECIcl3plb	100	0.05	0.5	0.3	2000	0.3	0.3	0.5	60	0.75	0.5	2	1	0.25	0.2	1	1	17.5	12.5	1	0.05	70	0.184334886085708	1	1	0	0	0	0	0	0	0	0	0	0	0	0	16	20	1
11	MECTcl3peb	100	0.05	0.5	0.3	2000	0.3	0.3	0.5	60	1	1	2	1	0.25	0.2	1	1	17.5	12.5	1	0.05	70	0.210758929606527	1	1	0	0	0	0	0	0	0	0	0	0	0	0	16	20	1
12	MEIIcl4plb	100	0.05	0.5	0.3	2000	0.3	0.3	0.5	40	0.75	0.5	4	1	0.25	0.2	1	1	17.5	12.5	0	0.05	70	0.826619904721156	1	1	0	0	0	0	0	0	0	0	0	0	0	0	16	20	1
13	MEITplb	100	0.05	0.5	0.3	2000	0.3	0.3	0.5	40	1	1	4	1	0.25	0.2	0	0	0	0	0	0	0	0.431986743991729	1	1	0	0	0	0	0	0	0	0	0	0	0	0	16	20	1
14	MESTcl1plb	100	0.05	0.5	0.3	2000	0.3	0.3	0.5	20	1	1	6	1	0.25	0.2	1	1	2.5	2.5	1	0.05	70	0.690128504007589	1	1	0	0	0	0	0	0	0	0	0	0	0	0	16	20	1
15	MSCAcl1plb	100	0.05	0.75	0.3	2000	0.3	0.3	0.5	60	0.5	0.25	2	1	0.25	0.2	1	1	2.5	2.5	1	0.05	70	0.726241587544791	1	1	0	0	0	0	0	0	0	0	0	0	0	0	16	20	1
16	MSCAcl3plb	100	0.05	0.75	0.3	2000	0.3	0.3	0.5	60	0.5	0.25	2	1	0.25	0.2	1	1	17.5	12.5	1	0.05	70	0.0407790376339108	1	1	0	0	0	0	0	0	0	0	0	0	0	0	16	20	1
17	MSCIplb	100	0.05	0.75	0.3	2000	0.3	0.3	0.5	60	0.75	0.5	2	1	0.25	0.2	0	0	0	0	0	0	0	0.922314610506874	1	1	0	0	0	0	0	0	0	0	0	0	0	0	16	20	1
18	MSCTcl1plb	100	0.05	0.75	0.3	2000	0.3	0.3	0.5	60	1	1	2	1	0.25	0.2	1	1	2.5	2.5	1	0.05	70	0.812773102661595	1	1	0	0	0	0	0	0	0	0	0	0	0	0	16	20	1
19	MSCTcl2plb	100	0.05	0.75	0.3	2000	0.3	0.3	0.5	60	1	1	2	1	0.25	0.2	1	1	2.5	2.5	0	0.05	70	0.049120768206194	1	1	0	0	0	0	0	0	0	0	0	0	0	0	16	20	1
20	MSIAcl1plb	100	0.05	0.75	0.3	2000	0.3	0.3	0.5	40	0.5	0.25	4	1	0.25	0.2	1	1	2.5	2.5	1	0.05	70	0.0539116780855693	1	1	0	0	0	0	0	0	0	0	0	0	0	0	16	20	1
21	MSIAcl4plb	100	0.05	0.75	0.3	2000	0.3	0.3	0.5	40	0.5	0.25	4	1	0.25	0.2	1	1	17.5	12.5	0	0.05	70	0.860100764024537	1	1	0	0	0	0	0	0	0	0	0	0	0	0	16	20	1
22	MSIIcl3plb	100	0.05	0.75	0.3	2000	0.3	0.3	0.5	40	0.75	0.5	4	1	0.25	0.2	1	1	17.5	12.5	1	0.05	70	0.438051937671844	1	1	0	0	0	0	0	0	0	0	0	0	0	0	16	20	1
23	MSITcl1plb	100	0.05	0.75	0.3	2000	0.3	0.3	0.5	40	1	1	4	1	0.25	0.2	1	1	2.5	2.5	1	0.05	70	0.650026041956153	1	1	0	0	0	0	0	0	0	0	0	0	0	0	16	20	1
24	MSITcl3plb	100	0.05	0.75	0.3	2000	0.3	0.3	0.5	40	1	1	4	1	0.25	0.2	1	1	17.5	12.5	1	0.05	70	0.441881703445688	1	1	0	0	0	0	0	0	0	0	0	0	0	0	16	20	1
25	MSITcl4plb	100	0.05	0.75	0.3	2000	0.3	0.3	0.5	40	1	1	4	1	0.25	0.2	1	1	17.5	12.5	0	0.05	70	0.9546779836528	1	1	0	0	0	0	0	0	0	0	0	0	0	0	16	20	1
26	MSSIcl1plb	100	0.05	0.75	0.3	2000	0.3	0.3	0.5	20	0.75	0.5	6	1	0.25	0.2	1	1	2.5	2.5	1	0.05	70	0.301034867297858	1	1	0	0	0	0	0	0	0	0	0	0	0	0	16	20	1
27	MSSTcl3plb	100	0.05	0.75	0.3	2000	0.3	0.3	0.5	20	1	1	6	1	0.25	0.2	1	1	17.5	12.5	1	0.05	70	0.334717959398404	1	1	0	0	0	0	0	0	0	0	0	0	0	0	16	20	1
28	SECTpeb	100	0.05	0.5	0.1	1000	0.1	0.6	0.5	60	1	1	2	1	0.25	0.2	0	0	0	0	0	0	0	0.898931094503496	1	1	0	0	0	0	0	0	0	0	0	0	0	0	16	20	1
29	SEIAcl4peb	100	0.05	0.5	0.1	1000	0.1	0.6	0.5	40	0.5	0.25	4	1	0.25	0.2	1	1	17.5	12.5	0	0.05	70	0.961180749873165	1	1	0	0	0	0	0	0	0	0	0	0	0	0	16	20	1
30	SEITcl4peb	100	0.05	0.5	0.1	1000	0.1	0.6	0.5	40	1	1	4	1	0.25	0.2	1	1	17.5	12.5	0	0.05	70	0.153944908408448	1	1	0	0	0	0	0	0	0	0	0	0	0	0	16	20	1
31	SESIcl4plb	100	0.05	0.5	0.1	1000	0.1	0.6	0.5	20	0.75	0.5	6	1	0.25	0.2	1	1	17.5	12.5	0	0.05	70	0.833745646988973	1	1	0	0	0	0	0	0	0	0	0	0	0	0	16	20	1
32	SRIAcl1peb	100	0.05	1	0.1	1000	0.1	0.6	0.5	40	0.5	0.25	4	1	0.25	0.2	1	1	2.5	2.5	1	0.05	70	0.605488762783352	1	1	0	0	0	0	0	0	0	0	0	0	0	0	1	5	1
33	SRIAcl2plb	100	0.05	1	0.1	1000	0.1	0.6	0.5	40	0.5	0.25	4	1	0.25	0.2	1	1	2.5	2.5	0	0.05	70	0.295029797358438	1	1	0	0	0	0	0	0	0	0	0	0	0	0	16	20	1
34	SRIAcl4peb	100	0.05	1	0.1	1000	0.1	0.6	0.5	40	0.5	0.25	4	1	0.25	0.2	1	1	17.5	12.5	0	0.05	70	0.939717824221589	1	1	0	0	0	0	0	0	0	0	0	0	0	0	16	20	1
35	SSCTplb	100	0.05	0.75	0.1	1000	0.1	0.6	0.5	60	1	1	2	1	0.25	0.2	0	0	0	0	0	0	0	0.290317753853742	1	1	0	0	0	0	0	0	0	0	0	0	0	0	16	20	1
36	SSIAcl4plb	100	0.05	0.75	0.1	1000	0.1	0.6	0.5	40	0.5	0.25	4	1	0.25	0.2	1	1	17.5	12.5	0	0.05	70	0.0787622449570335	1	1	0	0	0	0	0	0	0	0	0	0	0	0	16	20	1
37	SSIIcl2plb	100	0.05	0.75	0.1	1000	0.1	0.6	0.5	40	0.75	0.5	4	1	0.25	0.2	1	1	2.5	2.5	0	0.05	70	0.870346758456435	1	1	0	0	0	0	0	0	0	0	0	0	0	0	16	20	1
38	SSITcl3plb	100	0.05	0.75	0.1	1000	0.1	0.6	0.5	40	1	1	4	1	0.25	0.2	1	1	17.5	12.5	1	0.05	70	0.521222524752375	1	1	0	0	0	0	0	0	0	0	0	0	0	0	16	20	1
39	SSITcl4plb	100	0.05	0.75	0.1	1000	0.1	0.6	0.5	40	1	1	4	1	0.25	0.2	1	1	17.5	12.5	0	0.05	70	0.955204826954287	1	1	0	0	0	0	0	0	0	0	0	0	0	0	16	20	1
