Time	totMass	NInd	abovemass	belowmass	mean_ares	mean_bres	shannon	meanShannon	NPFT	meanNPFT	Cutted	NNonClonal	NClonal	mean_generation	mean_genet_size	NGenets
1	478.2	0	239.1	239.1	100	60	0	0.597592	39	38.8	0	2	2012	1	0.881072	1742
2	8952.22	0	3509.99	5442.23	100	60	0	0.597592	39	38.8	0	2	2012	1	0.874713	1742
3	41905.8	0	19517.2	22388.6	100	60	0	0.597592	39	38.8	0	2	2012	1	0.872967	1742
4	123754	0	57999.3	65754.8	100	60	0	0.597592	39	38.8	0	2	2012	1	0.872407	1742
5	272571	0	127459	145113	100	60	0	0.597592	39	38.8	0	2	2012	1	0.876068	1742
6	479310	572	224901	254409	100	60	2.5036	0.597592	39	38.8	0	2	2012	1.00529	0.880565	1742
7	693390	794	328444	364945	100	60	3.21184	0.597592	39	38.8	0	2	2012	1.01282	0.889888	1742
8	875193	850	419684	455509	100	60	3.3689	0.597592	39	38.8	0	2	2012	1.02148	0.9	1742
9	1.01349e+006	810	492473	521022	100	60	3.20759	0.597592	39	38.8	0	2	2012	1.04541	0.928483	1742
10	1.11365e+006	771	547563	566085	100	60	3.06929	0.597592	39	38.8	0	2	2012	1.06783	0.957254	1742
11	1.18921e+006	741	590552	598657	100	60	3.02126	0.597592	39	38.8	0	2	2012	1.07039	0.956873	1742
12	1.24268e+006	719	621783	620901	100	60	2.94664	0.597592	39	38.8	0	2	2012	1.09122	0.98613	1742
13	1.27729e+006	699	642607	634682	100	60	2.91568	0.597592	39	38.8	0	2	2012	1.10811	1.00144	1742
14	1.31634e+006	693	666271	650069	100	60	2.93698	0.597592	39	38.8	0	2	2012	1.13022	1.01757	1742
15	1.34934e+006	686	684865	664478	100	60	2.94146	0.597592	39	38.8	0	2	2012	1.14485	1.03715	1742
16	1.37895e+006	675	691094	667728	100	60	2.9085	0.597592	39	38.8	0	2	2012	1.16319	1.05909	1742
17	1.40784e+006	673	697277	671715	100	60	2.92432	0.597592	39	38.8	0	2	2012	1.18464	1.07692	1742
18	1.44135e+006	671	712211	685146	100	60	2.97797	0.597592	39	38.8	0	2	2012	1.1726	1.05763	1742
19	1.46103e+006	671	722656	693340	100	60	3.08151	0.597592	39	38.8	0	2	2012	1.16501	1.04114	1742
20	1.4646e+006	660	725386	695070	100	60	3.10066	0.597592	39	38.8	0	2	2012	1.16232	1.02903	1742
21	1.43145e+006	657	731424	700022	100	60	3.1475	0.597592	39	38.8	0	2	2012	1.15976	1.02142	1742
22	1.43413e+006	658	734141	699991	100	60	0.78256	0.597592	39	38.8	0	2	2012	1.02829	0.895991	1742
23	1.45385e+006	647	739074	714772	100	60	0.79366	0.597592	39	38.8	0	2	2012	1.02769	0.903664	1742
24	1.46849e+006	639	744073	724421	100	60	0.80338	0.597592	39	38.8	0	2	2012	1.0314	0.926475	1742
25	1.4498e+006	619	734340	715462	100	60	0.863638	0.597592	39	38.8	0	2	2012	1.03705	0.954322	1742
26	1.46078e+006	607	739093	721686	100	60	1.00178	0.597592	39	38.8	0	2	2012	1.04792	0.979497	1742
27	1.4849e+006	1456	748387	736510	100	60	2.36082	0.597592	39	38.8	0	2	2012	1.06612	1.00411	1742
28	1.51684e+006	1372	762563	754279	100	60	2.52685	0.597592	39	38.8	0	2	2012	1.08158	1.01572	1742
29	1.54278e+006	1282	773410	769373	100	60	2.58203	0.597592	39	38.8	0	2	2012	1.0932	1.02955	1742
30	1.17165e+006	1242	391630	780021	100	60	2.24871	0.597592	39	38.8	0	2	2012	1.34755	1.43787	1742
31	1.17208e+006	1058	456727	715251	100	60	1.01478	0.597592	39	38.8	0	2	2012	1.09324	0.992021	1742
32	1.1235e+006	873	470410	652874	100	60	0.821566	0.597592	39	38.8	0	2	2012	1.0677	0.957354	1742
33	1.06282e+006	735	460564	602062	100	60	0.675519	0.597592	39	38.8	0	2	2012	1.05075	0.927475	1742
34	1.05834e+006	665	470067	588081	100	60	0.81622	0.597592	39	38.8	0	2	2012	1.06055	0.946847	1742
35	793101	722	225475	567486	100	60	1.08109	0.597592	39	38.8	0	2	2012	1.07623	0.984107	1742
36	829550	808	287528	542022	100	60	1.41313	0.597592	39	38.8	0	2	2012	1.07955	1.0067	1742
37	862604	890	341971	520632	100	60	1.82879	0.597592	39	38.8	0	2	2012	1.08916	1.03207	1742
38	884271	1064	376957	507314	100	60	2.54985	0.597592	39	38.8	0	2	2012	1.10856	1.05225	1742
39	879874	868	393298	486576	100	60	2.53627	0.597592	39	38.8	0	2	2012	1.12565	1.06219	1742
40	620805	743	155677	465127	100	60	2.62571	0.597592	39	38.8	268158	2	2012	1.14545	1.06871	1742
41	627347	631	205471	421876	100	60	2.64945	0.597592	39	38.8	268158	2	2012	1.16158	1.07863	1742
42	652489	569	250740	401749	100	60	2.68933	0.597592	39	38.8	268158	2	2012	1.17562	1.07955	1742
43	654169	485	275912	378257	100	60	2.74081	0.597592	39	38.8	268158	2	2012	1.2192	1.10562	1742
44	640776	427	286084	354692	100	60	2.83041	0.597592	39	38.8	268158	2	2012	1.25658	1.13542	1742
45	630753	392	293664	337088	100	60	2.85573	0.597592	39	38.8	268158	2	2012	1.25424	1.13352	1742
46	617070	354	290382	317127	100	60	2.85549	0.597592	39	38.8	268158	2	2012	1.27027	1.14826	1742
47	422703	300	134896	284548	100	60	2.84115	0.597592	39	38.8	268158	2	2012	1.30195	1.16357	1742
48	437562	273	164975	264350	100	60	2.92104	0.597592	39	38.8	268158	2	2012	1.29455	1.12346	1742
49	456826	260	191310	254663	100	60	2.98577	0.597592	39	38.8	268158	2	2012	1.33603	1.14912	1742
50	441805	239	199661	232423	100	60	3.016	0.597592	39	38.8	268158	2	2012	1.3125	1.12857	1742
51	423243	221	202186	221056	100	60	3.05962	0.597592	39	38.8	268158	2	2012	1.32338	1.16842	1742
52	241645	195	50445.6	191199	100	60	0.132205	0.597592	39	38.8	430285	2	2012	1.00575	0.940735	1742
53	372899	176	122908	249991	100	60	0.0903011	0.597592	39	38.8	430285	2	2012	1.00397	0.944323	1742
54	573136	145	222751	350386	100	60	0.0784728	0.597592	39	38.8	430285	2	2012	1.00349	0.947095	1742
55	664374	136	266542	397832	100	60	0.0830708	0.597592	39	38.8	430285	2	2012	1.00407	0.951589	1742
56	643799	127	266576	377222	100	60	0.0955826	0.597592	39	38.8	430285	2	2012	1.00484	0.95563	1742
57	682175	2137	294965	387210	100	60	1.28948	0.597592	39	38.8	430285	2	2012	1.00653	0.959231	1742
58	763364	2199	337191	426173	100	60	1.60559	0.597592	39	38.8	430285	2	2012	1.00791	0.959431	1742
59	813563	1827	365366	448198	100	60	1.88334	0.597592	39	38.8	430285	2	2012	1.01237	0.963068	1742
60	535950	1637	88775.3	447175	100	60	1.99203	0.597592	38	38.8	430285	2	2012	1.10661	1.13575	1742
61	562951	1332	154830	407700	100	60	1.25904	0.597592	39	38.8	0	2	2012	1.05475	0.998351	1742
62	651274	1124	232609	418125	100	60	1.07406	0.597592	39	38.8	0	2	2012	1.03864	0.970647	1742
63	722863	927	294863	427229	100	60	1.00067	0.597592	39	38.8	0	2	2012	1.02864	0.961242	1742
64	807717	801	351480	455549	100	60	1.05487	0.597592	39	38.8	0	2	2012	1.02872	0.955489	1742
65	878527	755	394267	483605	100	60	1.17843	0.597592	39	38.8	0	2	2012	1.03421	0.962305	1742
66	867898	1221	399326	468573	100	60	1.98135	0.597592	39	38.8	0	2	2012	1.03624	0.96132	1742
67	859001	1223	402967	456035	100	60	2.26568	0.597592	39	38.8	0	2	2012	1.0395	0.964207	1742
68	860804	1132	410145	450659	100	60	2.41974	0.597592	39	38.8	0	2	2012	1.04562	0.967886	1742
69	832343	925	401590	430752	100	60	2.39981	0.597592	39	38.8	0	2	2012	1.04848	0.97377	1742
70	597474	778	189882	407592	100	60	2.47576	0.597592	39	38.8	220047	2	2012	1.0515	0.972585	1742
71	595590	654	228792	366797	100	60	2.52106	0.597592	39	38.8	220047	2	2012	1.05855	0.975155	1742
72	596640	569	259008	337632	100	60	2.58428	0.597592	39	38.8	220047	2	2012	1.07252	0.996409	1742
73	599783	512	278421	321362	100	60	2.69423	0.597592	39	38.8	220047	2	2012	1.07895	1	1742
74	574159	444	276546	297614	100	60	2.79274	0.597592	39	38.8	220047	2	2012	1.09274	1.00461	1742
75	553659	400	273075	280584	100	60	2.77725	0.597592	39	38.8	220047	2	2012	1.10023	1.00767	1742
76	513018	348	252077	252126	100	60	2.77282	0.597592	39	38.8	220047	2	2012	1.11936	1.02655	1742
77	480831	309	234767	231483	100	60	2.7848	0.597592	39	38.8	220047	2	2012	1.13253	1.02685	1742
78	451572	276	221948	215690	100	60	2.77115	0.597592	39	38.8	220047	2	2012	1.13468	1.03019	1742
79	426620	252	210652	202746	100	60	2.81061	0.597592	39	38.8	220047	2	2012	1.12268	1.00413	1742
80	398348	226	197276	189117	100	60	2.83781	0.597592	39	38.8	220047	2	2012	1.11618	0.972222	1742
81	367983	212	188319	179664	100	60	2.90286	0.597592	39	38.8	220047	2	2012	1.11416	0.965347	1742
82	228801	202	53247.2	175554	100	60	0.105576	0.597592	39	38.8	357932	2	2012	1.00226	0.9029	1742
83	396943	174	136450	260493	100	60	0.0739743	0.597592	39	38.8	357932	2	2012	1.0018	0.901097	1742
84	489456	156	115705	373751	100	60	0.0697744	0.597592	39	38.8	357932	2	2012	1.00183	0.905287	1742
85	554832	141	163251	391582	100	60	0.0649049	0.597592	39	38.8	357932	2	2012	1.00157	0.910541	1742
86	555505	130	187045	368460	100	60	0.0729368	0.597592	38	38.8	357932	2	2012	1.00196	0.914935	1742
87	608059	2315	232202	375857	100	60	1.07895	0.597592	38	38.8	357932	2	2012	1.00277	0.925465	1742
88	703614	2347	288991	414622	100	60	1.37149	0.597592	38	38.8	357932	2	2012	1.00373	0.935493	1742
89	754380	2020	323065	431315	100	60	1.65465	0.597592	38	38.8	357932	2	2012	1.00582	0.942981	1742
90	527858	1937	82002.5	445855	100	60	1.92008	0.597592	36	38.8	357932	2	2012	1.07457	1.05742	1742
91	553377	1517	147485	405022	100	60	1.13451	0.597592	39	38.8	0	2	2012	1.03549	0.943753	1742
92	644099	1259	225910	417154	100	60	0.948127	0.597592	39	38.8	0	2	2012	1.02387	0.927221	1742
93	599505	1072	147650	451262	100	60	0.892635	0.597592	39	38.8	0	2	2012	1.02007	0.925385	1742
94	568816	876	114066	454502	100	60	0.896789	0.597592	39	38.8	0	2	2012	1.02125	0.927436	1742
95	652864	787	196864	455810	100	60	0.954071	0.597592	39	38.8	0	2	2012	1.0232	0.93497	1742
96	738133	1561	270150	467983	100	60	1.85766	0.597592	39	38.8	0	2	2012	1.02515	0.937445	1742
97	790121	1514	321184	468937	100	60	2.06138	0.597592	39	38.8	0	2	2012	1.02578	0.940333	1742
98	836612	1431	362622	473990	100	60	2.21038	0.597592	39	38.8	0	2	2012	1.02912	0.94629	1742
99	850401	1192	383225	467175	100	60	2.19023	0.597592	39	38.8	0	2	2012	1.03446	0.951613	1742
100	679210	1000	231593	447617	100	60	2.20517	0.597592	39	38.8	170693	2	2012	1.04468	0.961499	1742
101	692028	871	274464	417563	100	60	2.27394	0.597592	39	38.8	170693	2	2012	1.04893	0.966279	1742
102	677899	738	295092	382807	100	60	2.36	0.597592	39	38.8	170693	2	2012	1.05227	0.96978	1742
103	675091	658	310949	364142	100	60	2.44993	0.597592	39	38.8	170693	2	2012	1.05993	0.987673	1742
104	657598	589	315328	342270	100	60	2.48922	0.597592	39	38.8	170693	2	2012	1.08618	1.00685	1742
105	473545	523	151048	322497	100	60	2.55249	0.597592	39	38.8	170693	2	2012	1.09238	1.0078	1742
106	486318	461	184452	294595	100	60	2.56081	0.597592	39	38.8	170693	2	2012	1.1145	1.02208	1742
107	514345	425	218308	284863	100	60	2.64264	0.597592	39	38.8	170693	2	2012	1.12148	1.02392	1742
108	387037	390	117563	267533	100	60	2.64569	0.597592	39	38.8	170693	2	2012	1.13527	1.04255	1742
109	306116	336	73398.6	231556	100	60	2.67936	0.597592	39	38.8	170693	2	2012	1.16327	1.06918	1742
110	326218	312	107527	217621	100	60	2.6456	0.597592	39	38.8	170693	2	2012	1.16718	1.0777	1742
111	355644	299	143388	212256	100	60	2.66827	0.597592	39	38.8	170693	2	2012	1.18543	1.08929	1742
112	268561	267	72361.5	196199	100	60	0.420565	0.597592	39	38.8	267946	2	2012	1.01523	1.00346	1742
113	323214	246	115198	208017	100	60	0.302959	0.597592	39	38.8	267946	2	2012	1.01126	1.00418	1742
114	416941	225	174570	242371	100	60	0.272186	0.597592	39	38.8	267946	2	2012	1.00961	1.00322	1742
115	577428	213	256206	321222	100	60	0.274686	0.597592	39	38.8	267946	2	2012	1.01029	1.00348	1742
116	733287	199	330089	403198	100	60	0.302956	0.597592	39	38.8	267946	2	2012	1.01265	1.00487	1742
117	797451	1721	362207	435244	100	60	1.68398	0.597592	39	38.8	267946	2	2012	1.01264	1.00597	1742
118	825374	1756	381049	444325	100	60	1.85697	0.597592	38	38.8	267946	2	2012	1.01403	1.0056	1742
119	812752	1499	383031	429721	100	60	1.86003	0.597592	38	38.8	267946	2	2012	1.01586	1.00923	1742
120	618744	1314	196383	422361	100	60	1.619	0.597592	36	38.8	267946	2	2012	1.2682	1.43415	1742
121	653307	1081	263644	388067	100	60	1.50304	0.597592	39	38.8	0	2	2012	1.21371	1.27544	1742
122	697666	942	312714	382388	100	60	1.51986	0.597592	39	38.8	0	2	2012	1.15956	1.16611	1742
123	744495	849	351199	390705	100	60	1.54224	0.597592	39	38.8	0	2	2012	1.12366	1.11104	1742
124	560897	736	178635	381329	100	60	1.57734	0.597592	39	38.8	0	2	2012	1.11875	1.0832	1742
125	617708	754	240064	376786	100	60	1.7971	0.597592	39	38.8	0	2	2012	1.13105	1.07431	1742
126	678435	869	295976	382459	100	60	2.23628	0.597592	39	38.8	0	2	2012	1.14298	1.07839	1742
127	727646	875	340732	386913	100	60	2.43141	0.597592	39	38.8	0	2	2012	1.14328	1.08005	1742
128	728117	820	355611	372506	100	60	2.55428	0.597592	39	38.8	0	2	2012	1.14367	1.07455	1742
129	731959	740	366591	365368	100	60	2.52203	0.597592	39	38.8	0	2	2012	1.14944	1.08936	1742
130	559098	669	205224	353874	100	60	2.55029	0.597592	39	38.8	174884	2	2012	1.14583	1.09561	1742
131	437105	587	115149	321956	100	60	2.51356	0.597592	39	38.8	174884	2	2012	1.15348	1.10555	1742
132	464550	542	163867	300684	100	60	2.5181	0.597592	39	38.8	174884	2	2012	1.16319	1.11628	1742
133	457975	471	192081	265893	100	60	2.48644	0.597592	39	38.8	174884	2	2012	1.16633	1.12277	1742
134	467589	433	216745	250845	100	60	2.52875	0.597592	39	38.8	174884	2	2012	1.17857	1.12683	1742
135	472317	406	231366	240951	100	60	2.52716	0.597592	39	38.8	174884	2	2012	1.20244	1.14621	1742
136	427813	343	212859	208099	100	60	2.46414	0.597592	39	38.8	174884	2	2012	1.22923	1.19505	1742
137	403173	308	202332	189594	100	60	2.4433	0.597592	39	38.8	174884	2	2012	1.24759	1.2	1742
138	384437	275	194698	178827	100	60	2.47112	0.597592	39	38.8	174884	2	2012	1.23723	1.19141	1742
139	377506	261	192950	173753	100	60	2.55092	0.597592	39	38.8	174884	2	2012	1.22134	1.17012	1742
140	344466	239	176860	158080	100	60	2.56644	0.597592	39	38.8	174884	2	2012	1.22271	1.1659	1742
141	298504	210	158585	139920	100	60	2.59158	0.597592	39	38.8	174884	2	2012	1.2268	1.15508	1742
142	190604	199	56328.6	134276	100	60	0.085761	0.597592	39	38.8	198980	2	2012	1.00302	0.993287	1742
143	393227	180	147574	245653	100	60	0.0660345	0.597592	39	38.8	198980	2	2012	1.00253	0.992693	1742
144	602865	157	241086	361779	100	60	0.061765	0.597592	39	38.8	198980	2	2012	1.00232	0.993626	1742
145	645728	148	262979	382749	100	60	0.0680899	0.597592	39	38.8	198980	2	2012	1.0027	0.992241	1742
146	583187	118	245790	337397	100	60	0.0654236	0.597592	39	38.8	198980	2	2012	1.00313	0.991116	1742
147	452015	2557	113434	338581	100	60	1.16403	0.597592	39	38.8	198980	2	2012	1.00452	0.990453	1742
148	534015	2353	182146	351870	100	60	1.36624	0.597592	39	38.8	198980	2	2012	1.00498	0.991432	1742
149	636271	2099	250332	385939	100	60	1.69703	0.597592	39	38.8	198980	2	2012	1.00803	0.997964	1742
150	545251	1903	147481	397770	100	60	1.97566	0.597592	37	38.8	198980	2	2012	1.06031	1.07855	1742
151	604086	1517	221098	381668	100	60	1.04782	0.597592	39	38.8	0	2	2012	1.02248	1.0127	1742
152	673746	1255	279289	392921	100	60	0.834269	0.597592	39	38.8	0	2	2012	1.01502	1.00256	1742
153	763499	1076	339016	422561	100	60	0.780192	0.597592	39	38.8	0	2	2012	1.0116	0.995192	1742
154	825928	908	377369	446943	100	60	0.802001	0.597592	39	38.8	0	2	2012	1.01123	0.992308	1742
155	857429	797	398171	457866	100	60	0.849798	0.597592	39	38.8	0	2	2012	1.01228	0.992622	1742
156	852490	1566	404042	448448	100	60	1.65545	0.597592	39	38.8	0	2	2012	1.01479	0.997339	1742
157	866856	1525	416412	450444	100	60	1.81936	0.597592	39	38.8	0	2	2012	1.01694	1.00225	1742
158	838721	1389	408261	430460	100	60	2.02428	0.597592	39	38.8	0	2	2012	1.02263	1.0058	1742
159	838816	1180	413142	425675	100	60	2.03709	0.597592	39	38.8	0	2	2012	1.03201	1.02137	1742
160	669030	1013	264675	404355	100	60	2.11106	0.597592	39	38.8	153056	2	2012	1.04115	1.03493	1742
161	718541	946	314010	404532	100	60	2.2098	0.597592	39	38.8	153056	2	2012	1.04488	1.03312	1742
162	700417	819	325521	374896	100	60	2.3114	0.597592	39	38.8	153056	2	2012	1.05577	1.04064	1742
163	654434	705	317708	336726	100	60	2.34811	0.597592	39	38.8	153056	2	2012	1.05972	1.04	1742
164	651202	660	323658	327544	100	60	2.39621	0.597592	39	38.8	153056	2	2012	1.08158	1.06288	1742
165	628982	605	318188	310794	100	60	2.42002	0.597592	39	38.8	153056	2	2012	1.10268	1.08054	1742
166	597191	542	301086	286658	100	60	2.4263	0.597592	39	38.8	153056	2	2012	1.11356	1.09533	1742
167	573727	500	287054	270300	100	60	2.4529	0.597592	39	38.8	153056	2	2012	1.10507	1.08943	1742
168	550438	458	275968	258234	100	60	2.50593	0.597592	39	38.8	153056	2	2012	1.10338	1.08241	1742
169	522922	420	263503	243865	100	60	2.53779	0.597592	39	38.8	153056	2	2012	1.10748	1.08374	1742
170	481873	381	243230	224832	100	60	2.53362	0.597592	39	38.8	153056	2	2012	1.12042	1.09642	1742
171	426060	338	221855	204205	100	60	2.55325	0.597592	39	38.8	153056	2	2012	1.12874	1.11672	1742
172	275911	314	80431.3	195480	100	60	0.116949	0.597592	39	38.8	181636	2	2012	1.00285	0.994462	1742
173	477066	262	177129	299937	100	60	0.0869474	0.597592	39	38.8	181636	2	2012	1.00199	0.994476	1742
174	624477	211	247086	377391	100	60	0.0739297	0.597592	39	38.8	181636	2	2012	1.00168	0.994002	1742
175	620903	176	252755	368148	100	60	0.0737134	0.597592	39	38.8	181636	2	2012	1.0019	0.994683	1742
176	586747	151	248503	338244	100	60	0.0762801	0.597592	39	38.8	181636	2	2012	1.00223	0.9956	1742
177	467505	2726	115578	351926	100	60	1.15991	0.597592	39	38.8	181636	2	2012	1.00382	0.997731	1742
178	529132	2433	177183	351949	100	60	1.38851	0.597592	39	38.8	181636	2	2012	1.00482	0.999399	1742
179	627527	2138	243269	384258	100	60	1.68876	0.597592	39	38.8	181636	2	2012	1.00694	1.0008	1742
180	544512	1964	144636	399876	100	60	1.98578	0.597592	38	38.8	181636	2	2012	1.06248	1.08691	1742
181	496935	1582	106422	390017	100	60	0.862045	0.597592	39	38.8	0	2	2012	1.01934	1.01271	1742
182	575224	1281	182337	391534	100	60	0.615302	0.597592	39	38.8	0	2	2012	1.01143	1.00421	1742
183	716326	1091	274910	439762	100	60	0.563297	0.597592	39	38.8	0	2	2012	1.00936	1.00249	1742
184	810212	937	335598	472747	100	60	0.602968	0.597592	39	38.8	0	2	2012	1.01048	1.00215	1742
185	824064	824	356793	465761	100	60	0.669499	0.597592	39	38.8	0	2	2012	1.0127	1.00356	1742
186	812695	1818	365826	446868	100	60	1.51198	0.597592	39	38.8	0	2	2012	1.01604	1.00739	1742
187	832110	1704	385060	447050	100	60	1.6905	0.597592	39	38.8	0	2	2012	1.01551	1.00609	1742
188	827140	1560	390816	436323	100	60	1.96546	0.597592	39	38.8	0	2	2012	1.02074	1.00841	1742
189	833021	1312	400605	432416	100	60	2.05168	0.597592	39	38.8	0	2	2012	1.02315	1.01155	1742
190	681067	1074	273502	407565	100	60	2.13619	0.597592	39	38.8	130630	2	2012	1.03364	1.02164	1742
191	679352	917	298475	380877	100	60	2.23876	0.597592	39	38.8	130630	2	2012	1.04302	1.03425	1742
192	674491	811	314482	360009	100	60	2.28013	0.597592	39	38.8	130630	2	2012	1.05109	1.04375	1742
193	664954	731	322028	342927	100	60	2.31005	0.597592	39	38.8	130630	2	2012	1.06202	1.05132	1742
194	662579	678	328686	333893	100	60	2.3546	0.597592	39	38.8	130630	2	2012	1.07882	1.07046	1742
195	632868	615	318502	314366	100	60	2.40036	0.597592	39	38.8	130630	2	2012	1.09787	1.08624	1742
196	602443	560	302419	290821	100	60	2.42163	0.597592	39	38.8	130630	2	2012	1.11236	1.09601	1742
197	568385	500	283300	269400	100	60	2.42918	0.597592	39	38.8	130630	2	2012	1.13787	1.11861	1742
198	541824	449	271723	254450	100	60	2.43423	0.597592	39	38.8	130630	2	2012	1.139	1.11416	1742
199	520689	415	262801	242619	100	60	2.48438	0.597592	39	38.8	130630	2	2012	1.13594	1.1075	1742
200	502368	390	255081	232980	100	60	2.50755	0.597592	39	38.8	130630	2	2012	1.13217	1.10243	1742
201	458538	354	240150	218388	100	60	2.5448	0.597592	39	38.8	130630	2	2012	1.11911	1.0885	1742
202	295283	313	96709.3	198574	100	60	0.11879	0.597592	39	38.8	268732	2	2012	1.00239	0.98952	1742
203	480405	252	184526	295878	100	60	0.0851183	0.597592	39	38.8	268732	2	2012	1.00203	0.987632	1742
204	639561	232	255709	383852	100	60	0.0817151	0.597592	39	38.8	268732	2	2012	1.00191	0.98803	1742
205	647877	214	266838	381039	100	60	0.0871965	0.597592	39	38.8	268732	2	2012	1.00207	0.989304	1742
206	611497	195	262742	348755	100	60	0.0959446	0.597592	39	38.8	268732	2	2012	1.00248	0.991722	1742
207	493960	2538	127198	366762	100	60	1.12354	0.597592	39	38.8	268732	2	2012	1.00424	0.993203	1742
208	461268	2421	83707.4	377561	100	60	1.37815	0.597592	39	38.8	268732	2	2012	1.00538	0.995195	1742
209	522056	2236	149430	372627	100	60	1.73032	0.597592	39	38.8	268732	2	2012	1.0068	0.997706	1742
210	519216	2142	113052	406163	100	60	2.02255	0.597592	36	38.8	268732	2	2012	1.05788	1.07642	1742
211	605365	1757	197101	406949	100	60	0.879716	0.597592	39	38.8	0	2	2012	1.01668	1.00598	1742
212	679490	1398	259732	418451	100	60	0.696787	0.597592	39	38.8	0	2	2012	1.01031	0.998037	1742
213	773832	1125	322440	449560	100	60	0.606997	0.597592	39	38.8	0	2	2012	1.00743	0.993644	1742
214	840429	941	362998	475822	100	60	0.634265	0.597592	39	38.8	0	2	2012	1.00784	0.993447	1742
215	838341	837	374897	462070	100	60	0.718962	0.597592	39	38.8	0	2	2012	1.00942	0.99451	1742
216	824618	1799	378727	445891	100	60	1.52668	0.597592	39	38.8	0	2	2012	1.01094	0.995763	1742
217	831530	1685	389832	441698	100	60	1.69146	0.597592	39	38.8	0	2	2012	1.01284	1	1742
218	823060	1535	391661	431399	100	60	1.97888	0.597592	39	38.8	0	2	2012	1.01436	1.00066	1742
219	809313	1252	391693	417620	100	60	2.04345	0.597592	39	38.8	0	2	2012	1.02009	1.00483	1742
220	637421	1011	248743	388677	100	60	2.11803	0.597592	39	38.8	139262	2	2012	1.0271	1.01499	1742
221	670950	909	289298	381651	100	60	2.20246	0.597592	39	38.8	139262	2	2012	1.03203	1.01556	1742
222	687264	822	318196	369068	100	60	2.23421	0.597592	39	38.8	139262	2	2012	1.04205	1.02206	1742
223	670426	729	323567	346859	100	60	2.27615	0.597592	39	38.8	139262	2	2012	1.05258	1.03458	1742
224	633817	646	314596	319221	100	60	2.34277	0.597592	39	38.8	139262	2	2012	1.05577	1.03583	1742
225	617951	594	311550	306401	100	60	2.4228	0.597592	39	38.8	139262	2	2012	1.06358	1.03735	1742
226	427539	528	146098	279912	100	60	2.41704	0.597592	39	38.8	139262	2	2012	1.08472	1.06538	1742
227	352411	484	89643.1	261671	100	60	2.42841	0.597592	39	38.8	139262	2	2012	1.09358	1.06499	1742
228	376292	442	126143	243851	100	60	2.4444	0.597592	39	38.8	139262	2	2012	1.11066	1.07816	1742
229	388336	401	157666	223299	100	60	2.48154	0.597592	39	38.8	139262	2	2012	1.11547	1.07673	1742
230	355797	329	160516	189153	100	60	2.52175	0.597592	39	38.8	139262	2	2012	1.10951	1.07812	1742
231	337909	297	164717	173191	100	60	2.57601	0.597592	39	38.8	139262	2	2012	1.10714	1.07394	1742
232	245826	267	80121.6	165704	100	60	0.123337	0.597592	39	38.8	233324	2	2012	1.00218	0.997002	1742
233	420625	231	162613	258012	100	60	0.0913158	0.597592	39	38.8	233324	2	2012	1.00188	0.996672	1742
234	633888	206	259191	374697	100	60	0.0851445	0.597592	39	38.8	233324	2	2012	1.00172	0.996689	1742
235	685591	188	283317	402275	100	60	0.0887507	0.597592	39	38.8	233324	2	2012	1.00173	0.997183	1742
236	615066	169	262505	352560	100	60	0.0965007	0.597592	39	38.8	233324	2	2012	1.00237	0.997892	1742
237	646442	2509	287770	358672	100	60	1.15052	0.597592	39	38.8	233324	2	2012	1.00343	1.00049	1742
238	544700	2182	147433	397267	100	60	1.27809	0.597592	38	38.8	233324	2	2012	1.00372	1.00034	1742
239	615941	1928	214164	401778	100	60	1.60269	0.597592	38	38.8	233324	2	2012	1.00576	1.00354	1742
240	546952	1807	136027	410925	100	60	1.84922	0.597592	37	38.8	233324	2	2012	1.0753	1.11611	1742
241	507207	1491	103932	402653	100	60	1.06097	0.597592	39	38.8	0	2	2012	1.03216	1.02794	1742
242	570243	1247	179328	389333	100	60	0.800504	0.597592	39	38.8	0	2	2012	1.01799	1.01136	1742
243	672230	1038	260672	409603	100	60	0.716749	0.597592	39	38.8	0	2	2012	1.01358	1.00485	1742
244	776791	903	328227	446260	100	60	0.773697	0.597592	39	38.8	0	2	2012	1.01485	1.00376	1742
245	834543	805	369681	462869	100	60	0.846276	0.597592	39	38.8	0	2	2012	1.01768	1.00548	1742
246	856580	1678	391517	465063	100	60	1.65187	0.597592	39	38.8	0	2	2012	1.02006	1.00616	1742
247	637693	1580	186326	451368	100	60	1.83771	0.597592	39	38.8	0	2	2012	1.02055	1.00723	1742
248	686028	1471	250796	435232	100	60	1.98147	0.597592	39	38.8	0	2	2012	1.02287	1.01102	1742
249	720939	1227	302587	418352	100	60	2.00693	0.597592	39	38.8	0	2	2012	1.02742	1.01565	1742
250	679260	1051	273231	406029	100	60	2.08638	0.597592	39	38.8	69637.6	2	2012	1.04027	1.02887	1742
251	684862	918	305992	378871	100	60	2.1552	0.597592	39	38.8	69637.6	2	2012	1.04642	1.03626	1742
252	680587	820	321626	358961	100	60	2.2153	0.597592	39	38.8	69637.6	2	2012	1.06317	1.05665	1742
253	641325	708	313456	327870	100	60	2.26076	0.597592	39	38.8	69637.6	2	2012	1.0762	1.06259	1742
254	606588	624	303369	303220	100	60	2.30486	0.597592	39	38.8	69637.6	2	2012	1.10224	1.08239	1742
255	573423	569	290354	283069	100	60	2.3563	0.597592	39	38.8	69637.6	2	2012	1.10754	1.08618	1742
256	558409	528	280706	269129	100	60	2.37302	0.597592	39	38.8	69637.6	2	2012	1.10877	1.09109	1742
257	528298	479	263718	250068	100	60	2.40907	0.597592	39	38.8	69637.6	2	2012	1.10558	1.08584	1742
258	503296	443	252184	236972	100	60	2.41735	0.597592	39	38.8	69637.6	2	2012	1.11607	1.09882	1742
259	476551	410	241409	221694	100	60	2.39206	0.597592	39	38.8	69637.6	2	2012	1.12349	1.09391	1742
260	456795	385	232471	211833	100	60	2.38211	0.597592	39	38.8	69637.6	2	2012	1.14621	1.10899	1742
261	427172	363	224114	203059	100	60	2.37843	0.597592	39	38.8	69637.6	2	2012	1.14876	1.10145	1742
262	294525	320	110230	184295	100	60	0.114755	0.597592	39	38.8	176824	2	2012	1.00271	0.99566	1742
263	507659	290	204866	302793	100	60	0.0947855	0.597592	39	38.8	176824	2	2012	1.00253	0.99584	1742
264	636751	248	261285	375465	100	60	0.0853173	0.597592	39	38.8	176824	2	2012	1.00217	0.996429	1742
265	630949	227	265523	365426	100	60	0.0929047	0.597592	39	38.8	176824	2	2012	1.00293	0.999281	1742
266	594071	210	259305	334766	100	60	0.103583	0.597592	39	38.8	176824	2	2012	1.00308	1.00055	1742
267	646093	2562	290727	355366	100	60	1.13455	0.597592	39	38.8	176824	2	2012	1.00512	1.00403	1742
268	717047	2400	326186	390860	100	60	1.32917	0.597592	39	38.8	176824	2	2012	1.00549	1.00473	1742
269	766127	2165	351534	414593	100	60	1.61552	0.597592	39	38.8	176824	2	2012	1.00804	1.00556	1742
270	590256	1910	179660	410596	100	60	1.74116	0.597592	37	38.8	176824	2	2012	1.08339	1.13565	1742
271	631561	1499	246038	384100	100	60	0.803004	0.597592	39	38.8	0	2	2012	1.02547	1.02291	1742
272	563954	1256	148553	414517	100	60	0.643511	0.597592	39	38.8	0	2	2012	1.01671	1.01189	1742
273	687556	1093	241974	443891	100	60	0.542738	0.597592	39	38.8	0	2	2012	1.01047	1.00223	1742
274	612007	938	147559	464360	100	60	0.580382	0.597592	39	38.8	0	2	2012	1.01123	1.0027	1742
275	653536	827	211953	441504	100	60	0.635728	0.597592	39	38.8	0	2	2012	1.01223	1.00356	1742
276	715712	1761	277031	438681	100	60	1.34123	0.597592	39	38.8	0	2	2012	1.01457	1.00512	1742
277	751511	1702	318833	432677	100	60	1.54294	0.597592	39	38.8	0	2	2012	1.01557	1.00492	1742
278	598765	1749	166063	432702	100	60	1.88164	0.597592	39	38.8	0	2	2012	1.01823	1.00574	1742
279	629843	1405	225493	404349	100	60	1.95687	0.597592	39	38.8	0	2	2012	1.02244	1.00858	1742
280	618463	1144	243659	374804	100	60	2.04801	0.597592	39	38.8	29078.1	2	2012	1.03061	1.01489	1742
281	650301	1000	287071	363230	100	60	2.14281	0.597592	39	38.8	29078.1	2	2012	1.03524	1.01605	1742
282	645589	860	302832	342758	100	60	2.20583	0.597592	39	38.8	29078.1	2	2012	1.04706	1.02797	1742
283	626502	755	304350	322151	100	60	2.27293	0.597592	39	38.8	29078.1	2	2012	1.05292	1.03453	1742
284	614380	690	305311	309069	100	60	2.32058	0.597592	39	38.8	29078.1	2	2012	1.0589	1.03785	1742
285	583617	616	293459	290158	100	60	2.36707	0.597592	39	38.8	29078.1	2	2012	1.07123	1.04746	1742
286	563724	560	282059	272650	100	60	2.42094	0.597592	39	38.8	29078.1	2	2012	1.07455	1.04521	1742
287	514034	477	255368	244073	100	60	2.4299	0.597592	39	38.8	29078.1	2	2012	1.08397	1.05096	1742
288	479958	424	239552	226365	100	60	2.48202	0.597592	39	38.8	29078.1	2	2012	1.07205	1.03828	1742
289	447897	377	225626	209192	100	60	2.51102	0.597592	39	38.8	29078.1	2	2012	1.08101	1.05676	1742
290	432185	351	218597	201512	100	60	2.506	0.597592	39	38.8	29078.1	2	2012	1.0929	1.06706	1742
291	376006	305	196220	179785	100	60	2.49379	0.597592	39	38.8	29078.1	2	2012	1.09904	1.08784	1742
292	247285	264	85893	161392	100	60	0.101784	0.597592	39	38.8	130911	2	2012	1.002	0.981787	1742
293	452072	227	178252	273820	100	60	0.0792672	0.597592	39	38.8	130911	2	2012	1.0016	0.98175	1742
294	634089	214	257035	377054	100	60	0.0777906	0.597592	39	38.8	130911	2	2012	1.00165	0.984555	1742
295	654853	195	270556	384297	100	60	0.0837029	0.597592	39	38.8	130911	2	2012	1.0018	0.989423	1742
296	615829	182	263441	352388	100	60	0.0938156	0.597592	39	38.8	130911	2	2012	1.00228	0.992785	1742
297	643492	2611	285872	357620	100	60	1.16279	0.597592	39	38.8	130911	2	2012	1.00409	0.996775	1742
298	706716	2294	320323	386392	100	60	1.30688	0.597592	39	38.8	130911	2	2012	1.0045	0.996986	1742
299	785999	2193	360103	425896	100	60	1.63278	0.597592	39	38.8	130911	2	2012	1.00667	0.998026	1742
300	618215	1930	187321	430894	100	60	1.78902	0.597592	39	38.8	130911	2	2012	1.09023	1.13996	1742
301	526208	1520	122681	403438	100	60	0.943709	0.597592	39	38.8	0	2	2012	1.03409	1.01985	1742
302	614251	1285	204900	409056	100	60	0.684341	0.597592	39	38.8	0	2	2012	1.01905	0.999233	1742
303	743962	1090	294716	448816	100	60	0.624438	0.597592	39	38.8	0	2	2012	1.01493	0.995518	1742
304	828377	947	351797	476164	100	60	0.673574	0.597592	39	38.8	0	2	2012	1.01594	0.996645	1742
305	847644	882	374411	472818	100	60	0.803065	0.597592	39	38.8	0	2	2012	1.01985	1.00164	1742
306	828604	1732	377887	450717	100	60	1.58309	0.597592	39	38.8	0	2	2012	1.02109	1.00448	1742
307	839594	1633	393037	446557	100	60	1.77051	0.597592	39	38.8	0	2	2012	1.02388	1.00763	1742
308	839556	1486	400162	439394	100	60	2.00786	0.597592	39	38.8	0	2	2012	1.02705	1.00884	1742
309	818655	1242	396216	422439	100	60	2.04536	0.597592	39	38.8	0	2	2012	1.03006	1.00976	1742
310	675879	1061	270653	405226	100	60	2.16377	0.597592	39	38.8	133098	2	2012	1.02943	1.01142	1742
311	693614	953	304541	389073	100	60	2.24253	0.597592	39	38.8	133098	2	2012	1.03293	1.0095	1742
312	653735	794	305141	348594	100	60	2.26065	0.597592	39	38.8	133098	2	2012	1.03827	1.02028	1742
313	473154	700	148799	324355	100	60	2.28274	0.597592	39	38.8	133098	2	2012	1.04561	1.0273	1742
314	399427	637	94976.1	304451	100	60	2.34278	0.597592	39	38.8	133098	2	2012	1.0504	1.03791	1742
315	428987	596	143828	285159	100	60	2.37734	0.597592	39	38.8	133098	2	2012	1.05433	1.04237	1742
316	444174	527	178623	257306	100	60	2.44227	0.597592	39	38.8	133098	2	2012	1.06076	1.04789	1742
317	464523	489	206031	246597	100	60	2.45964	0.597592	39	38.8	133098	2	2012	1.05123	1.0352	1742
318	445578	427	207943	223803	100	60	2.5409	0.597592	39	38.8	133098	2	2012	1.04036	1.02138	1742
319	425336	375	205565	206136	100	60	2.52793	0.597592	39	38.8	133098	2	2012	1.03608	1.01344	1742
320	424533	357	209017	202548	100	60	2.55468	0.597592	39	38.8	133098	2	2012	1.03279	1.00565	1742
321	379777	313	194760	185017	100	60	2.57921	0.597592	39	38.8	133098	2	2012	1.02786	1	1742
322	269801	296	89151.8	180649	100	60	0.109919	0.597592	39	38.8	241767	2	2012	1.00077	0.987176	1742
323	490350	268	191034	299316	100	60	0.0903269	0.597592	39	38.8	241767	2	2012	1.00058	0.986798	1742
324	638859	247	257728	381131	100	60	0.0890277	0.597592	39	38.8	241767	2	2012	1.00061	0.989396	1742
325	628306	212	259443	368863	100	60	0.091258	0.597592	38	38.8	241767	2	2012	1.00086	0.991883	1742
326	589497	178	251688	337809	100	60	0.0938639	0.597592	38	38.8	241767	2	2012	1.00083	0.990421	1742
327	644213	2672	284299	359914	100	60	1.21451	0.597592	38	38.8	241767	2	2012	1.00134	0.990095	1742
328	706070	2295	316313	389757	100	60	1.31785	0.597592	38	38.8	241767	2	2012	1.00222	0.990476	1742
329	725057	1959	329660	395397	100	60	1.54943	0.597592	38	38.8	241767	2	2012	1.00255	0.989805	1742
330	474992	1817	79873.1	395119	100	60	1.72954	0.597592	36	38.8	241767	2	2012	1.07123	1.11399	1742
331	498468	1442	141898	356259	100	60	0.685598	0.597592	39	38.8	0	2	2012	1.01898	1.00711	1742
332	612426	1208	223111	389009	100	60	0.566662	0.597592	39	38.8	0	2	2012	1.01081	0.997464	1742
333	745565	1061	304070	440982	100	60	0.566074	0.597592	39	38.8	0	2	2012	1.00785	0.995114	1742
334	805653	890	344472	460734	100	60	0.602045	0.597592	39	38.8	0	2	2012	1.00737	0.994665	1742
335	820419	775	362701	457343	100	60	0.647817	0.597592	39	38.8	0	2	2012	1.00798	0.996474	1742
336	817112	1829	371127	445986	100	60	1.46465	0.597592	39	38.8	0	2	2012	1.01001	1.00147	1742
337	828972	1725	383929	445044	100	60	1.59397	0.597592	39	38.8	0	2	2012	1.01092	1.00099	1742
338	836687	1632	394130	442556	100	60	1.85544	0.597592	39	38.8	0	2	2012	1.0144	1.00741	1742
339	821339	1340	393231	428108	100	60	1.90546	0.597592	39	38.8	0	2	2012	1.01549	1.00827	1742
340	698570	1159	281942	416628	100	60	1.99285	0.597592	39	38.8	123904	2	2012	1.01915	1.0113	1742
341	699495	990	307731	391765	100	60	2.09818	0.597592	39	38.8	123904	2	2012	1.02504	1.01423	1742
342	670918	850	313713	357205	100	60	2.17567	0.597592	39	38.8	123904	2	2012	1.02624	1.01659	1742
343	667184	778	323276	343908	100	60	2.23746	0.597592	39	38.8	123904	2	2012	1.03115	1.02458	1742
344	623111	680	308507	314603	100	60	2.29091	0.597592	39	38.8	123904	2	2012	1.0358	1.02802	1742
345	574894	598	289847	285047	100	60	2.31697	0.597592	39	38.8	123904	2	2012	1.04783	1.03859	1742
346	555202	551	277550	267911	100	60	2.36657	0.597592	39	38.8	123904	2	2012	1.04878	1.04189	1742
347	527718	501	260931	250333	100	60	2.39216	0.597592	39	38.8	123904	2	2012	1.04936	1.04409	1742
348	471441	426	233765	222683	100	60	2.43599	0.597592	39	38.8	123904	2	2012	1.04575	1.0331	1742
349	433625	376	216500	203129	100	60	2.45934	0.597592	39	38.8	123904	2	2012	1.03465	1.02419	1742
350	392873	321	196897	183751	100	60	2.49312	0.597592	39	38.8	123904	2	2012	1.03835	1.02839	1742
351	354594	297	183383	171211	100	60	2.51466	0.597592	39	38.8	123904	2	2012	1.03883	1.03082	1742
352	233694	262	75596.1	158098	100	60	0.0980954	0.597592	39	38.8	227336	2	2012	1.00076	0.986045	1742
353	369597	236	88244.9	281352	100	60	0.0798099	0.597592	39	38.8	227336	2	2012	1.00071	0.984753	1742
354	542610	207	171762	370847	100	60	0.0672073	0.597592	38	38.8	227336	2	2012	1.00053	0.984801	1742
355	577668	189	202791	374878	100	60	0.0721831	0.597592	38	38.8	227336	2	2012	1.00064	0.986685	1742
356	548578	161	208452	340126	100	60	0.0761787	0.597592	38	38.8	227336	2	2012	1.0008	0.988776	1742
357	597821	2569	246991	350830	100	60	1.05962	0.597592	38	38.8	227336	2	2012	1.00106	0.98758	1742
358	676008	2380	292803	383205	100	60	1.27975	0.597592	38	38.8	227336	2	2012	1.00104	0.989779	1742
359	753118	2219	334227	418891	100	60	1.63439	0.597592	38	38.8	227336	2	2012	1.002	0.990808	1742
360	578683	1911	169482	409201	100	60	1.78101	0.597592	33	38.8	227336	2	2012	1.07796	1.11617	1742
361	626871	1488	239882	386583	100	60	0.906851	0.597592	39	38.8	0	2	2012	1.02682	1.01808	1742
362	696995	1218	295089	401266	100	60	0.726387	0.597592	39	38.8	0	2	2012	1.01383	1.00314	1742
363	781557	1027	346718	434156	100	60	0.671964	0.597592	39	38.8	0	2	2012	1.00939	0.998276	1742
364	835181	849	376557	458035	100	60	0.67315	0.597592	39	38.8	0	2	2012	1.0091	0.995674	1742
365	853078	776	390453	462083	100	60	0.756988	0.597592	39	38.8	0	2	2012	1.00998	0.996272	1742
366	636060	1644	184827	451233	100	60	1.55773	0.597592	39	38.8	0	2	2012	1.01325	0.99915	1742
367	681223	1579	247561	433662	100	60	1.73102	0.597592	39	38.8	0	2	2012	1.01402	1	1742
368	732364	1475	304373	427991	100	60	1.9415	0.597592	39	38.8	0	2	2012	1.01765	1.00751	1742
369	723149	1173	323217	399933	100	60	1.97091	0.597592	39	38.8	0	2	2012	1.02482	1.02236	1742
370	631511	1002	242050	389461	100	60	2.05375	0.597592	39	38.8	106191	2	2012	1.02887	1.02312	1742
371	622723	835	268108	354615	100	60	2.14635	0.597592	39	38.8	106191	2	2012	1.03454	1.0253	1742
372	596784	712	275691	321093	100	60	2.16417	0.597592	39	38.8	106191	2	2012	1.03928	1.02975	1742
373	565431	608	271651	293780	100	60	2.24761	0.597592	39	38.8	106191	2	2012	1.05152	1.04	1742
374	526872	524	259123	267749	100	60	2.34514	0.597592	39	38.8	106191	2	2012	1.06046	1.0466	1742
375	495718	465	247672	248047	100	60	2.41973	0.597592	39	38.8	106191	2	2012	1.07379	1.05947	1742
376	487741	435	241725	237223	100	60	2.43924	0.597592	39	38.8	106191	2	2012	1.08228	1.07075	1742
377	474915	403	233543	226625	100	60	2.44505	0.597592	39	38.8	106191	2	2012	1.09302	1.07928	1742
378	468364	381	231485	222043	100	60	2.44436	0.597592	39	38.8	106191	2	2012	1.10149	1.08649	1742
379	435009	340	216189	204867	100	60	2.45969	0.597592	39	38.8	106191	2	2012	1.10084	1.07927	1742
380	418426	316	208695	196809	100	60	2.5001	0.597592	39	38.8	106191	2	2012	1.10494	1.08	1742
381	373428	281	192718	180711	100	60	2.52987	0.597592	39	38.8	106191	2	2012	1.10247	1.07547	1742
382	250707	263	78051.8	172655	100	60	0.099567	0.597592	39	38.8	222662	2	2012	1.00143	0.986318	1742
383	457677	230	177006	280671	100	60	0.0776931	0.597592	39	38.8	222662	2	2012	1.00122	0.986194	1742
384	631689	217	254000	377690	100	60	0.0772587	0.597592	39	38.8	222662	2	2012	1.00109	0.986392	1742
385	639174	193	262542	376632	100	60	0.0826094	0.597592	38	38.8	222662	2	2012	1.00163	0.986311	1742
386	591532	177	251926	339605	100	60	0.0912194	0.597592	38	38.8	222662	2	2012	1.00184	0.984699	1742
387	635686	2554	281642	354045	100	60	1.14388	0.597592	38	38.8	222662	2	2012	1.00302	0.986239	1742
388	540567	2320	146372	394194	100	60	1.31292	0.597592	38	38.8	222662	2	2012	1.00384	0.985468	1742
389	587917	2039	206209	381709	100	60	1.61125	0.597592	38	38.8	222662	2	2012	1.00605	0.988801	1742
390	529267	1882	133226	396040	100	60	1.86488	0.597592	37	38.8	222662	2	2012	1.06724	1.0883	1742
391	598854	1537	214536	383651	100	60	0.861631	0.597592	39	38.8	0	2	2012	1.02186	1.00792	1742
392	682990	1258	278457	403753	100	60	0.689943	0.597592	39	38.8	0	2	2012	1.01344	0.998028	1742
393	771126	1050	335356	434768	100	60	0.630671	0.597592	39	38.8	0	2	2012	1.01083	0.996821	1742
394	834760	904	372553	461237	100	60	0.673032	0.597592	39	38.8	0	2	2012	1.01094	0.995745	1742
395	643535	775	185739	457658	100	60	0.688988	0.597592	39	38.8	0	2	2012	1.01302	0.998175	1742
396	701242	1763	252612	448629	100	60	1.51197	0.597592	39	38.8	0	2	2012	1.01539	0.99596	1742
397	711250	1622	292102	419148	100	60	1.65231	0.597592	39	38.8	0	2	2012	1.01579	0.995872	1742
398	763237	1580	337857	425380	100	60	1.92193	0.597592	39	38.8	0	2	2012	1.01902	1	1742
399	776018	1327	358619	417399	100	60	1.97254	0.597592	39	38.8	0	2	2012	1.02348	1.00684	1742
400	693855	1164	276545	417310	100	60	2.0414	0.597592	39	38.8	109619	2	2012	1.02486	1.00692	1742
401	697103	1011	306051	391052	100	60	2.11536	0.597592	39	38.8	109619	2	2012	1.02731	1.00896	1742
402	701521	899	325352	376169	100	60	2.18528	0.597592	39	38.8	109619	2	2012	1.03322	1.01906	1742
403	678705	790	325919	352786	100	60	2.25337	0.597592	39	38.8	109619	2	2012	1.04158	1.02682	1742
404	635067	688	312007	323060	100	60	2.33056	0.597592	39	38.8	109619	2	2012	1.05904	1.04418	1742
405	580443	590	290386	290057	100	60	2.38495	0.597592	39	38.8	109619	2	2012	1.06815	1.04803	1742
406	561784	535	279097	273083	100	60	2.39908	0.597592	39	38.8	109619	2	2012	1.08306	1.06226	1742
407	540334	490	265906	258000	100	60	2.43905	0.597592	39	38.8	109619	2	2012	1.0904	1.06639	1742
408	490062	425	242383	232129	100	60	2.4582	0.597592	39	38.8	109619	2	2012	1.09152	1.07212	1742
409	343244	394	117838	222412	100	60	2.51353	0.597592	39	38.8	109619	2	2012	1.08354	1.06005	1742
410	353685	358	145003	205819	100	60	2.47649	0.597592	39	38.8	109619	2	2012	1.08871	1.07163	1742
411	327686	303	150493	177193	100	60	2.48512	0.597592	39	38.8	109619	2	2012	1.10855	1.09622	1742
412	218300	268	59896.9	158403	100	60	0.190055	0.597592	39	38.8	126736	2	2012	1.00348	1.00197	1742
413	328046	244	120337	207709	100	60	0.134908	0.597592	39	38.8	126736	2	2012	1.00264	1.00111	1742
414	535305	227	225209	310096	100	60	0.126174	0.597592	39	38.8	126736	2	2012	1.00288	1.00111	1742
415	672857	212	286336	386521	100	60	0.134115	0.597592	39	38.8	126736	2	2012	1.00244	1.00086	1742
416	688151	188	296954	391197	100	60	0.143028	0.597592	39	38.8	126736	2	2012	1.00333	1.00252	1742
417	677553	2107	300674	376879	100	60	1.0866	0.597592	39	38.8	126736	2	2012	1.00401	1.00416	1742
418	698893	1903	319215	379678	100	60	1.20494	0.597592	39	38.8	126736	2	2012	1.00427	1.00535	1742
419	746337	1693	349312	397024	100	60	1.44561	0.597592	39	38.8	126736	2	2012	1.006	1.00698	1742
420	588462	1499	185355	403107	100	60	1.46089	0.597592	33	38.8	126736	2	2012	1.15599	1.27321	1742
421	623868	1198	254454	368715	100	60	1.1858	0.597592	39	38.8	0	2	2012	1.1025	1.11657	1742
422	668823	1041	304025	363691	100	60	1.07744	0.597592	39	38.8	0	2	2012	1.05922	1.05375	1742
423	530855	908	164851	365473	100	60	1.00864	0.597592	39	38.8	0	2	2012	1.02955	1.01853	1742
424	620129	817	243147	376108	100	60	1.05341	0.597592	39	38.8	0	2	2012	1.02647	1.01386	1742
425	695877	755	308715	386509	100	60	1.1356	0.597592	39	38.8	0	2	2012	1.02777	1.01198	1742
426	751033	1167	353795	397238	100	60	1.71142	0.597592	39	38.8	0	2	2012	1.03465	1.0172	1742
427	773075	1206	377352	395722	100	60	1.92377	0.597592	39	38.8	0	2	2012	1.04007	1.02346	1742
428	757702	1123	378352	379350	100	60	2.0585	0.597592	39	38.8	0	2	2012	1.04401	1.02342	1742
429	768521	1002	390713	377808	100	60	2.05251	0.597592	39	38.8	0	2	2012	1.05663	1.04141	1742
430	632666	880	271858	360807	100	60	2.07034	0.597592	39	38.8	121805	2	2012	1.0603	1.0474	1742
431	641700	796	298857	342843	100	60	2.11987	0.597592	39	38.8	121805	2	2012	1.05889	1.0447	1742
432	610191	695	298949	311242	100	60	2.13682	0.597592	39	38.8	121805	2	2012	1.07768	1.06735	1742
433	582781	617	295029	287752	100	60	2.15929	0.597592	39	38.8	121805	2	2012	1.08794	1.08099	1742
434	421886	572	147019	274867	100	60	2.19511	0.597592	39	38.8	121805	2	2012	1.11075	1.10971	1742
435	336180	509	88290.4	247890	100	60	2.19433	0.597592	39	38.8	121805	2	2012	1.11475	1.11469	1742
436	296564	474	66155.6	229280	100	60	2.2501	0.597592	39	38.8	121805	2	2012	1.11156	1.1024	1742
437	327294	445	105573	216231	100	60	2.24916	0.597592	39	38.8	121805	2	2012	1.10022	1.08605	1742
438	348829	403	141652	200420	100	60	2.22882	0.597592	39	38.8	121805	2	2012	1.09615	1.08462	1742
439	362259	368	165487	186298	100	60	2.2243	0.597592	39	38.8	121805	2	2012	1.1117	1.0927	1742
440	365601	345	178082	177939	100	60	2.2838	0.597592	39	38.8	121805	2	2012	1.1173	1.09846	1742
441	337311	307	174426	162885	100	60	2.29145	0.597592	39	38.8	121805	2	2012	1.11921	1.09278	1742
442	252453	278	98642.9	153810	100	60	0.101987	0.597592	39	38.8	198404	2	2012	1.00228	0.992113	1742
443	462255	244	189288	272967	100	60	0.0810499	0.597592	39	38.8	198404	2	2012	1.00199	0.99259	1742
444	628979	233	261307	367672	100	60	0.0821459	0.597592	39	38.8	198404	2	2012	1.00211	0.994243	1742
445	615070	200	260604	354467	100	60	0.0858969	0.597592	39	38.8	198404	2	2012	1.00209	0.996065	1742
446	584974	180	256248	328726	100	60	0.0922754	0.597592	39	38.8	198404	2	2012	1.00215	0.995409	1742
447	649896	2445	294044	355852	100	60	1.04917	0.597592	39	38.8	198404	2	2012	1.00355	0.997932	1742
448	721025	2192	330030	390995	100	60	1.20018	0.597592	39	38.8	198404	2	2012	1.0049	0.999673	1742
449	783545	1999	363646	419900	100	60	1.44839	0.597592	39	38.8	198404	2	2012	1.00516	1.00043	1742
450	608788	1762	188558	420230	100	60	1.58639	0.597592	37	38.8	198404	2	2012	1.09115	1.14952	1742
451	659370	1439	261743	396562	100	60	0.845442	0.597592	39	38.8	0	2	2012	1.03078	1.02494	1742
452	731971	1233	319434	411100	100	60	0.720978	0.597592	39	38.8	0	2	2012	1.01683	1.00637	1742
453	807809	1048	371138	434730	100	60	0.661442	0.597592	39	38.8	0	2	2012	1.0095	1	1742
454	861969	905	403210	456999	100	60	0.686785	0.597592	39	38.8	0	2	2012	1.00941	1	1742
455	864399	834	411097	451678	100	60	0.780029	0.597592	39	38.8	0	2	2012	1.01087	1.00277	1742
456	834488	1551	402817	431671	100	60	1.41436	0.597592	39	38.8	0	2	2012	1.01341	1.00476	1742
457	836872	1503	407739	429133	100	60	1.55996	0.597592	39	38.8	0	2	2012	1.01451	1.00892	1742
458	609894	1441	192557	417337	100	60	1.78615	0.597592	39	38.8	0	2	2012	1.0154	1.00767	1742
459	632376	1202	244128	388248	100	60	1.83768	0.597592	39	38.8	0	2	2012	1.02016	1.01506	1742
460	615660	1002	253842	361818	100	60	1.94454	0.597592	39	38.8	33505.6	2	2012	1.03078	1.02708	1742
461	644253	897	294822	349431	100	60	2.04084	0.597592	39	38.8	33505.6	2	2012	1.0371	1.03247	1742
462	637630	788	309614	328017	100	60	2.08177	0.597592	39	38.8	33505.6	2	2012	1.04821	1.04453	1742
463	653317	745	327602	325715	100	60	2.1227	0.597592	39	38.8	33505.6	2	2012	1.06385	1.06199	1742
464	634651	683	324202	310449	100	60	2.14428	0.597592	39	38.8	33505.6	2	2012	1.08046	1.07647	1742
465	614099	632	317103	296996	100	60	2.18537	0.597592	39	38.8	33505.6	2	2012	1.08393	1.07962	1742
466	414361	559	145919	266551	100	60	2.1774	0.597592	39	38.8	33505.6	2	2012	1.09547	1.09025	1742
467	441982	523	180929	252267	100	60	2.23842	0.597592	39	38.8	33505.6	2	2012	1.09481	1.08382	1742
468	458264	483	209150	238028	100	60	2.25213	0.597592	39	38.8	33505.6	2	2012	1.08611	1.07158	1742
469	445422	433	216054	216415	100	60	2.26803	0.597592	39	38.8	33505.6	2	2012	1.07965	1.06368	1742
470	292655	364	103903	186481	100	60	2.25012	0.597592	39	38.8	33505.6	2	2012	1.07592	1.05292	1742
471	289390	321	124652	164738	100	60	2.21997	0.597592	39	38.8	33505.6	2	2012	1.0991	1.08013	1742
472	232496	266	91973.8	140522	100	60	0.143074	0.597592	39	38.8	80360.9	2	2012	1.00299	1.00159	1742
473	385305	264	163724	221581	100	60	0.117977	0.597592	39	38.8	80360.9	2	2012	1.00281	1.00169	1742
474	459026	235	128143	330883	100	60	0.11028	0.597592	39	38.8	80360.9	2	2012	1.00254	1.00111	1742
475	570344	194	191343	379001	100	60	0.0930061	0.597592	39	38.8	80360.9	2	2012	1.00172	1.00073	1742
476	582500	161	216604	365896	100	60	0.0932787	0.597592	39	38.8	80360.9	2	2012	1.00199	1.00168	1742
477	596458	2168	244610	351848	100	60	0.829335	0.597592	39	38.8	80360.9	2	2012	1.00253	1.00194	1742
478	688530	2076	301229	387302	100	60	0.958624	0.597592	39	38.8	80360.9	2	2012	1.00369	1.00349	1742
479	781384	1910	355245	426139	100	60	1.15405	0.597592	39	38.8	80360.9	2	2012	1.0051	1.00506	1742
480	599662	1741	184229	415432	100	60	1.29102	0.597592	33	38.8	80360.9	2	2012	1.10401	1.18433	1742
481	648581	1395	260314	385330	100	60	1.02565	0.597592	39	38.8	0	2	2012	1.05966	1.07078	1742
482	552762	1219	158729	393079	100	60	0.935995	0.597592	39	38.8	0	2	2012	1.03457	1.03408	1742
483	601301	1016	228334	370173	100	60	0.817998	0.597592	39	38.8	0	2	2012	1.02006	1.01373	1742
484	702706	907	307573	391904	100	60	0.862477	0.597592	39	38.8	0	2	2012	1.02062	1.01142	1742
485	776712	829	363472	410510	100	60	0.945198	0.597592	39	38.8	0	2	2012	1.02633	1.01272	1742
486	821514	1329	398347	423167	100	60	1.4394	0.597592	39	38.8	0	2	2012	1.02805	1.01219	1742
487	826100	1316	408650	417450	100	60	1.60652	0.597592	39	38.8	0	2	2012	1.03318	1.0174	1742
488	799655	1247	401950	397705	100	60	1.69061	0.597592	39	38.8	0	2	2012	1.03867	1.02262	1742
489	559622	1032	187524	372098	100	60	1.65939	0.597592	39	38.8	0	2	2012	1.04298	1.03119	1742
490	578726	907	230805	347921	100	60	1.67742	0.597592	39	38.8	8982.54	2	2012	1.05468	1.04862	1742
491	608546	823	279145	329401	100	60	1.68862	0.597592	39	38.8	8982.54	2	2012	1.07129	1.06821	1742
492	635968	767	313375	322593	100	60	1.70228	0.597592	39	38.8	8982.54	2	2012	1.08054	1.07592	1742
493	610089	680	311805	298284	100	60	1.72265	0.597592	39	38.8	8982.54	2	2012	1.10435	1.0944	1742
494	579667	610	302512	277155	100	60	1.76848	0.597592	39	38.8	8982.54	2	2012	1.11808	1.10231	1742
495	564413	576	298183	266230	100	60	1.7813	0.597592	39	38.8	8982.54	2	2012	1.13428	1.11817	1742
496	556620	544	292174	256784	100	60	1.78935	0.597592	39	38.8	8982.54	2	2012	1.14941	1.1367	1742
497	518759	497	269114	236295	100	60	1.78349	0.597592	39	38.8	8982.54	2	2012	1.14898	1.1373	1742
498	466980	432	242900	211883	100	60	1.7985	0.597592	39	38.8	8982.54	2	2012	1.16	1.13981	1742
499	428676	390	224017	193611	100	60	1.74373	0.597592	39	38.8	8982.54	2	2012	1.19307	1.16043	1742
500	391078	347	205228	176055	100	60	1.73137	0.597592	39	38.8	8982.54	2	2012	1.20728	1.18788	1742
501	354984	313	191770	163215	100	60	1.7453	0.597592	39	38.8	8982.54	2	2012	1.20807	1.19529	1742
502	239091	294	84170.3	154921	100	60	0.0928264	0.597592	39	38.8	16951.8	2	2012	1.00382	1.00197	1742
503	487551	289	194729	292823	100	60	0.0839535	0.597592	39	38.8	16951.8	2	2012	1.00332	1.00131	1742
504	628021	249	256963	371059	100	60	0.0764381	0.597592	39	38.8	16951.8	2	2012	1.00316	1.00124	1742
505	611456	231	258541	352915	100	60	0.0844431	0.597592	37	38.8	16951.8	2	2012	1.00345	1.00239	1742
506	586437	208	257887	328551	100	60	0.0909908	0.597592	37	38.8	16951.8	2	2012	1.00402	1.00412	1742
507	473612	2412	123288	350324	100	60	0.947081	0.597592	37	38.8	16951.8	2	2012	1.00662	1.00585	1742
508	535559	2186	185041	350518	100	60	1.141	0.597592	37	38.8	16951.8	2	2012	1.00881	1.00805	1742
509	650937	2031	261211	389726	100	60	1.39317	0.597592	37	38.8	16951.8	2	2012	1.01153	1.01091	1742
510	555578	1882	155450	400128	100	60	1.56132	0.597592	34	38.8	16951.8	2	2012	1.08537	1.13155	1742
511	619216	1537	235656	381163	100	60	0.723019	0.597592	39	38.8	0	2	2012	1.0237	1.02033	1742
512	714774	1284	305543	406279	100	60	0.592217	0.597592	39	38.8	0	2	2012	1.0157	1.01	1742
513	803925	1083	363718	436488	100	60	0.557329	0.597592	39	38.8	0	2	2012	1.01071	1.00484	1742
514	850251	936	393270	453559	100	60	0.60152	0.597592	39	38.8	0	2	2012	1.01139	1.0041	1742
515	838994	832	396123	440056	100	60	0.660864	0.597592	39	38.8	0	2	2012	1.01288	1.00545	1742
516	814828	1628	394103	420726	100	60	1.2584	0.597592	39	38.8	0	2	2012	1.01558	1.00817	1742
517	831227	1582	408166	423061	100	60	1.39872	0.597592	39	38.8	0	2	2012	1.01696	1.01112	1742
518	826488	1436	411984	414504	100	60	1.5856	0.597592	39	38.8	0	2	2012	1.0249	1.02239	1742
519	812563	1227	410199	402364	100	60	1.65447	0.597592	39	38.8	0	2	2012	1.02791	1.0278	1742
520	695507	1046	318441	377066	100	60	1.73042	0.597592	39	38.8	83355.2	2	2012	1.03786	1.04323	1742
521	692147	930	333795	358352	100	60	1.79962	0.597592	39	38.8	83355.2	2	2012	1.04914	1.0573	1742
522	673301	820	336400	336901	100	60	1.83294	0.597592	39	38.8	83355.2	2	2012	1.06511	1.06732	1742
523	643636	737	329484	314151	100	60	1.86523	0.597592	39	38.8	83355.2	2	2012	1.07874	1.07755	1742
524	572209	618	298545	273664	100	60	1.92067	0.597592	39	38.8	83355.2	2	2012	1.08794	1.07667	1742
525	525667	546	277094	248573	100	60	1.92479	0.597592	39	38.8	83355.2	2	2012	1.11056	1.0941	1742
526	505098	496	264259	233270	100	60	1.94772	0.597592	39	38.8	83355.2	2	2012	1.12689	1.11202	1742
527	458248	431	237461	208279	100	60	1.97705	0.597592	39	38.8	83355.2	2	2012	1.13363	1.1182	1742
528	418649	386	217967	189245	100	60	1.95012	0.597592	39	38.8	83355.2	2	2012	1.14394	1.128	1742
529	289600	357	107781	180058	100	60	1.96389	0.597592	39	38.8	83355.2	2	2012	1.15	1.13333	1742
530	238098	337	67592.2	170232	100	60	1.93197	0.597592	39	38.8	83355.2	2	2012	1.17647	1.16149	1742
531	258813	324	95950.4	162862	100	60	1.96603	0.597592	39	38.8	83355.2	2	2012	1.19497	1.18482	1742
532	261455	312	104180	157275	100	60	0.171943	0.597592	39	38.8	102284	2	2012	1.00629	1.00463	1742
533	376763	288	160825	215938	100	60	0.135246	0.597592	39	38.8	102284	2	2012	1.00554	1.00329	1742
534	571264	249	252812	318451	100	60	0.122479	0.597592	39	38.8	102284	2	2012	1.00537	1.00309	1742
535	672257	218	294177	378081	100	60	0.121097	0.597592	39	38.8	102284	2	2012	1.00507	1.00288	1742
536	667785	194	294542	373242	100	60	0.131064	0.597592	39	38.8	102284	2	2012	1.00588	1.00545	1742
537	652590	2047	296187	356402	100	60	0.70654	0.597592	39	38.8	102284	2	2012	1.0075	1.00932	1742
538	725446	1849	337473	387973	100	60	0.770095	0.597592	39	38.8	102284	2	2012	1.00987	1.01452	1742
539	784978	1609	372905	412073	100	60	0.907684	0.597592	39	38.8	102284	2	2012	1.01287	1.01374	1742
540	606515	1452	194582	411933	100	60	0.934578	0.597592	37	38.8	102284	2	2012	1.18354	1.33241	1742
541	646241	1183	264404	375487	100	60	0.79961	0.597592	39	38.8	0	2	2012	1.11919	1.13918	1742
542	693925	1012	314579	370679	100	60	0.739717	0.597592	39	38.8	0	2	2012	1.07882	1.07839	1742
543	544840	871	171896	371090	100	60	0.714691	0.597592	39	38.8	0	2	2012	1.05816	1.04389	1742
544	628535	765	247225	376013	100	60	0.744398	0.597592	39	38.8	0	2	2012	1.05967	1.04093	1742
545	683179	730	304182	374522	100	60	0.803277	0.597592	39	38.8	0	2	2012	1.06135	1.03631	1742
546	743743	1132	354418	389326	100	60	1.06812	0.597592	39	38.8	0	2	2012	1.07123	1.03955	1742
547	743306	1112	365583	377723	100	60	1.1393	0.597592	39	38.8	0	2	2012	1.07535	1.04055	1742
548	722777	1046	363182	359595	100	60	1.22705	0.597592	39	38.8	0	2	2012	1.08254	1.0472	1742
549	714684	912	365624	349060	100	60	1.21944	0.597592	39	38.8	0	2	2012	1.09869	1.06495	1742
550	645132	808	308334	336798	100	60	1.25734	0.597592	39	38.8	58765.2	2	2012	1.11038	1.07985	1742
551	478021	722	158602	319419	100	60	1.25635	0.597592	39	38.8	58765.2	2	2012	1.13384	1.1127	1742
552	492021	639	202052	289969	100	60	1.24881	0.597592	39	38.8	58765.2	2	2012	1.16773	1.14516	1742
553	502996	570	235625	267371	100	60	1.27045	0.597592	39	38.8	58765.2	2	2012	1.19605	1.16637	1742
554	491370	504	245896	245474	100	60	1.27022	0.597592	39	38.8	58765.2	2	2012	1.23497	1.20374	1742
555	347343	453	119222	228121	100	60	1.27121	0.597592	39	38.8	58765.2	2	2012	1.28903	1.25647	1742
556	356941	406	148335	206012	100	60	1.27657	0.597592	39	38.8	58765.2	2	2012	1.31742	1.27513	1742
557	373491	382	174742	194876	100	60	1.28524	0.597592	39	38.8	58765.2	2	2012	1.36074	1.31105	1742
558	380476	362	188785	186349	100	60	1.27849	0.597592	39	38.8	58765.2	2	2012	1.38905	1.35	1742
559	345885	316	176838	164274	100	60	1.2668	0.597592	39	38.8	58765.2	2	2012	1.43345	1.36531	1742
560	332755	297	172511	155933	100	60	1.2559	0.597592	39	38.8	58765.2	2	2012	1.48077	1.40081	1742
561	327844	289	173344	154501	100	60	1.23576	0.597592	39	38.8	58765.2	2	2012	1.508	1.42194	1742
562	270025	266	122255	147770	100	60	0.0847231	0.597592	39	38.8	106318	2	2012	1.0072	0.992682	1742
563	448797	224	193981	254815	100	60	0.0650786	0.597592	39	38.8	106318	2	2012	1.00532	0.991664	1742
564	620889	203	263891	356997	100	60	0.0625142	0.597592	39	38.8	106318	2	2012	1.00515	0.993524	1742
565	618351	176	264764	353586	100	60	0.0647335	0.597592	39	38.8	106318	2	2012	1.00596	0.996874	1742
566	590303	168	260984	329319	100	60	0.0725171	0.597592	39	38.8	106318	2	2012	1.00709	1.00137	1742
567	636045	2381	291367	344679	100	60	0.843334	0.597592	39	38.8	106318	2	2012	1.01207	1.00962	1742
568	736945	2112	342445	394500	100	60	0.966834	0.597592	39	38.8	106318	2	2012	1.01589	1.0148	1742
569	802013	1917	377042	424971	100	60	1.17507	0.597592	39	38.8	106318	2	2012	1.02341	1.0228	1742
570	588696	1608	185444	403253	100	60	1.25266	0.597592	37	38.8	106318	2	2012	1.11665	1.19069	1742
571	630773	1282	255009	372128	100	60	0.712353	0.597592	39	38.8	0	2	2012	1.04466	1.03686	1742
572	698708	1086	311587	382177	100	60	0.587053	0.597592	39	38.8	0	2	2012	1.0275	1.01338	1742
573	774622	938	361503	407316	100	60	0.553633	0.597592	39	38.8	0	2	2012	1.02192	1.00548	1742
574	812880	778	384450	423440	100	60	0.563679	0.597592	39	38.8	0	2	2012	1.02426	1.00468	1742
575	828720	722	396106	428600	100	60	0.634762	0.597592	39	38.8	0	2	2012	1.02492	1.00443	1742
576	604881	1427	188020	416861	100	60	1.12134	0.597592	39	38.8	0	2	2012	1.02589	1.00223	1742
577	643601	1422	246132	397469	100	60	1.26622	0.597592	39	38.8	0	2	2012	1.03056	1.00955	1742
578	696905	1393	303208	393698	100	60	1.41511	0.597592	39	38.8	0	2	2012	1.03589	1.01673	1742
579	726842	1182	341021	385821	100	60	1.44591	0.597592	39	38.8	0	2	2012	1.04074	1.02314	1742
580	716323	1052	329210	387114	100	60	1.49118	0.597592	39	38.8	46234.2	2	2012	1.049	1.03279	1742
581	700444	897	340958	359486	100	60	1.55797	0.597592	39	38.8	46234.2	2	2012	1.05783	1.03937	1742
582	690097	802	348706	341391	100	60	1.58322	0.597592	39	38.8	46234.2	2	2012	1.07628	1.06038	1742
583	673910	724	347443	326467	100	60	1.61164	0.597592	39	38.8	46234.2	2	2012	1.09591	1.0795	1742
584	633860	650	331443	302418	100	60	1.6239	0.597592	39	38.8	46234.2	2	2012	1.12091	1.11268	1742
585	592427	586	312944	279483	100	60	1.64636	0.597592	39	38.8	46234.2	2	2012	1.14015	1.125	1742
586	550868	524	288445	255476	100	60	1.68144	0.597592	39	38.8	46234.2	2	2012	1.16464	1.14425	1742
587	522524	483	271133	239277	100	60	1.69601	0.597592	39	38.8	46234.2	2	2012	1.18468	1.15812	1742
588	470689	425	245359	214540	100	60	1.6867	0.597592	39	38.8	46234.2	2	2012	1.17564	1.14251	1742
589	452404	399	237062	205040	100	60	1.68767	0.597592	39	38.8	46234.2	2	2012	1.19395	1.16095	1742
590	403754	360	212048	182938	100	60	1.63995	0.597592	39	38.8	46234.2	2	2012	1.24355	1.2006	1742
591	277660	345	102684	174976	100	60	1.6201	0.597592	39	38.8	46234.2	2	2012	1.25758	1.21587	1742
592	277681	315	114516	163165	100	60	0.088887	0.597592	39	38.8	58885.5	2	2012	1.00396	0.998665	1742
593	512898	284	213392	299506	100	60	0.0795095	0.597592	39	38.8	58885.5	2	2012	1.00364	0.99944	1742
594	644454	265	268873	375581	100	60	0.0790815	0.597592	39	38.8	58885.5	2	2012	1.00354	0.999237	1742
595	610294	239	261274	349019	100	60	0.0847986	0.597592	39	38.8	58885.5	2	2012	1.00413	1	1742
596	569125	202	253095	316030	100	60	0.0867385	0.597592	39	38.8	58885.5	2	2012	1.00487	1.00122	1742
597	642129	2421	294470	347659	100	60	0.892972	0.597592	39	38.8	58885.5	2	2012	1.0079	1.00341	1742
598	529340	2087	148925	380415	100	60	1.02092	0.597592	39	38.8	58885.5	2	2012	1.00999	1.00466	1742
599	574444	1815	207701	366743	100	60	1.18973	0.597592	39	38.8	58885.5	2	2012	1.01315	1.00601	1742
600	503992	1694	132918	371074	100	60	1.35733	0.597592	37	38.8	58885.5	2	2012	1.07509	1.11289	1742
601	557271	1343	208444	346476	100	60	0.596413	0.597592	39	38.8	0	2	2012	1.0199	1.01403	1742
602	655874	1108	278120	375161	100	60	0.475561	0.597592	39	38.8	0	2	2012	1.01373	1.00719	1742
603	767060	936	345038	418197	100	60	0.440555	0.597592	39	38.8	0	2	2012	1.00983	1.00316	1742
604	811814	789	372548	435939	100	60	0.468078	0.597592	39	38.8	0	2	2012	1.01054	1.00206	1742
605	821870	727	386136	432787	100	60	0.535936	0.597592	39	38.8	0	2	2012	1.01318	1.00301	1742
606	795967	1612	383586	412382	100	60	1.12806	0.597592	39	38.8	0	2	2012	1.01535	1.00327	1742
607	791165	1445	387603	403562	100	60	1.22111	0.597592	39	38.8	0	2	2012	1.01869	1.01019	1742
608	812162	1446	403414	408747	100	60	1.46293	0.597592	39	38.8	0	2	2012	1.02446	1.01532	1742
609	791756	1170	399196	392561	100	60	1.51859	0.597592	39	38.8	0	2	2012	1.03118	1.02675	1742
610	688069	993	319270	368799	100	60	1.58438	0.597592	39	38.8	76740.1	2	2012	1.04205	1.0376	1742
611	661811	839	323189	338622	100	60	1.65031	0.597592	39	38.8	76740.1	2	2012	1.05521	1.04813	1742
612	655096	756	333462	321634	100	60	1.66191	0.597592	39	38.8	76740.1	2	2012	1.07811	1.07343	1742
613	626953	676	326330	300624	100	60	1.68761	0.597592	39	38.8	76740.1	2	2012	1.09988	1.09716	1742
614	595548	605	314513	281034	100	60	1.7056	0.597592	39	38.8	76740.1	2	2012	1.12656	1.115	1742
615	564923	554	301121	263802	100	60	1.73885	0.597592	39	38.8	76740.1	2	2012	1.13942	1.11679	1742
616	543454	517	286566	248820	100	60	1.78404	0.597592	39	38.8	76740.1	2	2012	1.13694	1.10827	1742
617	510081	471	266444	229751	100	60	1.80256	0.597592	39	38.8	76740.1	2	2012	1.17108	1.1329	1742
618	483257	432	252623	217346	100	60	1.80776	0.597592	39	38.8	76740.1	2	2012	1.16704	1.11905	1742
619	439581	386	231058	196407	100	60	1.8136	0.597592	39	38.8	76740.1	2	2012	1.15267	1.10188	1742
620	412307	358	217251	184096	100	60	1.82066	0.597592	39	38.8	76740.1	2	2012	1.17039	1.11437	1742
621	359133	318	194513	164620	100	60	1.8264	0.597592	39	38.8	76740.1	2	2012	1.16511	1.11184	1742
622	272607	293	119851	152756	100	60	0.0902672	0.597592	39	38.8	144995	2	2012	1.0028	0.986692	1742
623	522470	283	223235	299236	100	60	0.0832646	0.597592	39	38.8	144995	2	2012	1.00273	0.985545	1742
624	655720	268	278549	377171	100	60	0.0836662	0.597592	39	38.8	144995	2	2012	1.00304	0.985613	1742
625	465749	248	114740	351009	100	60	0.0947653	0.597592	39	38.8	144995	2	2012	1.00367	0.985551	1742
626	447684	214	141614	306070	100	60	0.0998721	0.597592	39	38.8	144995	2	2012	1.00384	0.985117	1742
627	551837	2362	213143	338694	100	60	0.97189	0.597592	39	38.8	144995	2	2012	1.0058	0.988904	1742
628	507024	2159	127228	379796	100	60	1.22074	0.597592	39	38.8	144995	2	2012	1.00744	0.987338	1742
629	563530	1938	190513	373017	100	60	1.38615	0.597592	39	38.8	144995	2	2012	1.01033	0.991814	1742
630	504589	1805	125724	378864	100	60	1.52939	0.597592	37	38.8	144995	2	2012	1.06776	1.09182	1742
631	576809	1481	209184	365517	100	60	0.631069	0.597592	39	38.8	0	2	2012	1.01659	1.00096	1742
632	679165	1218	281416	395417	100	60	0.517374	0.597592	39	38.8	0	2	2012	1.01034	0.990202	1742
633	778253	1014	343139	431616	100	60	0.474286	0.597592	39	38.8	0	2	2012	1.00688	0.986246	1742
634	824178	846	372350	448785	100	60	0.500376	0.597592	39	38.8	0	2	2012	1.00768	0.98375	1742
635	809400	733	375083	431719	100	60	0.540271	0.597592	39	38.8	0	2	2012	1.00787	0.981943	1742
636	794874	1635	378118	416755	100	60	1.15042	0.597592	39	38.8	0	2	2012	1.00929	0.981191	1742
637	803857	1538	389049	414808	100	60	1.26523	0.597592	39	38.8	0	2	2012	1.01152	0.984566	1742
638	824972	1545	403931	421041	100	60	1.53648	0.597592	39	38.8	0	2	2012	1.01581	0.985065	1742
639	837434	1321	414980	422454	100	60	1.60455	0.597592	39	38.8	0	2	2012	1.02164	0.993161	1742
640	583248	1099	187038	396210	100	60	1.69719	0.597592	39	38.8	5383.52	2	2012	1.02735	0.997258	1742
641	614587	970	242609	371977	100	60	1.80147	0.597592	39	38.8	5383.52	2	2012	1.0359	1.00724	1742
642	640917	861	286507	354410	100	60	1.85591	0.597592	39	38.8	5383.52	2	2012	1.05263	1.02567	1742
643	637524	758	306355	331169	100	60	1.9061	0.597592	39	38.8	5383.52	2	2012	1.06057	1.03453	1742
644	611672	669	305979	305692	100	60	1.96413	0.597592	39	38.8	5383.52	2	2012	1.07831	1.04511	1742
645	565596	582	290334	275262	100	60	1.97844	0.597592	39	38.8	5383.52	2	2012	1.08801	1.04498	1742
646	400056	529	140661	257797	100	60	2.00456	0.597592	39	38.8	5383.52	2	2012	1.10017	1.04571	1742
647	436348	507	178324	249954	100	60	2.03495	0.597592	39	38.8	5383.52	2	2012	1.10786	1.05	1742
648	443032	458	202558	230524	100	60	2.02855	0.597592	39	38.8	5383.52	2	2012	1.10656	1.04213	1742
649	418185	402	204171	202469	100	60	1.98587	0.597592	39	38.8	5383.52	2	2012	1.12411	1.06138	1742
650	406232	366	205800	190016	100	60	1.98214	0.597592	39	38.8	5383.52	2	2012	1.13298	1.08262	1742
651	366181	328	192905	173276	100	60	2.01871	0.597592	39	38.8	5383.52	2	2012	1.14024	1.09677	1742
652	277325	298	114706	162619	100	60	0.0979033	0.597592	39	38.8	81521.6	2	2012	1.00254	0.979061	1742
653	523788	295	220236	303553	100	60	0.0912653	0.597592	39	38.8	81521.6	2	2012	1.00256	0.978829	1742
654	637636	251	266508	371128	100	60	0.082601	0.597592	39	38.8	81521.6	2	2012	1.00247	0.977509	1742
655	608953	230	261824	347130	100	60	0.0910841	0.597592	39	38.8	81521.6	2	2012	1.00334	0.97799	1742
656	567586	193	251803	315783	100	60	0.0907783	0.597592	39	38.8	81521.6	2	2012	1.00376	0.977954	1742
657	642971	2330	293856	349115	100	60	0.967408	0.597592	39	38.8	81521.6	2	2012	1.00559	0.979078	1742
658	535348	2058	149875	385474	100	60	1.13549	0.597592	39	38.8	81521.6	2	2012	1.00737	0.980039	1742
659	579162	1774	204266	374896	100	60	1.36748	0.597592	39	38.8	81521.6	2	2012	1.01129	0.979688	1742
660	527118	1704	134788	392330	100	60	1.56695	0.597592	36	38.8	81521.6	2	2012	1.09101	1.11282	1742
661	593410	1395	216814	374597	100	60	0.674058	0.597592	39	38.8	0	2	2012	1.02384	0.999459	1742
662	691681	1180	288080	401188	100	60	0.561808	0.597592	39	38.8	0	2	2012	1.01485	0.990652	1742
663	606632	983	171001	434932	100	60	0.512646	0.597592	39	38.8	0	2	2012	1.01021	0.986819	1742
664	685775	824	244077	440073	100	60	0.532984	0.597592	39	38.8	0	2	2012	1.0111	0.985199	1742
665	741906	770	300981	439486	100	60	0.598155	0.597592	39	38.8	0	2	2012	1.01503	0.9844	1742
666	769769	1647	338771	430998	100	60	1.20993	0.597592	39	38.8	0	2	2012	1.01756	0.986724	1742
667	587976	1529	168082	419894	100	60	1.33808	0.597592	39	38.8	0	2	2012	1.02067	0.992992	1742
668	629610	1479	229071	400539	100	60	1.58343	0.597592	39	38.8	0	2	2012	1.02888	0.998635	1742
669	707976	1300	298555	409421	100	60	1.6797	0.597592	39	38.8	0	2	2012	1.03242	1	1742
670	687428	1124	290595	396833	100	60	1.78246	0.597592	39	38.8	49662.3	2	2012	1.03224	0.999102	1742
671	527111	967	154037	373074	100	60	1.90453	0.597592	39	38.8	49662.3	2	2012	1.04362	1.00313	1742
672	531406	819	200737	330669	100	60	1.91064	0.597592	39	38.8	49662.3	2	2012	1.05014	1.00865	1742
673	560851	736	247807	313044	100	60	1.9513	0.597592	39	38.8	49662.3	2	2012	1.0583	1.02075	1742
674	565258	662	271650	293608	100	60	1.96514	0.597592	39	38.8	49662.3	2	2012	1.07642	1.04784	1742
675	541231	583	271285	269946	100	60	1.97854	0.597592	39	38.8	49662.3	2	2012	1.11509	1.08392	1742
676	496434	504	251217	237467	100	60	1.97992	0.597592	39	38.8	49662.3	2	2012	1.13569	1.09572	1742
677	487988	470	246081	228437	100	60	2.0303	0.597592	39	38.8	49662.3	2	2012	1.12371	1.08553	1742
678	462953	425	235624	214748	100	60	1.99358	0.597592	39	38.8	49662.3	2	2012	1.13959	1.10194	1742
679	435752	390	223389	200534	100	60	2.00456	0.597592	39	38.8	49662.3	2	2012	1.13486	1.09067	1742
680	392374	344	202267	179691	100	60	2.05199	0.597592	39	38.8	49662.3	2	2012	1.12865	1.07012	1742
681	348260	305	184890	163369	100	60	2.0191	0.597592	39	38.8	49662.3	2	2012	1.15232	1.0931	1742
682	272546	294	110853	161693	100	60	0.0983638	0.597592	39	38.8	126344	2	2012	1.00281	0.971644	1742
683	483946	252	198508	285437	100	60	0.0791991	0.597592	39	38.8	126344	2	2012	1.0022	0.970768	1742
684	611979	210	252456	359523	100	60	0.0699241	0.597592	39	38.8	126344	2	2012	1.00198	0.971215	1742
685	591941	180	249782	342159	100	60	0.0726741	0.597592	39	38.8	126344	2	2012	1.00195	0.96844	1742
686	403526	173	96131.6	307394	100	60	0.0832892	0.597592	39	38.8	126344	2	2012	1.00254	0.96548	1742
687	468676	2304	156779	311897	100	60	0.97963	0.597592	39	38.8	126344	2	2012	1.00371	0.964042	1742
688	570829	2019	226057	344772	100	60	1.18164	0.597592	39	38.8	126344	2	2012	1.00554	0.969638	1742
689	663429	1828	283807	379622	100	60	1.36211	0.597592	39	38.8	126344	2	2012	1.00734	0.970156	1742
690	555746	1732	161354	394392	100	60	1.5579	0.597592	37	38.8	126344	2	2012	1.08487	1.10145	1742
691	587681	1311	228086	358039	100	60	0.700224	0.597592	39	38.8	0	2	2012	1.02538	0.998267	1742
692	658974	1082	285035	371737	100	60	0.555397	0.597592	39	38.8	0	2	2012	1.01498	0.987221	1742
693	763375	941	346663	414112	100	60	0.511821	0.597592	39	38.8	0	2	2012	1.01094	0.984322	1742
694	810317	786	373258	434763	100	60	0.525876	0.597592	39	38.8	0	2	2012	1.01075	0.983005	1742
695	834285	741	391078	441127	100	60	0.605916	0.597592	39	38.8	0	2	2012	1.01308	0.983854	1742
696	794227	1516	379056	415171	100	60	1.23857	0.597592	39	38.8	0	2	2012	1.01601	0.988585	1742
697	808119	1487	390456	417664	100	60	1.37033	0.597592	39	38.8	0	2	2012	1.01797	0.988728	1742
698	820211	1529	400275	419936	100	60	1.61334	0.597592	39	38.8	0	2	2012	1.02456	0.994719	1742
699	765244	1196	378164	387080	100	60	1.6547	0.597592	39	38.8	0	2	2012	1.02916	0.997466	1742
700	550647	1028	176617	374030	100	60	1.75234	0.597592	39	38.8	6023.63	2	2012	1.02995	0.998033	1742
701	559914	876	219435	340479	100	60	1.84369	0.597592	39	38.8	6023.63	2	2012	1.03545	0.998845	1742
702	595497	804	266093	329404	100	60	1.87596	0.597592	39	38.8	6023.63	2	2012	1.04275	1.01005	1742
703	576280	689	277111	299169	100	60	1.95692	0.597592	39	38.8	6023.63	2	2012	1.05452	1.02196	1742
704	545791	596	273627	272164	100	60	2.01062	0.597592	39	38.8	6023.63	2	2012	1.06887	1.03056	1742
705	523849	543	268616	255233	100	60	2.05782	0.597592	39	38.8	6023.63	2	2012	1.08581	1.04673	1742
706	487171	476	248576	230494	100	60	2.04171	0.597592	39	38.8	6023.63	2	2012	1.10646	1.07036	1742
707	482431	454	244022	223706	100	60	2.0747	0.597592	39	38.8	6023.63	2	2012	1.11777	1.08145	1742
708	461205	419	233777	213232	100	60	2.11746	0.597592	39	38.8	6023.63	2	2012	1.10658	1.07426	1742
709	412910	365	210683	189501	100	60	2.15223	0.597592	39	38.8	6023.63	2	2012	1.09383	1.05698	1742
710	391347	335	200636	179072	100	60	2.16073	0.597592	39	38.8	6023.63	2	2012	1.10294	1.05937	1742
711	344362	296	182755	161608	100	60	2.12217	0.597592	39	38.8	6023.63	2	2012	1.10231	1.06338	1742
712	225653	245	86195.9	139457	100	60	0.0831691	0.597592	39	38.8	88833.4	2	2012	1.00153	0.96294	1742
713	454955	200	182436	272519	100	60	0.0622117	0.597592	39	38.8	88833.4	2	2012	1.00147	0.962198	1742
714	605890	184	246264	359625	100	60	0.0599268	0.597592	39	38.8	88833.4	2	2012	1.00157	0.96375	1742
715	577443	167	241629	335814	100	60	0.0687186	0.597592	39	38.8	88833.4	2	2012	1.00209	0.967304	1742
716	549037	155	239270	309767	100	60	0.0765741	0.597592	39	38.8	88833.4	2	2012	1.00233	0.968959	1742
717	608551	2495	274529	334022	100	60	1.07657	0.597592	39	38.8	88833.4	2	2012	1.00377	0.969969	1742
718	700665	2190	319334	381331	100	60	1.21665	0.597592	39	38.8	88833.4	2	2012	1.00407	0.967879	1742
719	753206	1918	346898	406308	100	60	1.44225	0.597592	39	38.8	88833.4	2	2012	1.00546	0.963701	1742
720	564839	1686	173114	391725	100	60	1.551	0.597592	37	38.8	88833.4	2	2012	1.0782	1.08988	1742
721	501288	1396	119169	381322	100	60	0.697885	0.597592	39	38.8	0	2	2012	1.0224	0.981444	1742
722	578823	1135	194922	382283	100	60	0.504396	0.597592	39	38.8	0	2	2012	1.01193	0.971861	1742
723	715691	963	286731	427081	100	60	0.459869	0.597592	39	38.8	0	2	2012	1.00845	0.96967	1742
724	766875	791	326837	437997	100	60	0.486634	0.597592	39	38.8	0	2	2012	1.00926	0.969386	1742
725	795265	715	353070	440549	100	60	0.545007	0.597592	39	38.8	0	2	2012	1.01023	0.96907	1742
726	767698	1648	352718	414980	100	60	1.23338	0.597592	39	38.8	0	2	2012	1.01107	0.96864	1742
727	781939	1556	369423	412516	100	60	1.40873	0.597592	39	38.8	0	2	2012	1.01273	0.967707	1742
728	791538	1472	380722	410816	100	60	1.62728	0.597592	39	38.8	0	2	2012	1.01627	0.971331	1742
729	772941	1195	378593	394348	100	60	1.70188	0.597592	39	38.8	0	2	2012	1.02531	0.978974	1742
730	659481	1023	279825	379656	100	60	1.7909	0.597592	39	38.8	106233	2	2012	1.0348	0.990186	1742
731	637849	856	292168	345681	100	60	1.86264	0.597592	39	38.8	106233	2	2012	1.0473	1.00469	1742
732	619677	739	300559	319118	100	60	1.93145	0.597592	39	38.8	106233	2	2012	1.05078	1.0123	1742
733	579892	626	291450	288442	100	60	1.95545	0.597592	39	38.8	106233	2	2012	1.0641	1.0209	1742
734	556855	571	286344	270512	100	60	1.97096	0.597592	39	38.8	106233	2	2012	1.05959	1.0123	1742
735	523799	520	272309	251489	100	60	1.97338	0.597592	39	38.8	106233	2	2012	1.08251	1.04264	1742
736	500462	480	257349	234752	100	60	2.00584	0.597592	39	38.8	106233	2	2012	1.09793	1.0572	1742
737	452868	412	230097	209167	100	60	2.01156	0.597592	39	38.8	106233	2	2012	1.11062	1.06634	1742
738	422261	372	214956	194768	100	60	2.05525	0.597592	39	38.8	106233	2	2012	1.10127	1.06301	1742
739	408568	350	208652	187759	100	60	2.08045	0.597592	39	38.8	106233	2	2012	1.09264	1.04985	1742
740	368003	308	189172	167991	100	60	2.11154	0.597592	39	38.8	106233	2	2012	1.08544	1.02349	1742
741	329796	277	175011	154785	100	60	2.09688	0.597592	39	38.8	106233	2	2012	1.08711	1.03358	1742
742	233079	249	87584.5	145495	100	60	0.0851547	0.597592	39	38.8	189325	2	2012	1.00155	0.963652	1742
743	463174	225	185419	277755	100	60	0.0714296	0.597592	39	38.8	189325	2	2012	1.00149	0.962631	1742
744	481717	197	119411	362305	100	60	0.0657566	0.597592	39	38.8	189325	2	2012	1.0013	0.962299	1742
745	489278	185	145786	343493	100	60	0.0660158	0.597592	38	38.8	189325	2	2012	1.00134	0.958952	1742
746	485518	150	170352	315167	100	60	0.0671248	0.597592	37	38.8	189325	2	2012	1.00111	0.956302	1742
747	570244	2445	230331	339913	100	60	0.921125	0.597592	37	38.8	189325	2	2012	1.00188	0.957205	1742
748	654954	2214	280186	374768	100	60	1.14377	0.597592	37	38.8	189325	2	2012	1.00294	0.960481	1742
749	710875	1911	316175	394700	100	60	1.34744	0.597592	37	38.8	189325	2	2012	1.00318	0.956376	1742
750	561317	1756	167355	393963	100	60	1.57458	0.597592	32	38.8	189325	2	2012	1.06542	1.06499	1742
751	608198	1401	238441	368392	100	60	0.761659	0.597592	39	38.8	0	2	2012	1.01941	0.985103	1742
752	689663	1179	298424	389415	100	60	0.611053	0.597592	39	38.8	0	2	2012	1.01141	0.975256	1742
753	586039	947	169437	416085	100	60	0.527613	0.597592	39	38.8	0	2	2012	1.007	0.97115	1742
754	682461	805	245565	435755	100	60	0.545798	0.597592	39	38.8	0	2	2012	1.00715	0.969418	1742
755	727586	703	296461	430200	100	60	0.57386	0.597592	39	38.8	0	2	2012	1.00774	0.967358	1742
756	728418	1601	320286	408132	100	60	1.24517	0.597592	39	38.8	0	2	2012	1.00965	0.963317	1742
757	760304	1558	350663	409641	100	60	1.39101	0.597592	39	38.8	0	2	2012	1.01199	0.966111	1742
758	781705	1503	371944	409761	100	60	1.60661	0.597592	39	38.8	0	2	2012	1.01565	0.969272	1742
759	573454	1213	178062	395392	100	60	1.64011	0.597592	39	38.8	0	2	2012	1.01901	0.969371	1742
760	566956	1014	208376	358581	100	60	1.76332	0.597592	39	38.8	16492.7	2	2012	1.02584	0.970356	1742
761	576967	857	247533	329435	100	60	1.88033	0.597592	39	38.8	16492.7	2	2012	1.03048	0.971995	1742
762	582809	745	273114	309695	100	60	1.9157	0.597592	39	38.8	16492.7	2	2012	1.0376	0.977181	1742
763	432815	663	140245	292570	100	60	1.97484	0.597592	39	38.8	16492.7	2	2012	1.04322	0.981818	1742
764	448237	601	177840	270396	100	60	2.03162	0.597592	39	38.8	16492.7	2	2012	1.05204	0.994966	1742
765	470473	555	214546	255927	100	60	2.05133	0.597592	39	38.8	16492.7	2	2012	1.06075	1.01091	1742
766	452661	488	216616	228437	100	60	2.0712	0.597592	39	38.8	16492.7	2	2012	1.06897	1.02282	1742
767	442803	441	216720	213405	100	60	2.07935	0.597592	39	38.8	16492.7	2	2012	1.08075	1.03211	1742
768	414893	387	206732	195642	100	60	2.10605	0.597592	39	38.8	16492.7	2	2012	1.07506	1.02625	1742
769	379540	334	190670	177339	100	60	2.16622	0.597592	39	38.8	16492.7	2	2012	1.05429	0.99697	1742
770	322272	276	163670	149389	100	60	2.17935	0.597592	39	38.8	16492.7	2	2012	1.05654	0.99631	1742
771	223040	255	78783.9	144257	100	60	2.15783	0.597592	39	38.8	16492.7	2	2012	1.08077	1.02008	1742
772	206732	237	72441.6	134290	100	60	0.0801986	0.597592	39	38.8	42185.1	2	2012	1.00132	0.958875	1742
773	434646	213	168567	266079	100	60	0.0686272	0.597592	39	38.8	42185.1	2	2012	1.00133	0.959032	1742
774	606571	185	243097	363474	100	60	0.0644718	0.597592	37	38.8	42185.1	2	2012	1.00116	0.959193	1742
775	599423	162	246855	352567	100	60	0.0685625	0.597592	37	38.8	42185.1	2	2012	1.00137	0.964812	1742
776	561983	148	241240	320744	100	60	0.0754821	0.597592	36	38.8	42185.1	2	2012	1.00152	0.964324	1742
777	617783	2484	275862	341922	100	60	1.07845	0.597592	36	38.8	42185.1	2	2012	1.00225	0.967635	1742
778	690026	2077	312816	377210	100	60	1.17009	0.597592	36	38.8	42185.1	2	2012	1.0025	0.963763	1742
779	731183	1860	336182	395001	100	60	1.44202	0.597592	36	38.8	42185.1	2	2012	1.00455	0.962911	1742
780	484010	1668	82814.2	401196	100	60	1.56272	0.597592	32	38.8	42185.1	2	2012	1.08108	1.09369	1742
781	533240	1412	153541	378480	100	60	0.733104	0.597592	39	38.8	0	2	2012	1.02396	0.984504	1742
782	614263	1163	229213	383690	100	60	0.60649	0.597592	39	38.8	0	2	2012	1.01429	0.974913	1742
783	721966	976	303771	416249	100	60	0.565205	0.597592	39	38.8	0	2	2012	1.01012	0.969912	1742
784	802772	823	353610	447409	100	60	0.600136	0.597592	39	38.8	0	2	2012	1.01004	0.970055	1742
785	823430	739	373646	448222	100	60	0.67705	0.597592	39	38.8	0	2	2012	1.01332	0.969138	1742
786	792274	1636	368945	423330	100	60	1.40802	0.597592	39	38.8	0	2	2012	1.01493	0.972354	1742
787	772048	1416	368175	403873	100	60	1.5004	0.597592	39	38.8	0	2	2012	1.01809	0.972875	1742
788	776956	1349	376915	400041	100	60	1.70537	0.597592	39	38.8	0	2	2012	1.02408	0.976848	1742
789	788420	1172	387123	401297	100	60	1.71513	0.597592	39	38.8	0	2	2012	1.02748	0.980258	1742
790	644537	988	269371	375166	100	60	1.81566	0.597592	39	38.8	115645	2	2012	1.03576	0.994903	1742
791	662674	887	301213	361461	100	60	1.912	0.597592	39	38.8	115645	2	2012	1.04595	1.00114	1742
792	498702	791	155542	343160	100	60	1.98056	0.597592	39	38.8	115645	2	2012	1.0512	1	1742
793	502660	691	194161	308498	100	60	2.02705	0.597592	39	38.8	115645	2	2012	1.06601	1.01464	1742
794	498394	607	219464	278930	100	60	2.05012	0.597592	39	38.8	115645	2	2012	1.07561	1.02174	1742
795	493867	538	234771	259096	100	60	2.05935	0.597592	39	38.8	115645	2	2012	1.09241	1.03208	1742
796	487258	495	236870	241963	100	60	2.07994	0.597592	39	38.8	115645	2	2012	1.09689	1.03704	1742
797	329897	427	111329	215924	100	60	2.10786	0.597592	39	38.8	115645	2	2012	1.10746	1.04556	1742
798	344555	387	137918	200023	100	60	2.1106	0.597592	39	38.8	115645	2	2012	1.12039	1.05277	1742
799	342861	344	153018	182689	100	60	2.13435	0.597592	39	38.8	115645	2	2012	1.12605	1.04505	1742
800	243132	302	78688	163015	100	60	2.13282	0.597592	39	38.8	115645	2	2012	1.13141	1.03436	1742
801	260998	292	104796	156203	100	60	2.13223	0.597592	39	38.8	115645	2	2012	1.13946	1.03214	1742
802	228706	269	83018	145688	100	60	0.162863	0.597592	39	38.8	157600	2	2012	1.00392	1.00021	1742
803	342036	241	140775	201261	100	60	0.121095	0.597592	39	38.8	157600	2	2012	1.00293	1.00008	1742
804	555813	224	242992	312821	100	60	0.115406	0.597592	39	38.8	157600	2	2012	1.00315	0.999916	1742
805	692757	209	300948	391809	100	60	0.121066	0.597592	39	38.8	157600	2	2012	1.00349	1.00064	1742
806	519286	179	135780	383506	100	60	0.126844	0.597592	39	38.8	157600	2	2012	1.00385	1.00175	1742
807	517527	2230	172385	345142	100	60	0.912002	0.597592	39	38.8	157600	2	2012	1.00485	1.00237	1742
808	598753	1905	237797	360956	100	60	0.976847	0.597592	38	38.8	157600	2	2012	1.00537	1.00084	1742
809	706241	1720	308194	398047	100	60	1.13852	0.597592	38	38.8	157600	2	2012	1.00826	1.00309	1742
810	584590	1561	175653	408937	100	60	1.23805	0.597592	33	38.8	157600	2	2012	1.15208	1.23813	1742
811	627821	1267	250247	374307	100	60	0.980952	0.597592	39	38.8	0	2	2012	1.08642	1.09247	1742
812	675378	1072	303891	366802	100	60	0.891346	0.597592	39	38.8	0	2	2012	1.05441	1.0473	1742
813	715820	926	342907	367241	100	60	0.837518	0.597592	39	38.8	0	2	2012	1.03673	1.02578	1742
814	753733	813	370888	377620	100	60	0.867185	0.597592	39	38.8	0	2	2012	1.03432	1.01946	1742
815	779706	745	388698	386633	100	60	0.912652	0.597592	39	38.8	0	2	2012	1.04095	1.01755	1742
816	785349	1141	395993	389356	100	60	1.34118	0.597592	39	38.8	0	2	2012	1.04808	1.01941	1742
817	796534	1164	404811	391723	100	60	1.46135	0.597592	39	38.8	0	2	2012	1.05012	1.02327	1742
818	789062	1153	404896	384166	100	60	1.55578	0.597592	39	38.8	0	2	2012	1.04895	1.02016	1742
819	761320	997	395120	366200	100	60	1.5302	0.597592	39	38.8	0	2	2012	1.04878	1.0253	1742
820	677845	889	324473	353372	100	60	1.54639	0.597592	39	38.8	69666.8	2	2012	1.05938	1.03859	1742
821	665520	791	334075	331445	100	60	1.53824	0.597592	39	38.8	69666.8	2	2012	1.06518	1.0458	1742
822	625191	688	324114	301076	100	60	1.5666	0.597592	39	38.8	69666.8	2	2012	1.07547	1.05279	1742
823	557825	578	294465	263360	100	60	1.58271	0.597592	39	38.8	69666.8	2	2012	1.09573	1.07504	1742
824	538299	537	287384	250915	100	60	1.56884	0.597592	39	38.8	69666.8	2	2012	1.1196	1.09774	1742
825	488290	468	261936	226355	100	60	1.57423	0.597592	39	38.8	69666.8	2	2012	1.13592	1.11447	1742
826	331393	425	121120	209318	100	60	1.57084	0.597592	39	38.8	69666.8	2	2012	1.1886	1.17506	1742
827	331082	369	140131	186061	100	60	1.59483	0.597592	39	38.8	69666.8	2	2012	1.20655	1.1694	1742
828	327914	333	153270	168529	100	60	1.61919	0.597592	39	38.8	69666.8	2	2012	1.21203	1.16564	1742
829	308722	288	153114	148763	100	60	1.59035	0.597592	39	38.8	69666.8	2	2012	1.21711	1.1614	1742
830	216295	260	77212.5	138293	100	60	1.59341	0.597592	39	38.8	69666.8	2	2012	1.22662	1.17188	1742
831	224016	239	96311.8	127704	100	60	1.62546	0.597592	39	38.8	69666.8	2	2012	1.22177	1.1681	1742
832	211762	222	91201.5	120560	100	60	0.0908319	0.597592	39	38.8	92220.4	2	2012	1.00407	1.00276	1742
833	386813	208	165426	221387	100	60	0.0746311	0.597592	39	38.8	92220.4	2	2012	1.00355	1.00245	1742
834	607813	190	260483	347329	100	60	0.0715991	0.597592	39	38.8	92220.4	2	2012	1.00356	1.00232	1742
835	671852	171	285978	385874	100	60	0.0739809	0.597592	39	38.8	92220.4	2	2012	1.00377	1.00279	1742
836	614750	148	268958	345792	100	60	0.0767432	0.597592	39	38.8	92220.4	2	2012	1.0052	1.0056	1742
837	624234	2336	283170	341064	100	60	0.724616	0.597592	38	38.8	92220.4	2	2012	1.00642	1.0081	1742
838	717364	2033	332113	385251	100	60	0.794837	0.597592	38	38.8	92220.4	2	2012	1.00707	1.00985	1742
839	802715	1852	376826	425890	100	60	0.949412	0.597592	38	38.8	92220.4	2	2012	1.00947	1.01074	1742
840	505148	1629	88804	416344	100	60	1.0512	0.597592	37	38.8	92220.4	2	2012	1.13087	1.23072	1742
841	526624	1322	155720	367134	100	60	0.685767	0.597592	39	38.8	0	2	2012	1.05487	1.05761	1742
842	489770	1142	116285	372816	100	60	0.600613	0.597592	39	38.8	0	2	2012	1.03158	1.02699	1742
843	584078	989	206227	373798	100	60	0.558342	0.597592	39	38.8	0	2	2012	1.02069	1.01404	1742
844	693198	857	291542	397446	100	60	0.597696	0.597592	39	38.8	0	2	2012	1.02097	1.00939	1742
845	747307	760	340503	403361	100	60	0.655799	0.597592	39	38.8	0	2	2012	1.02423	1.00693	1742
846	781070	1486	373020	408050	100	60	1.03022	0.597592	39	38.8	0	2	2012	1.02898	1.01029	1742
847	780064	1379	383901	396163	100	60	1.09778	0.597592	39	38.8	0	2	2012	1.03226	1.01586	1742
848	780028	1275	393357	386671	100	60	1.18152	0.597592	39	38.8	0	2	2012	1.03381	1.01986	1742
849	765593	1091	392315	373278	100	60	1.19904	0.597592	39	38.8	0	2	2012	1.04084	1.03157	1742
850	702190	958	341485	360705	100	60	1.24164	0.597592	39	38.8	53703.2	2	2012	1.05036	1.04426	1742
851	689179	852	348440	340738	100	60	1.29256	0.597592	39	38.8	53703.2	2	2012	1.07577	1.07329	1742
852	473063	734	163858	309205	100	60	1.3071	0.597592	39	38.8	53703.2	2	2012	1.09827	1.09615	1742
853	489092	652	206296	282796	100	60	1.30254	0.597592	39	38.8	53703.2	2	2012	1.11125	1.10714	1742
854	503248	595	238184	265064	100	60	1.3243	0.597592	39	38.8	53703.2	2	2012	1.11747	1.10562	1742
855	489464	526	246500	242964	100	60	1.33292	0.597592	39	38.8	53703.2	2	2012	1.15141	1.13204	1742
856	489173	491	252080	232498	100	60	1.31436	0.597592	39	38.8	53703.2	2	2012	1.18023	1.15966	1742
857	473107	461	245862	218901	100	60	1.30969	0.597592	39	38.8	53703.2	2	2012	1.21702	1.18578	1742
858	447324	419	234658	204710	100	60	1.34186	0.597592	39	38.8	53703.2	2	2012	1.22034	1.19794	1742
859	431063	389	228005	195545	100	60	1.3235	0.597592	39	38.8	53703.2	2	2012	1.24352	1.22161	1742
860	403055	356	213856	182321	100	60	1.33066	0.597592	39	38.8	53703.2	2	2012	1.26211	1.23313	1742
861	364330	322	196964	167366	100	60	1.27643	0.597592	39	38.8	53703.2	2	2012	1.31661	1.28912	1742
862	248364	297	90125.7	158238	100	60	0.0893922	0.597592	39	38.8	57535.6	2	2012	1.00545	0.993824	1742
863	378348	279	93537.9	284810	100	60	0.0759142	0.597592	39	38.8	57535.6	2	2012	1.00483	0.993431	1742
864	548942	263	176703	372239	100	60	0.0697035	0.597592	39	38.8	57535.6	2	2012	1.0044	0.992666	1742
865	455349	212	91668.6	363680	100	60	0.068267	0.597592	39	38.8	57535.6	2	2012	1.00511	0.992754	1742
866	427387	177	124895	302492	100	60	0.0731867	0.597592	38	38.8	57535.6	2	2012	1.00573	0.991311	1742
867	506154	2230	189102	317052	100	60	0.763014	0.597592	38	38.8	57535.6	2	2012	1.00793	0.988933	1742
868	487904	2179	119528	368376	100	60	0.977748	0.597592	38	38.8	57535.6	2	2012	1.01134	0.989554	1742
869	559184	2146	190175	369009	100	60	1.16872	0.597592	38	38.8	57535.6	2	2012	1.01409	0.989703	1742
870	501651	1976	126044	375607	100	60	1.33461	0.597592	35	38.8	57535.6	2	2012	1.05747	1.06139	1742
871	573695	1576	207712	362909	100	60	0.706166	0.597592	39	38.8	0	2	2012	1.02129	1.00661	1742
872	668679	1301	278655	386696	100	60	0.592512	0.597592	39	38.8	0	2	2012	1.01458	0.998449	1742
873	764941	1078	342361	417599	100	60	0.541776	0.597592	39	38.8	0	2	2012	1.01166	0.994814	1742
874	842526	920	387522	450335	100	60	0.570702	0.597592	39	38.8	0	2	2012	1.01327	0.996424	1742
875	864956	843	408209	452660	100	60	0.628433	0.597592	39	38.8	0	2	2012	1.01646	0.99738	1742
876	844904	1583	409901	435003	100	60	1.12588	0.597592	39	38.8	0	2	2012	1.01884	0.996121	1742
877	825725	1434	407053	418672	100	60	1.19681	0.597592	39	38.8	0	2	2012	1.02107	0.998839	1742
878	797416	1344	398991	398425	100	60	1.36632	0.597592	39	38.8	0	2	2012	1.02533	1.00373	1742
879	786177	1128	398675	387502	100	60	1.42058	0.597592	39	38.8	0	2	2012	1.02776	1.00623	1742
880	699370	977	324785	374586	100	60	1.50252	0.597592	39	38.8	78108	2	2012	1.03884	1.02156	1742
881	697107	873	339815	357292	100	60	1.57228	0.597592	39	38.8	78108	2	2012	1.04815	1.03103	1742
882	499645	772	165627	334017	100	60	1.60263	0.597592	39	38.8	78108	2	2012	1.05405	1.03636	1742
883	502610	671	204690	297921	100	60	1.64447	0.597592	39	38.8	78108	2	2012	1.06691	1.0403	1742
884	506343	595	234394	271950	100	60	1.66614	0.597592	39	38.8	78108	2	2012	1.10072	1.07215	1742
885	499656	533	248292	251364	100	60	1.66112	0.597592	39	38.8	78108	2	2012	1.11532	1.08868	1742
886	480313	474	244560	229154	100	60	1.65737	0.597592	39	38.8	78108	2	2012	1.13767	1.11325	1742
887	456390	427	234759	209925	100	60	1.64515	0.597592	39	38.8	78108	2	2012	1.13578	1.10952	1742
888	465457	411	241550	212050	100	60	1.66113	0.597592	39	38.8	78108	2	2012	1.12698	1.09606	1742
889	324527	386	119856	202604	100	60	1.67903	0.597592	39	38.8	78108	2	2012	1.14216	1.10667	1742
890	322633	340	138956	181760	100	60	1.65378	0.597592	39	38.8	78108	2	2012	1.16338	1.12462	1742
891	328487	318	157691	170796	100	60	1.60989	0.597592	39	38.8	78108	2	2012	1.19207	1.16066	1742
892	260945	268	111636	149309	100	60	0.105202	0.597592	39	38.8	124014	2	2012	1.00393	1.00271	1742
893	439197	260	187840	251357	100	60	0.0896107	0.597592	39	38.8	124014	2	2012	1.00317	1.00214	1742
894	640148	252	275478	364670	100	60	0.0914173	0.597592	39	38.8	124014	2	2012	1.00341	1.00265	1742
895	701019	234	302562	398458	100	60	0.0984854	0.597592	39	38.8	124014	2	2012	1.00378	1.00283	1742
896	672310	229	298637	373673	100	60	0.114796	0.597592	39	38.8	124014	2	2012	1.00485	1.00492	1742
897	678080	2139	311503	366577	100	60	0.744149	0.597592	39	38.8	124014	2	2012	1.00723	1.00854	1742
898	744539	1887	348401	396138	100	60	0.8519	0.597592	39	38.8	124014	2	2012	1.00964	1.01183	1742
899	814635	1744	387636	426999	100	60	0.999751	0.597592	39	38.8	124014	2	2012	1.01241	1.01362	1742
900	613807	1600	196393	417413	100	60	1.09275	0.597592	34	38.8	124014	2	2012	1.12401	1.21258	1742
901	692221	1375	282086	406324	100	60	0.74414	0.597592	39	38.8	0	2	2012	1.05341	1.05847	1742
902	747798	1152	336364	406646	100	60	0.657736	0.597592	39	38.8	0	2	2012	1.03161	1.02916	1742
903	815132	1019	385715	423271	100	60	0.638231	0.597592	39	38.8	0	2	2012	1.02091	1.01341	1742
904	855290	877	413391	436530	100	60	0.661881	0.597592	39	38.8	0	2	2012	1.02327	1.01163	1742
905	910366	853	446053	459332	100	60	0.754029	0.597592	39	38.8	0	2	2012	1.02719	1.01483	1742
906	904731	1431	449130	455601	100	60	1.11906	0.597592	39	38.8	0	2	2012	1.03101	1.02074	1742
907	892195	1423	447039	445156	100	60	1.21495	0.597592	39	38.8	0	2	2012	1.02998	1.02276	1742
908	832340	1295	421841	410499	100	60	1.30453	0.597592	39	38.8	0	2	2012	1.0361	1.0242	1742
909	800151	1079	410451	389700	100	60	1.3141	0.597592	39	38.8	0	2	2012	1.04892	1.04213	1742
910	712418	952	341689	370730	100	60	1.34569	0.597592	39	38.8	67720.8	2	2012	1.05805	1.05096	1742
911	687597	829	342720	344877	100	60	1.39578	0.597592	39	38.8	67720.8	2	2012	1.07206	1.06227	1742
912	641715	716	329392	312323	100	60	1.40817	0.597592	39	38.8	67720.8	2	2012	1.09653	1.08604	1742
913	613503	647	321621	291882	100	60	1.42395	0.597592	39	38.8	67720.8	2	2012	1.11309	1.10502	1742
914	572788	583	303179	269610	100	60	1.44046	0.597592	39	38.8	67720.8	2	2012	1.14286	1.13708	1742
915	538498	528	287510	250988	100	60	1.43125	0.597592	39	38.8	67720.8	2	2012	1.18228	1.17383	1742
916	494130	465	261828	226450	100	60	1.40157	0.597592	39	38.8	67720.8	2	2012	1.236	1.22371	1742
917	470795	431	247664	212708	100	60	1.42595	0.597592	39	38.8	67720.8	2	2012	1.24605	1.22604	1742
918	457207	411	240886	206293	100	60	1.43118	0.597592	39	38.8	67720.8	2	2012	1.27273	1.22977	1742
919	455672	401	241169	204453	100	60	1.44609	0.597592	39	38.8	67720.8	2	2012	1.26343	1.21123	1742
920	426818	371	226197	191290	100	60	1.45884	0.597592	39	38.8	67720.8	2	2012	1.29178	1.23977	1742
921	387770	351	210267	177503	100	60	1.44139	0.597592	39	38.8	67720.8	2	2012	1.30982	1.26266	1742
922	303413	311	141093	162320	100	60	0.0884369	0.597592	39	38.8	126221	2	2012	1.00478	1.00307	1742
923	527866	279	229691	298175	100	60	0.076463	0.597592	39	38.8	126221	2	2012	1.00413	1.00244	1742
924	624197	227	266758	357439	100	60	0.064179	0.597592	39	38.8	126221	2	2012	1.00352	1.0023	1742
925	590673	197	256899	333774	100	60	0.0664636	0.597592	39	38.8	126221	2	2012	1.00376	1.00252	1742
926	566187	182	254873	311314	100	60	0.0723755	0.597592	39	38.8	126221	2	2012	1.00388	1.00382	1742
927	634703	2374	293028	341674	100	60	0.806829	0.597592	39	38.8	126221	2	2012	1.00637	1.00682	1742
928	731432	2212	341019	390413	100	60	0.948823	0.597592	39	38.8	126221	2	2012	1.00789	1.00854	1742
929	758819	1960	357177	401642	100	60	1.14599	0.597592	39	38.8	126221	2	2012	1.01079	1.0113	1742
930	582075	1756	183467	398608	100	60	1.26496	0.597592	37	38.8	126221	2	2012	1.08687	1.15499	1742
