Time	totMass	NInd	abovemass	belowmass	mean_ares	mean_bres	shannon	meanShannon	NPFT	meanNPFT	Cutted	NNonClonal	NClonal	mean_generation	mean_genet_size	NGenets
1	452.6	0	226.3	226.3	100	60	0	0.796115	39	38.7	0	0	1960	1	0.877442	1709
2	8419.88	0	3311.79	5108.09	100	60	0	0.796115	39	38.7	0	0	1960	1	0.876586	1709
3	39634	0	18451.8	21182.1	100	60	0	0.796115	39	38.7	0	0	1960	1	0.867868	1709
4	118712	0	55797.1	62914.7	100	60	0	0.796115	39	38.7	0	0	1960	1	0.867752	1709
5	265583	0	124931	140652	100	60	0	0.796115	39	38.7	0	0	1960	1	0.868339	1709
6	470839	533	221577	249261	100	60	2.34093	0.796115	39	38.7	0	0	1960	1.00313	0.871658	1709
7	691203	799	327492	363710	100	60	3.17444	0.796115	39	38.7	0	0	1960	1.01151	0.88022	1709
8	875744	870	419581	456163	100	60	3.37614	0.796115	39	38.7	0	0	1960	1.02105	0.888506	1709
9	1.00265e+006	819	485959	516694	100	60	3.20412	0.796115	39	38.7	0	0	1960	1.03708	0.910867	1709
10	1.08789e+006	757	533393	554493	100	60	3.00704	0.796115	39	38.7	0	0	1960	1.06156	0.94716	1709
11	1.17573e+006	729	582797	592931	100	60	2.91677	0.796115	39	38.7	0	0	1960	1.07777	0.973937	1709
12	1.23562e+006	705	617346	618278	100	60	2.8365	0.796115	39	38.7	0	0	1960	1.09821	0.995733	1709
13	1.28458e+006	684	646155	638420	100	60	2.80472	0.796115	39	38.7	0	0	1960	1.11277	1.01175	1709
14	1.32377e+006	675	669099	654670	100	60	2.7986	0.796115	39	38.7	0	0	1960	1.13995	1.04655	1709
15	1.35458e+006	676	687277	667301	100	60	2.86068	0.796115	39	38.7	0	0	1960	1.14981	1.05335	1709
16	1.39582e+006	671	699843	675963	100	60	2.89624	0.796115	39	38.7	0	0	1960	1.17523	1.07396	1709
17	1.43892e+006	676	713032	687160	100	60	2.95677	0.796115	39	38.7	0	0	1960	1.18519	1.07932	1709
18	1.46582e+006	678	723995	697033	100	60	3.03668	0.796115	39	38.7	0	0	1960	1.1822	1.06151	1709
19	1.4908e+006	675	736989	708100	100	60	3.08104	0.796115	39	38.7	0	0	1960	1.18116	1.04625	1709
20	1.49804e+006	668	742159	710939	100	60	3.10179	0.796115	39	38.7	0	0	1960	1.18815	1.0389	1709
21	1.45548e+006	665	743530	711951	100	60	3.1271	0.796115	39	38.7	0	0	1960	1.19184	1.03618	1709
22	1.4595e+006	662	747139	712361	100	60	0.793525	0.796115	39	38.7	0	0	1960	1.03061	0.89268	1709
23	1.48022e+006	653	752893	727329	100	60	0.789267	0.796115	39	38.7	0	0	1960	1.03412	0.900594	1709
24	1.49261e+006	641	756876	735733	100	60	0.808138	0.796115	39	38.7	0	0	1960	1.03784	0.927553	1709
25	1.48287e+006	626	752883	729988	100	60	0.902156	0.796115	39	38.7	0	0	1960	1.04718	0.959365	1709
26	1.50795e+006	620	764913	743035	100	60	1.04923	0.796115	39	38.7	0	0	1960	1.061	0.99021	1709
27	1.53915e+006	1430	778127	761018	100	60	2.41528	0.796115	39	38.7	0	0	1960	1.08123	1.01462	1709
28	1.55873e+006	1348	786454	772276	100	60	2.5353	0.796115	39	38.7	0	0	1960	1.09735	1.03045	1709
29	1.58764e+006	1263	800445	787198	100	60	2.59727	0.796115	39	38.7	0	0	1960	1.10902	1.04147	1709
30	1.20009e+006	1206	404129	795962	100	60	2.22611	0.796115	39	38.7	0	0	1960	1.37516	1.47694	1709
31	1.19537e+006	1015	467092	728123	100	60	1.05217	0.796115	39	38.7	0	0	1960	1.1028	0.985377	1709
32	1.1802e+006	880	496685	683256	100	60	0.871822	0.796115	39	38.7	0	0	1960	1.07262	0.961124	1709
33	894811	751	244795	649868	100	60	0.732597	0.796115	39	38.7	0	0	1960	1.0564	0.941375	1709
34	951112	674	320748	630137	100	60	0.853692	0.796115	39	38.7	0	0	1960	1.06792	0.951766	1709
35	959010	717	369267	589574	100	60	1.11694	0.796115	39	38.7	0	0	1960	1.0826	0.981785	1709
36	943407	808	396000	547407	100	60	1.43957	0.796115	39	38.7	0	0	1960	1.0882	1.00394	1709
37	949640	945	421860	527780	100	60	1.97139	0.796115	39	38.7	0	0	1960	1.10016	1.0231	1709
38	937958	1009	432046	505911	100	60	2.50408	0.796115	39	38.7	0	0	1960	1.11966	1.03632	1709
39	964525	885	453763	510762	100	60	2.63935	0.796115	39	38.7	0	0	1960	1.12867	1.04534	1709
40	624791	747	152864	471928	100	60	2.61615	0.796115	39	38.7	314572	0	1960	1.13415	1.04906	1709
41	651507	643	206433	445074	100	60	2.67674	0.796115	39	38.7	314572	0	1960	1.14007	1.05369	1709
42	642224	545	242305	399919	100	60	2.67123	0.796115	39	38.7	314572	0	1960	1.14794	1.04528	1709
43	518158	473	134080	384079	100	60	2.7229	0.796115	39	38.7	314572	0	1960	1.17466	1.05721	1709
44	454052	428	92025.7	362027	100	60	2.76458	0.796115	39	38.7	314572	0	1960	1.20278	1.08951	1709
45	470204	380	137315	332889	100	60	2.87015	0.796115	39	38.7	314572	0	1960	1.21823	1.09222	1709
46	509702	353	183860	317953	100	60	2.90807	0.796115	39	38.7	314572	0	1960	1.25668	1.11146	1709
47	505952	310	206946	287369	100	60	2.913	0.796115	39	38.7	314572	0	1960	1.28037	1.12324	1709
48	510554	283	225820	271321	100	60	2.9638	0.796115	39	38.7	314572	0	1960	1.28723	1.12403	1709
49	519650	261	239015	265840	100	60	2.95038	0.796115	39	38.7	314572	0	1960	1.2973	1.11915	1709
50	516596	241	245704	257285	100	60	3.02378	0.796115	39	38.7	314572	0	1960	1.29114	1.10138	1709
51	475652	221	236405	239247	100	60	3.03907	0.796115	39	38.7	314572	0	1960	1.31132	1.08763	1709
52	269173	196	51623.7	217549	100	60	0.131705	0.796115	39	38.7	509953	0	1960	1.00627	0.877116	1709
53	404540	182	125909	278631	100	60	0.0895223	0.796115	39	38.7	509953	0	1960	1.00465	0.876886	1709
54	613855	171	229806	384049	100	60	0.0898485	0.796115	39	38.7	509953	0	1960	1.00469	0.879947	1709
55	683573	156	266998	416575	100	60	0.096781	0.796115	39	38.7	509953	0	1960	1.00545	0.894098	1709
56	672149	149	274887	397262	100	60	0.114828	0.796115	39	38.7	509953	0	1960	1.00697	0.910618	1709
57	553811	2134	138081	415730	100	60	1.32578	0.796115	39	38.7	509953	0	1960	1.00974	0.921924	1709
58	633859	2176	206237	427622	100	60	1.68864	0.796115	39	38.7	509953	0	1960	1.01309	0.926277	1709
59	740590	1882	275907	464683	100	60	1.98595	0.796115	39	38.7	509953	0	1960	1.0172	0.926395	1709
60	614521	1642	155281	459240	100	60	2.15578	0.796115	39	38.7	509953	0	1960	1.11366	1.088	1709
61	672202	1304	231523	440444	100	60	1.32819	0.796115	39	38.7	0	0	1960	1.0577	0.962081	1709
62	710004	1057	282029	427635	100	60	1.09695	0.796115	39	38.7	0	0	1960	1.04126	0.931478	1709
63	778517	872	332142	445989	100	60	0.994592	0.796115	39	38.7	0	0	1960	1.03434	0.913798	1709
64	826066	725	367992	457606	100	60	1.02448	0.796115	39	38.7	0	0	1960	1.03953	0.916516	1709
65	846310	653	385326	460641	100	60	1.1121	0.796115	39	38.7	0	0	1960	1.04636	0.912771	1709
66	875792	1135	405866	469926	100	60	2.0187	0.796115	39	38.7	0	0	1960	1.05522	0.918746	1709
67	887610	1095	417166	470444	100	60	2.22756	0.796115	39	38.7	0	0	1960	1.05918	0.925778	1709
68	904861	1063	430277	474584	100	60	2.41358	0.796115	39	38.7	0	0	1960	1.06995	0.936599	1709
69	874930	884	420204	454726	100	60	2.3929	0.796115	39	38.7	0	0	1960	1.0768	0.957275	1709
70	635291	789	188160	447131	100	60	2.45953	0.796115	39	38.7	252392	0	1960	1.08174	0.966234	1709
71	659268	691	241035	418233	100	60	2.53367	0.796115	39	38.7	252392	0	1960	1.10636	0.977745	1709
72	693562	630	288947	404615	100	60	2.57553	0.796115	39	38.7	252392	0	1960	1.13115	1	1709
73	676397	550	305138	371260	100	60	2.61453	0.796115	39	38.7	252392	0	1960	1.14675	1.01136	1709
74	629459	460	297523	331936	100	60	2.63061	0.796115	39	38.7	252392	0	1960	1.18596	1.03409	1709
75	629808	427	305214	324593	100	60	2.70593	0.796115	39	38.7	252392	0	1960	1.21212	1.0468	1709
76	580924	370	281659	289676	100	60	2.65789	0.796115	39	38.7	252392	0	1960	1.23604	1.0659	1709
77	588232	356	283805	286870	100	60	2.68099	0.796115	39	38.7	252392	0	1960	1.24457	1.08182	1709
78	434084	337	146788	283559	100	60	2.71353	0.796115	39	38.7	252392	0	1960	1.2449	1.05751	1709
79	438445	306	173737	256083	100	60	2.67601	0.796115	39	38.7	252392	0	1960	1.28105	1.08511	1709
80	439117	280	194916	236430	100	60	2.68842	0.796115	39	38.7	252392	0	1960	1.28159	1.09843	1709
81	412512	255	196844	215669	100	60	2.70269	0.796115	39	38.7	252392	0	1960	1.29339	1.11607	1709
82	249043	221	58588.5	190454	100	60	0.141678	0.796115	39	38.7	398263	0	1960	1.00639	0.933927	1709
83	387616	196	132379	255236	100	60	0.09483	0.796115	39	38.7	398263	0	1960	1.0044	0.9318	1709
84	601467	181	236127	365339	100	60	0.0915186	0.796115	39	38.7	398263	0	1960	1.00445	0.934828	1709
85	689581	163	278490	411092	100	60	0.0955542	0.796115	39	38.7	398263	0	1960	1.00529	0.943092	1709
86	658966	147	274436	384531	100	60	0.107957	0.796115	39	38.7	398263	0	1960	1.00581	0.951776	1709
87	679895	2184	294870	385025	100	60	1.26032	0.796115	39	38.7	398263	0	1960	1.00826	0.953246	1709
88	755326	2043	335202	420124	100	60	1.47199	0.796115	39	38.7	398263	0	1960	1.01084	0.956505	1709
89	824563	1747	369994	454569	100	60	1.76147	0.796115	39	38.7	398263	0	1960	1.01537	0.960823	1709
90	650574	1570	191969	458605	100	60	1.88838	0.796115	39	38.7	398263	0	1960	1.12395	1.15478	1709
91	693701	1251	262532	430603	100	60	1.28049	0.796115	39	38.7	0	0	1960	1.07076	1.01278	1709
92	723535	1037	305123	417629	100	60	1.05807	0.796115	39	38.7	0	0	1960	1.04444	0.967273	1709
93	758968	865	338409	419701	100	60	0.949256	0.796115	39	38.7	0	0	1960	1.03093	0.952062	1709
94	809258	730	369812	438650	100	60	0.945856	0.796115	39	38.7	0	0	1960	1.03033	0.954789	1709
95	880891	716	407279	472954	100	60	1.06648	0.796115	39	38.7	0	0	1960	1.03603	0.964241	1709
96	899252	1272	419997	479254	100	60	1.90976	0.796115	39	38.7	0	0	1960	1.04118	0.967582	1709
97	891633	1268	420719	470914	100	60	2.11542	0.796115	39	38.7	0	0	1960	1.04673	0.975456	1709
98	871172	1155	415337	455836	100	60	2.24773	0.796115	39	38.7	0	0	1960	1.05374	0.981481	1709
99	883638	1025	426529	457109	100	60	2.20166	0.796115	39	38.7	0	0	1960	1.05644	0.992056	1709
100	649818	879	222970	426847	100	60	2.23655	0.796115	39	38.7	208433	0	1960	1.06464	0.996544	1709
101	673056	781	267402	405653	100	60	2.31774	0.796115	39	38.7	208433	0	1960	1.06831	1.00648	1709
102	686862	702	300647	386214	100	60	2.35927	0.796115	39	38.7	208433	0	1960	1.0899	1.03329	1709
103	681144	626	315546	365598	100	60	2.43424	0.796115	39	38.7	208433	0	1960	1.10993	1.04397	1709
104	640343	545	306894	333449	100	60	2.46939	0.796115	39	38.7	208433	0	1960	1.1252	1.05066	1709
105	609642	482	298579	311064	100	60	2.52639	0.796115	39	38.7	208433	0	1960	1.1211	1.04701	1709
106	564826	425	275765	279911	100	60	2.52627	0.796115	39	38.7	208433	0	1960	1.14839	1.08475	1709
107	545670	393	264857	264883	100	60	2.58959	0.796115	39	38.7	208433	0	1960	1.16302	1.09574	1709
108	507581	351	248517	243589	100	60	2.62574	0.796115	39	38.7	208433	0	1960	1.1676	1.09639	1709
109	460198	304	227390	218720	100	60	2.66772	0.796115	39	38.7	208433	0	1960	1.15016	1.05862	1709
110	432022	279	214076	205289	100	60	2.6667	0.796115	39	38.7	208433	0	1960	1.16901	1.05263	1709
111	402461	264	205960	196501	100	60	2.71932	0.796115	39	38.7	208433	0	1960	1.17939	1.06122	1709
112	246048	235	63613.9	182434	100	60	0.108092	0.796115	39	38.7	245829	0	1960	1.00355	0.93036	1709
113	439640	217	155348	284292	100	60	0.0822618	0.796115	39	38.7	245829	0	1960	1.00255	0.929933	1709
114	631296	193	243641	387654	100	60	0.0777622	0.796115	39	38.7	245829	0	1960	1.00258	0.93423	1709
115	651716	159	259721	391996	100	60	0.0758273	0.796115	39	38.7	245829	0	1960	1.00274	0.945101	1709
116	602166	140	250764	351402	100	60	0.0815295	0.796115	39	38.7	245829	0	1960	1.00298	0.949226	1709
117	636044	2282	278156	357888	100	60	1.14808	0.796115	38	38.7	245829	0	1960	1.00499	0.953321	1709
118	718753	2236	320857	397896	100	60	1.4029	0.796115	38	38.7	245829	0	1960	1.00598	0.95352	1709
119	778036	1929	351241	426795	100	60	1.75044	0.796115	38	38.7	245829	0	1960	1.00913	0.954926	1709
120	609181	1633	180620	428561	100	60	1.89151	0.796115	38	38.7	245829	0	1960	1.08641	1.08856	1709
121	676203	1342	256487	418959	100	60	0.991063	0.796115	39	38.7	0	0	1960	1.03265	0.973657	1709
122	740479	1112	309726	429679	100	60	0.805125	0.796115	39	38.7	0	0	1960	1.02181	0.960847	1709
123	839563	948	369701	468664	100	60	0.719052	0.796115	39	38.7	0	0	1960	1.01439	0.953139	1709
124	896718	811	402674	492957	100	60	0.752432	0.796115	39	38.7	0	0	1960	1.01663	0.953957	1709
125	928340	755	422976	504414	100	60	0.847169	0.796115	39	38.7	0	0	1960	1.02069	0.957357	1709
126	909695	1545	421083	488612	100	60	1.68185	0.796115	39	38.7	0	0	1960	1.02214	0.957312	1709
127	876382	1393	411742	464640	100	60	1.7911	0.796115	39	38.7	0	0	1960	1.02573	0.963832	1709
128	883198	1298	419999	463200	100	60	2.01253	0.796115	39	38.7	0	0	1960	1.02928	0.962529	1709
129	871152	1081	418998	452153	100	60	2.05359	0.796115	39	38.7	0	0	1960	1.03612	0.975655	1709
130	666500	924	231739	434761	100	60	2.19404	0.796115	39	38.7	193781	0	1960	1.04822	0.975904	1709
131	642389	764	254726	387663	100	60	2.28812	0.796115	39	38.7	193781	0	1960	1.05309	0.970822	1709
132	659794	693	287849	371945	100	60	2.36858	0.796115	39	38.7	193781	0	1960	1.06349	0.983871	1709
133	612746	579	284428	328318	100	60	2.40135	0.796115	39	38.7	193781	0	1960	1.08511	1.00176	1709
134	616911	536	296805	320107	100	60	2.43244	0.796115	39	38.7	193781	0	1960	1.11164	1.02672	1709
135	585292	481	288478	296813	100	60	2.47277	0.796115	39	38.7	193781	0	1960	1.13863	1.04691	1709
136	593779	461	291692	292621	100	60	2.49677	0.796115	39	38.7	193781	0	1960	1.14596	1.05405	1709
137	421366	419	142621	275561	100	60	2.5336	0.796115	39	38.7	193781	0	1960	1.16143	1.07	1709
138	425472	376	166290	251231	100	60	2.54118	0.796115	39	38.7	193781	0	1960	1.16244	1.07022	1709
139	430672	341	186926	233959	100	60	2.60449	0.796115	39	38.7	193781	0	1960	1.14857	1.04954	1709
140	421328	310	195672	216837	100	60	2.64339	0.796115	39	38.7	193781	0	1960	1.14194	1.04452	1709
141	395119	278	193681	201438	100	60	2.58109	0.796115	39	38.7	193781	0	1960	1.16071	1.04528	1709
142	270250	258	74916.5	195334	100	60	0.124351	0.796115	39	38.7	319663	0	1960	1.00332	0.961441	1709
143	445026	237	159458	285568	100	60	0.0939879	0.796115	39	38.7	319663	0	1960	1.00244	0.95988	1709
144	627659	205	245027	382632	100	60	0.0874902	0.796115	39	38.7	319663	0	1960	1.00277	0.961893	1709
145	683184	191	274422	408762	100	60	0.0929903	0.796115	39	38.7	319663	0	1960	1.00305	0.963309	1709
146	624813	174	259746	365067	100	60	0.105391	0.796115	39	38.7	319663	0	1960	1.00336	0.963639	1709
147	665089	2200	289708	375381	100	60	1.13182	0.796115	39	38.7	319663	0	1960	1.0049	0.962217	1709
148	741261	1999	329875	411387	100	60	1.27414	0.796115	39	38.7	319663	0	1960	1.00515	0.961591	1709
149	820796	1782	369982	450814	100	60	1.57282	0.796115	39	38.7	319663	0	1960	1.00746	0.959478	1709
150	640483	1679	189668	450815	100	60	1.79442	0.796115	37	38.7	319663	0	1960	1.09938	1.11557	1709
151	706566	1374	269022	436456	100	60	1.09557	0.796115	39	38.7	0	0	1960	1.04545	1.00969	1709
152	752982	1140	318387	433129	100	60	0.896088	0.796115	39	38.7	0	0	1960	1.02689	0.98164	1709
153	828121	980	368181	458192	100	60	0.829471	0.796115	39	38.7	0	0	1960	1.01872	0.978701	1709
154	874238	827	396225	476471	100	60	0.839609	0.796115	39	38.7	0	0	1960	1.01918	0.976178	1709
155	906283	762	416885	488115	100	60	0.936707	0.796115	39	38.7	0	0	1960	1.02188	0.976234	1709
156	881301	1346	411415	469886	100	60	1.69074	0.796115	39	38.7	0	0	1960	1.02647	0.975025	1709
157	852661	1258	402233	450428	100	60	1.83666	0.796115	39	38.7	0	0	1960	1.02802	0.979606	1709
158	825423	1175	395549	429874	100	60	2.03454	0.796115	39	38.7	0	0	1960	1.03767	0.987024	1709
159	792178	980	384424	407754	100	60	2.04794	0.796115	39	38.7	0	0	1960	1.04678	0.993789	1709
160	630907	861	228231	402676	100	60	2.16267	0.796115	39	38.7	170947	0	1960	1.05992	1.00471	1709
161	638642	759	265235	373407	100	60	2.24276	0.796115	39	38.7	170947	0	1960	1.07084	1.01346	1709
162	485748	670	142047	343701	100	60	2.25817	0.796115	39	38.7	170947	0	1960	1.07646	1.02744	1709
163	483273	579	178974	304299	100	60	2.30876	0.796115	39	38.7	170947	0	1960	1.09013	1.0318	1709
164	522575	541	224499	298076	100	60	2.37834	0.796115	39	38.7	170947	0	1960	1.1068	1.04726	1709
165	505993	474	234656	271337	100	60	2.37592	0.796115	39	38.7	170947	0	1960	1.14449	1.07809	1709
166	504432	438	239774	256148	100	60	2.44009	0.796115	39	38.7	170947	0	1960	1.16595	1.10402	1709
167	503925	413	241716	247826	100	60	2.46812	0.796115	39	38.7	170947	0	1960	1.17647	1.10076	1709
168	364442	386	124018	237602	100	60	2.48544	0.796115	39	38.7	170947	0	1960	1.18112	1.09704	1709
169	387159	362	153052	226946	100	60	2.48917	0.796115	39	38.7	170947	0	1960	1.18529	1.0951	1709
170	384094	325	170372	207459	100	60	2.4935	0.796115	39	38.7	170947	0	1960	1.19077	1.07792	1709
171	357224	280	170696	186528	100	60	2.41072	0.796115	39	38.7	170947	0	1960	1.24199	1.12075	1709
172	255659	257	81487.8	174171	100	60	0.120342	0.796115	39	38.7	268677	0	1960	1.00454	0.97981	1709
173	443503	242	169399	274104	100	60	0.0949254	0.796115	39	38.7	268677	0	1960	1.00354	0.976608	1709
174	641591	219	257988	383602	100	60	0.0910436	0.796115	39	38.7	268677	0	1960	1.00331	0.977988	1709
175	695468	210	285409	410059	100	60	0.100414	0.796115	39	38.7	268677	0	1960	1.004	0.978775	1709
176	637616	203	270978	366638	100	60	0.116421	0.796115	39	38.7	268677	0	1960	1.00513	0.980566	1709
177	645682	2197	285628	360053	100	60	1.05839	0.796115	39	38.7	268677	0	1960	1.00639	0.981223	1709
178	739196	2058	333388	405808	100	60	1.21568	0.796115	39	38.7	268677	0	1960	1.00804	0.983193	1709
179	788024	1798	359900	428124	100	60	1.51504	0.796115	39	38.7	268677	0	1960	1.01153	0.983924	1709
180	514348	1649	87581.6	426767	100	60	1.68	0.796115	38	38.7	268677	0	1960	1.09658	1.13431	1709
181	530443	1314	152695	376368	100	60	0.872279	0.796115	39	38.7	0	0	1960	1.03512	1.00737	1709
182	615258	1102	228246	385413	100	60	0.734005	0.796115	39	38.7	0	0	1960	1.02443	0.993957	1709
183	714761	950	301349	411182	100	60	0.70413	0.796115	39	38.7	0	0	1960	1.0161	0.982346	1709
184	792337	800	350682	439703	100	60	0.733742	0.796115	39	38.7	0	0	1960	1.01549	0.979408	1709
185	855666	750	389352	464526	100	60	0.835784	0.796115	39	38.7	0	0	1960	1.01951	0.982054	1709
186	862907	1543	400864	462042	100	60	1.64882	0.796115	39	38.7	0	0	1960	1.02583	0.989042	1709
187	864694	1457	408288	456407	100	60	1.76955	0.796115	39	38.7	0	0	1960	1.02773	0.995031	1709
188	840568	1307	403215	437352	100	60	1.90531	0.796115	39	38.7	0	0	1960	1.0306	0.993818	1709
189	809227	1095	394391	414835	100	60	1.92905	0.796115	39	38.7	0	0	1960	1.03842	1.00369	1709
190	667190	941	272156	395034	100	60	2.00525	0.796115	39	38.7	124546	0	1960	1.04542	1.01074	1709
191	683795	851	305248	378547	100	60	2.08447	0.796115	39	38.7	124546	0	1960	1.06144	1.02372	1709
192	655759	738	309052	346707	100	60	2.1327	0.796115	39	38.7	124546	0	1960	1.07364	1.03415	1709
193	469315	653	149204	320110	100	60	2.20411	0.796115	39	38.7	124546	0	1960	1.09021	1.04012	1709
194	468127	569	182762	285366	100	60	2.23744	0.796115	39	38.7	124546	0	1960	1.10398	1.04991	1709
195	469008	503	209897	259111	100	60	2.28715	0.796115	39	38.7	124546	0	1960	1.11913	1.06897	1709
196	450679	436	212745	230573	100	60	2.28685	0.796115	39	38.7	124546	0	1960	1.13559	1.08665	1709
197	453948	410	219080	223051	100	60	2.3287	0.796115	39	38.7	124546	0	1960	1.14186	1.0802	1709
198	321927	374	109641	209860	100	60	2.362	0.796115	39	38.7	124546	0	1960	1.14212	1.06301	1709
199	328778	336	131322	191469	100	60	2.37547	0.796115	39	38.7	124546	0	1960	1.13953	1.08308	1709
200	261068	313	78136.9	181885	100	60	2.42385	0.796115	39	38.7	124546	0	1960	1.13694	1.07641	1709
201	275502	295	105529	169973	100	60	2.36922	0.796115	39	38.7	124546	0	1960	1.1661	1.11071	1709
202	244938	265	87361.3	157576	100	60	0.17524	0.796115	39	38.7	166065	0	1960	1.00585	1.00336	1709
203	365107	253	148875	216232	100	60	0.138065	0.796115	39	38.7	166065	0	1960	1.00474	1.00276	1709
204	546715	211	238262	308453	100	60	0.119249	0.796115	39	38.7	166065	0	1960	1.00367	1.0022	1709
205	524597	200	139727	384870	100	60	0.125909	0.796115	39	38.7	166065	0	1960	1.00402	1.00285	1709
206	479106	186	86133.7	392973	100	60	0.138062	0.796115	39	38.7	166065	0	1960	1.00431	1.00362	1709
207	484121	2176	137770	346351	100	60	0.901988	0.796115	39	38.7	166065	0	1960	1.00469	1.00346	1709
208	587321	2074	212919	374403	100	60	1.03019	0.796115	39	38.7	166065	0	1960	1.00577	1.00508	1709
209	703118	1912	289506	413612	100	60	1.16259	0.796115	38	38.7	166065	0	1960	1.00679	1.00684	1709
210	574413	1711	163000	411413	100	60	1.27558	0.796115	35	38.7	166065	0	1960	1.1097	1.17716	1709
211	605245	1341	233628	367794	100	60	1.00022	0.796115	39	38.7	0	0	1960	1.06381	1.0714	1709
212	649489	1107	286880	358176	100	60	0.868802	0.796115	39	38.7	0	0	1960	1.03814	1.03565	1709
213	732284	1007	345398	380395	100	60	0.85735	0.796115	39	38.7	0	0	1960	1.0291	1.02312	1709
214	750465	827	365241	379769	100	60	0.86101	0.796115	39	38.7	0	0	1960	1.02693	1.01901	1709
215	776788	751	384072	388000	100	60	0.933702	0.796115	39	38.7	0	0	1960	1.02892	1.01914	1709
216	791775	1128	397128	394647	100	60	1.32428	0.796115	39	38.7	0	0	1960	1.03182	1.0221	1709
217	785961	1157	397515	388447	100	60	1.44838	0.796115	39	38.7	0	0	1960	1.03647	1.02827	1709
218	787555	1144	401610	385945	100	60	1.52601	0.796115	39	38.7	0	0	1960	1.04629	1.03644	1709
219	767076	990	395538	371538	100	60	1.51567	0.796115	39	38.7	0	0	1960	1.0512	1.04103	1709
220	677650	870	324024	353626	100	60	1.54624	0.796115	39	38.7	66252	0	1960	1.06492	1.05841	1709
221	641544	746	319020	322524	100	60	1.59561	0.796115	39	38.7	66252	0	1960	1.08082	1.07902	1709
222	596936	643	305853	291083	100	60	1.59601	0.796115	39	38.7	66252	0	1960	1.11583	1.11783	1709
223	566013	576	295015	270998	100	60	1.63682	0.796115	39	38.7	66252	0	1960	1.13222	1.13106	1709
224	388323	514	138411	249911	100	60	1.64409	0.796115	39	38.7	66252	0	1960	1.16577	1.15121	1709
225	398489	459	170576	227913	100	60	1.61533	0.796115	39	38.7	66252	0	1960	1.19628	1.1693	1709
226	411412	428	192934	213564	100	60	1.62261	0.796115	39	38.7	66252	0	1960	1.21918	1.18966	1709
227	412345	402	202810	201296	100	60	1.61146	0.796115	39	38.7	66252	0	1960	1.23664	1.20588	1709
228	395663	366	201060	186335	100	60	1.61165	0.796115	39	38.7	66252	0	1960	1.23714	1.2	1709
229	375063	333	193641	173599	100	60	1.6047	0.796115	39	38.7	66252	0	1960	1.24127	1.2107	1709
230	361085	308	188451	165501	100	60	1.6056	0.796115	39	38.7	66252	0	1960	1.26389	1.23105	1709
231	345247	294	184748	160499	100	60	1.58614	0.796115	39	38.7	66252	0	1960	1.28205	1.26641	1709
232	287213	286	128072	159140	100	60	0.0870602	0.796115	39	38.7	123768	0	1960	1.00455	0.994207	1709
233	510189	257	218106	292082	100	60	0.0735659	0.796115	39	38.7	123768	0	1960	1.00421	0.993341	1709
234	639424	228	269015	370409	100	60	0.070098	0.796115	39	38.7	123768	0	1960	1.00385	0.994829	1709
235	619693	207	266212	353481	100	60	0.0767299	0.796115	39	38.7	123768	0	1960	1.00422	0.998177	1709
236	580407	180	259066	321342	100	60	0.0794785	0.796115	39	38.7	123768	0	1960	1.00442	1.00015	1709
237	632764	2424	290116	342647	100	60	0.906157	0.796115	39	38.7	123768	0	1960	1.00704	1.00308	1709
238	729013	2150	337127	391886	100	60	1.03836	0.796115	39	38.7	123768	0	1960	1.0091	1.00617	1709
239	752277	1809	352934	399343	100	60	1.21991	0.796115	39	38.7	123768	0	1960	1.01213	1.00746	1709
240	569199	1650	178799	390401	100	60	1.34816	0.796115	36	38.7	123768	0	1960	1.0921	1.15356	1709
241	634144	1379	254721	376501	100	60	0.651851	0.796115	39	38.7	0	0	1960	1.02719	1.01509	1709
242	718839	1175	315765	399042	100	60	0.551933	0.796115	39	38.7	0	0	1960	1.01613	1.00213	1709
243	786483	965	361481	420560	100	60	0.492596	0.796115	39	38.7	0	0	1960	1.01148	0.997021	1709
244	839134	838	391806	443395	100	60	0.531552	0.796115	39	38.7	0	0	1960	1.01211	0.997789	1709
245	829593	735	392895	433502	100	60	0.567253	0.796115	39	38.7	0	0	1960	1.01344	0.99863	1709
246	805513	1622	389862	415650	100	60	1.1778	0.796115	39	38.7	0	0	1960	1.01666	0.999579	1709
247	803339	1514	394945	408394	100	60	1.27465	0.796115	39	38.7	0	0	1960	1.01972	1.00338	1709
248	788895	1410	392958	395937	100	60	1.52045	0.796115	39	38.7	0	0	1960	1.02149	1.00571	1709
249	781035	1181	394297	386737	100	60	1.5697	0.796115	39	38.7	0	0	1960	1.02679	1.01107	1709
250	684521	1013	317940	366581	100	60	1.63487	0.796115	39	38.7	72587	0	1960	1.03584	1.01881	1709
251	679566	882	332511	347055	100	60	1.70021	0.796115	39	38.7	72587	0	1960	1.04308	1.02847	1709
252	657450	780	333465	323985	100	60	1.71552	0.796115	39	38.7	72587	0	1960	1.05894	1.04916	1709
253	625402	689	324336	301066	100	60	1.7395	0.796115	39	38.7	72587	0	1960	1.07175	1.06891	1709
254	600032	628	314915	285117	100	60	1.78416	0.796115	39	38.7	72587	0	1960	1.09198	1.08682	1709
255	408088	564	146547	261540	100	60	1.78326	0.796115	39	38.7	72587	0	1960	1.12654	1.12658	1709
256	403551	485	168008	230454	100	60	1.82043	0.796115	39	38.7	72587	0	1960	1.14095	1.13136	1709
257	376841	401	175698	193982	100	60	1.80628	0.796115	39	38.7	72587	0	1960	1.16235	1.14653	1709
258	368819	360	182464	177882	100	60	1.82578	0.796115	39	38.7	72587	0	1960	1.18699	1.17889	1709
259	375528	346	192219	174505	100	60	1.83833	0.796115	39	38.7	72587	0	1960	1.2	1.18634	1709
260	275139	340	100762	173137	100	60	1.86958	0.796115	39	38.7	72587	0	1960	1.19878	1.18241	1709
261	270952	298	118304	152648	100	60	1.86199	0.796115	39	38.7	72587	0	1960	1.21708	1.19776	1709
262	262309	289	112385	149925	100	60	0.129379	0.796115	39	38.7	105033	0	1960	1.00556	1.00509	1709
263	409863	265	178762	231100	100	60	0.104131	0.796115	39	38.7	105033	0	1960	1.00453	1.00374	1709
264	608405	241	266031	342375	100	60	0.101229	0.796115	39	38.7	105033	0	1960	1.00429	1.00329	1709
265	695571	227	302159	393413	100	60	0.109257	0.796115	39	38.7	105033	0	1960	1.00495	1.00378	1709
266	490528	210	125368	365160	100	60	0.123894	0.796115	39	38.7	105033	0	1960	1.00633	1.00715	1709
267	512457	2161	171638	340819	100	60	0.803511	0.796115	39	38.7	105033	0	1960	1.00845	1.01073	1709
268	614912	1931	245018	369894	100	60	0.908937	0.796115	39	38.7	105033	0	1960	1.01056	1.01319	1709
269	708940	1727	307994	400945	100	60	1.06776	0.796115	39	38.7	105033	0	1960	1.01542	1.01839	1709
270	567135	1614	169145	397990	100	60	1.17569	0.796115	35	38.7	105033	0	1960	1.13627	1.21112	1709
271	613413	1295	241103	368225	100	60	0.806124	0.796115	39	38.7	0	0	1960	1.06243	1.07101	1709
272	687175	1111	304155	377628	100	60	0.71262	0.796115	39	38.7	0	0	1960	1.03797	1.03803	1709
273	735616	944	345933	382843	100	60	0.669002	0.796115	39	38.7	0	0	1960	1.02844	1.02419	1709
274	798161	840	385139	406663	100	60	0.715442	0.796115	39	38.7	0	0	1960	1.02799	1.02066	1709
275	859767	811	420758	433375	100	60	0.801912	0.796115	39	38.7	0	0	1960	1.0319	1.0209	1709
276	868125	1374	431578	436547	100	60	1.16959	0.796115	39	38.7	0	0	1960	1.03408	1.0165	1709
277	615666	1339	201151	414515	100	60	1.2852	0.796115	39	38.7	0	0	1960	1.0407	1.02024	1709
278	650974	1247	263118	387856	100	60	1.3666	0.796115	39	38.7	0	0	1960	1.05209	1.03583	1709
279	680989	1064	311135	369854	100	60	1.37439	0.796115	39	38.7	0	0	1960	1.05919	1.05057	1709
280	667564	929	313591	353973	100	60	1.39926	0.796115	39	38.7	27359.2	0	1960	1.06871	1.05902	1709
281	675567	837	336244	339324	100	60	1.42188	0.796115	39	38.7	27359.2	0	1960	1.08513	1.08131	1709
282	665867	758	341838	324029	100	60	1.45614	0.796115	39	38.7	27359.2	0	1960	1.0956	1.10108	1709
283	623508	666	326294	297213	100	60	1.49802	0.796115	39	38.7	27359.2	0	1960	1.10954	1.11728	1709
284	430609	602	152372	278237	100	60	1.51833	0.796115	39	38.7	27359.2	0	1960	1.13757	1.13993	1709
285	441824	540	189148	252675	100	60	1.52602	0.796115	39	38.7	27359.2	0	1960	1.14	1.14042	1709
286	450704	490	212520	232830	100	60	1.5634	0.796115	39	38.7	27359.2	0	1960	1.16985	1.16314	1709
287	446281	444	221705	216011	100	60	1.52578	0.796115	39	38.7	27359.2	0	1960	1.21413	1.20188	1709
288	335724	433	119354	214802	100	60	1.55297	0.796115	39	38.7	27359.2	0	1960	1.21364	1.1956	1709
289	357176	410	150171	202436	100	60	1.5474	0.796115	39	38.7	27359.2	0	1960	1.23844	1.22251	1709
290	353044	364	167086	181980	100	60	1.52303	0.796115	39	38.7	27359.2	0	1960	1.27247	1.26506	1709
291	253390	335	85504.6	167885	100	60	1.50731	0.796115	39	38.7	27359.2	0	1960	1.33228	1.33446	1709
292	255676	301	101655	154020	100	60	0.089584	0.796115	39	38.7	35508	0	1960	1.00468	1.00143	1709
293	372204	251	97598.8	274605	100	60	0.0733132	0.796115	39	38.7	35508	0	1960	1.00397	1.00081	1709
294	547320	231	182774	364546	100	60	0.0672735	0.796115	39	38.7	35508	0	1960	1.00369	1	1709
295	569872	197	210400	359472	100	60	0.0686803	0.796115	39	38.7	35508	0	1960	1.00368	0.999105	1709
296	548789	173	220612	328177	100	60	0.0752152	0.796115	39	38.7	35508	0	1960	1.0047	0.998948	1709
297	602637	2458	261699	340938	100	60	0.826643	0.796115	39	38.7	35508	0	1960	1.00648	0.999347	1709
298	682573	2002	306798	375775	100	60	0.932686	0.796115	39	38.7	35508	0	1960	1.00775	1.00032	1709
299	757566	1885	348746	408819	100	60	1.11301	0.796115	39	38.7	35508	0	1960	1.00968	1.00127	1709
300	595354	1784	184290	411064	100	60	1.25023	0.796115	32	38.7	35508	0	1960	1.09258	1.15281	1709
301	639368	1402	256397	379876	100	60	0.718971	0.796115	39	38.7	0	0	1960	1.03614	1.03453	1709
302	554026	1201	155690	397624	100	60	0.611949	0.796115	39	38.7	0	0	1960	1.0221	1.01595	1709
303	646868	997	242944	401159	100	60	0.515932	0.796115	39	38.7	0	0	1960	1.01278	1.0053	1709
304	750584	863	318732	428715	100	60	0.54644	0.796115	39	38.7	0	0	1960	1.01178	1.00396	1709
305	791291	772	357168	431508	100	60	0.605312	0.796115	39	38.7	0	0	1960	1.01525	1.00598	1709
306	794766	1504	373977	420789	100	60	1.09857	0.796115	39	38.7	0	0	1960	1.01808	1.00769	1709
307	802108	1488	386802	415306	100	60	1.23819	0.796115	39	38.7	0	0	1960	1.02358	1.01494	1709
308	802046	1423	394996	407050	100	60	1.38726	0.796115	39	38.7	0	0	1960	1.02834	1.01983	1709
309	798999	1205	400014	398986	100	60	1.43908	0.796115	39	38.7	0	0	1960	1.03996	1.02919	1709
310	718821	1033	340750	378071	100	60	1.4757	0.796115	39	38.7	57718.9	0	1960	1.05307	1.04576	1709
311	733386	945	361561	371824	100	60	1.56266	0.796115	39	38.7	57718.9	0	1960	1.07126	1.05832	1709
312	701200	834	356281	344919	100	60	1.59047	0.796115	39	38.7	57718.9	0	1960	1.07391	1.06017	1709
313	481608	729	165333	316275	100	60	1.62482	0.796115	39	38.7	57718.9	0	1960	1.08434	1.06887	1709
314	501688	660	208604	293084	100	60	1.64599	0.796115	39	38.7	57718.9	0	1960	1.1052	1.08397	1709
315	492703	577	230125	262578	100	60	1.65291	0.796115	39	38.7	57718.9	0	1960	1.13095	1.11404	1709
316	461195	488	226010	228971	100	60	1.69766	0.796115	39	38.7	57718.9	0	1960	1.15712	1.12944	1709
317	448387	439	225389	212245	100	60	1.73933	0.796115	39	38.7	57718.9	0	1960	1.17316	1.14085	1709
318	428181	398	219185	198341	100	60	1.76915	0.796115	39	38.7	57718.9	0	1960	1.17275	1.13316	1709
319	271221	333	99180.2	170388	100	60	1.73062	0.796115	39	38.7	57718.9	0	1960	1.18129	1.13793	1709
320	275142	306	118687	155071	100	60	1.67193	0.796115	39	38.7	57718.9	0	1960	1.21613	1.18531	1709
321	268268	274	128724	139544	100	60	1.67099	0.796115	39	38.7	57718.9	0	1960	1.23443	1.19444	1709
322	229346	248	101713	127633	100	60	0.119085	0.796115	39	38.7	91782	0	1960	1.00601	1.00399	1709
323	372564	230	164260	208304	100	60	0.093811	0.796115	39	38.7	91782	0	1960	1.00491	1.00294	1709
324	590227	210	260385	329842	100	60	0.0892368	0.796115	39	38.7	91782	0	1960	1.0045	1.0028	1709
325	683858	192	297347	386511	100	60	0.0923059	0.796115	39	38.7	91782	0	1960	1.00439	1.00289	1709
326	652239	186	288661	363579	100	60	0.106826	0.796115	38	38.7	91782	0	1960	1.00564	1.00611	1709
327	646276	2180	294738	351539	100	60	0.786346	0.796115	38	38.7	91782	0	1960	1.00769	1.00904	1709
328	700191	1887	325628	374563	100	60	0.837123	0.796115	38	38.7	91782	0	1960	1.00855	1.0109	1709
329	559603	1681	164455	395148	100	60	1.0063	0.796115	38	38.7	91782	0	1960	1.01174	1.0114	1709
330	488839	1549	113531	375308	100	60	1.08597	0.796115	33	38.7	91782	0	1960	1.12733	1.21991	1709
331	542300	1281	191977	347056	100	60	0.785007	0.796115	39	38.7	0	0	1960	1.06268	1.06801	1709
332	623875	1094	263506	356541	100	60	0.694644	0.796115	39	38.7	0	0	1960	1.03838	1.03411	1709
333	707948	970	325895	376249	100	60	0.682824	0.796115	39	38.7	0	0	1960	1.02535	1.01612	1709
334	777770	858	372762	399524	100	60	0.716966	0.796115	39	38.7	0	0	1960	1.02727	1.01307	1709
335	799680	753	391266	403898	100	60	0.740606	0.796115	39	38.7	0	0	1960	1.02828	1.0127	1709
336	815971	1325	405953	410018	100	60	1.15695	0.796115	39	38.7	0	0	1960	1.03367	1.01368	1709
337	615823	1334	202731	413092	100	60	1.26143	0.796115	39	38.7	0	0	1960	1.03676	1.01533	1709
338	650376	1260	263462	386914	100	60	1.34696	0.796115	39	38.7	0	0	1960	1.04044	1.02162	1709
339	692750	1087	317818	374932	100	60	1.35251	0.796115	39	38.7	0	0	1960	1.04618	1.02963	1709
340	518047	933	163989	354057	100	60	1.38536	0.796115	39	38.7	1305	0	1960	1.05364	1.04212	1709
341	565787	857	228301	337486	100	60	1.42627	0.796115	39	38.7	1305	0	1960	1.06998	1.05869	1709
342	583033	757	270329	312704	100	60	1.43077	0.796115	39	38.7	1305	0	1960	1.07974	1.07181	1709
343	562353	652	280538	281815	100	60	1.44603	0.796115	39	38.7	1305	0	1960	1.1039	1.10093	1709
344	554689	595	287118	267571	100	60	1.44547	0.796115	39	38.7	1305	0	1960	1.12772	1.11395	1709
345	540965	554	285831	255133	100	60	1.43421	0.796115	39	38.7	1305	0	1960	1.1536	1.13187	1709
346	505245	495	266802	232316	100	60	1.42909	0.796115	39	38.7	1305	0	1960	1.16451	1.15	1709
347	500025	473	262110	226457	100	60	1.42793	0.796115	39	38.7	1305	0	1960	1.2008	1.17505	1709
348	456789	418	240393	206082	100	60	1.40935	0.796115	39	38.7	1305	0	1960	1.21395	1.19347	1709
349	420025	371	221819	189194	100	60	1.38719	0.796115	39	38.7	1305	0	1960	1.22933	1.22222	1709
350	374617	325	198580	168304	100	60	1.38936	0.796115	39	38.7	1305	0	1960	1.2707	1.25926	1709
351	354991	307	192169	162822	100	60	1.37829	0.796115	39	38.7	1305	0	1960	1.30584	1.2971	1709
352	289401	291	132521	156879	100	60	0.0849043	0.796115	39	38.7	58237.1	0	1960	1.00462	1.00385	1709
353	510310	262	220264	290046	100	60	0.0720645	0.796115	39	38.7	58237.1	0	1960	1.00431	1.00341	1709
354	629620	227	266168	363452	100	60	0.0669599	0.796115	39	38.7	58237.1	0	1960	1.00399	1.00306	1709
355	615197	208	266642	348555	100	60	0.0728676	0.796115	39	38.7	58237.1	0	1960	1.00479	1.00381	1709
356	569131	183	255867	313264	100	60	0.0770963	0.796115	39	38.7	58237.1	0	1960	1.00493	1.00498	1709
357	631136	2292	292564	338571	100	60	0.810707	0.796115	39	38.7	58237.1	0	1960	1.00827	1.00813	1709
358	717038	2079	335213	381825	100	60	0.930785	0.796115	39	38.7	58237.1	0	1960	1.00973	1.00853	1709
359	751118	1811	355336	395781	100	60	1.10737	0.796115	39	38.7	58237.1	0	1960	1.01244	1.01269	1709
360	577188	1658	183764	393425	100	60	1.22658	0.796115	36	38.7	58237.1	0	1960	1.09759	1.17235	1709
361	614181	1288	250792	360369	100	60	0.592316	0.796115	39	38.7	0	0	1960	1.0291	1.03063	1709
362	692351	1070	308271	380027	100	60	0.477204	0.796115	39	38.7	0	0	1960	1.01739	1.01617	1709
363	794701	930	368517	421599	100	60	0.444604	0.796115	39	38.7	0	0	1960	1.01254	1.00862	1709
364	842288	807	395387	442773	100	60	0.482466	0.796115	39	38.7	0	0	1960	1.01211	1.00649	1709
365	829965	732	396656	429663	100	60	0.535974	0.796115	39	38.7	0	0	1960	1.01439	1.00697	1709
366	812535	1568	397430	415105	100	60	1.04113	0.796115	39	38.7	0	0	1960	1.01857	1.01142	1709
367	808313	1527	400783	407530	100	60	1.18813	0.796115	39	38.7	0	0	1960	1.01965	1.01128	1709
368	802383	1428	402212	400171	100	60	1.35587	0.796115	39	38.7	0	0	1960	1.02555	1.01832	1709
369	786670	1184	399103	387567	100	60	1.41115	0.796115	39	38.7	0	0	1960	1.03208	1.02551	1709
370	701375	999	334168	367207	100	60	1.47984	0.796115	39	38.7	60977.5	0	1960	1.04208	1.03835	1709
371	686923	867	342124	344799	100	60	1.532	0.796115	39	38.7	60977.5	0	1960	1.05398	1.04884	1709
372	657838	755	337883	319955	100	60	1.57078	0.796115	39	38.7	60977.5	0	1960	1.0632	1.05186	1709
373	632191	683	331248	300942	100	60	1.59388	0.796115	39	38.7	60977.5	0	1960	1.08009	1.0708	1709
374	424098	603	151667	272432	100	60	1.62861	0.796115	39	38.7	60977.5	0	1960	1.10114	1.08543	1709
375	459942	571	198004	261938	100	60	1.64932	0.796115	39	38.7	60977.5	0	1960	1.13366	1.1125	1709
376	455426	507	216087	232904	100	60	1.64671	0.796115	39	38.7	60977.5	0	1960	1.14312	1.12702	1709
377	468658	479	232846	224397	100	60	1.66546	0.796115	39	38.7	60977.5	0	1960	1.15	1.12154	1709
378	444757	425	228116	205494	100	60	1.65327	0.796115	39	38.7	60977.5	0	1960	1.15837	1.1274	1709
379	413686	377	215501	187877	100	60	1.66367	0.796115	39	38.7	60977.5	0	1960	1.16667	1.14917	1709
380	364338	326	193035	162855	100	60	1.5746	0.796115	39	38.7	60977.5	0	1960	1.18519	1.17532	1709
381	337990	302	184333	153657	100	60	1.58402	0.796115	39	38.7	60977.5	0	1960	1.19799	1.19217	1709
382	266499	278	120936	145563	100	60	0.0845244	0.796115	39	38.7	119394	0	1960	1.00347	1.00245	1709
383	490738	248	211373	279366	100	60	0.0722327	0.796115	39	38.7	119394	0	1960	1.00308	1.00237	1709
384	624671	227	264717	359954	100	60	0.0693453	0.796115	39	38.7	119394	0	1960	1.00311	1.0025	1709
385	603362	201	260319	343043	100	60	0.0745102	0.796115	39	38.7	119394	0	1960	1.00338	1.00278	1709
386	571556	183	255948	315608	100	60	0.0798127	0.796115	39	38.7	119394	0	1960	1.00404	1.00416	1709
387	630417	2432	291120	339297	100	60	0.856241	0.796115	39	38.7	119394	0	1960	1.00559	1.00527	1709
388	720350	2164	336842	383508	100	60	0.984769	0.796115	39	38.7	119394	0	1960	1.00709	1.00889	1709
389	772930	1930	365332	407598	100	60	1.17629	0.796115	39	38.7	119394	0	1960	1.00886	1.01143	1709
390	585254	1690	186008	399247	100	60	1.2869	0.796115	34	38.7	119394	0	1960	1.09667	1.16587	1709
391	620882	1318	253107	365064	100	60	0.615774	0.796115	39	38.7	0	0	1960	1.0287	1.0304	1709
392	694144	1083	309712	380740	100	60	0.486391	0.796115	39	38.7	0	0	1960	1.01665	1.01509	1709
393	781262	917	363370	413506	100	60	0.445246	0.796115	39	38.7	0	0	1960	1.01188	1.00868	1709
394	834317	781	392934	437439	100	60	0.467017	0.796115	39	38.7	0	0	1960	1.01225	1.00637	1709
395	826032	681	393627	429120	100	60	0.494951	0.796115	39	38.7	0	0	1960	1.01366	1.0068	1709
396	807537	1587	392441	415095	100	60	1.04299	0.796115	39	38.7	0	0	1960	1.01862	1.01175	1709
397	776404	1472	383016	393388	100	60	1.14754	0.796115	39	38.7	0	0	1960	1.02155	1.01904	1709
398	782756	1446	391147	391609	100	60	1.35109	0.796115	39	38.7	0	0	1960	1.02661	1.02729	1709
399	792950	1232	402158	390792	100	60	1.40364	0.796115	39	38.7	0	0	1960	1.02912	1.03281	1709
400	719160	1068	339035	380126	100	60	1.46091	0.796115	39	38.7	67901.3	0	1960	1.04027	1.04064	1709
401	719708	940	356958	362750	100	60	1.51996	0.796115	39	38.7	67901.3	0	1960	1.05543	1.05889	1709
402	690917	819	353741	337176	100	60	1.5626	0.796115	39	38.7	67901.3	0	1960	1.06964	1.07248	1709
403	660817	729	345356	315462	100	60	1.58658	0.796115	39	38.7	67901.3	0	1960	1.08615	1.0928	1709
404	614748	646	325944	288803	100	60	1.61472	0.796115	39	38.7	67901.3	0	1960	1.09561	1.10188	1709
405	599126	613	319788	279338	100	60	1.65868	0.796115	39	38.7	67901.3	0	1960	1.12319	1.12252	1709
406	580170	579	306849	265295	100	60	1.67395	0.796115	39	38.7	67901.3	0	1960	1.14013	1.13428	1709
407	537896	519	281721	241912	100	60	1.69101	0.796115	39	38.7	67901.3	0	1960	1.13645	1.12821	1709
408	375172	483	139198	233442	100	60	1.70134	0.796115	39	38.7	67901.3	0	1960	1.12524	1.10661	1709
409	382377	433	162444	213892	100	60	1.69447	0.796115	39	38.7	67901.3	0	1960	1.16253	1.13702	1709
410	399184	419	188228	205205	100	60	1.70771	0.796115	39	38.7	67901.3	0	1960	1.16667	1.13959	1709
411	371432	370	188534	182898	100	60	1.64632	0.796115	39	38.7	67901.3	0	1960	1.20053	1.18551	1709
412	305530	329	136633	168897	100	60	0.110725	0.796115	39	38.7	120961	0	1960	1.00463	1.00352	1709
413	506834	306	220865	285968	100	60	0.0946977	0.796115	39	38.7	120961	0	1960	1.00365	1.00266	1709
414	661262	277	284225	377037	100	60	0.091607	0.796115	39	38.7	120961	0	1960	1.00336	1.00277	1709
415	667740	252	290847	376893	100	60	0.0964478	0.796115	39	38.7	120961	0	1960	1.00382	1.00369	1709
416	617139	238	278126	339013	100	60	0.10912	0.796115	39	38.7	120961	0	1960	1.00468	1.0065	1709
417	651826	2224	302317	349509	100	60	0.849883	0.796115	39	38.7	120961	0	1960	1.00646	1.00849	1709
418	737752	2023	345878	391874	100	60	0.970069	0.796115	39	38.7	120961	0	1960	1.00721	1.00867	1709
419	762679	1716	362155	400524	100	60	1.15241	0.796115	39	38.7	120961	0	1960	1.01153	1.01371	1709
420	589699	1666	188651	401047	100	60	1.28195	0.796115	37	38.7	120961	0	1960	1.10381	1.17995	1709
421	636603	1351	260103	373741	100	60	0.69955	0.796115	39	38.7	0	0	1960	1.03416	1.03617	1709
422	701088	1140	314062	383401	100	60	0.575749	0.796115	39	38.7	0	0	1960	1.01972	1.01644	1709
423	801918	1021	375491	421758	100	60	0.551789	0.796115	39	38.7	0	0	1960	1.01457	1.01017	1709
424	840453	845	398336	438153	100	60	0.559799	0.796115	39	38.7	0	0	1960	1.01455	1.00945	1709
425	861211	784	413732	443993	100	60	0.630344	0.796115	39	38.7	0	0	1960	1.01656	1.01094	1709
426	826957	1480	403461	423495	100	60	1.11535	0.796115	39	38.7	0	0	1960	1.01595	1.0083	1709
427	844032	1489	418082	425950	100	60	1.23493	0.796115	39	38.7	0	0	1960	1.01927	1.01201	1709
428	838278	1468	420284	417995	100	60	1.41534	0.796115	39	38.7	0	0	1960	1.02244	1.01572	1709
429	809239	1208	410451	398787	100	60	1.42935	0.796115	39	38.7	0	0	1960	1.02506	1.02076	1709
430	726443	1047	340471	385972	100	60	1.48858	0.796115	39	38.7	72358.5	0	1960	1.0304	1.02874	1709
431	552187	945	178909	373278	100	60	1.5493	0.796115	39	38.7	72358.5	0	1960	1.04211	1.04246	1709
432	573022	837	230893	342130	100	60	1.59175	0.796115	39	38.7	72358.5	0	1960	1.05273	1.05516	1709
433	583150	745	267243	315906	100	60	1.63133	0.796115	39	38.7	72358.5	0	1960	1.07322	1.07124	1709
434	587166	679	290029	297137	100	60	1.65173	0.796115	39	38.7	72358.5	0	1960	1.09091	1.08284	1709
435	566633	611	290287	276346	100	60	1.67401	0.796115	39	38.7	72358.5	0	1960	1.12941	1.11293	1709
436	384241	538	134531	248497	100	60	1.67751	0.796115	39	38.7	72358.5	0	1960	1.14527	1.125	1709
437	417090	508	174128	235903	100	60	1.68329	0.796115	39	38.7	72358.5	0	1960	1.14781	1.12302	1709
438	433534	469	202098	222592	100	60	1.69742	0.796115	39	38.7	72358.5	0	1960	1.1494	1.11255	1709
439	431622	429	213184	207587	100	60	1.67002	0.796115	39	38.7	72358.5	0	1960	1.17544	1.14048	1709
440	405214	384	206175	189499	100	60	1.6565	0.796115	39	38.7	72358.5	0	1960	1.20297	1.15989	1709
441	363322	342	192022	171301	100	60	1.6506	0.796115	39	38.7	72358.5	0	1960	1.19777	1.14067	1709
442	290989	309	130664	160325	100	60	0.0936036	0.796115	39	38.7	130021	0	1960	1.00405	0.997125	1709
443	516655	278	223228	293427	100	60	0.0813383	0.796115	39	38.7	130021	0	1960	1.00346	0.997066	1709
444	641275	261	274368	366908	100	60	0.0795553	0.796115	39	38.7	130021	0	1960	1.00346	0.999165	1709
445	615253	229	268026	347227	100	60	0.0853599	0.796115	39	38.7	130021	0	1960	1.00366	1.00227	1709
446	580294	205	261497	318797	100	60	0.0900576	0.796115	39	38.7	130021	0	1960	1.00368	1.00321	1709
447	638828	2383	293959	344869	100	60	0.888267	0.796115	39	38.7	130021	0	1960	1.00473	1.00404	1709
448	709529	2109	331111	378418	100	60	1.0178	0.796115	39	38.7	130021	0	1960	1.0062	1.00746	1709
449	745347	1898	351399	393947	100	60	1.22015	0.796115	39	38.7	130021	0	1960	1.00713	1.00805	1709
450	568858	1709	179803	389055	100	60	1.32691	0.796115	37	38.7	130021	0	1960	1.08015	1.13674	1709
451	607654	1352	247796	357545	100	60	0.597261	0.796115	39	38.7	0	0	1960	1.02046	1.0162	1709
452	694640	1133	308035	383486	100	60	0.479838	0.796115	39	38.7	0	0	1960	1.01059	1.00523	1709
453	785174	970	361445	420040	100	60	0.445162	0.796115	39	38.7	0	0	1960	1.00725	1.00144	1709
454	625337	840	187282	437838	100	60	0.480549	0.796115	39	38.7	0	0	1960	1.00581	0.998993	1709
455	515356	720	111498	403858	100	60	0.505886	0.796115	39	38.7	0	0	1960	1.0072	1.00026	1709
456	544270	1608	171237	373033	100	60	1.09199	0.796115	39	38.7	0	0	1960	1.00975	1.00317	1709
457	626588	1622	247395	379193	100	60	1.28055	0.796115	39	38.7	0	0	1960	1.01302	1.00775	1709
458	527798	1528	144995	382803	100	60	1.50014	0.796115	39	38.7	0	0	1960	1.01746	1.01118	1709
459	554604	1230	204369	350235	100	60	1.56788	0.796115	39	38.7	0	0	1960	1.02477	1.01964	1709
460	566166	1011	243285	322881	100	60	1.58857	0.796115	39	38.7	8462.25	0	1960	1.02463	1.02085	1709
461	601167	891	285580	315587	100	60	1.6348	0.796115	39	38.7	8462.25	0	1960	1.03215	1.02928	1709
462	604162	789	302934	301229	100	60	1.65627	0.796115	39	38.7	8462.25	0	1960	1.04409	1.04198	1709
463	566652	676	292941	273712	100	60	1.66142	0.796115	39	38.7	8462.25	0	1960	1.07767	1.08172	1709
464	535599	591	282136	253464	100	60	1.66388	0.796115	39	38.7	8462.25	0	1960	1.09322	1.09492	1709
465	379985	546	137476	242509	100	60	1.67907	0.796115	39	38.7	8462.25	0	1960	1.11532	1.11234	1709
466	303433	485	83884.5	218683	100	60	1.69317	0.796115	39	38.7	8462.25	0	1960	1.12616	1.12083	1709
467	324344	437	119263	200188	100	60	1.71757	0.796115	39	38.7	8462.25	0	1960	1.12179	1.11502	1709
468	259512	393	76363.8	182159	100	60	1.71425	0.796115	39	38.7	8462.25	0	1960	1.1348	1.12598	1709
469	281460	366	107735	169276	100	60	1.72288	0.796115	39	38.7	8462.25	0	1960	1.14439	1.13467	1709
470	289773	326	131685	154068	100	60	1.73894	0.796115	39	38.7	8462.25	0	1960	1.12575	1.10897	1709
471	285869	295	144227	141643	100	60	1.70733	0.796115	39	38.7	8462.25	0	1960	1.14966	1.13571	1709
472	256919	286	114962	141956	100	60	0.135197	0.796115	39	38.7	51744.7	0	1960	1.00422	0.995349	1709
473	400830	272	179967	220862	100	60	0.10964	0.796115	39	38.7	51744.7	0	1960	1.00365	0.994243	1709
474	607314	233	270373	336941	100	60	0.0981645	0.796115	39	38.7	51744.7	0	1960	1.00386	0.994167	1709
475	706983	211	309384	397599	100	60	0.0996793	0.796115	39	38.7	51744.7	0	1960	1.00416	0.996627	1709
476	670913	193	297180	373733	100	60	0.108359	0.796115	38	38.7	51744.7	0	1960	1.00526	1.00128	1709
477	662818	2279	301719	361100	100	60	0.871789	0.796115	38	38.7	51744.7	0	1960	1.00552	1.00209	1709
478	733753	2121	340400	393352	100	60	0.955731	0.796115	38	38.7	51744.7	0	1960	1.00629	1.00514	1709
479	771523	1802	363568	407954	100	60	1.14672	0.796115	38	38.7	51744.7	0	1960	1.00903	1.00586	1709
480	594267	1624	188298	405969	100	60	1.21941	0.796115	36	38.7	51744.7	0	1960	1.11099	1.19048	1709
481	516269	1341	126946	389283	100	60	0.927396	0.796115	39	38.7	0	0	1960	1.06009	1.06312	1709
482	570845	1149	200395	370172	100	60	0.775201	0.796115	39	38.7	0	0	1960	1.02909	1.01751	1709
483	641327	966	271978	369053	100	60	0.711083	0.796115	39	38.7	0	0	1960	1.01471	1.00099	1709
484	724276	828	332932	391040	100	60	0.728751	0.796115	39	38.7	0	0	1960	1.01419	0.998192	1709
485	792672	750	376969	415443	100	60	0.801019	0.796115	39	38.7	0	0	1960	1.0184	1.00313	1709
486	818008	1331	397178	420830	100	60	1.30479	0.796115	39	38.7	0	0	1960	1.02359	1.00722	1709
487	826758	1372	407275	419484	100	60	1.46837	0.796115	39	38.7	0	0	1960	1.02683	1.01028	1709
488	808119	1269	404839	403280	100	60	1.54655	0.796115	39	38.7	0	0	1960	1.03046	1.01189	1709
489	780270	1059	396633	383637	100	60	1.56672	0.796115	39	38.7	0	0	1960	1.03206	1.01137	1709
490	665793	918	305153	360639	100	60	1.57678	0.796115	39	38.7	88992.4	0	1960	1.03997	1.02519	1709
491	658646	817	322234	336412	100	60	1.59585	0.796115	39	38.7	88992.4	0	1960	1.04846	1.03818	1709
492	635925	728	324652	311273	100	60	1.60013	0.796115	39	38.7	88992.4	0	1960	1.05128	1.04414	1709
493	608150	653	317093	291057	100	60	1.64078	0.796115	39	38.7	88992.4	0	1960	1.05941	1.05223	1709
494	553853	572	292672	261181	100	60	1.66269	0.796115	39	38.7	88992.4	0	1960	1.07635	1.06854	1709
495	519903	514	276719	243184	100	60	1.71071	0.796115	39	38.7	88992.4	0	1960	1.08824	1.07451	1709
496	500825	475	263755	227746	100	60	1.71518	0.796115	39	38.7	88992.4	0	1960	1.09659	1.07595	1709
497	456525	412	237268	203527	100	60	1.72556	0.796115	39	38.7	88992.4	0	1960	1.10893	1.0878	1709
498	430905	373	224605	191531	100	60	1.7752	0.796115	39	38.7	88992.4	0	1960	1.07731	1.05135	1709
499	401667	338	210405	177514	100	60	1.81614	0.796115	39	38.7	88992.4	0	1960	1.0585	1.02077	1709
500	371016	305	195067	163619	100	60	1.82917	0.796115	39	38.7	88992.4	0	1960	1.0528	1.01325	1709
501	339571	282	185045	154526	100	60	1.86719	0.796115	39	38.7	88992.4	0	1960	1.05802	1.01429	1709
502	238232	250	98769	139463	100	60	0.0803187	0.796115	39	38.7	166158	0	1960	1.00128	0.99324	1709
503	466566	222	193973	272593	100	60	0.0675311	0.796115	39	38.7	166158	0	1960	1.0015	0.992841	1709
504	610960	197	254165	356795	100	60	0.0624607	0.796115	39	38.7	166158	0	1960	1.00135	0.994627	1709
505	453227	188	108397	344830	100	60	0.072661	0.796115	39	38.7	166158	0	1960	1.00169	0.99733	1709
506	446369	170	139548	306821	100	60	0.0814543	0.796115	39	38.7	166158	0	1960	1.00183	0.996865	1709
507	551843	2507	208349	343494	100	60	0.947673	0.796115	39	38.7	166158	0	1960	1.00322	0.99828	1709
508	660436	2292	274410	386026	100	60	1.16211	0.796115	39	38.7	166158	0	1960	1.00454	1.00213	1709
509	716416	1965	314878	401538	100	60	1.31108	0.796115	39	38.7	166158	0	1960	1.00607	1.00514	1709
510	555765	1697	165087	390679	100	60	1.46388	0.796115	37	38.7	166158	0	1960	1.0888	1.14412	1709
511	584538	1308	230568	353495	100	60	0.650218	0.796115	39	38.7	0	0	1960	1.02236	1.01523	1709
512	661246	1078	289065	371471	100	60	0.517993	0.796115	39	38.7	0	0	1960	1.01143	1.00202	1709
513	758642	921	348058	409742	100	60	0.478607	0.796115	39	38.7	0	0	1960	1.00583	0.996083	1709
514	628345	811	185741	442534	100	60	0.522857	0.796115	39	38.7	0	0	1960	1.00461	0.996271	1709
515	685643	719	251391	434182	100	60	0.558312	0.796115	39	38.7	0	0	1960	1.00488	0.998962	1709
516	729092	1718	305189	423903	100	60	1.18107	0.796115	39	38.7	0	0	1960	1.00834	1.00424	1709
517	771169	1635	348940	422229	100	60	1.29736	0.796115	39	38.7	0	0	1960	1.01106	1.00943	1709
518	807126	1587	381606	425520	100	60	1.47688	0.796115	39	38.7	0	0	1960	1.01311	1.01326	1709
519	791050	1284	384860	406189	100	60	1.56557	0.796115	39	38.7	0	0	1960	1.01815	1.0203	1709
520	695661	1077	314335	381326	100	60	1.64092	0.796115	39	38.7	73140.7	0	1960	1.0268	1.02881	1709
521	514007	919	159620	354388	100	60	1.69889	0.796115	39	38.7	73140.7	0	1960	1.0402	1.0413	1709
522	529172	797	208228	320944	100	60	1.72505	0.796115	39	38.7	73140.7	0	1960	1.05073	1.05395	1709
523	531381	689	242217	289164	100	60	1.74087	0.796115	39	38.7	73140.7	0	1960	1.05275	1.05233	1709
524	522390	605	257439	264951	100	60	1.74274	0.796115	39	38.7	73140.7	0	1960	1.0578	1.05638	1709
525	499985	533	255414	244571	100	60	1.76852	0.796115	39	38.7	73140.7	0	1960	1.07437	1.0791	1709
526	490503	494	250848	230460	100	60	1.80354	0.796115	39	38.7	73140.7	0	1960	1.08813	1.08537	1709
527	490866	467	249394	225056	100	60	1.83869	0.796115	39	38.7	73140.7	0	1960	1.08594	1.07742	1709
528	486298	440	248704	221572	100	60	1.88951	0.796115	39	38.7	73140.7	0	1960	1.06316	1.05251	1709
529	328357	394	121878	202984	100	60	1.91714	0.796115	39	38.7	73140.7	0	1960	1.03783	1.02558	1709
530	334807	357	144266	187323	100	60	1.94137	0.796115	39	38.7	73140.7	0	1960	1.0508	1.03977	1709
531	326949	316	157644	169304	100	60	1.89451	0.796115	39	38.7	73140.7	0	1960	1.07599	1.07051	1709
532	261939	285	106521	155418	100	60	0.163736	0.796115	39	38.7	132673	0	1960	1.0027	1.00166	1709
533	370760	254	160640	210120	100	60	0.120777	0.796115	39	38.7	132673	0	1960	1.00225	1.00113	1709
534	564801	213	250953	313847	100	60	0.103461	0.796115	39	38.7	132673	0	1960	1.00151	1.00032	1709
535	693264	194	303499	389765	100	60	0.104359	0.796115	39	38.7	132673	0	1960	1.00168	1.0007	1709
536	678808	168	298853	379955	100	60	0.109889	0.796115	39	38.7	132673	0	1960	1.00184	1.00113	1709
537	669432	2136	304441	364991	100	60	0.862204	0.796115	39	38.7	132673	0	1960	1.0022	1.00081	1709
538	708248	1890	329710	378539	100	60	0.909448	0.796115	39	38.7	132673	0	1960	1.00265	1.00234	1709
539	773067	1664	367447	405620	100	60	1.07825	0.796115	39	38.7	132673	0	1960	1.00474	1.00609	1709
540	595671	1576	190383	405288	100	60	1.1472	0.796115	35	38.7	132673	0	1960	1.12015	1.22145	1709
541	627498	1251	258380	368632	100	60	0.914587	0.796115	39	38.7	0	0	1960	1.06577	1.07715	1709
542	652343	1025	298469	353145	100	60	0.815748	0.796115	39	38.7	0	0	1960	1.03281	1.02898	1709
543	527796	904	164928	362599	100	60	0.789042	0.796115	39	38.7	0	0	1960	1.01477	1.00952	1709
544	606090	780	239864	365627	100	60	0.801514	0.796115	39	38.7	0	0	1960	1.01061	1.00583	1709
545	696221	702	311498	384242	100	60	0.846864	0.796115	39	38.7	0	0	1960	1.01453	1.00845	1709
546	580000	1242	177184	402816	100	60	1.3483	0.796115	39	38.7	0	0	1960	1.01995	1.01339	1709
547	513440	1261	121083	392357	100	60	1.47957	0.796115	39	38.7	0	0	1960	1.02185	1.01557	1709
548	542268	1167	186329	355938	100	60	1.56093	0.796115	39	38.7	0	0	1960	1.02397	1.01723	1709
549	457990	983	119972	338018	100	60	1.57011	0.796115	39	38.7	0	0	1960	1.03631	1.03374	1709
550	501193	878	184534	316658	100	60	1.5999	0.796115	39	38.7	1688	0	1960	1.03358	1.03207	1709
551	524547	752	232795	291752	100	60	1.64159	0.796115	39	38.7	1688	0	1960	1.04157	1.03877	1709
552	559761	683	272387	287374	100	60	1.67739	0.796115	39	38.7	1688	0	1960	1.05216	1.05449	1709
553	554010	607	282189	271821	100	60	1.68942	0.796115	39	38.7	1688	0	1960	1.05755	1.06136	1709
554	534175	548	279301	254873	100	60	1.66965	0.796115	39	38.7	1688	0	1960	1.07993	1.08088	1709
555	373253	498	134156	239097	100	60	1.68147	0.796115	39	38.7	1688	0	1960	1.07776	1.07895	1709
556	392205	454	164169	221239	100	60	1.72447	0.796115	39	38.7	1688	0	1960	1.07895	1.07556	1709
557	389244	403	182120	196669	100	60	1.69889	0.796115	39	38.7	1688	0	1960	1.09404	1.085	1709
558	386174	365	191862	182130	100	60	1.69764	0.796115	39	38.7	1688	0	1960	1.0874	1.08011	1709
559	385497	342	197354	175847	100	60	1.7644	0.796115	39	38.7	1688	0	1960	1.07324	1.06845	1709
560	261330	308	95934.1	163330	100	60	1.77716	0.796115	39	38.7	1688	0	1960	1.06309	1.06	1709
561	268332	283	117852	150480	100	60	1.75048	0.796115	39	38.7	1688	0	1960	1.08681	1.08487	1709
562	246139	265	102790	143349	100	60	0.160467	0.796115	39	38.7	40053.2	0	1960	1.00357	1.00231	1709
563	346640	239	152876	193765	100	60	0.120294	0.796115	39	38.7	40053.2	0	1960	1.00287	1.00189	1709
564	537467	212	244047	293420	100	60	0.111055	0.796115	39	38.7	40053.2	0	1960	1.0032	1.00221	1709
565	687671	180	305421	382250	100	60	0.103436	0.796115	39	38.7	40053.2	0	1960	1.00285	1.00194	1709
566	708094	166	314845	393249	100	60	0.116006	0.796115	39	38.7	40053.2	0	1960	1.00318	1.00304	1709
567	671654	2184	304799	366855	100	60	0.896545	0.796115	39	38.7	40053.2	0	1960	1.00408	1.0054	1709
568	532363	1872	148779	383584	100	60	0.933618	0.796115	39	38.7	40053.2	0	1960	1.00399	1.00612	1709
569	585998	1658	216706	369293	100	60	1.05616	0.796115	39	38.7	40053.2	0	1960	1.00423	1.00471	1709
570	523025	1548	141128	381897	100	60	1.11732	0.796115	36	38.7	40053.2	0	1960	1.11882	1.21748	1709
571	580177	1298	221897	356011	100	60	0.940096	0.796115	39	38.7	0	0	1960	1.07392	1.08223	1709
572	635442	1085	280032	352899	100	60	0.857714	0.796115	39	38.7	0	0	1960	1.04508	1.04252	1709
573	683007	944	323629	355436	100	60	0.849043	0.796115	39	38.7	0	0	1960	1.02808	1.01784	1709
574	540499	811	176980	363034	100	60	0.854247	0.796115	39	38.7	0	0	1960	1.02409	1.00923	1709
575	627244	727	256295	370576	100	60	0.871019	0.796115	39	38.7	0	0	1960	1.02494	1.01024	1709
576	695949	1165	317575	378374	100	60	1.36009	0.796115	39	38.7	0	0	1960	1.02422	1.01104	1709
577	727386	1179	350585	376801	100	60	1.53241	0.796115	39	38.7	0	0	1960	1.03053	1.02246	1709
578	759100	1168	378239	380861	100	60	1.61823	0.796115	39	38.7	0	0	1960	1.03783	1.02865	1709
579	747936	971	382308	365628	100	60	1.60896	0.796115	39	38.7	0	0	1960	1.04693	1.04171	1709
580	665474	851	313463	352011	100	60	1.5846	0.796115	39	38.7	74551.3	0	1960	1.0629	1.05931	1709
581	649895	752	323916	325979	100	60	1.5867	0.796115	39	38.7	74551.3	0	1960	1.07668	1.07672	1709
582	619763	664	319832	299931	100	60	1.58759	0.796115	39	38.7	74551.3	0	1960	1.09471	1.09313	1709
583	603724	612	317607	286117	100	60	1.60514	0.796115	39	38.7	74551.3	0	1960	1.11512	1.10265	1709
584	569420	554	302984	266436	100	60	1.62363	0.796115	39	38.7	74551.3	0	1960	1.12696	1.10969	1709
585	537223	513	287494	249729	100	60	1.64353	0.796115	39	38.7	74551.3	0	1960	1.1426	1.12475	1709
586	481495	442	255032	219226	100	60	1.62653	0.796115	39	38.7	74551.3	0	1960	1.14437	1.1215	1709
587	439923	390	230784	196974	100	60	1.62934	0.796115	39	38.7	74551.3	0	1960	1.14742	1.12732	1709
588	427178	364	224282	191079	100	60	1.63045	0.796115	39	38.7	74551.3	0	1960	1.1631	1.14	1709
589	403801	331	212487	179941	100	60	1.65137	0.796115	39	38.7	74551.3	0	1960	1.16766	1.1519	1709
590	367288	295	193595	163609	100	60	1.66337	0.796115	39	38.7	74551.3	0	1960	1.15808	1.13978	1709
591	326388	264	177544	148843	100	60	1.64394	0.796115	39	38.7	74551.3	0	1960	1.17692	1.17004	1709
592	240354	234	102119	138235	100	60	0.0797223	0.796115	39	38.7	141947	0	1960	1.00267	1.00212	1709
593	454612	216	190836	263776	100	60	0.0669846	0.796115	39	38.7	141947	0	1960	1.0023	1.00176	1709
594	604028	179	252471	351557	100	60	0.0590259	0.796115	39	38.7	141947	0	1960	1.00243	1.00209	1709
595	615716	164	261835	353881	100	60	0.0631896	0.796115	39	38.7	141947	0	1960	1.00269	1.00236	1709
596	427897	153	103918	323979	100	60	0.0689941	0.796115	39	38.7	141947	0	1960	1.00292	1.00389	1709
597	475505	2374	162021	313484	100	60	0.858056	0.796115	39	38.7	141947	0	1960	1.00398	1.00508	1709
598	623365	2313	247376	375988	100	60	1.08295	0.796115	39	38.7	141947	0	1960	1.00569	1.00642	1709
599	721459	2047	309081	412378	100	60	1.23889	0.796115	39	38.7	141947	0	1960	1.00767	1.0079	1709
600	586341	1916	171299	415042	100	60	1.44129	0.796115	38	38.7	141947	0	1960	1.07585	1.12107	1709
601	505588	1511	117926	387465	100	60	0.77799	0.796115	39	38.7	0	0	1960	1.02656	1.02633	1709
602	579123	1255	196304	381916	100	60	0.581787	0.796115	39	38.7	0	0	1960	1.0141	1.01131	1709
603	697915	1067	284123	412515	100	60	0.534174	0.796115	39	38.7	0	0	1960	1.00997	1.00533	1709
604	780621	898	342856	436271	100	60	0.557926	0.796115	39	38.7	0	0	1960	1.00989	1.00379	1709
605	831865	815	380566	450026	100	60	0.628948	0.796115	39	38.7	0	0	1960	1.01254	1.00347	1709
606	625692	1642	186060	439632	100	60	1.18041	0.796115	39	38.7	0	0	1960	1.01547	1.0055	1709
607	644514	1596	240891	403623	100	60	1.30867	0.796115	39	38.7	0	0	1960	1.015	1.00482	1709
608	695966	1520	300390	395577	100	60	1.43324	0.796115	39	38.7	0	0	1960	1.01752	1.00858	1709
609	567919	1308	167312	400607	100	60	1.49953	0.796115	39	38.7	0	0	1960	1.02249	1.01305	1709
610	589326	1101	220666	368660	100	60	1.58075	0.796115	39	38.7	4564.16	0	1960	1.02939	1.02368	1709
611	627424	961	275032	352392	100	60	1.67874	0.796115	39	38.7	4564.16	0	1960	1.03558	1.02818	1709
612	623397	821	297428	325969	100	60	1.7111	0.796115	39	38.7	4564.16	0	1960	1.04963	1.04401	1709
613	607251	709	303785	303467	100	60	1.76772	0.796115	39	38.7	4564.16	0	1960	1.05204	1.04385	1709
614	586461	633	300571	285890	100	60	1.8063	0.796115	39	38.7	4564.16	0	1960	1.06201	1.05723	1709
615	569106	579	296001	273105	100	60	1.85383	0.796115	39	38.7	4564.16	0	1960	1.07078	1.06424	1709
616	546709	527	281907	255501	100	60	1.87764	0.796115	39	38.7	4564.16	0	1960	1.10274	1.09751	1709
617	513354	470	262593	234513	100	60	1.88968	0.796115	39	38.7	4564.16	0	1960	1.11395	1.10278	1709
618	353698	423	128452	221997	100	60	1.92884	0.796115	39	38.7	4564.16	0	1960	1.08628	1.07381	1709
619	376057	400	156242	212213	100	60	1.93612	0.796115	39	38.7	4564.16	0	1960	1.08789	1.07305	1709
620	371537	357	171979	192731	100	60	1.94293	0.796115	39	38.7	4564.16	0	1960	1.09409	1.07692	1709
621	332795	305	165950	166845	100	60	1.94442	0.796115	39	38.7	4564.16	0	1960	1.09841	1.0777	1709
622	231366	277	74410	156956	100	60	0.102963	0.796115	39	38.7	13572.8	0	1960	1.00241	1.00151	1709
623	441827	262	169205	272622	100	60	0.0851574	0.796115	39	38.7	13572.8	0	1960	1.00203	1.00127	1709
624	630816	244	256085	374732	100	60	0.0848279	0.796115	39	38.7	13572.8	0	1960	1.00224	1.00173	1709
625	647890	209	267821	380069	100	60	0.08681	0.796115	39	38.7	13572.8	0	1960	1.00227	1.002	1709
626	592518	184	254333	338184	100	60	0.093626	0.796115	39	38.7	13572.8	0	1960	1.00281	1.0036	1709
627	616866	2161	277679	339186	100	60	0.885264	0.796115	39	38.7	13572.8	0	1960	1.0042	1.00623	1709
628	510785	1975	142098	368687	100	60	1.01218	0.796115	39	38.7	13572.8	0	1960	1.00459	1.00612	1709
629	559114	1752	202004	357110	100	60	1.24484	0.796115	39	38.7	13572.8	0	1960	1.0055	1.00752	1709
630	501325	1641	131388	369937	100	60	1.4636	0.796115	37	38.7	13572.8	0	1960	1.08754	1.14557	1709
631	568213	1347	211511	355009	100	60	0.74505	0.796115	39	38.7	0	0	1960	1.0294	1.02945	1709
632	660242	1158	281424	376834	100	60	0.635833	0.796115	39	38.7	0	0	1960	1.01513	1.01264	1709
633	751087	985	342302	405864	100	60	0.58377	0.796115	39	38.7	0	0	1960	1.00819	1.00461	1709
634	823824	864	385439	435622	100	60	0.628017	0.796115	39	38.7	0	0	1960	1.0094	1.00402	1709
635	852286	761	404514	445346	100	60	0.673395	0.796115	39	38.7	0	0	1960	1.01171	1.008	1709
636	844599	1638	407634	436966	100	60	1.31741	0.796115	39	38.7	0	0	1960	1.01315	1.0103	1709
637	812897	1543	397065	415832	100	60	1.43859	0.796115	39	38.7	0	0	1960	1.01365	1.01042	1709
638	801910	1402	396989	404921	100	60	1.54167	0.796115	39	38.7	0	0	1960	1.01562	1.0144	1709
639	809929	1209	407122	402807	100	60	1.56476	0.796115	39	38.7	0	0	1960	1.02522	1.03094	1709
640	668992	983	306459	362532	100	60	1.63901	0.796115	39	38.7	83605.2	0	1960	1.03441	1.03689	1709
641	653821	843	317883	335938	100	60	1.72786	0.796115	39	38.7	83605.2	0	1960	1.04569	1.04172	1709
642	601491	703	304218	297273	100	60	1.7598	0.796115	39	38.7	83605.2	0	1960	1.05732	1.0515	1709
643	558931	608	289398	269533	100	60	1.81764	0.796115	39	38.7	83605.2	0	1960	1.07105	1.06478	1709
644	536004	551	281709	254295	100	60	1.85011	0.796115	39	38.7	83605.2	0	1960	1.09969	1.09141	1709
645	504771	497	267350	237421	100	60	1.90518	0.796115	39	38.7	83605.2	0	1960	1.11922	1.10345	1709
646	335995	434	122457	212270	100	60	1.9132	0.796115	39	38.7	83605.2	0	1960	1.14076	1.12037	1709
647	348437	397	146319	195885	100	60	1.96425	0.796115	39	38.7	83605.2	0	1960	1.14252	1.1145	1709
648	365306	370	170176	186757	100	60	1.97081	0.796115	39	38.7	83605.2	0	1960	1.14066	1.10685	1709
649	369281	343	182225	176939	100	60	1.9533	0.796115	39	38.7	83605.2	0	1960	1.13889	1.12239	1709
650	257268	310	92537	162991	100	60	1.96459	0.796115	39	38.7	83605.2	0	1960	1.14151	1.11921	1709
651	280091	304	119622	160469	100	60	1.98554	0.796115	39	38.7	83605.2	0	1960	1.12987	1.12671	1709
652	242033	273	96950.3	145083	100	60	0.132047	0.796115	39	38.7	121919	0	1960	1.00349	1.00203	1709
653	390185	254	164791	225394	100	60	0.104955	0.796115	39	38.7	121919	0	1960	1.003	1.00187	1709
654	479038	233	130961	348077	100	60	0.0996027	0.796115	39	38.7	121919	0	1960	1.00273	1.0014	1709
655	584238	219	189823	394414	100	60	0.0964285	0.796115	39	38.7	121919	0	1960	1.00266	1.00146	1709
656	589042	203	214429	374613	100	60	0.107267	0.796115	37	38.7	121919	0	1960	1.00301	1.00266	1709
657	596555	2259	242189	354366	100	60	0.784485	0.796115	37	38.7	121919	0	1960	1.00426	1.00433	1709
658	498375	1956	127315	371060	100	60	0.891679	0.796115	37	38.7	121919	0	1960	1.00516	1.00609	1709
659	548524	1690	192261	356262	100	60	1.06491	0.796115	37	38.7	121919	0	1960	1.0059	1.00544	1709
660	504454	1638	130983	373471	100	60	1.21442	0.796115	34	38.7	121919	0	1960	1.09187	1.15196	1709
661	578713	1375	215305	360082	100	60	0.903791	0.796115	39	38.7	0	0	1960	1.04722	1.04843	1709
662	666737	1192	287647	375320	100	60	0.811955	0.796115	39	38.7	0	0	1960	1.0291	1.02258	1709
663	732556	1027	340852	385872	100	60	0.761546	0.796115	39	38.7	0	0	1960	1.01841	1.0111	1709
664	584441	867	186549	397199	100	60	0.779088	0.796115	39	38.7	0	0	1960	1.02007	1.01141	1709
665	672930	773	267334	405007	100	60	0.809471	0.796115	39	38.7	0	0	1960	1.02089	1.01142	1709
666	756832	1416	337215	419617	100	60	1.27906	0.796115	39	38.7	0	0	1960	1.02041	1.01048	1709
667	784421	1394	371383	413038	100	60	1.39525	0.796115	39	38.7	0	0	1960	1.02338	1.01538	1709
668	778124	1266	383058	395066	100	60	1.44636	0.796115	39	38.7	0	0	1960	1.03215	1.0303	1709
669	591077	1115	195825	395252	100	60	1.45365	0.796115	39	38.7	0	0	1960	1.03659	1.04072	1709
670	592723	938	238439	354284	100	60	1.45916	0.796115	39	38.7	5995.59	0	1960	1.04371	1.04946	1709
671	606445	819	280149	326296	100	60	1.47887	0.796115	39	38.7	5995.59	0	1960	1.05839	1.06519	1709
672	604324	721	300872	303452	100	60	1.50548	0.796115	39	38.7	5995.59	0	1960	1.07541	1.08848	1709
673	430075	643	147603	282473	100	60	1.53812	0.796115	39	38.7	5995.59	0	1960	1.10156	1.11746	1709
674	456300	584	191823	264477	100	60	1.55306	0.796115	39	38.7	5995.59	0	1960	1.1287	1.14186	1709
675	482876	544	230791	252085	100	60	1.57013	0.796115	39	38.7	5995.59	0	1960	1.15033	1.15879	1709
676	481180	496	241329	233626	100	60	1.59411	0.796115	39	38.7	5995.59	0	1960	1.15613	1.16176	1709
677	475747	463	243290	221725	100	60	1.56937	0.796115	39	38.7	5995.59	0	1960	1.17828	1.17955	1709
678	453187	421	235053	207491	100	60	1.57143	0.796115	39	38.7	5995.59	0	1960	1.17512	1.17085	1709
679	448680	402	235029	203469	100	60	1.58729	0.796115	39	38.7	5995.59	0	1960	1.17604	1.16623	1709
680	418432	366	220792	188510	100	60	1.57369	0.796115	39	38.7	5995.59	0	1960	1.20776	1.19822	1709
681	374121	333	202434	171687	100	60	1.5648	0.796115	39	38.7	5995.59	0	1960	1.23292	1.21639	1709
682	290704	300	131957	158747	100	60	0.0980793	0.796115	39	38.7	68126.2	0	1960	1.00465	1.00247	1709
683	482635	259	209637	272997	100	60	0.0773591	0.796115	39	38.7	68126.2	0	1960	1.00374	1.00155	1709
684	636303	238	272632	363670	100	60	0.075372	0.796115	39	38.7	68126.2	0	1960	1.00368	1.00143	1709
685	630219	210	272675	357543	100	60	0.0781991	0.796115	39	38.7	68126.2	0	1960	1.0045	1.0026	1709
686	577879	181	257141	320738	100	60	0.0817927	0.796115	39	38.7	68126.2	0	1960	1.00497	1.00445	1709
687	464676	2316	123766	340910	100	60	0.90279	0.796115	39	38.7	68126.2	0	1960	1.0081	1.00689	1709
688	430778	2052	82774.8	348004	100	60	1.06711	0.796115	39	38.7	68126.2	0	1960	1.01038	1.00924	1709
689	405327	1857	67589.2	337738	100	60	1.31286	0.796115	39	38.7	68126.2	0	1960	1.01552	1.01298	1709
690	387156	1789	66290.5	320865	100	60	1.5321	0.796115	37	38.7	68126.2	0	1960	1.04942	1.06869	1709
691	441299	1458	135167	304883	100	60	0.647003	0.796115	39	38.7	0	0	1960	1.01392	1.01007	1709
692	578578	1269	221881	355181	100	60	0.545383	0.796115	39	38.7	0	0	1960	1.0099	1.00621	1709
693	698403	1042	296476	399596	100	60	0.506107	0.796115	39	38.7	0	0	1960	1.00877	1.00405	1709
694	763358	832	338205	423074	100	60	0.519151	0.796115	39	38.7	0	0	1960	1.00972	1.00228	1709
695	783765	694	359325	422802	100	60	0.533243	0.796115	39	38.7	0	0	1960	1.01132	1.00313	1709
696	593511	1729	173008	420503	100	60	1.18753	0.796115	39	38.7	0	0	1960	1.01558	1.00631	1709
697	634552	1616	234310	400242	100	60	1.29313	0.796115	39	38.7	0	0	1960	1.01665	1.0085	1709
698	533043	1543	138368	394675	100	60	1.4872	0.796115	39	38.7	0	0	1960	1.0189	1.01169	1709
699	583905	1306	208481	375425	100	60	1.5375	0.796115	39	38.7	0	0	1960	1.02111	1.01458	1709
700	643448	1156	268467	374981	100	60	1.64882	0.796115	39	38.7	8868.06	0	1960	1.02474	1.01908	1709
701	497386	971	145643	351744	100	60	1.74549	0.796115	39	38.7	8868.06	0	1960	1.0375	1.02993	1709
702	508403	828	196185	312218	100	60	1.7546	0.796115	39	38.7	8868.06	0	1960	1.03818	1.03152	1709
703	419099	749	121023	298077	100	60	1.77004	0.796115	39	38.7	8868.06	0	1960	1.04627	1.0429	1709
704	445327	676	171540	273786	100	60	1.81689	0.796115	39	38.7	8868.06	0	1960	1.05359	1.04918	1709
705	462154	596	210023	252130	100	60	1.84068	0.796115	39	38.7	8868.06	0	1960	1.06099	1.05593	1709
706	455876	512	220807	227037	100	60	1.85202	0.796115	39	38.7	8868.06	0	1960	1.07759	1.06917	1709
707	458272	466	228325	216272	100	60	1.86193	0.796115	39	38.7	8868.06	0	1960	1.09339	1.08515	1709
708	441116	417	224980	202588	100	60	1.88388	0.796115	39	38.7	8868.06	0	1960	1.09297	1.08049	1709
709	419104	378	216813	189755	100	60	1.89572	0.796115	39	38.7	8868.06	0	1960	1.08706	1.07065	1709
710	414837	361	216621	186371	100	60	1.91151	0.796115	39	38.7	8868.06	0	1960	1.08399	1.06553	1709
711	363207	310	196109	167098	100	60	1.92562	0.796115	39	38.7	8868.06	0	1960	1.08025	1.06645	1709
712	275922	286	116411	159511	100	60	0.0912236	0.796115	39	38.7	86164.7	0	1960	1.00194	1.00133	1709
713	508800	261	213239	295561	100	60	0.0787306	0.796115	39	38.7	86164.7	0	1960	1.00212	1.00141	1709
714	640228	237	269074	371154	100	60	0.0751952	0.796115	39	38.7	86164.7	0	1960	1.00207	1.00181	1709
715	610167	211	263079	347088	100	60	0.0806169	0.796115	39	38.7	86164.7	0	1960	1.00212	1.00197	1709
716	571679	199	257069	314610	100	60	0.0904161	0.796115	39	38.7	86164.7	0	1960	1.00244	1.00306	1709
717	644362	2370	297887	346475	100	60	0.960365	0.796115	39	38.7	86164.7	0	1960	1.00419	1.00498	1709
718	717227	2061	335134	382092	100	60	1.10447	0.796115	39	38.7	86164.7	0	1960	1.00587	1.00795	1709
719	751366	1831	354407	396959	100	60	1.30861	0.796115	39	38.7	86164.7	0	1960	1.00922	1.01208	1709
720	574222	1671	181788	392434	100	60	1.42456	0.796115	33	38.7	86164.7	0	1960	1.09511	1.16787	1709
721	501979	1381	123288	378125	100	60	0.664092	0.796115	39	38.7	0	0	1960	1.02511	1.02545	1709
722	482681	1152	99740.8	382694	100	60	0.487305	0.796115	39	38.7	0	0	1960	1.01086	1.00877	1709
723	602499	970	199325	401847	100	60	0.405375	0.796115	39	38.7	0	0	1960	1.0051	1.00205	1709
724	709545	826	278419	429644	100	60	0.426674	0.796115	39	38.7	0	0	1960	1.00431	1.00119	1709
725	736738	710	314978	420537	100	60	0.462392	0.796115	39	38.7	0	0	1960	1.00572	1.00339	1709
726	762996	1822	346148	416848	100	60	1.1253	0.796115	39	38.7	0	0	1960	1.00905	1.00715	1709
727	797968	1788	375625	422343	100	60	1.30512	0.796115	39	38.7	0	0	1960	1.01049	1.01081	1709
728	810115	1674	391019	419096	100	60	1.5253	0.796115	39	38.7	0	0	1960	1.01471	1.01378	1709
729	813302	1389	400565	412737	100	60	1.58188	0.796115	39	38.7	0	0	1960	1.01874	1.01877	1709
730	762342	1219	351458	410884	100	60	1.67921	0.796115	39	38.7	67806.5	0	1960	1.02293	1.02306	1709
731	741024	1038	359634	381390	100	60	1.7244	0.796115	39	38.7	67806.5	0	1960	1.03386	1.03482	1709
732	732411	924	368068	364344	100	60	1.76393	0.796115	39	38.7	67806.5	0	1960	1.04113	1.0413	1709
733	705728	823	363420	342308	100	60	1.80422	0.796115	39	38.7	67806.5	0	1960	1.05243	1.05257	1709
734	637406	695	333327	304079	100	60	1.83319	0.796115	39	38.7	67806.5	0	1960	1.08323	1.07959	1709
735	633462	659	334788	298673	100	60	1.87719	0.796115	39	38.7	67806.5	0	1960	1.08466	1.07939	1709
736	601116	601	314650	277190	100	60	1.90721	0.796115	39	38.7	67806.5	0	1960	1.09215	1.08208	1709
737	573868	551	297580	259788	100	60	1.93391	0.796115	39	38.7	67806.5	0	1960	1.1005	1.09341	1709
738	520862	477	271288	234306	100	60	1.95046	0.796115	39	38.7	67806.5	0	1960	1.09198	1.08493	1709
739	484661	428	253790	216766	100	60	1.96747	0.796115	39	38.7	67806.5	0	1960	1.08497	1.07126	1709
740	423887	361	223715	188153	100	60	1.928	0.796115	39	38.7	67806.5	0	1960	1.09044	1.07022	1709
741	385378	333	210518	174860	100	60	1.90649	0.796115	39	38.7	67806.5	0	1960	1.09014	1.06442	1709
742	286026	307	121577	164449	100	60	0.097705	0.796115	39	38.7	152557	0	1960	1.00217	0.99938	1709
743	528869	299	224860	304009	100	60	0.0900804	0.796115	39	38.7	152557	0	1960	1.00211	0.999567	1709
744	649156	262	274863	374293	100	60	0.0840699	0.796115	39	38.7	152557	0	1960	1.00227	1.00054	1709
745	603251	232	262393	340857	100	60	0.0891788	0.796115	39	38.7	152557	0	1960	1.00265	1.00245	1709
746	585300	212	263712	321589	100	60	0.0949509	0.796115	39	38.7	152557	0	1960	1.003	1.00362	1709
747	659732	2384	304462	355270	100	60	0.981831	0.796115	39	38.7	152557	0	1960	1.00494	1.00618	1709
748	703144	2039	326688	376456	100	60	1.10478	0.796115	39	38.7	152557	0	1960	1.00694	1.00863	1709
749	734168	1833	344996	389172	100	60	1.31907	0.796115	39	38.7	152557	0	1960	1.00835	1.00991	1709
750	586219	1762	184584	401635	100	60	1.48701	0.796115	36	38.7	152557	0	1960	1.09117	1.15897	1709
751	640827	1429	257988	381417	100	60	0.698406	0.796115	39	38.7	0	0	1960	1.02592	1.02342	1709
752	714949	1173	314565	398401	100	60	0.560665	0.796115	39	38.7	0	0	1960	1.01272	1.00909	1709
753	788511	969	361227	425048	100	60	0.513953	0.796115	39	38.7	0	0	1960	1.00876	1.00433	1709
754	831756	839	387379	442292	100	60	0.558122	0.796115	39	38.7	0	0	1960	1.00922	1.00369	1709
755	813420	737	386181	425429	100	60	0.603522	0.796115	39	38.7	0	0	1960	1.01205	1.00763	1709
756	596537	1553	180879	415658	100	60	1.24829	0.796115	39	38.7	0	0	1960	1.01572	1.01226	1709
757	649867	1491	246894	402973	100	60	1.39429	0.796115	39	38.7	0	0	1960	1.0147	1.01387	1709
758	707736	1495	306430	401307	100	60	1.64234	0.796115	39	38.7	0	0	1960	1.01404	1.01142	1709
759	746272	1273	347619	398654	100	60	1.67654	0.796115	39	38.7	0	0	1960	1.01957	1.02131	1709
760	700852	1106	309458	391394	100	60	1.74562	0.796115	39	38.7	67125.3	0	1960	1.02667	1.02813	1709
761	703239	969	332864	370375	100	60	1.81533	0.796115	39	38.7	67125.3	0	1960	1.03474	1.03523	1709
762	667795	824	329952	337843	100	60	1.86322	0.796115	39	38.7	67125.3	0	1960	1.04063	1.04136	1709
763	659213	739	334963	324249	100	60	1.89924	0.796115	39	38.7	67125.3	0	1960	1.04894	1.05027	1709
764	619180	652	321157	298023	100	60	1.89811	0.796115	39	38.7	67125.3	0	1960	1.06608	1.06769	1709
765	586262	582	307259	279003	100	60	1.95194	0.796115	39	38.7	67125.3	0	1960	1.07364	1.07057	1709
766	569163	540	295702	264210	100	60	1.97811	0.796115	39	38.7	67125.3	0	1960	1.09165	1.09142	1709
767	528569	481	271877	241170	100	60	2.02293	0.796115	39	38.7	67125.3	0	1960	1.10536	1.10526	1709
768	507063	442	261794	230304	100	60	2.04341	0.796115	39	38.7	67125.3	0	1960	1.10086	1.09217	1709
769	484825	409	251186	219673	100	60	2.08008	0.796115	39	38.7	67125.3	0	1960	1.09647	1.09023	1709
770	448529	375	233368	202475	100	60	2.09667	0.796115	39	38.7	67125.3	0	1960	1.1029	1.10221	1709
771	373730	310	200822	172909	100	60	2.10858	0.796115	39	38.7	67125.3	0	1960	1.11765	1.11905	1709
772	264136	277	104721	159416	100	60	0.090564	0.796115	39	38.7	157820	0	1960	1.00231	1.00196	1709
773	490793	247	201577	289216	100	60	0.0764204	0.796115	39	38.7	157820	0	1960	1.00222	1.00162	1709
774	622406	233	257617	364789	100	60	0.0767029	0.796115	39	38.7	157820	0	1960	1.00246	1.00238	1709
775	459915	215	110901	349014	100	60	0.0842665	0.796115	38	38.7	157820	0	1960	1.00268	1.00257	1709
776	461076	193	143945	317130	100	60	0.0925707	0.796115	38	38.7	157820	0	1960	1.00273	1.00335	1709
777	443098	2456	91877	351221	100	60	1.02268	0.796115	38	38.7	157820	0	1960	1.00403	1.00478	1709
778	423231	2326	69580.2	353651	100	60	1.32329	0.796115	38	38.7	157820	0	1960	1.00609	1.00689	1709
779	485810	2133	135946	349864	100	60	1.54379	0.796115	38	38.7	157820	0	1960	1.00812	1.00881	1709
780	469428	1966	103437	365991	100	60	1.74399	0.796115	37	38.7	157820	0	1960	1.05197	1.07885	1709
781	532510	1569	179472	351420	100	60	0.682644	0.796115	39	38.7	0	0	1960	1.01154	1.00973	1709
782	522557	1319	126143	396055	100	60	0.567304	0.796115	39	38.7	0	0	1960	1.0073	1.00529	1709
783	643656	1100	221111	420922	100	60	0.490682	0.796115	39	38.7	0	0	1960	1.00474	1.0021	1709
784	741182	919	293791	445821	100	60	0.513508	0.796115	39	38.7	0	0	1960	1.00504	1.00353	1709
785	756668	778	324857	430573	100	60	0.54855	0.796115	39	38.7	0	0	1960	1.00581	1.00323	1709
786	775163	1718	351814	423349	100	60	1.20723	0.796115	39	38.7	0	0	1960	1.00725	1.00639	1709
787	600080	1588	174222	425858	100	60	1.36701	0.796115	39	38.7	0	0	1960	1.00876	1.00954	1709
788	647600	1596	238844	408756	100	60	1.72759	0.796115	39	38.7	0	0	1960	1.01083	1.01131	1709
789	701206	1342	297899	403307	100	60	1.79639	0.796115	39	38.7	0	0	1960	1.01508	1.01645	1709
790	675696	1121	287926	387770	100	60	1.88832	0.796115	39	38.7	46081.9	0	1960	1.02268	1.02415	1709
791	688058	970	319002	369056	100	60	1.93412	0.796115	39	38.7	46081.9	0	1960	1.03026	1.03616	1709
792	673234	840	328745	344489	100	60	1.96825	0.796115	39	38.7	46081.9	0	1960	1.05051	1.05967	1709
793	634347	720	320639	313708	100	60	1.96539	0.796115	39	38.7	46081.9	0	1960	1.05628	1.05972	1709
794	598311	630	309465	288846	100	60	1.97563	0.796115	39	38.7	46081.9	0	1960	1.07398	1.07949	1709
795	548648	544	287390	261259	100	60	2.01695	0.796115	39	38.7	46081.9	0	1960	1.08669	1.09259	1709
796	513242	485	267620	237395	100	60	2.0457	0.796115	39	38.7	46081.9	0	1960	1.0989	1.09812	1709
797	463987	421	239527	210615	100	60	2.07876	0.796115	39	38.7	46081.9	0	1960	1.1087	1.10169	1709
798	430878	374	222862	195194	100	60	2.11532	0.796115	39	38.7	46081.9	0	1960	1.10101	1.09945	1709
799	426019	359	221413	192190	100	60	2.16619	0.796115	39	38.7	46081.9	0	1960	1.10526	1.10787	1709
800	406098	335	211856	182820	100	60	2.16473	0.796115	39	38.7	46081.9	0	1960	1.11111	1.10658	1709
801	376188	316	202559	173628	100	60	2.17612	0.796115	39	38.7	46081.9	0	1960	1.10476	1.0897	1709
802	256673	272	101912	154761	100	60	0.0939469	0.796115	39	38.7	135791	0	1960	1.0018	1.00127	1709
803	487007	255	199656	287351	100	60	0.0809856	0.796115	39	38.7	135791	0	1960	1.00166	1.00128	1709
804	631981	233	261094	370886	100	60	0.0779473	0.796115	39	38.7	135791	0	1960	1.00178	1.00166	1709
805	615142	199	259362	355780	100	60	0.0808795	0.796115	39	38.7	135791	0	1960	1.00194	1.00175	1709
806	579910	169	253089	326821	100	60	0.0811577	0.796115	39	38.7	135791	0	1960	1.0023	1.00266	1709
807	630612	2379	285537	345075	100	60	0.998921	0.796115	39	38.7	135791	0	1960	1.00351	1.00393	1709
808	720782	2247	330773	390009	100	60	1.21733	0.796115	39	38.7	135791	0	1960	1.00534	1.00795	1709
809	767464	1930	356282	411182	100	60	1.42247	0.796115	39	38.7	135791	0	1960	1.00714	1.01026	1709
810	488058	1733	84465.8	403593	100	60	1.56313	0.796115	38	38.7	135791	0	1960	1.08051	1.14112	1709
811	520773	1418	151354	368259	100	60	0.648422	0.796115	39	38.7	0	0	1960	1.01999	1.01988	1709
812	625886	1188	234922	389670	100	60	0.530035	0.796115	39	38.7	0	0	1960	1.01146	1.00933	1709
813	738759	1006	310829	425839	100	60	0.514261	0.796115	39	38.7	0	0	1960	1.00791	1.00511	1709
814	815865	883	361529	452262	100	60	0.569369	0.796115	39	38.7	0	0	1960	1.00715	1.00429	1709
815	612282	778	172877	439245	100	60	0.640898	0.796115	39	38.7	0	0	1960	1.00825	1.00631	1709
816	654501	1691	235240	419261	100	60	1.34942	0.796115	39	38.7	0	0	1960	1.01003	1.00754	1709
817	730916	1616	304466	426449	100	60	1.49336	0.796115	39	38.7	0	0	1960	1.0134	1.01176	1709
818	751680	1544	339178	412501	100	60	1.72612	0.796115	39	38.7	0	0	1960	1.01469	1.01428	1709
819	780790	1303	369437	411353	100	60	1.75121	0.796115	39	38.7	0	0	1960	1.01826	1.02	1709
820	697518	1092	303528	393990	100	60	1.82187	0.796115	39	38.7	79669.4	0	1960	1.02873	1.03394	1709
821	692456	937	323285	369171	100	60	1.8811	0.796115	39	38.7	79669.4	0	1960	1.03693	1.04497	1709
822	504887	818	159775	345113	100	60	1.9353	0.796115	39	38.7	79669.4	0	1960	1.03902	1.04172	1709
823	528716	739	207937	320779	100	60	1.99168	0.796115	39	38.7	79669.4	0	1960	1.04857	1.04891	1709
824	540257	660	243525	296732	100	60	2.05877	0.796115	39	38.7	79669.4	0	1960	1.05025	1.04871	1709
825	530217	590	257818	272399	100	60	2.08107	0.796115	39	38.7	79669.4	0	1960	1.07589	1.07719	1709
826	533611	550	264393	260555	100	60	2.09257	0.796115	39	38.7	79669.4	0	1960	1.09421	1.09576	1709
827	476748	455	237880	224862	100	60	2.1133	0.796115	39	38.7	79669.4	0	1960	1.10225	1.09821	1709
828	453277	410	230151	209846	100	60	2.11014	0.796115	39	38.7	79669.4	0	1960	1.09195	1.08911	1709
829	441333	381	226385	201939	100	60	2.14805	0.796115	39	38.7	79669.4	0	1960	1.07828	1.072	1709
830	409175	344	211010	186688	100	60	2.13764	0.796115	39	38.7	79669.4	0	1960	1.08403	1.0806	1709
831	378536	315	201190	177345	100	60	2.14921	0.796115	39	38.7	79669.4	0	1960	1.09816	1.09477	1709
832	265257	277	102911	162345	100	60	0.0992379	0.796115	39	38.7	169895	0	1960	1.00237	1.00187	1709
833	476288	243	194297	281991	100	60	0.0794434	0.796115	39	38.7	169895	0	1960	1.00217	1.00169	1709
834	489341	217	123133	366208	100	60	0.0747894	0.796115	39	38.7	169895	0	1960	1.00238	1.0021	1709
835	507250	186	157731	349519	100	60	0.0671407	0.796115	38	38.7	169895	0	1960	1.00193	1.00181	1709
836	518105	172	184813	333292	100	60	0.0753828	0.796115	38	38.7	169895	0	1960	1.00214	1.00226	1709
837	584274	2432	234908	349365	100	60	0.90239	0.796115	37	38.7	169895	0	1960	1.00292	1.0032	1709
838	664987	2175	284233	380753	100	60	1.08566	0.796115	36	38.7	169895	0	1960	1.0039	1.00333	1709
839	718683	1885	319019	399664	100	60	1.29193	0.796115	36	38.7	169895	0	1960	1.0058	1.00544	1709
840	592230	1959	176261	415969	100	60	1.54811	0.796115	33	38.7	169895	0	1960	1.06356	1.11373	1709
841	513895	1558	118572	395221	100	60	0.866479	0.796115	39	38.7	0	0	1960	1.02361	1.0264	1709
842	569710	1256	190364	379038	100	60	0.625303	0.796115	39	38.7	0	0	1960	1.00993	1.0086	1709
843	704952	1097	285262	419278	100	60	0.577556	0.796115	39	38.7	0	0	1960	1.00547	1.00299	1709
844	781598	914	338063	443034	100	60	0.603363	0.796115	39	38.7	0	0	1960	1.006	1.00346	1709
845	797834	774	358651	438746	100	60	0.63662	0.796115	39	38.7	0	0	1960	1.00759	1.00532	1709
846	793962	1583	368599	425364	100	60	1.28122	0.796115	39	38.7	0	0	1960	1.01117	1.01028	1709
847	793338	1543	378141	415197	100	60	1.44806	0.796115	39	38.7	0	0	1960	1.00978	1.00859	1709
848	796757	1476	386912	409845	100	60	1.679	0.796115	39	38.7	0	0	1960	1.01414	1.0143	1709
849	788832	1249	388474	400358	100	60	1.71674	0.796115	39	38.7	0	0	1960	1.01581	1.01691	1709
850	673039	1074	290826	382213	100	60	1.7858	0.796115	39	38.7	102469	0	1960	1.01978	1.02245	1709
851	667812	925	311825	355986	100	60	1.87717	0.796115	39	38.7	102469	0	1960	1.02939	1.03478	1709
852	651174	805	318271	332903	100	60	1.94432	0.796115	39	38.7	102469	0	1960	1.03356	1.0375	1709
853	639219	734	321003	318216	100	60	1.98784	0.796115	39	38.7	102469	0	1960	1.04035	1.04533	1709
854	594064	641	303219	290844	100	60	2.0063	0.796115	39	38.7	102469	0	1960	1.04738	1.05354	1709
855	397789	549	136938	260851	100	60	2.05473	0.796115	39	38.7	102469	0	1960	1.06056	1.07011	1709
856	406340	483	166651	232496	100	60	2.05156	0.796115	39	38.7	102469	0	1960	1.08696	1.09434	1709
857	435250	453	199148	224476	100	60	2.08157	0.796115	39	38.7	102469	0	1960	1.07937	1.08501	1709
858	422278	401	203683	205300	100	60	2.1194	0.796115	39	38.7	102469	0	1960	1.06576	1.06835	1709
859	392001	342	194951	184380	100	60	2.13447	0.796115	39	38.7	102469	0	1960	1.04533	1.03835	1709
860	361796	302	184591	165875	100	60	2.14163	0.796115	39	38.7	102469	0	1960	1.04025	1.0302	1709
861	334097	278	177451	156646	100	60	2.15481	0.796115	39	38.7	102469	0	1960	1.0404	1.03636	1709
862	223522	240	83593	139929	100	60	0.0850457	0.796115	39	38.7	188704	0	1960	1.00075	1.00016	1709
863	443740	205	178328	265411	100	60	0.0664907	0.796115	39	38.7	188704	0	1960	1.00075	1.00014	1709
864	601599	188	245554	356044	100	60	0.0649214	0.796115	39	38.7	188704	0	1960	1.00049	1.00011	1709
865	603033	177	252729	350304	100	60	0.0731553	0.796115	39	38.7	188704	0	1960	1.00084	1.00089	1709
866	564171	158	245567	318603	100	60	0.0785204	0.796115	39	38.7	188704	0	1960	1.00102	1.00175	1709
867	619149	2427	278594	340554	100	60	1.0253	0.796115	39	38.7	188704	0	1960	1.00238	1.00414	1709
868	699658	2158	319572	380086	100	60	1.20519	0.796115	39	38.7	188704	0	1960	1.00332	1.00528	1709
869	762834	1980	352664	410170	100	60	1.49022	0.796115	39	38.7	188704	0	1960	1.00391	1.00529	1709
870	576776	1698	177901	398875	100	60	1.59267	0.796115	36	38.7	188704	0	1960	1.0835	1.14446	1709
871	633264	1394	251919	380693	100	60	0.794811	0.796115	39	38.7	0	0	1960	1.02494	1.02607	1709
872	691026	1142	301393	388673	100	60	0.636662	0.796115	39	38.7	0	0	1960	1.01238	1.01049	1709
873	756403	917	345408	409864	100	60	0.552168	0.796115	39	38.7	0	0	1960	1.00717	1.00467	1709
874	837936	831	388085	448765	100	60	0.605677	0.796115	39	38.7	0	0	1960	1.0074	1.0044	1709
875	835767	742	393046	441818	100	60	0.684004	0.796115	39	38.7	0	0	1960	1.00922	1.00644	1709
876	815014	1575	388233	426781	100	60	1.39596	0.796115	39	38.7	0	0	1960	1.01143	1.01019	1709
877	787778	1434	381191	406587	100	60	1.4993	0.796115	39	38.7	0	0	1960	1.01395	1.01326	1709
878	783603	1411	383301	400302	100	60	1.72341	0.796115	39	38.7	0	0	1960	1.01462	1.0142	1709
879	776265	1170	385105	391160	100	60	1.76039	0.796115	39	38.7	0	0	1960	1.01489	1.01627	1709
880	556379	1017	176654	379726	100	60	1.83291	0.796115	39	38.7	10167.6	0	1960	1.01558	1.01675	1709
881	583575	891	229471	354103	100	60	1.93382	0.796115	39	38.7	10167.6	0	1960	1.02539	1.02584	1709
882	605862	791	271618	334244	100	60	1.9941	0.796115	39	38.7	10167.6	0	1960	1.0361	1.03929	1709
883	601991	706	289544	312447	100	60	2.04037	0.796115	39	38.7	10167.6	0	1960	1.03037	1.02833	1709
884	577140	627	288864	288277	100	60	2.10666	0.796115	39	38.7	10167.6	0	1960	1.04595	1.048	1709
885	545880	564	278643	267237	100	60	2.14077	0.796115	39	38.7	10167.6	0	1960	1.06279	1.06595	1709
886	379699	506	131572	246529	100	60	2.13331	0.796115	39	38.7	10167.6	0	1960	1.07557	1.08748	1709
887	395835	458	161047	226671	100	60	2.21112	0.796115	39	38.7	10167.6	0	1960	1.07071	1.07726	1709
888	391664	405	178637	203627	100	60	2.24748	0.796115	39	38.7	10167.6	0	1960	1.06032	1.06484	1709
889	388041	365	187770	188178	100	60	2.23621	0.796115	39	38.7	10167.6	0	1960	1.05685	1.0551	1709
890	376439	330	188373	177001	100	60	2.23788	0.796115	39	38.7	10167.6	0	1960	1.0634	1.0581	1709
891	324221	280	170997	153224	100	60	2.25403	0.796115	39	38.7	10167.6	0	1960	1.06207	1.05797	1709
892	213600	258	67614.1	145986	100	60	0.0897004	0.796115	39	38.7	27344.2	0	1960	1.0012	1.00089	1709
893	456285	240	175680	280605	100	60	0.0749635	0.796115	39	38.7	27344.2	0	1960	1.00114	1.00087	1709
894	616586	228	248289	368297	100	60	0.0757364	0.796115	39	38.7	27344.2	0	1960	1.00102	1.00096	1709
895	457832	183	109833	347999	100	60	0.0741037	0.796115	39	38.7	27344.2	0	1960	1.00106	1.00107	1709
896	438670	162	137326	301344	100	60	0.0807449	0.796115	39	38.7	27344.2	0	1960	1.00103	1.00186	1709
897	537211	2467	207131	330080	100	60	1.03181	0.796115	39	38.7	27344.2	0	1960	1.00183	1.00277	1709
898	639869	2253	269215	370654	100	60	1.29975	0.796115	39	38.7	27344.2	0	1960	1.0026	1.00424	1709
899	701651	1899	308387	393265	100	60	1.44934	0.796115	39	38.7	27344.2	0	1960	1.00383	1.0069	1709
900	566390	1742	167248	399142	100	60	1.62246	0.796115	35	38.7	27344.2	0	1960	1.08662	1.15256	1709
901	614801	1371	240165	373589	100	60	0.770168	0.796115	39	38.7	0	0	1960	1.02642	1.02877	1709
902	697212	1162	300527	395206	100	60	0.63941	0.796115	39	38.7	0	0	1960	1.01316	1.01229	1709
903	797895	1014	359796	436379	100	60	0.602023	0.796115	39	38.7	0	0	1960	1.00727	1.0052	1709
904	856336	871	392555	462126	100	60	0.619264	0.796115	39	38.7	0	0	1960	1.00733	1.00432	1709
905	843063	747	391387	450264	100	60	0.642939	0.796115	39	38.7	0	0	1960	1.00958	1.00745	1709
906	813653	1568	384290	429363	100	60	1.3431	0.796115	39	38.7	0	0	1960	1.01018	1.00721	1709
907	798588	1454	382158	416430	100	60	1.48557	0.796115	39	38.7	0	0	1960	1.01124	1.00975	1709
908	802618	1450	388049	414569	100	60	1.74568	0.796115	39	38.7	0	0	1960	1.01564	1.01453	1709
909	771865	1182	378595	393271	100	60	1.82094	0.796115	39	38.7	0	0	1960	1.02195	1.02034	1709
910	650990	992	275252	375738	100	60	1.8968	0.796115	39	38.7	104434	0	1960	1.02573	1.02119	1709
911	660041	871	303014	357028	100	60	1.97561	0.796115	39	38.7	104434	0	1960	1.02946	1.02762	1709
912	661633	782	318973	342660	100	60	1.99859	0.796115	39	38.7	104434	0	1960	1.03724	1.03985	1709
913	666262	733	330107	336155	100	60	2.04997	0.796115	39	38.7	104434	0	1960	1.04456	1.04932	1709
914	643874	678	323960	319914	100	60	2.11866	0.796115	39	38.7	104434	0	1960	1.05437	1.05457	1709
915	609310	622	309463	299848	100	60	2.18546	0.796115	39	38.7	104434	0	1960	1.06575	1.06774	1709
916	546698	529	274581	262950	100	60	2.23941	0.796115	39	38.7	104434	0	1960	1.07731	1.074	1709
917	516106	477	257069	243434	100	60	2.27208	0.796115	39	38.7	104434	0	1960	1.09144	1.08228	1709
918	359759	434	126012	230632	100	60	2.30623	0.796115	39	38.7	104434	0	1960	1.08114	1.06977	1709
919	378757	399	156326	214743	100	60	2.26684	0.796115	39	38.7	104434	0	1960	1.09592	1.08906	1709
920	382339	359	176959	198395	100	60	2.28463	0.796115	39	38.7	104434	0	1960	1.0873	1.08523	1709
921	354776	313	175934	178841	100	60	2.26245	0.796115	39	38.7	104434	0	1960	1.0988	1.08414	1709
922	268982	292	100249	168733	100	60	0.1192	0.796115	39	38.7	187971	0	1960	1.00233	1.00164	1709
923	369277	274	93474.5	275802	100	60	0.0986803	0.796115	39	38.7	187971	0	1960	1.00215	1.0014	1709
924	560675	256	187598	373077	100	60	0.0883401	0.796115	39	38.7	187971	0	1960	1.00176	1.00125	1709
925	609974	240	224985	384989	100	60	0.0976339	0.796115	39	38.7	187971	0	1960	1.00199	1.00167	1709
926	434950	204	95099.9	339851	100	60	0.10321	0.796115	39	38.7	187971	0	1960	1.0023	1.00215	1709
927	476621	2044	150255	326366	100	60	0.914508	0.796115	39	38.7	187971	0	1960	1.00336	1.00348	1709
928	586128	1920	221811	364317	100	60	1.15915	0.796115	39	38.7	187971	0	1960	1.00496	1.00533	1709
929	678630	1931	281877	396753	100	60	1.4791	0.796115	39	38.7	187971	0	1960	1.00726	1.00825	1709
930	550106	1712	155493	394613	100	60	1.63888	0.796115	36	38.7	187971	0	1960	1.09198	1.14687	1709
