Time	totMass	NInd	abovemass	belowmass	mean_ares	mean_bres	shannon	meanShannon	NPFT	meanNPFT	Cutted	NNonClonal	NClonal	mean_generation	mean_genet_size	NGenets
1	498	0	249	249	100	60	0	0.809704	39	38.2	0	18	2280	1	0.872666	2080
2	8865.77	0	3480.55	5385.22	100	60	0	0.809704	39	38.2	0	18	2280	1	0.87212	2080
3	41969.4	0	19639.9	22329.5	100	60	0	0.809704	39	38.2	0	18	2280	1	0.871327	2080
4	124674	0	58602.2	66071.4	100	60	0	0.809704	39	38.2	0	18	2280	1	0.870868	2080
5	276440	0	129965	146475	100	60	0	0.809704	39	38.2	0	18	2280	1	0.867725	2080
6	487244	568	229699	257544	100	60	2.48927	0.809704	39	38.2	0	18	2280	1	0.866883	2080
7	705919	788	335074	370844	100	60	3.18021	0.809704	39	38.2	0	18	2280	1.0106	0.879195	2080
8	879353	839	421942	457410	100	60	3.33458	0.809704	39	38.2	0	18	2280	1.01927	0.887962	2080
9	1.00705e+006	782	489267	517783	100	60	3.14842	0.809704	39	38.2	0	18	2280	1.03564	0.913043	2080
10	1.10319e+006	744	542361	560825	100	60	3.02221	0.809704	39	38.2	0	18	2280	1.05598	0.938172	2080
11	1.16751e+006	709	580061	587449	100	60	2.9126	0.809704	39	38.2	0	18	2280	1.07374	0.957806	2080
12	1.20221e+006	678	602331	599882	100	60	2.81213	0.809704	39	38.2	0	18	2280	1.09851	0.994083	2080
13	1.22937e+006	657	620271	609104	100	60	2.74946	0.809704	39	38.2	0	18	2280	1.12633	1.03664	2080
14	1.26792e+006	653	643009	624916	100	60	2.78381	0.809704	39	38.2	0	18	2280	1.1353	1.04658	2080
15	1.30338e+006	652	662742	640636	100	60	2.83495	0.809704	39	38.2	0	18	2280	1.15891	1.05529	2080
16	1.32674e+006	642	665435	641771	100	60	2.84463	0.809704	39	38.2	0	18	2280	1.17655	1.06421	2080
17	1.35644e+006	645	672080	647147	100	60	2.87433	0.809704	39	38.2	0	18	2280	1.19301	1.08497	2080
18	1.38795e+006	647	686559	658921	100	60	2.94106	0.809704	39	38.2	0	18	2280	1.2	1.07237	2080
19	1.41287e+006	648	699457	669386	100	60	3.02268	0.809704	39	38.2	0	18	2280	1.1964	1.04305	2080
20	1.43232e+006	640	710101	678622	100	60	3.05911	0.809704	39	38.2	0	18	2280	1.19296	1.03356	2080
21	1.40172e+006	645	716996	684721	100	60	3.13804	0.809704	39	38.2	0	18	2280	1.19811	1.02207	2080
22	1.40441e+006	646	720505	683905	100	60	0.719936	0.809704	39	38.2	0	18	2280	1.03067	0.86977	2080
23	1.43632e+006	641	730543	705782	100	60	0.724079	0.809704	39	38.2	0	18	2280	1.03347	0.87753	2080
24	1.4303e+006	618	725608	704692	100	60	0.731645	0.809704	39	38.2	0	18	2280	1.03521	0.902923	2080
25	1.39412e+006	595	706297	687821	100	60	0.814563	0.809704	39	38.2	0	18	2280	1.04334	0.942211	2080
26	1.42136e+006	586	719448	701912	100	60	0.932506	0.809704	39	38.2	0	18	2280	1.0555	0.978785	2080
27	1.47564e+006	1508	744654	730982	100	60	2.40053	0.809704	39	38.2	0	18	2280	1.08123	1.00699	2080
28	1.50723e+006	1388	757764	749466	100	60	2.53428	0.809704	39	38.2	0	18	2280	1.09789	1.02073	2080
29	1.51629e+006	1275	761179	755113	100	60	2.578	0.809704	39	38.2	0	18	2280	1.11156	1.041	2080
30	1.15355e+006	1208	385906	767643	100	60	2.21303	0.809704	39	38.2	0	18	2280	1.35245	1.45749	2080
31	1.14354e+006	1020	449064	694328	100	60	1.02506	0.809704	39	38.2	0	18	2280	1.10041	0.957611	2080
32	1.11926e+006	845	473236	645768	100	60	0.808827	0.809704	39	38.2	0	18	2280	1.06916	0.915617	2080
33	1.09762e+006	724	482716	614670	100	60	0.689628	0.809704	39	38.2	0	18	2280	1.05571	0.894587	2080
34	1.05928e+006	614	477136	581978	100	60	0.767469	0.809704	39	38.2	0	18	2280	1.06548	0.916013	2080
35	1.02689e+006	666	471738	555048	100	60	1.0463	0.809704	39	38.2	0	18	2280	1.07861	0.956463	2080
36	749668	759	222942	526726	100	60	1.39462	0.809704	39	38.2	0	18	2280	1.08999	0.999322	2080
37	780785	937	282044	498742	100	60	2.00624	0.809704	39	38.2	0	18	2280	1.09994	1.00175	2080
38	807736	966	328327	479408	100	60	2.58194	0.809704	39	38.2	0	18	2280	1.125	1.01996	2080
39	823803	819	360442	463362	100	60	2.58906	0.809704	39	38.2	0	18	2280	1.13504	1.02999	2080
40	597022	711	148386	448637	100	60	2.59391	0.809704	39	38.2	248365	18	2280	1.15213	1.04367	2080
41	630598	631	204207	426390	100	60	2.6349	0.809704	39	38.2	248365	18	2280	1.15892	1.03892	2080
42	668698	572	256144	412553	100	60	2.70328	0.809704	39	38.2	248365	18	2280	1.17183	1.05629	2080
43	707810	532	297128	410682	100	60	2.80195	0.809704	39	38.2	248365	18	2280	1.17891	1.05882	2080
44	679937	471	301933	378003	100	60	2.82635	0.809704	39	38.2	248365	18	2280	1.19739	1.08353	2080
45	643138	396	298184	344954	100	60	2.85138	0.809704	39	38.2	248365	18	2280	1.2151	1.1	2080
46	619223	349	289298	319947	100	60	2.92166	0.809704	39	38.2	248365	18	2280	1.24661	1.11356	2080
47	596148	323	279113	300546	100	60	2.90558	0.809704	39	38.2	248365	18	2280	1.25816	1.11905	2080
48	553950	280	262714	274898	100	60	2.96481	0.809704	39	38.2	248365	18	2280	1.25	1.08661	2080
49	493665	236	237169	241493	100	60	3.01698	0.809704	39	38.2	248365	18	2280	1.26695	1.07512	2080
50	441549	204	214661	214261	100	60	3.02996	0.809704	39	38.2	248365	18	2280	1.28358	1.05978	2080
51	413509	188	209427	204082	100	60	3.06858	0.809704	39	38.2	248365	18	2280	1.30337	1.07186	2080
52	246431	179	46264.6	200167	100	60	0.114643	0.809704	39	38.2	417999	18	2280	1.00423	0.89649	2080
53	394890	162	125011	269879	100	60	0.0800493	0.809704	39	38.2	417999	18	2280	1.00296	0.894218	2080
54	603435	145	226736	376699	100	60	0.0757408	0.809704	39	38.2	417999	18	2280	1.00332	0.902317	2080
55	668493	131	261971	406523	100	60	0.0793876	0.809704	39	38.2	417999	18	2280	1.00376	0.917504	2080
56	613913	104	250147	363766	100	60	0.0797775	0.809704	39	38.2	417999	18	2280	1.00422	0.933472	2080
57	655772	2325	280425	375347	100	60	1.34065	0.809704	39	38.2	417999	18	2280	1.00529	0.938724	2080
58	765146	2330	336147	428999	100	60	1.66094	0.809704	39	38.2	417999	18	2280	1.00768	0.942747	2080
59	799014	1954	355517	443496	100	60	1.98682	0.809704	39	38.2	417999	18	2280	1.00954	0.942063	2080
60	627318	1626	183443	443875	100	60	2.03317	0.809704	39	38.2	417999	18	2280	1.0993	1.09932	2080
61	544270	1312	121731	422419	100	60	1.28321	0.809704	39	38.2	0	18	2280	1.04913	0.967612	2080
62	599946	1072	191882	407803	100	60	0.952903	0.809704	39	38.2	0	18	2280	1.02899	0.937217	2080
63	677655	877	263663	413724	100	60	0.860646	0.809704	39	38.2	0	18	2280	1.0209	0.92427	2080
64	798249	778	335081	462926	100	60	0.927017	0.809704	39	38.2	0	18	2280	1.02232	0.926277	2080
65	851325	705	371269	479853	100	60	1.01519	0.809704	39	38.2	0	18	2280	1.02703	0.935942	2080
66	890979	1399	398274	492705	100	60	2.02706	0.809704	39	38.2	0	18	2280	1.02941	0.93865	2080
67	879424	1324	401710	477714	100	60	2.25316	0.809704	39	38.2	0	18	2280	1.03261	0.95127	2080
68	874175	1185	407227	466949	100	60	2.35167	0.809704	39	38.2	0	18	2280	1.03292	0.953886	2080
69	872920	991	412755	460165	100	60	2.36006	0.809704	39	38.2	0	18	2280	1.03789	0.957274	2080
70	638732	858	191512	447220	100	60	2.44879	0.809704	39	38.2	238426	18	2280	1.0378	0.954118	2080
71	677315	770	248133	429182	100	60	2.55717	0.809704	39	38.2	238426	18	2280	1.04545	0.972405	2080
72	542112	677	138808	403304	100	60	2.66971	0.809704	39	38.2	238426	18	2280	1.05697	0.986507	2080
73	572553	603	196585	375969	100	60	2.75546	0.809704	39	38.2	238426	18	2280	1.05241	0.978003	2080
74	603083	553	244301	358782	100	60	2.77467	0.809704	39	38.2	238426	18	2280	1.07006	0.994465	2080
75	593039	493	260939	332100	100	60	2.77348	0.809704	39	38.2	238426	18	2280	1.0841	1.01245	2080
76	585896	444	263940	312005	100	60	2.8077	0.809704	39	38.2	238426	18	2280	1.10625	1.03472	2080
77	595421	414	271200	307222	100	60	2.83134	0.809704	39	38.2	238426	18	2280	1.11187	1.03713	2080
78	583681	377	270273	296214	100	60	2.90023	0.809704	39	38.2	238426	18	2280	1.1134	1.03005	2080
79	551642	337	259281	276067	100	60	2.91623	0.809704	39	38.2	238426	18	2280	1.1092	1.02147	2080
80	514097	305	244550	254861	100	60	2.9731	0.809704	39	38.2	238426	18	2280	1.10065	1.0069	2080
81	464744	274	229111	235633	100	60	2.9954	0.809704	39	38.2	238426	18	2280	1.09926	1	2080
82	266371	232	57963	208408	100	60	0.114105	0.809704	39	38.2	409622	18	2280	1.0021	0.932769	2080
83	446964	205	149723	297241	100	60	0.0800732	0.809704	39	38.2	409622	18	2280	1.00153	0.933146	2080
84	648301	187	242500	405801	100	60	0.0780652	0.809704	39	38.2	409622	18	2280	1.00173	0.940441	2080
85	694713	172	269203	425510	100	60	0.0829788	0.809704	39	38.2	409622	18	2280	1.00177	0.94827	2080
86	645336	149	261637	383698	100	60	0.0898528	0.809704	39	38.2	409622	18	2280	1.00201	0.956169	2080
87	661035	2572	282052	378984	100	60	1.28926	0.809704	39	38.2	409622	18	2280	1.00303	0.95888	2080
88	743860	2395	325902	417958	100	60	1.51415	0.809704	39	38.2	409622	18	2280	1.004	0.956589	2080
89	783399	1984	347927	435472	100	60	1.77874	0.809704	39	38.2	409622	18	2280	1.00503	0.958806	2080
90	517922	1760	82950.6	434971	100	60	1.97468	0.809704	35	38.2	409622	18	2280	1.0883	1.10439	2080
91	454205	1384	67925.6	386180	100	60	0.919822	0.809704	39	38.2	0	18	2280	1.02848	0.968386	2080
92	532149	1166	140475	391412	100	60	0.700144	0.809704	39	38.2	0	18	2280	1.0175	0.953053	2080
93	662411	968	230848	431219	100	60	0.643468	0.809704	39	38.2	0	18	2280	1.01453	0.951687	2080
94	772298	813	301215	470694	100	60	0.674498	0.809704	39	38.2	0	18	2280	1.016	0.959918	2080
95	846011	779	349674	495963	100	60	0.811847	0.809704	39	38.2	0	18	2280	1.01913	0.966162	2080
96	663211	1742	177035	486176	100	60	1.78583	0.809704	39	38.2	0	18	2280	1.02261	0.969448	2080
97	717041	1713	242555	474485	100	60	2.04537	0.809704	39	38.2	0	18	2280	1.02126	0.970558	2080
98	772524	1564	301522	471002	100	60	2.23812	0.809704	39	38.2	0	18	2280	1.02516	0.974757	2080
99	820096	1321	347597	472499	100	60	2.28183	0.809704	39	38.2	0	18	2280	1.02805	0.977829	2080
100	694583	1114	235421	459162	100	60	2.36255	0.809704	39	38.2	144292	18	2280	1.03269	0.980961	2080
101	709263	962	280112	429152	100	60	2.45835	0.809704	39	38.2	144292	18	2280	1.03538	0.985325	2080
102	745855	875	322746	423108	100	60	2.52094	0.809704	39	38.2	144292	18	2280	1.04305	0.986223	2080
103	744205	772	338196	406009	100	60	2.60891	0.809704	39	38.2	144292	18	2280	1.04925	0.988312	2080
104	703617	669	329875	373743	100	60	2.62934	0.809704	39	38.2	144292	18	2280	1.05793	0.997001	2080
105	507885	591	159323	348563	100	60	2.68811	0.809704	39	38.2	144292	18	2280	1.07452	1.01022	2080
106	408026	518	95403.3	311362	100	60	2.69254	0.809704	39	38.2	144292	18	2280	1.08793	1.01758	2080
107	416383	451	130749	278509	100	60	2.70478	0.809704	39	38.2	144292	18	2280	1.10707	1.04279	2080
108	433283	406	164990	259970	100	60	2.74881	0.809704	39	38.2	144292	18	2280	1.11034	1.04738	2080
109	454007	382	191194	250999	100	60	2.74909	0.809704	39	38.2	144292	18	2280	1.10539	1.04267	2080
110	468547	365	209111	248502	100	60	2.82415	0.809704	39	38.2	144292	18	2280	1.11796	1.05128	2080
111	325640	321	100213	225426	100	60	2.77499	0.809704	39	38.2	144292	18	2280	1.12991	1.04823	2080
112	261232	271	67006.5	194226	100	60	0.115551	0.809704	39	38.2	205707	18	2280	1.00257	0.967373	2080
113	431950	217	150383	281567	100	60	0.0832485	0.809704	39	38.2	205707	18	2280	1.00208	0.965866	2080
114	512248	186	120531	391717	100	60	0.0755801	0.809704	39	38.2	205707	18	2280	1.00186	0.967916	2080
115	575012	157	170059	404953	100	60	0.0669336	0.809704	39	38.2	205707	18	2280	1.00148	0.966742	2080
116	547758	133	184310	363448	100	60	0.0696148	0.809704	39	38.2	205707	18	2280	1.00171	0.966909	2080
117	459079	2772	95128.8	363950	100	60	1.14422	0.809704	39	38.2	205707	18	2280	1.00265	0.968191	2080
118	541990	2454	166789	375201	100	60	1.34631	0.809704	39	38.2	205707	18	2280	1.00315	0.967554	2080
119	525080	2214	110410	414670	100	60	1.6236	0.809704	39	38.2	205707	18	2280	1.00409	0.970453	2080
120	489231	2283	87696.2	401535	100	60	2.11962	0.809704	35	38.2	205707	18	2280	1.03227	1.01757	2080
121	557611	1785	168284	388780	100	60	1.18975	0.809704	39	38.2	0	18	2280	1.01499	0.980498	2080
122	532009	1476	117708	414018	100	60	0.977636	0.809704	39	38.2	0	18	2280	1.01006	0.976414	2080
123	531645	1235	101535	429946	100	60	0.850225	0.809704	39	38.2	0	18	2280	1.00628	0.975212	2080
124	629335	1021	188824	440004	100	60	0.860478	0.809704	39	38.2	0	18	2280	1.00607	0.972342	2080
125	731179	890	269177	461570	100	60	0.913358	0.809704	39	38.2	0	18	2280	1.00777	0.976885	2080
126	644125	1857	158434	485691	100	60	1.82414	0.809704	39	38.2	0	18	2280	1.01042	0.977499	2080
127	681858	1701	223715	458143	100	60	1.97849	0.809704	39	38.2	0	18	2280	1.01206	0.983752	2080
128	751449	1669	292070	459379	100	60	2.17786	0.809704	39	38.2	0	18	2280	1.0157	0.98917	2080
129	619284	1399	162753	456530	100	60	2.19416	0.809704	39	38.2	0	18	2280	1.01757	0.988506	2080
130	628441	1181	204100	424341	100	60	2.28332	0.809704	39	38.2	22887.9	18	2280	1.01716	0.982128	2080
131	677384	1042	266290	411094	100	60	2.35675	0.809704	39	38.2	22887.9	18	2280	1.02548	0.993243	2080
132	698916	925	302550	396366	100	60	2.43789	0.809704	39	38.2	22887.9	18	2280	1.03892	1.0087	2080
133	698912	829	320679	378232	100	60	2.49568	0.809704	39	38.2	22887.9	18	2280	1.04028	1.00972	2080
134	667199	724	316362	350837	100	60	2.52849	0.809704	39	38.2	22887.9	18	2280	1.05471	1.02774	2080
135	492221	656	155936	336285	100	60	2.57022	0.809704	39	38.2	22887.9	18	2280	1.05805	1.03063	2080
136	497884	574	187613	302560	100	60	2.59273	0.809704	39	38.2	22887.9	18	2280	1.06107	1.03169	2080
137	524934	540	221801	291450	100	60	2.64091	0.809704	39	38.2	22887.9	18	2280	1.07023	1.03214	2080
138	412673	505	125671	283746	100	60	2.66654	0.809704	39	38.2	22887.9	18	2280	1.07052	1.02823	2080
139	418162	459	153644	256565	100	60	2.67979	0.809704	39	38.2	22887.9	18	2280	1.08197	1.04505	2080
140	329872	415	90709.6	237704	100	60	2.65774	0.809704	39	38.2	22887.9	18	2280	1.08409	1.05038	2080
141	340253	373	121371	218882	100	60	2.67193	0.809704	39	38.2	22887.9	18	2280	1.09819	1.06723	2080
142	286358	332	87657.9	198700	100	60	0.309255	0.809704	39	38.2	86959.4	18	2280	1.00559	1.0016	2080
143	298229	307	68484	229745	100	60	0.228829	0.809704	39	38.2	86959.4	18	2280	1.00457	1.00096	2080
144	470644	298	165210	305434	100	60	0.213121	0.809704	39	38.2	86959.4	18	2280	1.00455	1.00057	2080
145	648185	268	258362	389823	100	60	0.211425	0.809704	39	38.2	86959.4	18	2280	1.00487	1.0013	2080
146	741142	243	309538	431604	100	60	0.230376	0.809704	38	38.2	86959.4	18	2280	1.00596	1.00182	2080
147	744640	2036	322254	422386	100	60	1.23788	0.809704	38	38.2	86959.4	18	2280	1.00682	1.00173	2080
148	770436	1892	346306	424130	100	60	1.33792	0.809704	37	38.2	86959.4	18	2280	1.00767	1.00418	2080
149	789799	1658	366982	422817	100	60	1.42964	0.809704	37	38.2	86959.4	18	2280	1.01139	1.00997	2080
150	602238	1446	189666	412572	100	60	1.39092	0.809704	33	38.2	86959.4	18	2280	1.18261	1.32594	2080
151	639563	1209	260031	377449	100	60	1.2881	0.809704	39	38.2	0	18	2280	1.13903	1.16896	2080
152	685944	1049	310420	372451	100	60	1.25345	0.809704	39	38.2	0	18	2280	1.08869	1.0886	2080
153	730456	946	349395	377517	100	60	1.25226	0.809704	39	38.2	0	18	2280	1.0615	1.04887	2080
154	756740	853	372295	380961	100	60	1.33397	0.809704	39	38.2	0	18	2280	1.05993	1.03264	2080
155	759854	801	379980	376876	100	60	1.44011	0.809704	39	38.2	0	18	2280	1.06911	1.03657	2080
156	753678	917	382562	371116	100	60	1.75621	0.809704	39	38.2	0	18	2280	1.07169	1.03184	2080
157	765968	966	389779	376189	100	60	1.97826	0.809704	39	38.2	0	18	2280	1.07137	1.03853	2080
158	755343	934	388067	367276	100	60	2.12562	0.809704	39	38.2	0	18	2280	1.07223	1.03716	2080
159	732386	817	380283	352103	100	60	2.10834	0.809704	39	38.2	0	18	2280	1.08927	1.06015	2080
160	600780	744	257492	343288	100	60	2.11594	0.809704	39	38.2	129744	18	2280	1.08985	1.06181	2080
161	445524	650	133775	311749	100	60	2.10184	0.809704	39	38.2	129744	18	2280	1.10108	1.07899	2080
162	359232	565	84716.8	274515	100	60	2.0949	0.809704	39	38.2	129744	18	2280	1.11442	1.102	2080
163	382375	511	131024	251352	100	60	2.08635	0.809704	39	38.2	129744	18	2280	1.13499	1.11623	2080
164	396233	453	168665	227567	100	60	2.07894	0.809704	39	38.2	129744	18	2280	1.1499	1.12245	2080
165	409141	416	194681	214459	100	60	2.04637	0.809704	39	38.2	129744	18	2280	1.17687	1.14815	2080
166	407231	382	200663	199881	100	60	2.06475	0.809704	39	38.2	129744	18	2280	1.21013	1.17984	2080
167	411378	364	204888	195230	100	60	2.10587	0.809704	39	38.2	129744	18	2280	1.23056	1.20117	2080
168	387963	327	196699	180206	100	60	2.0928	0.809704	39	38.2	129744	18	2280	1.20743	1.17915	2080
169	355600	290	182880	162546	100	60	2.08902	0.809704	39	38.2	129744	18	2280	1.18339	1.15328	2080
170	343266	269	177980	155800	100	60	2.08273	0.809704	39	38.2	129744	18	2280	1.1791	1.17063	2080
171	312611	249	167329	145282	100	60	2.1032	0.809704	39	38.2	129744	18	2280	1.18776	1.16957	2080
172	217721	219	84650.1	133071	100	60	0.0745189	0.809704	39	38.2	206598	18	2280	1.00256	1	2080
173	361937	199	92787.2	269150	100	60	0.0627045	0.809704	39	38.2	206598	18	2280	1.00249	0.999593	2080
174	442460	174	83230.5	359230	100	60	0.0528862	0.809704	38	38.2	206598	18	2280	1.00182	0.999617	2080
175	454193	146	123906	330287	100	60	0.0511803	0.809704	38	38.2	206598	18	2280	1.00178	0.99974	2080
176	447602	109	154204	293398	100	60	0.050091	0.809704	38	38.2	206598	18	2280	1.00197	0.999566	2080
177	523484	2489	209922	313562	100	60	0.899626	0.809704	38	38.2	206598	18	2280	1.00253	0.999163	2080
178	644039	2392	276089	367950	100	60	1.15234	0.809704	38	38.2	206598	18	2280	1.00342	0.999517	2080
179	691928	2302	307261	384667	100	60	1.44036	0.809704	38	38.2	206598	18	2280	1.00445	1	2080
180	557297	2060	165775	391522	100	60	1.63285	0.809704	37	38.2	206598	18	2280	1.04464	1.06997	2080
181	606953	1604	236448	368420	100	60	0.837678	0.809704	39	38.2	0	18	2280	1.01639	1.01356	2080
182	680185	1299	293755	383985	100	60	0.664381	0.809704	39	38.2	0	18	2280	1.00922	1.00576	2080
183	770927	1082	350352	417280	100	60	0.596907	0.809704	39	38.2	0	18	2280	1.00677	1.00167	2080
184	842424	932	389873	449486	100	60	0.640446	0.809704	39	38.2	0	18	2280	1.00713	1.00204	2080
185	854127	830	401887	449633	100	60	0.698838	0.809704	39	38.2	0	18	2280	1.00957	1.00406	2080
186	823964	1607	395753	428211	100	60	1.32948	0.809704	39	38.2	0	18	2280	1.01163	1.00564	2080
187	833491	1609	405904	427588	100	60	1.50866	0.809704	39	38.2	0	18	2280	1.01379	1.01064	2080
188	834872	1536	412058	422814	100	60	1.7259	0.809704	39	38.2	0	18	2280	1.01464	1.01044	2080
189	797262	1262	398522	398740	100	60	1.77783	0.809704	39	38.2	0	18	2280	1.01668	1.01589	2080
190	693401	1086	309226	384175	100	60	1.90102	0.809704	39	38.2	92717	18	2280	1.01632	1.01661	2080
191	666991	921	317277	349714	100	60	1.9783	0.809704	39	38.2	92717	18	2280	1.02664	1.03152	2080
192	642665	799	319638	323027	100	60	1.99328	0.809704	39	38.2	92717	18	2280	1.0385	1.04637	2080
193	616613	714	316063	300550	100	60	1.99265	0.809704	39	38.2	92717	18	2280	1.05029	1.05594	2080
194	598098	658	311455	286643	100	60	2.00484	0.809704	39	38.2	92717	18	2280	1.06658	1.07447	2080
195	546699	567	287458	259241	100	60	2.01259	0.809704	39	38.2	92717	18	2280	1.07879	1.08834	2080
196	362971	489	130498	231048	100	60	2.0371	0.809704	39	38.2	92717	18	2280	1.09601	1.10062	2080
197	370341	437	155124	208594	100	60	2.04849	0.809704	39	38.2	92717	18	2280	1.10901	1.11111	2080
198	377525	403	173548	195723	100	60	2.09168	0.809704	39	38.2	92717	18	2280	1.1088	1.10406	2080
199	369504	362	179686	179841	100	60	2.10923	0.809704	39	38.2	92717	18	2280	1.10526	1.10541	2080
200	371943	343	186894	175637	100	60	2.11867	0.809704	39	38.2	92717	18	2280	1.10826	1.1148	2080
201	347380	321	182041	165339	100	60	2.12305	0.809704	39	38.2	92717	18	2280	1.1215	1.12378	2080
202	271980	303	111101	160879	100	60	0.100539	0.809704	39	38.2	164423	18	2280	1.00211	1.0017	2080
203	505496	285	211013	294483	100	60	0.0897172	0.809704	39	38.2	164423	18	2280	1.00197	1.00134	2080
204	633826	246	264398	369428	100	60	0.0819327	0.809704	39	38.2	164423	18	2280	1.00234	1.00192	2080
205	621114	222	265440	355674	100	60	0.0875316	0.809704	39	38.2	164423	18	2280	1.0027	1.00261	2080
206	433498	205	105968	327530	100	60	0.0957399	0.809704	39	38.2	164423	18	2280	1.00282	1.00477	2080
207	496466	2538	167674	328791	100	60	1.04878	0.809704	39	38.2	164423	18	2280	1.00398	1.00603	2080
208	605038	2244	238458	366580	100	60	1.26156	0.809704	38	38.2	164423	18	2280	1.00478	1.00524	2080
209	677637	1958	289894	387743	100	60	1.4342	0.809704	38	38.2	164423	18	2280	1.00391	1.0042	2080
210	572125	1909	166932	405194	100	60	1.64067	0.809704	36	38.2	164423	18	2280	1.07433	1.11916	2080
211	624044	1521	241566	380573	100	60	0.756983	0.809704	39	38.2	0	18	2280	1.022	1.0216	2080
212	686186	1225	295461	388344	100	60	0.595371	0.809704	39	38.2	0	18	2280	1.01246	1.01056	2080
213	774389	1019	350303	421184	100	60	0.542549	0.809704	39	38.2	0	18	2280	1.00865	1.00567	2080
214	819188	858	377510	439276	100	60	0.572669	0.809704	39	38.2	0	18	2280	1.00839	1.00561	2080
215	622241	775	185654	436413	100	60	0.622609	0.809704	39	38.2	0	18	2280	1.01021	1.00797	2080
216	650159	1650	242410	407749	100	60	1.27614	0.809704	39	38.2	0	18	2280	1.01124	1.01102	2080
217	544188	1610	140975	403213	100	60	1.41427	0.809704	39	38.2	0	18	2280	1.01329	1.01404	2080
218	600365	1586	210084	390281	100	60	1.67473	0.809704	39	38.2	0	18	2280	1.01508	1.01265	2080
219	650191	1314	270848	379344	100	60	1.74221	0.809704	39	38.2	0	18	2280	1.02033	1.02215	2080
220	637265	1095	275084	362181	100	60	1.84115	0.809704	39	38.2	33695	18	2280	1.02785	1.02836	2080
221	666891	978	313348	353543	100	60	1.91371	0.809704	39	38.2	33695	18	2280	1.03715	1.03795	2080
222	658436	852	324088	334348	100	60	1.95233	0.809704	39	38.2	33695	18	2280	1.04696	1.04723	2080
223	632020	750	319972	312048	100	60	1.97917	0.809704	39	38.2	33695	18	2280	1.06202	1.06577	2080
224	451650	683	154854	296796	100	60	1.97641	0.809704	39	38.2	33695	18	2280	1.07908	1.08444	2080
225	471411	617	194913	276498	100	60	2.0243	0.809704	39	38.2	33695	18	2280	1.09859	1.09462	2080
226	468181	544	213875	246492	100	60	2.03753	0.809704	39	38.2	33695	18	2280	1.11736	1.11338	2080
227	454075	482	219837	222098	100	60	2.05869	0.809704	39	38.2	33695	18	2280	1.10496	1.09937	2080
228	425831	420	213194	200150	100	60	2.05148	0.809704	39	38.2	33695	18	2280	1.1	1.09535	2080
229	389008	367	197584	179880	100	60	2.11119	0.809704	39	38.2	33695	18	2280	1.09449	1.08169	2080
230	361641	328	185436	165781	100	60	2.12907	0.809704	39	38.2	33695	18	2280	1.08709	1.07937	2080
231	325323	301	172316	153007	100	60	2.12531	0.809704	39	38.2	33695	18	2280	1.09272	1.09155	2080
232	232223	257	95842.9	136381	100	60	0.0904046	0.809704	39	38.2	100787	18	2280	1.00152	1.00125	2080
233	441664	215	182400	259264	100	60	0.0693989	0.809704	39	38.2	100787	18	2280	1.00142	1.00113	2080
234	477346	184	122577	354768	100	60	0.0627814	0.809704	39	38.2	100787	18	2280	1.00143	1.00151	2080
235	501391	163	156151	345240	100	60	0.0593717	0.809704	39	38.2	100787	18	2280	1.00114	1.00127	2080
236	493602	146	176081	317521	100	60	0.0663526	0.809704	39	38.2	100787	18	2280	1.00151	1.00143	2080
237	567202	2394	228803	338399	100	60	0.879761	0.809704	38	38.2	100787	18	2280	1.00239	1.00169	2080
238	652719	2223	281793	370926	100	60	1.10229	0.809704	38	38.2	100787	18	2280	1.00277	1.0021	2080
239	702931	1881	315019	387912	100	60	1.28001	0.809704	37	38.2	100787	18	2280	1.00429	1.00359	2080
240	545606	1813	163971	381635	100	60	1.52696	0.809704	35	38.2	100787	18	2280	1.06789	1.12258	2080
241	616112	1486	244425	371245	100	60	0.841741	0.809704	39	38.2	0	18	2280	1.02531	1.02707	2080
242	683433	1223	299445	383345	100	60	0.688285	0.809704	39	38.2	0	18	2280	1.01277	1.01015	2080
243	768058	1040	352731	414614	100	60	0.629694	0.809704	39	38.2	0	18	2280	1.00793	1.00421	2080
244	816798	863	380147	435919	100	60	0.641403	0.809704	39	38.2	0	18	2280	1.00801	1.004	2080
245	831628	791	392592	438378	100	60	0.732719	0.809704	39	38.2	0	18	2280	1.01112	1.00748	2080
246	811759	1548	389442	422318	100	60	1.39435	0.809704	39	38.2	0	18	2280	1.01279	1.00894	2080
247	810281	1480	393467	416813	100	60	1.52451	0.809704	39	38.2	0	18	2280	1.01462	1.0121	2080
248	792068	1403	388572	403495	100	60	1.73939	0.809704	39	38.2	0	18	2280	1.01793	1.01717	2080
249	779225	1177	387086	392139	100	60	1.77841	0.809704	39	38.2	0	18	2280	1.0173	1.01877	2080
250	672294	1029	291248	381045	100	60	1.86958	0.809704	39	38.2	101375	18	2280	1.02078	1.02146	2080
251	511288	911	151948	359339	100	60	1.90938	0.809704	39	38.2	101375	18	2280	1.021	1.02093	2080
252	525287	791	199707	325580	100	60	1.96831	0.809704	39	38.2	101375	18	2280	1.01953	1.0203	2080
253	557308	724	247861	309447	100	60	2.01848	0.809704	39	38.2	101375	18	2280	1.03483	1.03745	2080
254	561166	655	270103	291063	100	60	2.04679	0.809704	39	38.2	101375	18	2280	1.04365	1.04601	2080
255	545737	589	273587	272151	100	60	2.0725	0.809704	39	38.2	101375	18	2280	1.05646	1.05802	2080
256	534796	548	268779	256133	100	60	2.10934	0.809704	39	38.2	101375	18	2280	1.06446	1.06204	2080
257	520032	508	259740	243265	100	60	2.13774	0.809704	39	38.2	101375	18	2280	1.07919	1.07921	2080
258	490183	457	246159	228244	100	60	2.18203	0.809704	39	38.2	101375	18	2280	1.06846	1.06374	2080
259	475446	429	240629	219535	100	60	2.22812	0.809704	39	38.2	101375	18	2280	1.05345	1.04941	2080
260	433542	387	221151	198857	100	60	2.22188	0.809704	39	38.2	101375	18	2280	1.04198	1.03916	2080
261	389641	350	206207	183434	100	60	2.23269	0.809704	39	38.2	101375	18	2280	1.05014	1.04651	2080
262	275443	314	107271	168172	100	60	0.104953	0.809704	39	38.2	192656	18	2280	1.0014	1.00104	2080
263	524609	305	216135	308474	100	60	0.094424	0.809704	39	38.2	192656	18	2280	1.00141	1.00103	2080
264	648472	282	269622	378851	100	60	0.0939836	0.809704	39	38.2	192656	18	2280	1.00146	1.00125	2080
265	462145	233	114216	347929	100	60	0.0953093	0.809704	39	38.2	192656	18	2280	1.00149	1.00146	2080
266	457056	208	144748	312309	100	60	0.102949	0.809704	39	38.2	192656	18	2280	1.00159	1.00233	2080
267	569764	2431	219044	350720	100	60	1.03575	0.809704	39	38.2	192656	18	2280	1.00199	1.00284	2080
268	681569	2331	284600	396969	100	60	1.30839	0.809704	39	38.2	192656	18	2280	1.00321	1.00487	2080
269	726255	1981	319310	406945	100	60	1.46869	0.809704	39	38.2	192656	18	2280	1.00352	1.00537	2080
270	571241	1802	168437	402804	100	60	1.58222	0.809704	36	38.2	192656	18	2280	1.07759	1.14127	2080
271	622437	1445	242181	379533	100	60	0.717599	0.809704	39	38.2	0	18	2280	1.02253	1.02299	2080
272	553592	1210	146974	406212	100	60	0.584788	0.809704	39	38.2	0	18	2280	1.01294	1.01106	2080
273	668499	998	239451	428319	100	60	0.468378	0.809704	39	38.2	0	18	2280	1.00704	1.00442	2080
274	764682	864	309285	454640	100	60	0.501029	0.809704	39	38.2	0	18	2280	1.00749	1.00393	2080
275	788986	796	342194	446157	100	60	0.57867	0.809704	39	38.2	0	18	2280	1.00925	1.0039	2080
276	767155	1684	349577	417579	100	60	1.27828	0.809704	39	38.2	0	18	2280	1.01088	1.00704	2080
277	808474	1633	379267	429207	100	60	1.47751	0.809704	39	38.2	0	18	2280	1.01258	1.01056	2080
278	811505	1621	386506	424998	100	60	1.75128	0.809704	39	38.2	0	18	2280	1.01303	1.01051	2080
279	615620	1371	190424	425196	100	60	1.83311	0.809704	39	38.2	0	18	2280	1.01554	1.01608	2080
280	609791	1109	224557	385234	100	60	1.92725	0.809704	39	38.2	15217.5	18	2280	1.01811	1.01626	2080
281	630396	946	270424	359972	100	60	1.99213	0.809704	39	38.2	15217.5	18	2280	1.02782	1.02646	2080
282	644332	849	302265	342067	100	60	2.04196	0.809704	39	38.2	15217.5	18	2280	1.03427	1.03424	2080
283	644589	770	315638	328951	100	60	2.11287	0.809704	39	38.2	15217.5	18	2280	1.03774	1.03516	2080
284	611114	680	307164	303949	100	60	2.16964	0.809704	39	38.2	15217.5	18	2280	1.04994	1.04734	2080
285	595755	623	304180	291575	100	60	2.22064	0.809704	39	38.2	15217.5	18	2280	1.06695	1.05958	2080
286	571012	570	288801	272166	100	60	2.24972	0.809704	39	38.2	15217.5	18	2280	1.0789	1.07067	2080
287	536877	517	269527	250669	100	60	2.26754	0.809704	39	38.2	15217.5	18	2280	1.09058	1.08415	2080
288	491441	449	247307	228519	100	60	2.29014	0.809704	39	38.2	15217.5	18	2280	1.08142	1.07432	2080
289	442462	396	223142	205307	100	60	2.3026	0.809704	39	38.2	15217.5	18	2280	1.06667	1.05897	2080
290	413931	365	209629	191687	100	60	2.35585	0.809704	39	38.2	15217.5	18	2280	1.05805	1.05634	2080
291	355713	320	185851	169862	100	60	2.34966	0.809704	39	38.2	15217.5	18	2280	1.06042	1.05519	2080
292	244561	279	92214.1	152347	100	60	0.0970584	0.809704	39	38.2	101464	18	2280	1.00135	0.998029	2080
293	488124	267	198691	289433	100	60	0.0858658	0.809704	39	38.2	101464	18	2280	1.00108	0.997605	2080
294	614948	226	253168	361780	100	60	0.0781111	0.809704	38	38.2	101464	18	2280	1.00114	0.998559	2080
295	592518	194	249465	343053	100	60	0.0799425	0.809704	38	38.2	101464	18	2280	1.00178	1.00098	2080
296	561727	161	243697	318030	100	60	0.0799886	0.809704	38	38.2	101464	18	2280	1.00157	1.0018	2080
297	625495	2620	280201	345294	100	60	1.12187	0.809704	38	38.2	101464	18	2280	1.00212	1.00273	2080
298	712638	2382	323532	389107	100	60	1.30589	0.809704	38	38.2	101464	18	2280	1.00301	1.00412	2080
299	745310	1978	341986	403324	100	60	1.49694	0.809704	38	38.2	101464	18	2280	1.00464	1.0066	2080
300	573141	1823	174579	398562	100	60	1.66064	0.809704	36	38.2	101464	18	2280	1.07264	1.12802	2080
301	616635	1427	243411	372582	100	60	0.7741	0.809704	39	38.2	0	18	2280	1.02284	1.0218	2080
302	705917	1220	304542	400531	100	60	0.626737	0.809704	39	38.2	0	18	2280	1.01199	1.00863	2080
303	797209	1020	358724	437510	100	60	0.565638	0.809704	39	38.2	0	18	2280	1.00861	1.00494	2080
304	856781	885	390238	465665	100	60	0.606482	0.809704	39	38.2	0	18	2280	1.00746	1.00453	2080
305	846925	787	390888	455195	100	60	0.664071	0.809704	39	38.2	0	18	2280	1.00959	1.00809	2080
306	628794	1734	184338	444456	100	60	1.43152	0.809704	39	38.2	0	18	2280	1.01329	1.0114	2080
307	663561	1615	242088	421473	100	60	1.55942	0.809704	39	38.2	0	18	2280	1.01606	1.01533	2080
308	704656	1474	295565	409091	100	60	1.77462	0.809704	39	38.2	0	18	2280	1.02055	1.01914	2080
309	568132	1269	162700	405432	100	60	1.86819	0.809704	39	38.2	0	18	2280	1.02282	1.01824	2080
310	607608	1124	216375	391234	100	60	1.98377	0.809704	39	38.2	16889.5	18	2280	1.025	1.01968	2080
311	644680	988	272692	371988	100	60	2.04907	0.809704	39	38.2	16889.5	18	2280	1.02795	1.02337	2080
312	643189	852	297716	345473	100	60	2.10858	0.809704	39	38.2	16889.5	18	2280	1.03114	1.03066	2080
313	650093	785	315731	334362	100	60	2.18055	0.809704	39	38.2	16889.5	18	2280	1.03684	1.03718	2080
314	617443	692	308306	309137	100	60	2.22916	0.809704	39	38.2	16889.5	18	2280	1.05087	1.04776	2080
315	565448	609	287719	277729	100	60	2.26556	0.809704	39	38.2	16889.5	18	2280	1.06637	1.06281	2080
316	553830	570	279474	264694	100	60	2.28666	0.809704	39	38.2	16889.5	18	2280	1.08539	1.08688	2080
317	524964	517	262405	246404	100	60	2.29705	0.809704	39	38.2	16889.5	18	2280	1.08974	1.08398	2080
318	528587	496	265033	246740	100	60	2.33115	0.809704	39	38.2	16889.5	18	2280	1.075	1.06967	2080
319	473439	427	238651	219360	100	60	2.38207	0.809704	39	38.2	16889.5	18	2280	1.06122	1.04785	2080
320	419518	366	212109	194262	100	60	2.42657	0.809704	39	38.2	16889.5	18	2280	1.0504	1.03631	2080
321	380639	333	199517	181122	100	60	2.40203	0.809704	39	38.2	16889.5	18	2280	1.05814	1.04615	2080
322	258292	294	92598.7	165693	100	60	0.101842	0.809704	39	38.2	118206	18	2280	1.00139	1.00031	2080
323	472847	243	188712	284134	100	60	0.0782799	0.809704	39	38.2	118206	18	2280	1.00129	1	2080
324	605003	207	246675	358328	100	60	0.070477	0.809704	39	38.2	118206	18	2280	1.0012	0.999001	2080
325	450085	183	107850	342235	100	60	0.0738444	0.809704	39	38.2	118206	18	2280	1.00133	0.999292	2080
326	363335	175	58314.7	305021	100	60	0.0875064	0.809704	39	38.2	118206	18	2280	1.00162	1.00081	2080
327	425694	2597	122690	303005	100	60	1.09065	0.809704	39	38.2	118206	18	2280	1.0024	1.00274	2080
328	551521	2519	198520	353002	100	60	1.45133	0.809704	39	38.2	118206	18	2280	1.00313	1.00321	2080
329	644028	2264	258995	385033	100	60	1.61272	0.809704	39	38.2	118206	18	2280	1.00318	1.004	2080
330	545157	2033	148508	396648	100	60	1.81725	0.809704	39	38.2	118206	18	2280	1.05469	1.08473	2080
331	589594	1577	218642	370005	100	60	0.784204	0.809704	39	38.2	0	18	2280	1.01593	1.01491	2080
332	658275	1246	274515	382657	100	60	0.604919	0.809704	39	38.2	0	18	2280	1.00828	1.0063	2080
333	752787	1034	331891	419444	100	60	0.536784	0.809704	39	38.2	0	18	2280	1.00559	1.00363	2080
334	808503	873	363801	443408	100	60	0.563415	0.809704	39	38.2	0	18	2280	1.00534	1.00378	2080
335	817676	772	374590	441928	100	60	0.600972	0.809704	39	38.2	0	18	2280	1.00657	1.00508	2080
336	797289	1777	372226	425063	100	60	1.39091	0.809704	39	38.2	0	18	2280	1.00942	1.00857	2080
337	811347	1671	384934	426413	100	60	1.51651	0.809704	39	38.2	0	18	2280	1.01143	1.0142	2080
338	822136	1635	394726	427410	100	60	1.81595	0.809704	39	38.2	0	18	2280	1.01222	1.01168	2080
339	799094	1348	387572	411522	100	60	1.87736	0.809704	39	38.2	0	18	2280	1.0141	1.01642	2080
340	670422	1134	276417	394005	100	60	1.96831	0.809704	39	38.2	111762	18	2280	1.02033	1.02307	2080
341	672898	980	301230	371668	100	60	2.04627	0.809704	39	38.2	111762	18	2280	1.02129	1.02254	2080
342	664068	857	313285	350783	100	60	2.07878	0.809704	39	38.2	111762	18	2280	1.03368	1.0376	2080
343	624106	742	303572	320534	100	60	2.14916	0.809704	39	38.2	111762	18	2280	1.03256	1.03117	2080
344	593974	665	294280	299694	100	60	2.19651	0.809704	39	38.2	111762	18	2280	1.04691	1.04532	2080
345	559747	599	281759	277988	100	60	2.23484	0.809704	39	38.2	111762	18	2280	1.05595	1.0536	2080
346	517927	527	258816	250217	100	60	2.26742	0.809704	39	38.2	111762	18	2280	1.0603	1.06084	2080
347	476141	462	236875	225363	100	60	2.31204	0.809704	39	38.2	111762	18	2280	1.07555	1.07174	2080
348	447153	409	223715	210093	100	60	2.33985	0.809704	39	38.2	111762	18	2280	1.07029	1.0688	2080
349	410183	357	205965	191687	100	60	2.40294	0.809704	39	38.2	111762	18	2280	1.06952	1.06534	2080
350	386473	326	195155	179959	100	60	2.42997	0.809704	39	38.2	111762	18	2280	1.06785	1.05937	2080
351	357362	301	186783	170579	100	60	2.44408	0.809704	39	38.2	111762	18	2280	1.07097	1.06463	2080
352	244507	275	83229.1	161278	100	60	0.0992127	0.809704	39	38.2	212484	18	2280	1.00169	1.00106	2080
353	484031	265	190383	293648	100	60	0.0866415	0.809704	39	38.2	212484	18	2280	1.00173	1.00098	2080
354	630230	226	254335	375895	100	60	0.0795981	0.809704	39	38.2	212484	18	2280	1.0014	1.0009	2080
355	622218	209	257584	364634	100	60	0.0873433	0.809704	39	38.2	212484	18	2280	1.00168	1.00136	2080
356	588366	190	253321	335045	100	60	0.0947521	0.809704	39	38.2	212484	18	2280	1.00226	1.00278	2080
357	648852	2744	289607	359245	100	60	1.17046	0.809704	39	38.2	212484	18	2280	1.00384	1.00499	2080
358	733075	2447	331866	401209	100	60	1.33818	0.809704	39	38.2	212484	18	2280	1.00423	1.00591	2080
359	793342	2190	362671	430671	100	60	1.61789	0.809704	39	38.2	212484	18	2280	1.00644	1.00895	2080
360	583129	1893	176573	406556	100	60	1.73833	0.809704	36	38.2	212484	18	2280	1.08653	1.14581	2080
361	633484	1502	246625	385899	100	60	0.819986	0.809704	39	38.2	0	18	2280	1.02827	1.03031	2080
362	698557	1222	298162	399044	100	60	0.65481	0.809704	39	38.2	0	18	2280	1.016	1.01592	2080
363	781587	1040	348140	431897	100	60	0.60056	0.809704	39	38.2	0	18	2280	1.01062	1.0088	2080
364	834417	896	376876	456085	100	60	0.626577	0.809704	39	38.2	0	18	2280	1.01035	1.00749	2080
365	833376	797	381707	450462	100	60	0.677403	0.809704	39	38.2	0	18	2280	1.01068	1.00756	2080
366	613675	1824	178543	435131	100	60	1.4785	0.809704	39	38.2	0	18	2280	1.01213	1.00868	2080
367	526137	1710	109259	416878	100	60	1.61501	0.809704	39	38.2	0	18	2280	1.01585	1.01535	2080
368	584561	1635	181944	402616	100	60	1.83278	0.809704	39	38.2	0	18	2280	1.02091	1.0197	2080
369	651934	1390	251995	399939	100	60	1.95868	0.809704	39	38.2	0	18	2280	1.01738	1.01518	2080
370	525843	1168	139948	385895	100	60	2.06297	0.809704	39	38.2	4049.83	18	2280	1.01796	1.01462	2080
371	543788	975	197500	346288	100	60	2.15968	0.809704	39	38.2	4049.83	18	2280	1.03301	1.02778	2080
372	596866	896	256149	340717	100	60	2.18691	0.809704	39	38.2	4049.83	18	2280	1.05077	1.04581	2080
373	601716	787	279949	321767	100	60	2.19412	0.809704	39	38.2	4049.83	18	2280	1.06023	1.05591	2080
374	434153	687	138478	295674	100	60	2.24875	0.809704	39	38.2	4049.83	18	2280	1.06312	1.05102	2080
375	441753	602	174704	267048	100	60	2.28793	0.809704	39	38.2	4049.83	18	2280	1.07783	1.06845	2080
376	343778	536	100241	242400	100	60	2.31634	0.809704	39	38.2	4049.83	18	2280	1.07692	1.07116	2080
377	367667	484	137492	223133	100	60	2.33427	0.809704	39	38.2	4049.83	18	2280	1.10095	1.09375	2080
378	388482	443	170061	210423	100	60	2.36298	0.809704	39	38.2	4049.83	18	2280	1.09053	1.07798	2080
379	397370	410	185592	200459	100	60	2.38836	0.809704	39	38.2	4049.83	18	2280	1.09745	1.08458	2080
380	373127	357	180549	182724	100	60	2.40908	0.809704	39	38.2	4049.83	18	2280	1.10541	1.09195	2080
381	353708	332	180228	173480	100	60	2.42395	0.809704	39	38.2	4049.83	18	2280	1.09249	1.08411	2080
382	257694	309	93555.1	164139	100	60	0.113679	0.809704	39	38.2	94454.9	18	2280	1.00243	1.00155	2080
383	483761	284	194543	289218	100	60	0.0942644	0.809704	39	38.2	94454.9	18	2280	1.00203	1.00111	2080
384	643465	266	264651	378814	100	60	0.0946685	0.809704	39	38.2	94454.9	18	2280	1.00207	1.00135	2080
385	650519	256	273904	376614	100	60	0.109243	0.809704	39	38.2	94454.9	18	2280	1.00242	1.00223	2080
386	591971	238	258399	333572	100	60	0.121631	0.809704	39	38.2	94454.9	18	2280	1.00272	1.00356	2080
387	659556	2391	298473	361084	100	60	1.12379	0.809704	39	38.2	94454.9	18	2280	1.00469	1.00651	2080
388	745394	2207	341698	403696	100	60	1.29728	0.809704	39	38.2	94454.9	18	2280	1.00604	1.00802	2080
389	774321	1895	358769	415552	100	60	1.59319	0.809704	39	38.2	94454.9	18	2280	1.00916	1.01022	2080
390	591492	1689	182532	408960	100	60	1.68908	0.809704	34	38.2	94454.9	18	2280	1.11178	1.18988	2080
391	650103	1395	257557	391516	100	60	0.831969	0.809704	39	38.2	0	18	2280	1.03542	1.03685	2080
392	717736	1171	310738	405667	100	60	0.685219	0.809704	39	38.2	0	18	2280	1.02129	1.01855	2080
393	794411	1014	358818	433955	100	60	0.644692	0.809704	39	38.2	0	18	2280	1.01481	1.00958	2080
394	841904	892	386437	453806	100	60	0.700067	0.809704	39	38.2	0	18	2280	1.01453	1.0083	2080
395	839541	798	390104	448094	100	60	0.760211	0.809704	39	38.2	0	18	2280	1.01665	1.01003	2080
396	822331	1598	387618	434713	100	60	1.47352	0.809704	39	38.2	0	18	2280	1.01957	1.01472	2080
397	805375	1457	385180	420194	100	60	1.58412	0.809704	39	38.2	0	18	2280	1.02113	1.01513	2080
398	591890	1425	182900	408990	100	60	1.8348	0.809704	39	38.2	0	18	2280	1.02564	1.01908	2080
399	618612	1174	237469	381143	100	60	1.8872	0.809704	39	38.2	0	18	2280	1.02901	1.02316	2080
400	605638	1018	236744	368894	100	60	2.01266	0.809704	39	38.2	52795.2	18	2280	1.03611	1.02964	2080
401	631419	901	277642	353776	100	60	2.14181	0.809704	39	38.2	52795.2	18	2280	1.04228	1.03799	2080
402	637194	812	298023	339172	100	60	2.17528	0.809704	39	38.2	52795.2	18	2280	1.0504	1.04337	2080
403	629629	737	305560	324068	100	60	2.21123	0.809704	39	38.2	52795.2	18	2280	1.04927	1.04378	2080
404	448922	664	148143	300779	100	60	2.24429	0.809704	39	38.2	52795.2	18	2280	1.06701	1.05775	2080
405	472001	606	191424	280576	100	60	2.26541	0.809704	39	38.2	52795.2	18	2280	1.0786	1.0737	2080
406	492499	562	219613	264210	100	60	2.28592	0.809704	39	38.2	52795.2	18	2280	1.08239	1.07957	2080
407	483100	505	226131	244473	100	60	2.25755	0.809704	39	38.2	52795.2	18	2280	1.0966	1.09717	2080
408	448650	442	216039	219149	100	60	2.31908	0.809704	39	38.2	52795.2	18	2280	1.09072	1.09091	2080
409	430851	402	210967	206959	100	60	2.35096	0.809704	39	38.2	52795.2	18	2280	1.08216	1.07692	2080
410	370213	336	184423	175081	100	60	2.34626	0.809704	39	38.2	52795.2	18	2280	1.07184	1.06135	2080
411	330949	303	170754	160196	100	60	2.37145	0.809704	39	38.2	52795.2	18	2280	1.07143	1.06164	2080
412	224669	258	81145.3	143523	100	60	0.0928196	0.809704	39	38.2	136423	18	2280	1.00149	1.00096	2080
413	445029	217	176319	268709	100	60	0.0706261	0.809704	39	38.2	136423	18	2280	1.00124	1.00069	2080
414	598813	193	242175	356638	100	60	0.0670361	0.809704	39	38.2	136423	18	2280	1.00122	1.00084	2080
415	460027	179	109042	350985	100	60	0.0746542	0.809704	39	38.2	136423	18	2280	1.00137	1.00123	2080
416	442940	154	138560	304380	100	60	0.0794498	0.809704	39	38.2	136423	18	2280	1.0015	1.00185	2080
417	535026	2547	202101	332926	100	60	1.09518	0.809704	39	38.2	136423	18	2280	1.00224	1.00278	2080
418	658317	2448	271777	386540	100	60	1.39399	0.809704	39	38.2	136423	18	2280	1.0036	1.00438	2080
419	709102	2072	305476	403626	100	60	1.55963	0.809704	39	38.2	136423	18	2280	1.00404	1.00538	2080
420	575959	1855	166277	409682	100	60	1.69424	0.809704	38	38.2	136423	18	2280	1.077	1.13041	2080
421	608610	1430	232356	375020	100	60	0.818314	0.809704	39	38.2	0	18	2280	1.02576	1.02752	2080
422	684471	1202	291498	391260	100	60	0.663932	0.809704	39	38.2	0	18	2280	1.01518	1.01366	2080
423	759754	993	341012	416727	100	60	0.581676	0.809704	39	38.2	0	18	2280	1.00971	1.0075	2080
424	813251	845	370977	440363	100	60	0.611601	0.809704	39	38.2	0	18	2280	1.01017	1.00707	2080
425	814153	755	376294	436328	100	60	0.666268	0.809704	39	38.2	0	18	2280	1.01128	1.00726	2080
426	781109	1496	367080	414029	100	60	1.31978	0.809704	39	38.2	0	18	2280	1.01474	1.01231	2080
427	789749	1550	376056	413693	100	60	1.55972	0.809704	39	38.2	0	18	2280	1.01504	1.01473	2080
428	787403	1496	379794	407609	100	60	1.81867	0.809704	39	38.2	0	18	2280	1.01952	1.01949	2080
429	762541	1217	372019	390522	100	60	1.85509	0.809704	39	38.2	0	18	2280	1.02066	1.01899	2080
430	631686	1025	261040	370646	100	60	1.95285	0.809704	39	38.2	110031	18	2280	1.03297	1.03337	2080
431	641598	903	288880	352719	100	60	2.06409	0.809704	39	38.2	110031	18	2280	1.0279	1.02793	2080
432	652844	822	310675	342168	100	60	2.08693	0.809704	39	38.2	110031	18	2280	1.03244	1.03309	2080
433	634164	736	311663	322501	100	60	2.16998	0.809704	39	38.2	110031	18	2280	1.04233	1.04247	2080
434	585334	647	293147	292188	100	60	2.19784	0.809704	39	38.2	110031	18	2280	1.05046	1.04992	2080
435	531991	559	269522	262469	100	60	2.23233	0.809704	39	38.2	110031	18	2280	1.05929	1.05606	2080
436	498734	496	250572	239385	100	60	2.24592	0.809704	39	38.2	110031	18	2280	1.0696	1.06517	2080
437	482069	459	240191	227124	100	60	2.25689	0.809704	39	38.2	110031	18	2280	1.07186	1.06388	2080
438	485905	445	243247	227505	100	60	2.30699	0.809704	39	38.2	110031	18	2280	1.06751	1.05721	2080
439	438360	394	220702	203879	100	60	2.3127	0.809704	39	38.2	110031	18	2280	1.06988	1.05685	2080
440	397297	345	201013	184205	100	60	2.34424	0.809704	39	38.2	110031	18	2280	1.07242	1.06269	2080
441	368632	320	193185	175447	100	60	2.37587	0.809704	39	38.2	110031	18	2280	1.06647	1.04823	2080
442	258287	295	92113.9	166173	100	60	0.103083	0.809704	39	38.2	208686	18	2280	1.00162	1.00089	2080
443	496393	275	198489	297904	100	60	0.0889016	0.809704	39	38.2	208686	18	2280	1.0016	1.0009	2080
444	621403	247	253547	367856	100	60	0.0858897	0.809704	39	38.2	208686	18	2280	1.00141	1.00094	2080
445	599750	211	251082	348668	100	60	0.0866019	0.809704	39	38.2	208686	18	2280	1.00149	1.00156	2080
446	585479	197	254102	331377	100	60	0.0957058	0.809704	39	38.2	208686	18	2280	1.00172	1.00249	2080
447	659166	2523	294229	364937	100	60	1.10365	0.809704	39	38.2	208686	18	2280	1.00258	1.00324	2080
448	565096	2356	153105	411990	100	60	1.29751	0.809704	39	38.2	208686	18	2280	1.00392	1.00547	2080
449	598691	1985	206322	392369	100	60	1.55576	0.809704	39	38.2	208686	18	2280	1.00506	1.00682	2080
450	445652	1788	60165.4	385487	100	60	1.73314	0.809704	39	38.2	208686	18	2280	1.06922	1.11728	2080
451	480067	1480	125831	353264	100	60	0.63745	0.809704	39	38.2	0	18	2280	1.01594	1.01497	2080
452	607872	1264	216849	389957	100	60	0.541999	0.809704	39	38.2	0	18	2280	1.01033	1.00837	2080
453	568008	1047	142772	424764	100	60	0.521645	0.809704	39	38.2	0	18	2280	1.00777	1.00495	2080
454	663021	872	223891	438200	100	60	0.548326	0.809704	39	38.2	0	18	2280	1.00772	1.00422	2080
455	565171	762	132408	432553	100	60	0.580039	0.809704	39	38.2	0	18	2280	1.00851	1.00523	2080
456	590940	1927	190338	400602	100	60	1.3977	0.809704	39	38.2	0	18	2280	1.01032	1.00772	2080
457	681237	1860	266974	414263	100	60	1.5951	0.809704	39	38.2	0	18	2280	1.01074	1.01005	2080
458	743793	1733	321521	422271	100	60	1.85269	0.809704	39	38.2	0	18	2280	1.01292	1.0122	2080
459	751404	1389	343015	408389	100	60	1.92363	0.809704	39	38.2	0	18	2280	1.01773	1.01885	2080
460	666914	1148	276219	390695	100	60	1.95724	0.809704	39	38.2	84366.3	18	2280	1.02206	1.02373	2080
461	650032	952	292704	357328	100	60	2.05256	0.809704	39	38.2	84366.3	18	2280	1.03213	1.0339	2080
462	675947	877	321271	354676	100	60	2.07632	0.809704	39	38.2	84366.3	18	2280	1.03739	1.03908	2080
463	648388	773	317985	330404	100	60	2.10121	0.809704	39	38.2	84366.3	18	2280	1.04908	1.04954	2080
464	608732	685	304698	304034	100	60	2.15037	0.809704	39	38.2	84366.3	18	2280	1.05776	1.05433	2080
465	594410	637	300503	293907	100	60	2.17814	0.809704	39	38.2	84366.3	18	2280	1.07442	1.07256	2080
466	588650	599	294313	284489	100	60	2.23989	0.809704	39	38.2	84366.3	18	2280	1.07402	1.07395	2080
467	569064	555	282293	270279	100	60	2.27999	0.809704	39	38.2	84366.3	18	2280	1.08629	1.08167	2080
468	547797	519	273186	258443	100	60	2.30425	0.809704	39	38.2	84366.3	18	2280	1.0844	1.07407	2080
469	530520	490	265630	248894	100	60	2.34115	0.809704	39	38.2	84366.3	18	2280	1.07525	1.06458	2080
470	491945	448	247227	230248	100	60	2.32245	0.809704	39	38.2	84366.3	18	2280	1.07809	1.06636	2080
471	468608	431	243399	225210	100	60	2.34375	0.809704	39	38.2	84366.3	18	2280	1.07045	1.0619	2080
472	311585	370	115666	195919	100	60	0.130637	0.809704	39	38.2	198440	18	2280	1.00224	1.00179	2080
473	526865	340	215254	311611	100	60	0.108347	0.809704	39	38.2	198440	18	2280	1.00206	1.00172	2080
474	656715	318	273470	383245	100	60	0.107013	0.809704	39	38.2	198440	18	2280	1.00238	1.00251	2080
475	636359	277	271052	365306	100	60	0.10997	0.809704	39	38.2	198440	18	2280	1.00278	1.00266	2080
476	437696	238	108808	328887	100	60	0.11463	0.809704	38	38.2	198440	18	2280	1.00317	1.00401	2080
477	494653	2227	166983	327670	100	60	1.00665	0.809704	38	38.2	198440	18	2280	1.00406	1.00477	2080
478	603318	2229	237526	365792	100	60	1.3258	0.809704	38	38.2	198440	18	2280	1.00539	1.00618	2080
479	675180	1977	285866	389314	100	60	1.53863	0.809704	38	38.2	198440	18	2280	1.00754	1.00903	2080
480	567482	1866	162141	405341	100	60	1.70651	0.809704	37	38.2	198440	18	2280	1.08939	1.14801	2080
481	630373	1497	239638	390353	100	60	0.74556	0.809704	39	38.2	0	18	2280	1.02569	1.02648	2080
482	704582	1221	295816	408049	100	60	0.59486	0.809704	39	38.2	0	18	2280	1.01517	1.01426	2080
483	787189	1021	346541	440041	100	60	0.538412	0.809704	39	38.2	0	18	2280	1.01008	1.0082	2080
484	826594	858	370057	455942	100	60	0.555286	0.809704	39	38.2	0	18	2280	1.01019	1.00665	2080
485	814922	772	372755	441681	100	60	0.611309	0.809704	39	38.2	0	18	2280	1.01211	1.00961	2080
486	788234	1645	367789	420444	100	60	1.29502	0.809704	39	38.2	0	18	2280	1.0157	1.01281	2080
487	811933	1613	384354	427580	100	60	1.45246	0.809704	39	38.2	0	18	2280	1.0156	1.01462	2080
488	811506	1625	389201	422304	100	60	1.7704	0.809704	39	38.2	0	18	2280	1.01853	1.0186	2080
489	600448	1337	186759	413690	100	60	1.82927	0.809704	39	38.2	0	18	2280	1.0222	1.01955	2080
490	614735	1155	221274	393461	100	60	1.9432	0.809704	39	38.2	28188	18	2280	1.02651	1.02613	2080
491	620343	944	260805	359538	100	60	2.01437	0.809704	39	38.2	28188	18	2280	1.02895	1.02665	2080
492	655947	868	301773	354173	100	60	2.08823	0.809704	39	38.2	28188	18	2280	1.02413	1.01972	2080
493	640650	767	309488	331162	100	60	2.1457	0.809704	39	38.2	28188	18	2280	1.03082	1.02362	2080
494	612197	685	303553	308644	100	60	2.19161	0.809704	39	38.2	28188	18	2280	1.04089	1.03377	2080
495	549079	577	276764	272315	100	60	2.20767	0.809704	39	38.2	28188	18	2280	1.05414	1.04522	2080
496	378183	510	130559	245735	100	60	2.2452	0.809704	39	38.2	28188	18	2280	1.06903	1.06102	2080
497	374548	431	151084	215258	100	60	2.23399	0.809704	39	38.2	28188	18	2280	1.07307	1.053	2080
498	373686	371	168976	195596	100	60	2.25026	0.809704	39	38.2	28188	18	2280	1.07264	1.04533	2080
499	369589	337	177419	180301	100	60	2.27864	0.809704	39	38.2	28188	18	2280	1.07438	1.04438	2080
500	370072	317	182804	176149	100	60	2.31288	0.809704	39	38.2	28188	18	2280	1.07143	1.04127	2080
501	352438	304	181564	170873	100	60	2.36596	0.809704	39	38.2	28188	18	2280	1.06667	1.03344	2080
502	231973	263	78298.6	153674	100	60	0.0974306	0.809704	39	38.2	125947	18	2280	1.00121	0.999228	2080
503	447799	227	174568	273231	100	60	0.0756068	0.809704	39	38.2	125947	18	2280	1.00118	0.999242	2080
504	602541	202	243026	359515	100	60	0.0716631	0.809704	39	38.2	125947	18	2280	1.00105	0.999153	2080
505	608340	192	251501	356839	100	60	0.0810949	0.809704	39	38.2	125947	18	2280	1.00121	0.999838	2080
506	575905	169	246417	329488	100	60	0.0850179	0.809704	39	38.2	125947	18	2280	1.00152	1.00028	2080
507	470747	2478	119661	351086	100	60	1.07536	0.809704	39	38.2	125947	18	2280	1.00267	1.00215	2080
508	440734	2253	82311.8	358422	100	60	1.288	0.809704	39	38.2	125947	18	2280	1.00344	1.00375	2080
509	500069	2013	150116	349953	100	60	1.58291	0.809704	39	38.2	125947	18	2280	1.00543	1.00595	2080
510	487144	1896	113467	373677	100	60	1.86132	0.809704	36	38.2	125947	18	2280	1.05427	1.07924	2080
511	563858	1567	196989	366226	100	60	0.829128	0.809704	39	38.2	0	18	2280	1.01509	1.01078	2080
512	649990	1268	262073	387221	100	60	0.655477	0.809704	39	38.2	0	18	2280	1.0096	1.00517	2080
513	753526	1069	327390	425034	100	60	0.605111	0.809704	39	38.2	0	18	2280	1.00619	1.00175	2080
514	809753	896	361930	446831	100	60	0.637779	0.809704	39	38.2	0	18	2280	1.00563	1.00128	2080
515	831978	785	380435	450687	100	60	0.676437	0.809704	39	38.2	0	18	2280	1.00714	1.00319	2080
516	814581	1715	380885	433696	100	60	1.45188	0.809704	39	38.2	0	18	2280	1.00921	1.0049	2080
517	824538	1601	392811	431727	100	60	1.58484	0.809704	39	38.2	0	18	2280	1.01223	1.00939	2080
518	825323	1463	398087	427236	100	60	1.77514	0.809704	39	38.2	0	18	2280	1.01803	1.01578	2080
519	832494	1276	406547	425948	100	60	1.88318	0.809704	39	38.2	0	18	2280	1.0216	1.01967	2080
520	588799	1100	180265	408535	100	60	1.97619	0.809704	39	38.2	13476.5	18	2280	1.02577	1.02466	2080
521	601082	936	230117	370965	100	60	2.04453	0.809704	39	38.2	13476.5	18	2280	1.03042	1.0279	2080
522	622711	829	273724	348987	100	60	2.1207	0.809704	39	38.2	13476.5	18	2280	1.04035	1.04126	2080
523	609112	729	287303	321808	100	60	2.14904	0.809704	39	38.2	13476.5	18	2280	1.05186	1.05525	2080
524	609135	684	297819	311316	100	60	2.2106	0.809704	39	38.2	13476.5	18	2280	1.05131	1.05162	2080
525	584273	617	291411	292862	100	60	2.24811	0.809704	39	38.2	13476.5	18	2280	1.06043	1.05357	2080
526	563801	567	279567	274447	100	60	2.28388	0.809704	39	38.2	13476.5	18	2280	1.05636	1.04965	2080
527	532686	512	262140	254001	100	60	2.28634	0.809704	39	38.2	13476.5	18	2280	1.07299	1.06509	2080
528	488919	449	242087	231227	100	60	2.32843	0.809704	39	38.2	13476.5	18	2280	1.0617	1.05215	2080
529	442173	383	221336	206771	100	60	2.33431	0.809704	39	38.2	13476.5	18	2280	1.06297	1.05585	2080
530	413924	351	208608	192582	100	60	2.32616	0.809704	39	38.2	13476.5	18	2280	1.04972	1.04348	2080
531	375811	325	195837	179974	100	60	2.34738	0.809704	39	38.2	13476.5	18	2280	1.05793	1.05031	2080
532	252673	286	89817.4	162855	100	60	0.101621	0.809704	39	38.2	111188	18	2280	1.00124	1.00081	2080
533	481740	268	191546	290195	100	60	0.0863375	0.809704	39	38.2	111188	18	2280	1.00114	1.00066	2080
534	628663	240	255289	373374	100	60	0.0813756	0.809704	38	38.2	111188	18	2280	1.00123	1.00085	2080
535	602451	216	250589	351862	100	60	0.0887264	0.809704	38	38.2	111188	18	2280	1.00151	1.00166	2080
536	588046	209	255477	332569	100	60	0.1028	0.809704	38	38.2	111188	18	2280	1.00149	1.00221	2080
537	637043	2375	285536	351507	100	60	1.07475	0.809704	38	38.2	111188	18	2280	1.00267	1.00405	2080
538	717333	2202	326254	391079	100	60	1.26035	0.809704	38	38.2	111188	18	2280	1.00378	1.00656	2080
539	567984	1945	162482	405502	100	60	1.52118	0.809704	38	38.2	111188	18	2280	1.00512	1.00804	2080
540	432659	1717	50145.7	382513	100	60	1.69365	0.809704	36	38.2	111188	18	2280	1.08252	1.14027	2080
541	451417	1407	110020	340711	100	60	0.618517	0.809704	39	38.2	0	18	2280	1.01771	1.01695	2080
542	466928	1189	96708.4	370000	100	60	0.508351	0.809704	39	38.2	0	18	2280	1.01078	1.00908	2080
543	596209	976	194682	400721	100	60	0.447357	0.809704	39	38.2	0	18	2280	1.0074	1.00427	2080
544	706364	812	269348	436269	100	60	0.461565	0.809704	39	38.2	0	18	2280	1.00687	1.00203	2080
545	730952	688	302083	428197	100	60	0.498001	0.809704	39	38.2	0	18	2280	1.00723	1.00216	2080
546	737969	1847	322869	415100	100	60	1.30257	0.809704	39	38.2	0	18	2280	1.00894	1.00522	2080
547	764647	1704	347966	416682	100	60	1.45338	0.809704	39	38.2	0	18	2280	1.00977	1.00637	2080
548	780684	1600	365221	415463	100	60	1.69796	0.809704	39	38.2	0	18	2280	1.01104	1.01003	2080
549	795447	1329	380096	415351	100	60	1.77582	0.809704	39	38.2	0	18	2280	1.0142	1.01283	2080
550	678165	1129	277930	400236	100	60	1.86843	0.809704	39	38.2	110969	18	2280	1.01697	1.01596	2080
551	694781	990	310062	384718	100	60	1.99094	0.809704	39	38.2	110969	18	2280	1.02432	1.02427	2080
552	673989	854	316884	357105	100	60	2.01236	0.809704	39	38.2	110969	18	2280	1.03328	1.03513	2080
553	646355	752	315643	330712	100	60	2.07932	0.809704	39	38.2	110969	18	2280	1.04227	1.04673	2080
554	624611	672	310791	313820	100	60	2.13099	0.809704	39	38.2	110969	18	2280	1.04474	1.0462	2080
555	583816	593	294883	288933	100	60	2.17789	0.809704	39	38.2	110969	18	2280	1.0485	1.04561	2080
556	550000	530	275941	264458	100	60	2.19732	0.809704	39	38.2	110969	18	2280	1.05383	1.04528	2080
557	517757	474	257469	244653	100	60	2.23545	0.809704	39	38.2	110969	18	2280	1.06427	1.05074	2080
558	491729	437	244885	231321	100	60	2.29098	0.809704	39	38.2	110969	18	2280	1.05957	1.04839	2080
559	438253	373	219373	204966	100	60	2.28348	0.809704	39	38.2	110969	18	2280	1.06	1.04865	2080
560	414953	344	208129	194088	100	60	2.30991	0.809704	39	38.2	110969	18	2280	1.05785	1.04748	2080
561	273901	310	95459.6	178441	100	60	2.32766	0.809704	39	38.2	110969	18	2280	1.06192	1.04934	2080
562	262989	298	86881.3	176107	100	60	0.0963507	0.809704	39	38.2	150903	18	2280	1.0014	1.00087	2080
563	489434	257	187951	301483	100	60	0.0828455	0.809704	39	38.2	150903	18	2280	1.00141	1.00085	2080
564	624043	230	248731	375312	100	60	0.0785285	0.809704	39	38.2	150903	18	2280	1.00178	1.00139	2080
565	614113	210	252158	361955	100	60	0.0865015	0.809704	39	38.2	150903	18	2280	1.002	1.00215	2080
566	565094	183	242928	322166	100	60	0.0897364	0.809704	39	38.2	150903	18	2280	1.00233	1.00318	2080
567	640294	2556	286422	353871	100	60	1.12502	0.809704	39	38.2	150903	18	2280	1.0036	1.00502	2080
568	710287	2128	322518	387769	100	60	1.24452	0.809704	38	38.2	150903	18	2280	1.00481	1.00768	2080
569	762473	1912	349743	412730	100	60	1.54288	0.809704	38	38.2	150903	18	2280	1.00803	1.01148	2080
570	598836	1751	182025	416811	100	60	1.69233	0.809704	29	38.2	150903	18	2280	1.09622	1.16303	2080
571	645433	1389	252387	392140	100	60	0.808116	0.809704	39	38.2	0	18	2280	1.03337	1.03528	2080
572	715889	1160	306953	407705	100	60	0.647552	0.809704	39	38.2	0	18	2280	1.01838	1.01594	2080
573	790611	986	354311	435019	100	60	0.5774	0.809704	39	38.2	0	18	2280	1.01089	1.00668	2080
574	836185	850	380791	454227	100	60	0.611169	0.809704	39	38.2	0	18	2280	1.01084	1.00558	2080
575	825727	760	382372	442391	100	60	0.6623	0.809704	39	38.2	0	18	2280	1.01189	1.00685	2080
576	804047	1533	377791	426255	100	60	1.32276	0.809704	39	38.2	0	18	2280	1.0141	1.00843	2080
577	782798	1452	372202	410597	100	60	1.46054	0.809704	39	38.2	0	18	2280	1.01599	1.01202	2080
578	796507	1446	384260	412247	100	60	1.76355	0.809704	39	38.2	0	18	2280	1.02177	1.01671	2080
579	754623	1149	368714	385909	100	60	1.81097	0.809704	39	38.2	0	18	2280	1.02312	1.0175	2080
580	545786	1006	162437	383349	100	60	1.92623	0.809704	39	38.2	19424.6	18	2280	1.02639	1.01795	2080
581	587129	897	222273	364856	100	60	2.03429	0.809704	39	38.2	19424.6	18	2280	1.02895	1.02013	2080
582	615696	805	269686	346009	100	60	2.11406	0.809704	39	38.2	19424.6	18	2280	1.03042	1.02366	2080
583	623682	731	292864	330817	100	60	2.13966	0.809704	39	38.2	19424.6	18	2280	1.04622	1.03973	2080
584	596160	649	291126	305033	100	60	2.21076	0.809704	39	38.2	19424.6	18	2280	1.05249	1.04777	2080
585	552852	566	276415	276437	100	60	2.23863	0.809704	39	38.2	19424.6	18	2280	1.06709	1.06206	2080
586	527512	514	261982	256070	100	60	2.27877	0.809704	39	38.2	19424.6	18	2280	1.06115	1.05078	2080
587	508881	471	250763	242318	100	60	2.30915	0.809704	39	38.2	19424.6	18	2280	1.0664	1.05544	2080
588	470643	417	233263	222204	100	60	2.30281	0.809704	39	38.2	19424.6	18	2280	1.0615	1.04578	2080
589	444894	387	221962	208623	100	60	2.32966	0.809704	39	38.2	19424.6	18	2280	1.05446	1.03655	2080
590	405573	348	203343	189593	100	60	2.3434	0.809704	39	38.2	19424.6	18	2280	1.05587	1.03801	2080
591	350185	303	182106	168079	100	60	2.33591	0.809704	39	38.2	19424.6	18	2280	1.05769	1.0404	2080
592	246798	286	83311.6	163487	100	60	0.0992961	0.809704	39	38.2	118902	18	2280	1.00136	1.00084	2080
593	483223	261	189085	294137	100	60	0.0831879	0.809704	39	38.2	118902	18	2280	1.00135	1.00089	2080
594	622069	233	251485	370584	100	60	0.0781095	0.809704	39	38.2	118902	18	2280	1.00121	1.00108	2080
595	608656	217	254171	354485	100	60	0.0893872	0.809704	38	38.2	118902	18	2280	1.00159	1.00161	2080
596	575413	202	249946	325467	100	60	0.0989728	0.809704	38	38.2	118902	18	2280	1.00222	1.00341	2080
597	651939	2443	292931	359009	100	60	1.09469	0.809704	38	38.2	118902	18	2280	1.00295	1.00421	2080
598	538616	2163	148617	389998	100	60	1.24755	0.809704	38	38.2	118902	18	2280	1.00348	1.00542	2080
599	483388	1956	96771.4	386617	100	60	1.54031	0.809704	38	38.2	118902	18	2280	1.00396	1.00619	2080
600	442739	1771	80902.5	361836	100	60	1.73367	0.809704	31	38.2	118902	18	2280	1.07014	1.11438	2080
601	517951	1481	162657	354377	100	60	0.684693	0.809704	39	38.2	0	18	2280	1.01728	1.01627	2080
602	630527	1252	240157	389377	100	60	0.581247	0.809704	39	38.2	0	18	2280	1.01062	1.00836	2080
603	750623	1056	313148	435902	100	60	0.536982	0.809704	39	38.2	0	18	2280	1.00722	1.00376	2080
604	821478	903	356133	463945	100	60	0.577415	0.809704	39	38.2	0	18	2280	1.00741	1.00297	2080
605	811153	779	363341	446574	100	60	0.625354	0.809704	39	38.2	0	18	2280	1.00788	1.00367	2080
606	819492	1779	377603	441889	100	60	1.40754	0.809704	39	38.2	0	18	2280	1.00959	1.00706	2080
607	832188	1627	391699	440489	100	60	1.55459	0.809704	39	38.2	0	18	2280	1.01182	1.01245	2080
608	814930	1497	389051	425878	100	60	1.78602	0.809704	39	38.2	0	18	2280	1.01453	1.01548	2080
609	595733	1239	185438	410295	100	60	1.84532	0.809704	39	38.2	0	18	2280	1.01795	1.01867	2080
610	566198	1002	202181	364017	100	60	1.93895	0.809704	39	38.2	29447.6	18	2280	1.02056	1.02006	2080
611	462410	859	120306	342103	100	60	2.06045	0.809704	39	38.2	29447.6	18	2280	1.02834	1.02814	2080
612	488026	755	174534	313491	100	60	2.11331	0.809704	39	38.2	29447.6	18	2280	1.0347	1.032	2080
613	525823	688	225290	300533	100	60	2.15791	0.809704	39	38.2	29447.6	18	2280	1.04317	1.03959	2080
614	535604	616	250696	284908	100	60	2.20551	0.809704	39	38.2	29447.6	18	2280	1.05049	1.04248	2080
615	398839	563	129278	269561	100	60	2.24965	0.809704	39	38.2	29447.6	18	2280	1.05055	1.03929	2080
616	429718	519	170580	251998	100	60	2.27716	0.809704	39	38.2	29447.6	18	2280	1.05429	1.04651	2080
617	442155	471	198015	234427	100	60	2.29452	0.809704	39	38.2	29447.6	18	2280	1.05294	1.04701	2080
618	444723	434	211030	220946	100	60	2.31073	0.809704	39	38.2	29447.6	18	2280	1.06074	1.0464	2080
619	435377	396	213447	209215	100	60	2.31432	0.809704	39	38.2	29447.6	18	2280	1.06176	1.04051	2080
620	402672	351	200378	191177	100	60	2.30742	0.809704	39	38.2	29447.6	18	2280	1.07008	1.05158	2080
621	372512	319	192478	180034	100	60	2.3158	0.809704	39	38.2	29447.6	18	2280	1.07784	1.06032	2080
622	263441	290	92473.4	170967	100	60	0.106294	0.809704	39	38.2	127475	18	2280	1.00178	1.00094	2080
623	470939	249	186065	284874	100	60	0.0823859	0.809704	39	38.2	127475	18	2280	1.00139	1.00067	2080
624	619376	228	251272	368104	100	60	0.0793357	0.809704	39	38.2	127475	18	2280	1.0012	1.00091	2080
625	467648	212	111311	356337	100	60	0.0889224	0.809704	38	38.2	127475	18	2280	1.00153	1.00158	2080
626	451756	188	139349	312407	100	60	0.0985852	0.809704	38	38.2	127475	18	2280	1.00196	1.0025	2080
627	429212	2463	89825.5	339386	100	60	1.09566	0.809704	38	38.2	127475	18	2280	1.00325	1.00344	2080
628	419295	2266	71504.5	347790	100	60	1.39353	0.809704	38	38.2	127475	18	2280	1.0057	1.00574	2080
629	473138	2031	136093	337045	100	60	1.6072	0.809704	38	38.2	127475	18	2280	1.00605	1.00455	2080
630	462016	1912	102704	359313	100	60	1.84294	0.809704	32	38.2	127475	18	2280	1.05464	1.08019	2080
631	540380	1554	181613	357576	100	60	0.766932	0.809704	39	38.2	0	18	2280	1.0145	1.01344	2080
632	641360	1284	251209	388848	100	60	0.63224	0.809704	39	38.2	0	18	2280	1.00909	1.00626	2080
633	749690	1087	317733	430109	100	60	0.593354	0.809704	39	38.2	0	18	2280	1.00707	1.00355	2080
634	825431	922	361517	462162	100	60	0.623389	0.809704	39	38.2	0	18	2280	1.00705	1.00286	2080
635	823931	784	370253	452193	100	60	0.66032	0.809704	39	38.2	0	18	2280	1.00817	1.00406	2080
636	804657	1651	371050	433608	100	60	1.35862	0.809704	39	38.2	0	18	2280	1.00928	1.00776	2080
637	803383	1577	377407	425976	100	60	1.5252	0.809704	39	38.2	0	18	2280	1.01175	1.011	2080
638	825686	1519	393755	431931	100	60	1.78419	0.809704	39	38.2	0	18	2280	1.01453	1.01391	2080
639	818907	1287	395427	423480	100	60	1.84064	0.809704	39	38.2	0	18	2280	1.01705	1.01481	2080
640	663447	1075	269322	394126	100	60	1.94282	0.809704	39	38.2	121643	18	2280	1.01831	1.01491	2080
641	675329	946	300341	374988	100	60	2.02146	0.809704	39	38.2	121643	18	2280	1.02156	1.01907	2080
642	659976	825	312135	347841	100	60	2.05777	0.809704	39	38.2	121643	18	2280	1.02909	1.0267	2080
643	471294	712	150687	320608	100	60	2.12639	0.809704	39	38.2	121643	18	2280	1.03091	1.02669	2080
644	494980	638	194374	300606	100	60	2.19199	0.809704	39	38.2	121643	18	2280	1.04325	1.03756	2080
645	514253	583	231936	282316	100	60	2.23784	0.809704	39	38.2	121643	18	2280	1.05732	1.04983	2080
646	509349	523	241290	258746	100	60	2.23304	0.809704	39	38.2	121643	18	2280	1.07179	1.0631	2080
647	481171	457	232566	234570	100	60	2.27572	0.809704	39	38.2	121643	18	2280	1.068	1.0614	2080
648	461850	415	226945	220360	100	60	2.28621	0.809704	39	38.2	121643	18	2280	1.06696	1.05596	2080
649	430099	367	212741	203767	100	60	2.30698	0.809704	39	38.2	121643	18	2280	1.06361	1.05249	2080
650	418015	348	208104	197096	100	60	2.32047	0.809704	39	38.2	121643	18	2280	1.05435	1.04678	2080
651	363189	308	187256	175933	100	60	2.33887	0.809704	39	38.2	121643	18	2280	1.0625	1.05351	2080
652	243412	268	86667.2	156745	100	60	0.0944928	0.809704	39	38.2	215459	18	2280	1.00115	1.00058	2080
653	474756	237	188860	285897	100	60	0.0752606	0.809704	39	38.2	215459	18	2280	1.00114	1.00064	2080
654	619175	228	252234	366941	100	60	0.0775662	0.809704	39	38.2	215459	18	2280	1.00108	1.00075	2080
655	600876	215	251435	349441	100	60	0.0890829	0.809704	38	38.2	215459	18	2280	1.00135	1.00093	2080
656	564139	190	244786	319353	100	60	0.0942109	0.809704	38	38.2	215459	18	2280	1.00148	1.0018	2080
657	632730	2384	283663	349067	100	60	1.0861	0.809704	38	38.2	215459	18	2280	1.0016	1.00156	2080
658	717510	2173	325488	392022	100	60	1.28026	0.809704	38	38.2	215459	18	2280	1.00287	1.00409	2080
659	764942	1928	350361	414581	100	60	1.55572	0.809704	38	38.2	215459	18	2280	1.00428	1.00524	2080
660	586585	1725	177538	409047	100	60	1.66302	0.809704	36	38.2	215459	18	2280	1.09321	1.15951	2080
661	504874	1383	117595	386758	100	60	0.774106	0.809704	39	38.2	0	18	2280	1.02914	1.03042	2080
662	598113	1181	200139	396817	100	60	0.560778	0.809704	39	38.2	0	18	2280	1.0141	1.01215	2080
663	715375	982	284058	429997	100	60	0.505531	0.809704	39	38.2	0	18	2280	1.00833	1.00524	2080
664	789006	839	334849	452698	100	60	0.539884	0.809704	39	38.2	0	18	2280	1.00726	1.00367	2080
665	798312	728	353715	443365	100	60	0.593497	0.809704	39	38.2	0	18	2280	1.00835	1.00372	2080
666	791304	1641	362692	428613	100	60	1.3217	0.809704	39	38.2	0	18	2280	1.00971	1.00543	2080
667	774897	1595	363926	410972	100	60	1.52707	0.809704	39	38.2	0	18	2280	1.01102	1.00881	2080
668	793866	1475	379502	414364	100	60	1.78079	0.809704	39	38.2	0	18	2280	1.01732	1.01633	2080
669	776447	1224	375998	400450	100	60	1.85965	0.809704	39	38.2	0	18	2280	1.01775	1.01803	2080
670	632615	1002	258351	374264	100	60	1.93938	0.809704	39	38.2	113210	18	2280	1.02038	1.02002	2080
671	627260	855	281050	346210	100	60	2.04455	0.809704	39	38.2	113210	18	2280	1.03397	1.03521	2080
672	473443	749	145782	327661	100	60	2.07539	0.809704	39	38.2	113210	18	2280	1.04137	1.0429	2080
673	487349	655	187784	299565	100	60	2.11251	0.809704	39	38.2	113210	18	2280	1.0527	1.05223	2080
674	476273	555	211802	264472	100	60	2.15625	0.809704	39	38.2	113210	18	2280	1.06938	1.06159	2080
675	482279	509	230730	251549	100	60	2.21406	0.809704	39	38.2	113210	18	2280	1.07986	1.07356	2080
676	448334	444	217585	222787	100	60	2.24091	0.809704	39	38.2	113210	18	2280	1.09336	1.08257	2080
677	429337	394	208973	207905	100	60	2.25847	0.809704	39	38.2	113210	18	2280	1.10263	1.09044	2080
678	428974	377	210590	205630	100	60	2.27435	0.809704	39	38.2	113210	18	2280	1.10433	1.08967	2080
679	394274	333	195208	187184	100	60	2.2795	0.809704	39	38.2	113210	18	2280	1.11111	1.09288	2080
680	373611	305	186599	176281	100	60	2.27163	0.809704	39	38.2	113210	18	2280	1.10828	1.08027	2080
681	350669	289	180918	169752	100	60	2.27236	0.809704	39	38.2	113210	18	2280	1.11448	1.08481	2080
682	239348	257	85599.5	153749	100	60	0.0953252	0.809704	39	38.2	202649	18	2280	1.00201	1.00128	2080
683	461823	237	184241	277582	100	60	0.078235	0.809704	39	38.2	202649	18	2280	1.00163	1.00115	2080
684	612915	212	249520	363395	100	60	0.0747327	0.809704	39	38.2	202649	18	2280	1.00193	1.0015	2080
685	599113	181	248184	350928	100	60	0.077703	0.809704	39	38.2	202649	18	2280	1.00162	1.00143	2080
686	557723	167	239956	317767	100	60	0.0861351	0.809704	39	38.2	202649	18	2280	1.00175	1.00207	2080
687	622474	2322	276759	345716	100	60	1.05851	0.809704	39	38.2	202649	18	2280	1.00279	1.00332	2080
688	682999	2051	308003	374996	100	60	1.20649	0.809704	39	38.2	202649	18	2280	1.00396	1.00583	2080
689	724345	1831	330829	393516	100	60	1.50061	0.809704	39	38.2	202649	18	2280	1.00502	1.00542	2080
690	549445	1641	166180	383264	100	60	1.65483	0.809704	34	38.2	202649	18	2280	1.09008	1.15356	2080
691	600139	1295	235869	363247	100	60	0.789192	0.809704	39	38.2	0	18	2280	1.02832	1.02826	2080
692	683273	1097	292299	389475	100	60	0.629694	0.809704	39	38.2	0	18	2280	1.01585	1.01446	2080
693	753104	901	335766	415724	100	60	0.549643	0.809704	39	38.2	0	18	2280	1.00959	1.00625	2080
694	627488	787	179763	447246	100	60	0.592967	0.809704	39	38.2	0	18	2280	1.00875	1.00344	2080
695	701378	713	251098	449875	100	60	0.629402	0.809704	39	38.2	0	18	2280	1.00905	1.00402	2080
696	734016	1673	300745	433271	100	60	1.38837	0.809704	39	38.2	0	18	2280	1.0116	1.00618	2080
697	757650	1629	332660	424990	100	60	1.54487	0.809704	39	38.2	0	18	2280	1.01228	1.00787	2080
698	603909	1539	171257	432652	100	60	1.78736	0.809704	39	38.2	0	18	2280	1.0137	1.00911	2080
699	651906	1304	237935	413971	100	60	1.84631	0.809704	39	38.2	0	18	2280	1.01363	1.00998	2080
700	649734	1119	250782	398951	100	60	1.92669	0.809704	39	38.2	46084.5	18	2280	1.0177	1.01699	2080
701	684671	986	298061	386611	100	60	2.03724	0.809704	39	38.2	46084.5	18	2280	1.02956	1.03049	2080
702	521071	867	154942	366129	100	60	2.09411	0.809704	39	38.2	46084.5	18	2280	1.02696	1.02307	2080
703	523954	747	200908	323046	100	60	2.14693	0.809704	39	38.2	46084.5	18	2280	1.03474	1.03351	2080
704	528331	652	234657	293674	100	60	2.19283	0.809704	39	38.2	46084.5	18	2280	1.0507	1.04923	2080
705	507676	558	241913	265762	100	60	2.25385	0.809704	39	38.2	46084.5	18	2280	1.05469	1.05054	2080
706	367758	497	121713	244697	100	60	2.26426	0.809704	39	38.2	46084.5	18	2280	1.06028	1.05274	2080
707	388758	448	155202	225957	100	60	2.29851	0.809704	39	38.2	46084.5	18	2280	1.05788	1.05169	2080
708	407082	410	184916	213310	100	60	2.33326	0.809704	39	38.2	46084.5	18	2280	1.06473	1.05665	2080
709	408410	377	194524	201952	100	60	2.35493	0.809704	39	38.2	46084.5	18	2280	1.07305	1.07046	2080
710	394053	343	192169	191124	100	60	2.36483	0.809704	39	38.2	46084.5	18	2280	1.07062	1.07508	2080
711	372415	320	189526	182889	100	60	2.38595	0.809704	39	38.2	46084.5	18	2280	1.06728	1.07395	2080
712	257738	286	93234.2	164504	100	60	0.11048	0.809704	39	38.2	138551	18	2280	1.00158	1.00105	2080
713	464531	254	186055	278476	100	60	0.085385	0.809704	39	38.2	138551	18	2280	1.00127	1.00068	2080
714	627676	229	256417	371258	100	60	0.0811696	0.809704	39	38.2	138551	18	2280	1.00143	1.00087	2080
715	626107	202	260245	365862	100	60	0.0870616	0.809704	39	38.2	138551	18	2280	1.00157	1.00169	2080
716	575266	189	248908	326359	100	60	0.0986939	0.809704	39	38.2	138551	18	2280	1.00187	1.003	2080
717	462451	2424	118617	343834	100	60	1.11234	0.809704	39	38.2	138551	18	2280	1.00316	1.00543	2080
718	536954	2125	184735	352219	100	60	1.31669	0.809704	39	38.2	138551	18	2280	1.00398	1.00576	2080
719	642945	1904	255484	387461	100	60	1.5669	0.809704	39	38.2	138551	18	2280	1.00493	1.00751	2080
720	550135	1763	149613	400522	100	60	1.75083	0.809704	38	38.2	138551	18	2280	1.08363	1.13481	2080
721	619195	1449	230154	388450	100	60	0.821107	0.809704	39	38.2	0	18	2280	1.02328	1.02387	2080
722	703793	1217	293400	409561	100	60	0.683582	0.809704	39	38.2	0	18	2280	1.01327	1.01151	2080
723	789264	1020	347903	440372	100	60	0.641261	0.809704	39	38.2	0	18	2280	1.00961	1.007	2080
724	632608	829	180381	451881	100	60	0.652053	0.809704	39	38.2	0	18	2280	1.00998	1.00715	2080
725	560844	744	118139	442691	100	60	0.705525	0.809704	39	38.2	0	18	2280	1.01183	1.00938	2080
726	603404	1609	185384	418020	100	60	1.46712	0.809704	39	38.2	0	18	2280	1.01493	1.01427	2080
727	666724	1528	256047	410677	100	60	1.64492	0.809704	39	38.2	0	18	2280	1.01684	1.01568	2080
728	561626	1466	148183	413443	100	60	1.87091	0.809704	39	38.2	0	18	2280	1.02077	1.02063	2080
729	484656	1215	100255	384401	100	60	1.94282	0.809704	39	38.2	0	18	2280	1.01802	1.01661	2080
730	513705	1045	160738	352967	100	60	1.98377	0.809704	39	38.2	3118.11	18	2280	1.02322	1.02124	2080
731	555535	905	220820	334715	100	60	2.05931	0.809704	39	38.2	3118.11	18	2280	1.02864	1.02778	2080
732	589043	799	262636	326407	100	60	2.11959	0.809704	39	38.2	3118.11	18	2280	1.04361	1.04271	2080
733	568519	684	269041	299478	100	60	2.15139	0.809704	39	38.2	3118.11	18	2280	1.05746	1.05271	2080
734	530694	584	260477	270217	100	60	2.1839	0.809704	39	38.2	3118.11	18	2280	1.05744	1.05155	2080
735	501853	517	251089	250764	100	60	2.20062	0.809704	39	38.2	3118.11	18	2280	1.06566	1.05642	2080
736	459677	448	228618	222528	100	60	2.17903	0.809704	39	38.2	3118.11	18	2280	1.06238	1.06054	2080
737	441125	412	218183	208960	100	60	2.21291	0.809704	39	38.2	3118.11	18	2280	1.06972	1.06618	2080
738	408045	370	203334	191467	100	60	2.22221	0.809704	39	38.2	3118.11	18	2280	1.06667	1.05722	2080
739	390519	348	195201	182524	100	60	2.23406	0.809704	39	38.2	3118.11	18	2280	1.06069	1.05233	2080
740	359335	313	179851	167857	100	60	2.24919	0.809704	39	38.2	3118.11	18	2280	1.04748	1.03548	2080
741	255027	306	88734.5	166292	100	60	2.27769	0.809704	39	38.2	3118.11	18	2280	1.04601	1.03322	2080
742	230977	271	80266.9	150710	100	60	0.0909712	0.809704	39	38.2	37054.9	18	2280	1.0008	1.0003	2080
743	469853	253	184737	285116	100	60	0.0817295	0.809704	39	38.2	37054.9	18	2280	1.0008	1.00019	2080
744	614887	227	247705	367181	100	60	0.0789563	0.809704	39	38.2	37054.9	18	2280	1.00107	1.00053	2080
745	606056	201	250842	355214	100	60	0.0846126	0.809704	39	38.2	37054.9	18	2280	1.00124	1.00069	2080
746	570753	192	245920	324833	100	60	0.0974237	0.809704	39	38.2	37054.9	18	2280	1.00153	1.00092	2080
747	630074	2433	281170	348904	100	60	1.08244	0.809704	39	38.2	37054.9	18	2280	1.00285	1.00281	2080
748	704336	2067	318060	386277	100	60	1.20308	0.809704	39	38.2	37054.9	18	2280	1.00373	1.00295	2080
749	761621	1849	348363	413259	100	60	1.46926	0.809704	39	38.2	37054.9	18	2280	1.00351	1.00268	2080
750	588598	1697	178157	410442	100	60	1.58894	0.809704	37	38.2	37054.9	18	2280	1.09427	1.16342	2080
751	444151	986	175151	268909	100	60	0.611301	0.809704	39	38.2	0	18	2280	1.02614	1.02485	2080
752	561898	869	250769	310953	100	60	0.507934	0.809704	39	38.2	0	18	2280	1.01357	1.01109	2080
753	678700	762	311798	366742	100	60	0.457613	0.809704	39	38.2	0	18	2280	1.00858	1.00507	2080
754	757585	678	349913	407488	100	60	0.500634	0.809704	39	38.2	0	18	2280	1.00935	1.00504	2080
755	769096	616	357702	411209	100	60	0.547176	0.809704	39	38.2	0	18	2280	1.01077	1.00675	2080
756	754912	1458	355096	399816	100	60	1.29639	0.809704	39	38.2	0	18	2280	1.01395	1.01013	2080
757	741151	1413	352548	388603	100	60	1.48429	0.809704	39	38.2	0	18	2280	1.01869	1.01945	2080
758	725821	1324	349523	376298	100	60	1.75172	0.809704	39	38.2	0	18	2280	1.01991	1.02066	2080
759	749192	1152	365248	383944	100	60	1.81337	0.809704	39	38.2	0	18	2280	1.02362	1.02377	2080
760	620702	990	251555	369148	100	60	1.87819	0.809704	39	38.2	117926	18	2280	1.03205	1.0348	2080
761	625979	868	280276	345703	100	60	1.95109	0.809704	39	38.2	117926	18	2280	1.02865	1.02567	2080
762	607859	751	287734	320125	100	60	1.95052	0.809704	39	38.2	117926	18	2280	1.03959	1.03639	2080
763	562875	631	275876	286999	100	60	1.99445	0.809704	39	38.2	117926	18	2280	1.05025	1.05136	2080
764	532253	562	266259	265993	100	60	2.00005	0.809704	39	38.2	117926	18	2280	1.05925	1.05935	2080
765	499858	504	253006	246852	100	60	2.03092	0.809704	39	38.2	117926	18	2280	1.07071	1.07028	2080
766	481518	464	240052	231918	100	60	2.02739	0.809704	39	38.2	117926	18	2280	1.08598	1.0846	2080
767	455984	422	224326	216420	100	60	2.06506	0.809704	39	38.2	117926	18	2280	1.08493	1.08675	2080
768	449432	400	221847	212264	100	60	2.13783	0.809704	39	38.2	117926	18	2280	1.07442	1.06633	2080
769	413316	353	205280	193957	100	60	2.17024	0.809704	39	38.2	117926	18	2280	1.07278	1.06377	2080
770	363067	307	181728	169265	100	60	2.19597	0.809704	39	38.2	117926	18	2280	1.05363	1.03691	2080
771	326039	278	168906	157133	100	60	2.20004	0.809704	39	38.2	117926	18	2280	1.05226	1.03333	2080
772	195105	235	56735.5	138369	100	60	0.0826269	0.809704	39	38.2	137440	18	2280	1.00085	0.999098	2080
773	431602	212	164243	267359	100	60	0.0663566	0.809704	39	38.2	137440	18	2280	1.00077	0.998908	2080
774	583695	186	232792	350903	100	60	0.062047	0.809704	39	38.2	137440	18	2280	1.00067	0.998723	2080
775	576640	174	237162	339478	100	60	0.0706389	0.809704	39	38.2	137440	18	2280	1.00096	0.999432	2080
776	536860	142	228341	308519	100	60	0.0694891	0.809704	39	38.2	137440	18	2280	1.00093	0.999156	2080
777	606236	2372	267979	338257	100	60	1.03288	0.809704	39	38.2	137440	18	2280	1.00166	1.00022	2080
778	519653	2163	139042	380611	100	60	1.18642	0.809704	39	38.2	137440	18	2280	1.00221	1.00091	2080
779	563142	1886	195275	367866	100	60	1.45916	0.809704	39	38.2	137440	18	2280	1.00389	1.00221	2080
780	521437	1821	131442	389995	100	60	1.66517	0.809704	38	38.2	137440	18	2280	1.06955	1.11093	2080
781	478663	1482	103809	374713	100	60	0.777559	0.809704	39	38.2	0	18	2280	1.02129	1.01991	2080
782	557904	1195	182939	374722	100	60	0.557536	0.809704	39	38.2	0	18	2280	1.00923	1.00592	2080
783	695082	1004	275416	419326	100	60	0.506008	0.809704	39	38.2	0	18	2280	1.00662	1.00409	2080
784	612511	849	161361	451030	100	60	0.532376	0.809704	39	38.2	0	18	2280	1.0068	1.00331	2080
785	661902	759	225894	435901	100	60	0.591167	0.809704	39	38.2	0	18	2280	1.00851	1.00365	2080
786	702474	1703	280679	421795	100	60	1.28573	0.809704	39	38.2	0	18	2280	1.01187	1.00838	2080
787	578295	1695	154357	423938	100	60	1.48165	0.809704	39	38.2	0	18	2280	1.01142	1.0078	2080
788	620169	1596	220472	399697	100	60	1.70395	0.809704	39	38.2	0	18	2280	1.01544	1.01257	2080
789	646613	1289	270785	375829	100	60	1.78477	0.809704	39	38.2	0	18	2280	1.01408	1.01087	2080
790	626982	1109	255721	371261	100	60	1.86996	0.809704	39	38.2	58949.8	18	2280	1.02059	1.01803	2080
791	632220	939	285207	347013	100	60	1.98176	0.809704	39	38.2	58949.8	18	2280	1.02206	1.01913	2080
792	630534	818	300488	330045	100	60	2.05029	0.809704	39	38.2	58949.8	18	2280	1.02767	1.02808	2080
793	619514	737	303884	315630	100	60	2.07595	0.809704	39	38.2	58949.8	18	2280	1.03579	1.03664	2080
794	432203	648	141768	290435	100	60	2.14776	0.809704	39	38.2	58949.8	18	2280	1.03776	1.03709	2080
795	452234	583	182276	269958	100	60	2.17755	0.809704	39	38.2	58949.8	18	2280	1.04933	1.04803	2080
796	461846	526	205275	247818	100	60	2.21836	0.809704	39	38.2	58949.8	18	2280	1.05842	1.05513	2080
797	426642	433	200167	214096	100	60	2.23388	0.809704	39	38.2	58949.8	18	2280	1.07609	1.0739	2080
798	411095	389	198426	199289	100	60	2.22851	0.809704	39	38.2	58949.8	18	2280	1.07767	1.06941	2080
799	292264	358	100746	188759	100	60	2.2567	0.809704	39	38.2	58949.8	18	2280	1.05319	1.05337	2080
800	307397	331	128611	176231	100	60	2.28637	0.809704	39	38.2	58949.8	18	2280	1.04624	1.04573	2080
801	232107	297	71334.6	160773	100	60	2.25403	0.809704	39	38.2	58949.8	18	2280	1.05751	1.06143	2080
802	217566	266	72838.6	144727	100	60	0.180288	0.809704	39	38.2	84143.9	18	2280	1.0022	1.00046	2080
803	323163	243	131028	192135	100	60	0.1387	0.809704	39	38.2	84143.9	18	2280	1.00249	1.00111	2080
804	507550	209	222522	285028	100	60	0.123323	0.809704	39	38.2	84143.9	18	2280	1.00242	1.00122	2080
805	658418	180	286648	371770	100	60	0.11869	0.809704	39	38.2	84143.9	18	2280	1.00239	1.00145	2080
806	697407	161	303835	393571	100	60	0.129947	0.809704	39	38.2	84143.9	18	2280	1.00285	1.00269	2080
807	688043	2257	306618	381425	100	60	1.1402	0.809704	39	38.2	84143.9	18	2280	1.00263	1.00293	2080
808	719603	2004	329029	390574	100	60	1.20806	0.809704	39	38.2	84143.9	18	2280	1.00318	1.00503	2080
809	734048	1722	343384	390664	100	60	1.35185	0.809704	38	38.2	84143.9	18	2280	1.00437	1.00669	2080
810	576130	1569	181792	394338	100	60	1.36789	0.809704	35	38.2	84143.9	18	2280	1.1334	1.24697	2080
811	615268	1273	251032	363631	100	60	1.14656	0.809704	39	38.2	0	18	2280	1.08527	1.10494	2080
812	661406	1096	300132	360338	100	60	1.06387	0.809704	39	38.2	0	18	2280	1.05215	1.04952	2080
813	680576	920	325802	353808	100	60	0.999497	0.809704	39	38.2	0	18	2280	1.03014	1.02229	2080
814	724772	805	355696	368201	100	60	1.0187	0.809704	39	38.2	0	18	2280	1.02637	1.01859	2080
815	770459	770	382681	386970	100	60	1.14601	0.809704	39	38.2	0	18	2280	1.02837	1.01697	2080
816	792497	1154	396469	396028	100	60	1.67375	0.809704	39	38.2	0	18	2280	1.03522	1.01782	2080
817	803206	1205	403928	399278	100	60	1.83962	0.809704	39	38.2	0	18	2280	1.04209	1.0279	2080
818	572866	1113	191332	381534	100	60	1.94987	0.809704	39	38.2	0	18	2280	1.05004	1.04106	2080
819	591961	954	239825	352137	100	60	1.91358	0.809704	39	38.2	0	18	2280	1.04924	1.04454	2080
820	568474	839	238060	330414	100	60	1.94167	0.809704	39	38.2	46216.8	18	2280	1.04433	1.0349	2080
821	580787	744	270551	310236	100	60	1.96547	0.809704	39	38.2	46216.8	18	2280	1.05822	1.04878	2080
822	445713	682	145304	300408	100	60	1.9464	0.809704	39	38.2	46216.8	18	2280	1.07875	1.07386	2080
823	453090	601	184163	268927	100	60	1.97579	0.809704	39	38.2	46216.8	18	2280	1.08626	1.08571	2080
824	358926	552	107344	251582	100	60	1.99073	0.809704	39	38.2	46216.8	18	2280	1.09106	1.09007	2080
825	377913	496	149474	228440	100	60	1.99308	0.809704	39	38.2	46216.8	18	2280	1.11732	1.11134	2080
826	402605	458	180948	214097	100	60	1.98458	0.809704	39	38.2	46216.8	18	2280	1.13347	1.12556	2080
827	402075	413	192888	197190	100	60	1.99911	0.809704	39	38.2	46216.8	18	2280	1.13023	1.1275	2080
828	395006	374	196353	186139	100	60	2.03818	0.809704	39	38.2	46216.8	18	2280	1.11399	1.10773	2080
829	387460	349	196927	178107	100	60	2.05683	0.809704	39	38.2	46216.8	18	2280	1.09322	1.09552	2080
830	357257	308	183518	162792	100	60	2.08171	0.809704	39	38.2	46216.8	18	2280	1.08333	1.09153	2080
831	336661	291	179234	157427	100	60	2.11136	0.809704	39	38.2	46216.8	18	2280	1.08562	1.09025	2080
832	240900	263	94905.9	145994	100	60	0.0893262	0.809704	39	38.2	127092	18	2280	1.00172	1.00036	2080
833	476992	252	195672	281321	100	60	0.0794977	0.809704	39	38.2	127092	18	2280	1.00189	0.999905	2080
834	631723	232	261550	370174	100	60	0.0775006	0.809704	39	38.2	127092	18	2280	1.00176	1.00034	2080
835	631247	213	266694	364554	100	60	0.0843942	0.809704	39	38.2	127092	18	2280	1.00205	1.00172	2080
836	581997	193	254763	327234	100	60	0.0909628	0.809704	39	38.2	127092	18	2280	1.00168	1.00226	2080
837	634519	2463	286376	348143	100	60	0.996695	0.809704	39	38.2	127092	18	2280	1.00236	1.00321	2080
838	720504	2346	328259	392245	100	60	1.16312	0.809704	39	38.2	127092	18	2280	1.00306	1.00429	2080
839	766359	2097	353650	412709	100	60	1.39042	0.809704	39	38.2	127092	18	2280	1.00354	1.00514	2080
840	595347	1918	183378	411969	100	60	1.53757	0.809704	34	38.2	127092	18	2280	1.0686	1.12082	2080
841	666223	1615	264303	400922	100	60	0.814964	0.809704	39	38.2	0	18	2280	1.02387	1.02338	2080
842	745059	1360	324922	418701	100	60	0.686748	0.809704	39	38.2	0	18	2280	1.01465	1.01018	2080
843	805411	1097	367875	435835	100	60	0.601904	0.809704	39	38.2	0	18	2280	1.00872	1.00474	2080
844	860041	969	399925	458496	100	60	0.664518	0.809704	39	38.2	0	18	2280	1.00905	1.00652	2080
845	862476	873	407253	453833	100	60	0.723827	0.809704	39	38.2	0	18	2280	1.01098	1.0102	2080
846	832343	1656	399388	432955	100	60	1.33481	0.809704	39	38.2	0	18	2280	1.01414	1.01257	2080
847	827940	1636	403021	424919	100	60	1.51519	0.809704	39	38.2	0	18	2280	1.01684	1.01603	2080
848	798365	1437	393544	404820	100	60	1.65987	0.809704	39	38.2	0	18	2280	1.02172	1.01969	2080
849	755727	1155	378178	377549	100	60	1.72952	0.809704	39	38.2	0	18	2280	1.02555	1.0271	2080
850	672165	1027	296325	375840	100	60	1.79939	0.809704	39	38.2	94212.1	18	2280	1.03635	1.04035	2080
851	679276	905	320685	358591	100	60	1.88582	0.809704	39	38.2	94212.1	18	2280	1.04078	1.04358	2080
852	653558	794	322678	330879	100	60	1.92037	0.809704	39	38.2	94212.1	18	2280	1.05178	1.05605	2080
853	608955	692	308704	300251	100	60	1.96881	0.809704	39	38.2	94212.1	18	2280	1.07683	1.08187	2080
854	584680	627	301169	283511	100	60	1.99807	0.809704	39	38.2	94212.1	18	2280	1.08873	1.09179	2080
855	552984	573	287348	265636	100	60	2.0357	0.809704	39	38.2	94212.1	18	2280	1.09524	1.09964	2080
856	393218	534	140968	250693	100	60	2.08557	0.809704	39	38.2	94212.1	18	2280	1.1121	1.10749	2080
857	401151	472	165603	227809	100	60	2.08274	0.809704	39	38.2	94212.1	18	2280	1.12274	1.11447	2080
858	408614	433	186079	212706	100	60	2.1239	0.809704	39	38.2	94212.1	18	2280	1.11333	1.10766	2080
859	405171	401	194405	199109	100	60	2.10781	0.809704	39	38.2	94212.1	18	2280	1.12833	1.12827	2080
860	412847	387	204595	197156	100	60	2.14289	0.809704	39	38.2	94212.1	18	2280	1.12755	1.12228	2080
861	278714	350	95835.2	182879	100	60	2.15906	0.809704	39	38.2	94212.1	18	2280	1.12147	1.11377	2080
862	219690	304	56529.5	163160	100	60	0.0943249	0.809704	39	38.2	96635.4	18	2280	1.00209	1.00147	2080
863	468804	285	167135	301669	100	60	0.0843482	0.809704	39	38.2	96635.4	18	2280	1.00218	1.00147	2080
864	503547	259	115090	388456	100	60	0.0823253	0.809704	39	38.2	96635.4	18	2280	1.00233	1.00169	2080
865	488583	209	142008	346575	100	60	0.0727123	0.809704	39	38.2	96635.4	18	2280	1.002	1.00136	2080
866	503147	191	174441	328706	100	60	0.0830729	0.809704	39	38.2	96635.4	18	2280	1.00228	1.00152	2080
867	580255	2636	230290	349965	100	60	0.956766	0.809704	39	38.2	96635.4	18	2280	1.00285	1.00101	2080
868	686327	2382	291019	395308	100	60	1.16478	0.809704	39	38.2	96635.4	18	2280	1.004	1.00258	2080
869	737081	2111	326364	410716	100	60	1.35312	0.809704	39	38.2	96635.4	18	2280	1.00497	1.00371	2080
870	586600	1987	174209	412392	100	60	1.55771	0.809704	34	38.2	96635.4	18	2280	1.07494	1.12695	2080
871	636655	1585	248074	387254	100	60	0.822584	0.809704	39	38.2	0	18	2280	1.02651	1.02729	2080
872	546249	1318	147347	398319	100	60	0.666022	0.809704	39	38.2	0	18	2280	1.01436	1.01194	2080
873	529226	1079	115909	413210	100	60	0.539784	0.809704	39	38.2	0	18	2280	1.00968	1.0065	2080
874	616153	884	197888	417407	100	60	0.540501	0.809704	39	38.2	0	18	2280	1.0091	1.00443	2080
875	703813	819	272727	430279	100	60	0.592476	0.809704	39	38.2	0	18	2280	1.00929	1.004	2080
876	735308	1777	313619	421689	100	60	1.24555	0.809704	39	38.2	0	18	2280	1.01094	1.00369	2080
877	770547	1692	348843	421704	100	60	1.41695	0.809704	39	38.2	0	18	2280	1.01376	1.00845	2080
878	809217	1718	380976	428241	100	60	1.67363	0.809704	39	38.2	0	18	2280	1.02013	1.01518	2080
879	802260	1397	387784	414476	100	60	1.72854	0.809704	39	38.2	0	18	2280	1.02006	1.01504	2080
880	727941	1199	325324	402617	100	60	1.82318	0.809704	39	38.2	74569.7	18	2280	1.02304	1.02008	2080
881	534822	1023	164290	370532	100	60	1.91594	0.809704	39	38.2	74569.7	18	2280	1.03015	1.02843	2080
882	548112	880	212668	335444	100	60	1.96144	0.809704	39	38.2	74569.7	18	2280	1.03495	1.03417	2080
883	570995	783	257641	313354	100	60	1.97275	0.809704	39	38.2	74569.7	18	2280	1.04433	1.04225	2080
884	577265	707	280487	296777	100	60	1.99043	0.809704	39	38.2	74569.7	18	2280	1.06778	1.06667	2080
885	561546	638	283518	278028	100	60	2.01538	0.809704	39	38.2	74569.7	18	2280	1.07984	1.07862	2080
886	534805	572	270775	255152	100	60	2.0353	0.809704	39	38.2	74569.7	18	2280	1.10217	1.0949	2080
887	506289	513	255275	236180	100	60	2.02939	0.809704	39	38.2	74569.7	18	2280	1.11538	1.0998	2080
888	465826	445	236605	215559	100	60	2.04379	0.809704	39	38.2	74569.7	18	2280	1.10121	1.08333	2080
889	440423	409	225650	201810	100	60	2.08064	0.809704	39	38.2	74569.7	18	2280	1.07778	1.05446	2080
890	385962	338	198633	176432	100	60	2.08576	0.809704	39	38.2	74569.7	18	2280	1.09164	1.06269	2080
891	351982	311	186913	165069	100	60	2.13664	0.809704	39	38.2	74569.7	18	2280	1.09174	1.06623	2080
892	259778	288	103614	156165	100	60	0.0983668	0.809704	39	38.2	157023	18	2280	1.00191	0.997662	2080
893	472082	248	196353	275729	100	60	0.0787777	0.809704	39	38.2	157023	18	2280	1.00175	0.997487	2080
894	634199	230	264782	369418	100	60	0.0769599	0.809704	39	38.2	157023	18	2280	1.00204	0.998319	2080
895	487513	217	118272	369241	100	60	0.0852487	0.809704	39	38.2	157023	18	2280	1.00185	0.99825	2080
896	467972	181	146753	321219	100	60	0.0857933	0.809704	39	38.2	157023	18	2280	1.00202	0.999733	2080
897	555369	2763	211573	343796	100	60	1.06809	0.809704	39	38.2	157023	18	2280	1.00336	1.00099	2080
898	654137	2486	272736	381401	100	60	1.30307	0.809704	39	38.2	157023	18	2280	1.00459	1.002	2080
899	718212	2168	313992	404220	100	60	1.49678	0.809704	39	38.2	157023	18	2280	1.00642	1.00505	2080
900	486528	1966	78115.6	408413	100	60	1.64887	0.809704	34	38.2	157023	18	2280	1.07632	1.11888	2080
901	511979	1582	143756	367278	100	60	0.688025	0.809704	39	38.2	0	18	2280	1.02015	1.01835	2080
902	620339	1328	230409	388857	100	60	0.575743	0.809704	39	38.2	0	18	2280	1.01253	1.00785	2080
903	731009	1102	305930	423385	100	60	0.535151	0.809704	39	38.2	0	18	2280	1.00816	1.00201	2080
904	792372	922	346415	444466	100	60	0.570242	0.809704	39	38.2	0	18	2280	1.00888	1.00165	2080
905	804249	813	363300	439687	100	60	0.636183	0.809704	39	38.2	0	18	2280	1.01079	1.00152	2080
906	803733	1820	373291	430442	100	60	1.34388	0.809704	39	38.2	0	18	2280	1.01263	1.00336	2080
907	816235	1748	387443	428792	100	60	1.50834	0.809704	39	38.2	0	18	2280	1.01353	1.00592	2080
908	804722	1596	388190	416533	100	60	1.70625	0.809704	39	38.2	0	18	2280	1.01854	1.01132	2080
909	803958	1342	393200	410758	100	60	1.76183	0.809704	39	38.2	0	18	2280	1.01983	1.01496	2080
910	700825	1141	304315	396510	100	60	1.88329	0.809704	39	38.2	92952.6	18	2280	1.02714	1.01933	2080
911	723160	1023	335431	387730	100	60	1.9472	0.809704	39	38.2	92952.6	18	2280	1.03391	1.02843	2080
912	693020	877	335188	357832	100	60	1.99789	0.809704	39	38.2	92952.6	18	2280	1.03596	1.03082	2080
913	656396	770	326313	330083	100	60	2.05958	0.809704	39	38.2	92952.6	18	2280	1.04863	1.04557	2080
914	628014	696	318544	309469	100	60	2.08302	0.809704	39	38.2	92952.6	18	2280	1.06471	1.06061	2080
915	588794	625	302064	286730	100	60	2.13453	0.809704	39	38.2	92952.6	18	2280	1.06941	1.05949	2080
916	563716	572	286626	267535	100	60	2.11155	0.809704	39	38.2	92952.6	18	2280	1.08861	1.07895	2080
917	484538	462	245100	225088	100	60	2.1221	0.809704	39	38.2	92952.6	18	2280	1.10685	1.09328	2080
918	443682	398	225083	205177	100	60	2.19846	0.809704	39	38.2	92952.6	18	2280	1.09375	1.07398	2080
919	427008	367	217487	196440	100	60	2.20274	0.809704	39	38.2	92952.6	18	2280	1.09449	1.08333	2080
920	388685	321	198867	178361	100	60	2.23259	0.809704	39	38.2	92952.6	18	2280	1.08788	1.07051	2080
921	339016	278	179291	159725	100	60	2.21447	0.809704	39	38.2	92952.6	18	2280	1.08711	1.07407	2080
922	239437	260	87340.2	152097	100	60	0.0898735	0.809704	39	38.2	183274	18	2280	1.00197	0.99663	2080
923	467405	236	188076	279329	100	60	0.0758465	0.809704	39	38.2	183274	18	2280	1.00187	0.9964	2080
924	617367	217	252152	365215	100	60	0.074032	0.809704	39	38.2	183274	18	2280	1.00182	0.996371	2080
925	610498	188	253673	356826	100	60	0.075668	0.809704	39	38.2	183274	18	2280	1.00204	0.996613	2080
926	567721	164	243510	324210	100	60	0.080065	0.809704	38	38.2	183274	18	2280	1.00214	0.997496	2080
927	469440	2599	120190	349250	100	60	1.03707	0.809704	38	38.2	183274	18	2280	1.00294	0.998062	2080
928	546201	2372	185496	360706	100	60	1.21944	0.809704	38	38.2	183274	18	2280	1.0037	0.998061	2080
929	650373	2256	254880	395493	100	60	1.51932	0.809704	38	38.2	183274	18	2280	1.00557	0.999252	2080
930	562820	2086	151569	411250	100	60	1.71125	0.809704	35	38.2	183274	18	2280	1.06579	1.09615	2080
