Time	totMass	NInd	abovemass	belowmass	mean_ares	mean_bres	shannon	meanShannon	NPFT	meanNPFT	Cutted	NNonClonal	NClonal	mean_generation	mean_genet_size	NGenets
1	472	0	236	236	100	60	0	0.843742	39	38.7	0	0	2286	1	0.878788	2061
2	8859.55	0	3483.75	5375.8	100	60	0	0.843742	39	38.7	0	0	2286	1	0.873446	2061
3	41788.3	0	19434.4	22353.9	100	60	0	0.843742	39	38.7	0	0	2286	1	0.871	2061
4	125511	0	58830.4	66680.1	100	60	0	0.843742	39	38.7	0	0	2286	1	0.872838	2061
5	276443	0	129079	147364	100	60	0	0.843742	39	38.7	0	0	2286	1	0.873684	2061
6	480611	561	224760	255851	100	60	2.44022	0.843742	39	38.7	0	0	2286	1.00104	0.874187	2061
7	685127	798	323041	362086	100	60	3.18473	0.843742	39	38.7	0	0	2286	1.01049	0.886878	2061
8	847863	835	405005	442857	100	60	3.28449	0.843742	39	38.7	0	0	2286	1.02548	0.906699	2061
9	978578	791	474225	504353	100	60	3.14767	0.843742	39	38.7	0	0	2286	1.04194	0.924242	2061
10	1.08449e+006	761	531358	553130	100	60	3.06727	0.843742	39	38.7	0	0	2286	1.05349	0.933246	2061
11	1.14889e+006	722	569008	579884	100	60	2.929	0.843742	39	38.7	0	0	2286	1.08111	0.970954	2061
12	1.21443e+006	704	607983	606443	100	60	2.90103	0.843742	39	38.7	0	0	2286	1.09714	0.98433	2061
13	1.25049e+006	686	631226	619263	100	60	2.86832	0.843742	39	38.7	0	0	2286	1.11995	1.02056	2061
14	1.2869e+006	675	653734	633165	100	60	2.87626	0.843742	39	38.7	0	0	2286	1.12974	1.02711	2061
15	1.31073e+006	670	668178	642551	100	60	2.89542	0.843742	39	38.7	0	0	2286	1.15032	1.05344	2061
16	1.3565e+006	675	683179	653631	100	60	2.91516	0.843742	39	38.7	0	0	2286	1.17346	1.08783	2061
17	1.3825e+006	670	688446	656077	100	60	2.9227	0.843742	39	38.7	0	0	2286	1.21045	1.11268	2061
18	1.41373e+006	670	701827	668446	100	60	2.98196	0.843742	39	38.7	0	0	2286	1.20169	1.09335	2061
19	1.43527e+006	663	712781	677745	100	60	3.02804	0.843742	39	38.7	0	0	2286	1.19509	1.07051	2061
20	1.45157e+006	670	721764	685664	100	60	3.0914	0.843742	39	38.7	0	0	2286	1.19793	1.06016	2061
21	1.40263e+006	661	720240	682393	100	60	3.0979	0.843742	39	38.7	0	0	2286	1.20272	1.04992	2061
22	1.40356e+006	662	721705	681860	100	60	0.69927	0.843742	39	38.7	0	0	2286	1.02703	0.89285	2061
23	1.42858e+006	648	727886	700694	100	60	0.695921	0.843742	39	38.7	0	0	2286	1.03025	0.898608	2061
24	1.42274e+006	630	720878	701866	100	60	0.698398	0.843742	39	38.7	0	0	2286	1.03232	0.926573	2061
25	1.42162e+006	621	720418	701206	100	60	0.788808	0.843742	39	38.7	0	0	2286	1.03753	0.952716	2061
26	1.45694e+006	621	737336	719608	100	60	0.914963	0.843742	39	38.7	0	0	2286	1.04846	0.978888	2061
27	1.49926e+006	1618	756650	742609	100	60	2.34758	0.843742	39	38.7	0	0	2286	1.06296	0.996774	2061
28	1.5318e+006	1503	770841	760962	100	60	2.50532	0.843742	39	38.7	0	0	2286	1.07632	1.00187	2061
29	1.55425e+006	1390	781252	772993	100	60	2.57182	0.843742	39	38.7	0	0	2286	1.08925	1.01225	2061
30	1.1809e+006	1311	396532	784365	100	60	2.24364	0.843742	39	38.7	0	0	2286	1.33081	1.40891	2061
31	1.19894e+006	1100	469257	729537	100	60	1.092	0.843742	39	38.7	0	0	2286	1.10064	0.989084	2061
32	1.15657e+006	942	483661	672700	100	60	0.929042	0.843742	39	38.7	0	0	2286	1.07157	0.958154	2061
33	1.10598e+006	803	482103	623688	100	60	0.784404	0.843742	39	38.7	0	0	2286	1.05382	0.940214	2061
34	1.0795e+006	681	484023	595309	100	60	0.823601	0.843742	39	38.7	0	0	2286	1.05751	0.945154	2061
35	1.02537e+006	695	470617	554604	100	60	1.01875	0.843742	39	38.7	0	0	2286	1.06435	0.966993	2061
36	1.00267e+006	776	468226	534445	100	60	1.41302	0.843742	39	38.7	0	0	2286	1.07782	0.997434	2061
37	979438	849	464284	515154	100	60	1.85365	0.843742	39	38.7	0	0	2286	1.09292	1.02249	2061
38	957585	1021	459525	498060	100	60	2.55677	0.843742	39	38.7	0	0	2286	1.10298	1.02181	2061
39	912191	864	442695	469496	100	60	2.63223	0.843742	39	38.7	0	0	2286	1.10655	1.01954	2061
40	585011	712	150678	434332	100	60	2.67765	0.843742	39	38.7	304380	0	2286	1.11147	1.02235	2061
41	594749	599	194011	400738	100	60	2.68224	0.843742	39	38.7	304380	0	2286	1.12322	1.01754	2061
42	509886	542	120297	389589	100	60	2.76655	0.843742	39	38.7	304380	0	2286	1.13595	1.03733	2061
43	532025	483	169789	362236	100	60	2.83579	0.843742	39	38.7	304380	0	2286	1.1469	1.03319	2061
44	529584	417	203263	326321	100	60	2.91729	0.843742	39	38.7	304380	0	2286	1.15632	1.02046	2061
45	551966	385	235408	316558	100	60	2.97279	0.843742	39	38.7	304380	0	2286	1.17317	1.05866	2061
46	552727	348	244880	298837	100	60	3.01793	0.843742	39	38.7	304380	0	2286	1.20563	1.0774	2061
47	524129	305	239431	270134	100	60	3.01558	0.843742	39	38.7	304380	0	2286	1.20645	1.05282	2061
48	505089	279	236904	253591	100	60	2.97136	0.843742	39	38.7	304380	0	2286	1.20906	1.03802	2061
49	493016	257	235296	243532	100	60	3.05744	0.843742	39	38.7	304380	0	2286	1.20463	1.025	2061
50	468057	232	226385	228926	100	60	3.1564	0.843742	39	38.7	304380	0	2286	1.19469	1	2061
51	438945	218	220791	218154	100	60	3.14504	0.843742	39	38.7	304380	0	2286	1.19811	1.01493	2061
52	243133	186	47920.7	195212	100	60	0.11822	0.843742	39	38.7	481642	0	2286	1.00295	0.903726	2061
53	391191	174	124960	266231	100	60	0.0831267	0.843742	39	38.7	481642	0	2286	1.00198	0.900577	2061
54	608123	159	230095	378028	100	60	0.0793209	0.843742	39	38.7	481642	0	2286	1.00188	0.912006	2061
55	704334	149	276615	427719	100	60	0.0841122	0.843742	39	38.7	481642	0	2286	1.00202	0.933248	2061
56	526704	139	122822	403882	100	60	0.0976348	0.843742	39	38.7	481642	0	2286	1.00212	0.944437	2061
57	562969	2611	174279	388690	100	60	1.3565	0.843742	39	38.7	481642	0	2286	1.00262	0.948226	2061
58	661013	2644	242825	418189	100	60	1.70148	0.843742	39	38.7	481642	0	2286	1.00365	0.951045	2061
59	755687	2320	302582	453104	100	60	1.99926	0.843742	39	38.7	481642	0	2286	1.0047	0.953173	2061
60	612979	1999	164304	448675	100	60	2.16346	0.843742	39	38.7	481642	0	2286	1.06905	1.05517	2061
61	660804	1574	234305	426147	100	60	1.33542	0.843742	39	38.7	0	0	2286	1.03335	0.954917	2061
62	721147	1306	289035	431612	100	60	1.11144	0.843742	39	38.7	0	0	2286	1.01832	0.931936	2061
63	816519	1128	349384	466490	100	60	1.03526	0.843742	39	38.7	0	0	2286	1.01453	0.931877	2061
64	875680	969	386560	488565	100	60	1.08923	0.843742	39	38.7	0	0	2286	1.01497	0.93503	2061
65	881951	836	398426	483076	100	60	1.13553	0.843742	39	38.7	0	0	2286	1.01559	0.945774	2061
66	898170	1411	412560	485610	100	60	2.02223	0.843742	39	38.7	0	0	2286	1.01766	0.947986	2061
67	905590	1396	421801	483789	100	60	2.27426	0.843742	39	38.7	0	0	2286	1.02195	0.959262	2061
68	871929	1261	411142	460787	100	60	2.43508	0.843742	39	38.7	0	0	2286	1.02223	0.956661	2061
69	857419	1060	409228	448191	100	60	2.46913	0.843742	39	38.7	0	0	2286	1.0251	0.959087	2061
70	639120	907	205529	433591	100	60	2.50983	0.843742	39	38.7	218896	0	2286	1.0278	0.959911	2061
71	641661	755	242764	398897	100	60	2.57533	0.843742	39	38.7	218896	0	2286	1.03258	0.959947	2061
72	671557	677	284206	387351	100	60	2.63454	0.843742	39	38.7	218896	0	2286	1.05355	0.991018	2061
73	673185	599	304665	368520	100	60	2.66324	0.843742	39	38.7	218896	0	2286	1.06377	0.998314	2061
74	660961	530	311769	349192	100	60	2.72128	0.843742	39	38.7	218896	0	2286	1.08521	1.02095	2061
75	619140	459	299641	319499	100	60	2.78531	0.843742	39	38.7	218896	0	2286	1.08762	1.01978	2061
76	593747	408	286322	297643	100	60	2.81558	0.843742	39	38.7	218896	0	2286	1.09091	1.01737	2061
77	542400	344	261246	265462	100	60	2.85579	0.843742	39	38.7	218896	0	2286	1.11321	1.03846	2061
78	508592	310	246706	246343	100	60	2.85989	0.843742	39	38.7	218896	0	2286	1.10746	1.03654	2061
79	487075	288	237970	234313	100	60	2.91121	0.843742	39	38.7	218896	0	2286	1.09868	1.02174	2061
80	448550	254	219640	216017	100	60	2.89052	0.843742	39	38.7	218896	0	2286	1.11321	1.02893	2061
81	408103	224	207037	201067	100	60	2.88429	0.843742	39	38.7	218896	0	2286	1.11441	1.01395	2061
82	234877	194	51578.3	183299	100	60	0.0983242	0.843742	39	38.7	376745	0	2286	1.00243	0.946582	2061
83	412541	171	137614	274926	100	60	0.0702266	0.843742	39	38.7	376745	0	2286	1.00192	0.946672	2061
84	647291	162	243292	403999	100	60	0.069246	0.843742	39	38.7	376745	0	2286	1.00189	0.949422	2061
85	695139	142	271016	424123	100	60	0.0707309	0.843742	39	38.7	376745	0	2286	1.00196	0.957145	2061
86	653007	128	263584	389423	100	60	0.0772735	0.843742	39	38.7	376745	0	2286	1.00233	0.962586	2061
87	660485	2652	279385	381100	100	60	1.25603	0.843742	39	38.7	376745	0	2286	1.0032	0.964841	2061
88	740362	2566	323467	416895	100	60	1.49862	0.843742	39	38.7	376745	0	2286	1.004	0.965244	2061
89	832314	2291	369373	462941	100	60	1.87262	0.843742	39	38.7	376745	0	2286	1.0054	0.964954	2061
90	554069	1912	89237.5	464831	100	60	1.98922	0.843742	38	38.7	376745	0	2286	1.0775	1.08842	2061
91	577181	1503	155214	421352	100	60	1.02173	0.843742	39	38.7	0	0	2286	1.03124	0.987833	2061
92	655377	1234	228267	426389	100	60	0.829794	0.843742	39	38.7	0	0	2286	1.02044	0.968571	2061
93	765690	1058	304436	460169	100	60	0.792223	0.843742	39	38.7	0	0	2286	1.01663	0.964109	2061
94	845375	903	355484	488904	100	60	0.854097	0.843742	39	38.7	0	0	2286	1.01856	0.963353	2061
95	877434	796	382037	494567	100	60	0.922784	0.843742	39	38.7	0	0	2286	1.02072	0.964766	2061
96	898174	1655	399688	498486	100	60	1.8895	0.843742	39	38.7	0	0	2286	1.0232	0.968641	2061
97	858568	1499	390648	467920	100	60	2.04401	0.843742	39	38.7	0	0	2286	1.02498	0.971108	2061
98	844094	1332	391984	452110	100	60	2.18487	0.843742	39	38.7	0	0	2286	1.03147	0.979436	2061
99	827745	1100	391844	435901	100	60	2.23811	0.843742	39	38.7	0	0	2286	1.03518	0.988909	2061
100	619423	912	211047	408376	100	60	2.28028	0.843742	39	38.7	187401	0	2286	1.04247	0.993326	2061
101	646179	805	255250	390929	100	60	2.40044	0.843742	39	38.7	187401	0	2286	1.04909	1.00252	2061
102	651356	710	281931	369425	100	60	2.45563	0.843742	39	38.7	187401	0	2286	1.05794	1.01286	2061
103	518983	667	152707	366276	100	60	2.52976	0.843742	39	38.7	187401	0	2286	1.06796	1.01824	2061
104	534828	598	196799	338028	100	60	2.60054	0.843742	39	38.7	187401	0	2286	1.07768	1.01528	2061
105	532356	520	224971	307385	100	60	2.66137	0.843742	39	38.7	187401	0	2286	1.09727	1.02344	2061
106	517252	461	231368	277469	100	60	2.71088	0.843742	39	38.7	187401	0	2286	1.0982	1.02198	2061
107	528186	433	243698	270179	100	60	2.75193	0.843742	39	38.7	187401	0	2286	1.10284	1.0331	2061
108	520093	399	246537	258827	100	60	2.819	0.843742	39	38.7	187401	0	2286	1.0978	1.03109	2061
109	505080	364	243257	247144	100	60	2.79255	0.843742	39	38.7	187401	0	2286	1.10667	1.03977	2061
110	463752	325	225437	225572	100	60	2.77677	0.843742	39	38.7	187401	0	2286	1.12195	1.05161	2061
111	403753	281	202998	200756	100	60	2.74607	0.843742	39	38.7	187401	0	2286	1.14488	1.08271	2061
112	243735	235	64644.7	179090	100	60	0.100583	0.843742	39	38.7	323252	0	2286	1.00243	0.972706	2061
113	451041	216	162778	288263	100	60	0.0787383	0.843742	39	38.7	323252	0	2286	1.00223	0.971142	2061
114	629489	182	244170	385319	100	60	0.070882	0.843742	39	38.7	323252	0	2286	1.00225	0.971623	2061
115	667010	166	264510	402500	100	60	0.0736406	0.843742	39	38.7	323252	0	2286	1.00235	0.97214	2061
116	600467	135	246404	354063	100	60	0.0733063	0.843742	39	38.7	323252	0	2286	1.00245	0.972694	2061
117	469159	2542	114631	354528	100	60	1.1472	0.843742	39	38.7	323252	0	2286	1.00346	0.976754	2061
118	556504	2578	184632	371872	100	60	1.40973	0.843742	39	38.7	323252	0	2286	1.00435	0.97551	2061
119	677202	2330	256839	420363	100	60	1.76208	0.843742	39	38.7	323252	0	2286	1.00567	0.97746	2061
120	584658	2108	149476	435182	100	60	2.07595	0.843742	36	38.7	323252	0	2286	1.06377	1.0719	2061
121	644112	1649	223233	420054	100	60	1.07263	0.843742	39	38.7	0	0	2286	1.02683	0.999295	2061
122	582588	1369	139108	442939	100	60	0.864207	0.843742	39	38.7	0	0	2286	1.01792	0.989144	2061
123	683648	1133	229199	453398	100	60	0.724852	0.843742	39	38.7	0	0	2286	1.01334	0.983299	2061
124	802548	959	311189	490229	100	60	0.743148	0.843742	39	38.7	0	0	2286	1.01379	0.982576	2061
125	676260	868	172593	503386	100	60	0.810385	0.843742	39	38.7	0	0	2286	1.0146	0.986263	2061
126	730930	1829	242673	488257	100	60	1.66187	0.843742	39	38.7	0	0	2286	1.01645	0.982692	2061
127	788460	1759	304071	484389	100	60	1.87671	0.843742	39	38.7	0	0	2286	1.02006	0.985266	2061
128	804882	1646	338076	466806	100	60	2.11286	0.843742	39	38.7	0	0	2286	1.0246	0.990786	2061
129	819936	1341	362922	457015	100	60	2.1125	0.843742	39	38.7	0	0	2286	1.0277	0.98945	2061
130	691551	1124	252413	439138	100	60	2.19394	0.843742	39	38.7	134389	0	2286	1.03636	1.0009	2061
131	694587	955	285166	409421	100	60	2.27741	0.843742	39	38.7	134389	0	2286	1.04632	1.01478	2061
132	716142	865	317535	398608	100	60	2.3743	0.843742	39	38.7	134389	0	2286	1.05386	1.028	2061
133	688447	753	318375	370071	100	60	2.42945	0.843742	39	38.7	134389	0	2286	1.06774	1.03893	2061
134	697197	703	331007	366191	100	60	2.4945	0.843742	39	38.7	134389	0	2286	1.07443	1.03602	2061
135	494711	616	156393	338318	100	60	2.55671	0.843742	39	38.7	134389	0	2286	1.06761	1.02805	2061
136	504224	541	189547	306922	100	60	2.61381	0.843742	39	38.7	134389	0	2286	1.0786	1.04537	2061
137	509483	480	216026	282477	100	60	2.63678	0.843742	39	38.7	134389	0	2286	1.08092	1.04283	2061
138	506235	435	227665	264504	100	60	2.65459	0.843742	39	38.7	134389	0	2286	1.08137	1.04502	2061
139	486989	390	226483	246814	100	60	2.71332	0.843742	39	38.7	134389	0	2286	1.08049	1.04267	2061
140	451086	342	214982	224242	100	60	2.6978	0.843742	39	38.7	134389	0	2286	1.09218	1.05183	2061
141	397814	300	197128	200686	100	60	2.68722	0.843742	39	38.7	134389	0	2286	1.11364	1.06338	2061
142	261327	272	75435.7	185891	100	60	0.116481	0.843742	39	38.7	259561	0	2286	1.00239	0.983436	2061
143	448882	239	165332	283550	100	60	0.0882609	0.843742	39	38.7	259561	0	2286	1.00197	0.982645	2061
144	627250	180	247239	380010	100	60	0.0707159	0.843742	39	38.7	259561	0	2286	1.00161	0.983261	2061
145	667227	163	268520	398706	100	60	0.0721554	0.843742	39	38.7	259561	0	2286	1.00153	0.983785	2061
146	616256	147	256040	360216	100	60	0.0791842	0.843742	39	38.7	259561	0	2286	1.00203	0.983656	2061
147	611871	2598	264929	346941	100	60	1.14441	0.843742	39	38.7	259561	0	2286	1.00195	0.984649	2061
148	686110	2407	304860	381250	100	60	1.32433	0.843742	39	38.7	259561	0	2286	1.0024	0.982316	2061
149	744605	2090	335928	408678	100	60	1.61938	0.843742	39	38.7	259561	0	2286	1.00363	0.981947	2061
150	610205	2001	181166	429038	100	60	1.88672	0.843742	37	38.7	259561	0	2286	1.07135	1.0991	2061
151	542604	1649	123832	418479	100	60	1.10395	0.843742	39	38.7	0	0	2286	1.03162	1.01621	2061
152	616003	1344	199844	415414	100	60	0.80766	0.843742	39	38.7	0	0	2286	1.01816	0.99795	2061
153	724650	1128	281166	442712	100	60	0.739462	0.843742	39	38.7	0	0	2286	1.01391	0.993618	2061
154	812163	939	339849	471502	100	60	0.76685	0.843742	39	38.7	0	0	2286	1.01343	0.992874	2061
155	865042	839	376208	488154	100	60	0.836632	0.843742	39	38.7	0	0	2286	1.01574	0.992855	2061
156	674747	1769	188150	486597	100	60	1.68873	0.843742	39	38.7	0	0	2286	1.01694	0.995048	2061
157	695498	1698	244493	451005	100	60	1.89587	0.843742	39	38.7	0	0	2286	1.01913	1	2061
158	734127	1483	298189	435938	100	60	2.04183	0.843742	39	38.7	0	0	2286	1.02231	1.00339	2061
159	792688	1291	347343	445345	100	60	2.1135	0.843742	39	38.7	0	0	2286	1.02329	1.00312	2061
160	669923	1078	246001	423921	100	60	2.21562	0.843742	39	38.7	124619	0	2286	1.02655	1.00187	2061
161	712651	986	294714	417937	100	60	2.35422	0.843742	39	38.7	124619	0	2286	1.03263	1.00409	2061
162	681161	828	303053	378108	100	60	2.40883	0.843742	39	38.7	124619	0	2286	1.03524	1.00609	2061
163	673846	739	313069	360777	100	60	2.46861	0.843742	39	38.7	124619	0	2286	1.03885	1.00955	2061
164	655347	663	313976	341370	100	60	2.51457	0.843742	39	38.7	124619	0	2286	1.05405	1.02744	2061
165	639996	612	313245	326751	100	60	2.57873	0.843742	39	38.7	124619	0	2286	1.06122	1.0264	2061
166	623589	563	303826	309570	100	60	2.57266	0.843742	39	38.7	124619	0	2286	1.06518	1.03232	2061
167	601974	513	291893	292413	100	60	2.58888	0.843742	39	38.7	124619	0	2286	1.06915	1.03937	2061
168	566268	462	276550	272464	100	60	2.629	0.843742	39	38.7	124619	0	2286	1.07724	1.04376	2061
169	520584	402	255782	248759	100	60	2.63223	0.843742	39	38.7	124619	0	2286	1.07442	1.04315	2061
170	497676	373	245787	237219	100	60	2.63552	0.843742	39	38.7	124619	0	2286	1.07323	1.0411	2061
171	452605	342	231182	221423	100	60	2.6482	0.843742	39	38.7	124619	0	2286	1.07222	1.03927	2061
172	310086	333	89166.4	220919	100	60	0.129288	0.843742	39	38.7	271572	0	2286	1.00171	0.981281	2061
173	423141	294	96890.4	326251	100	60	0.0992415	0.843742	39	38.7	271572	0	2286	1.00138	0.981141	2061
174	595226	264	183423	411804	100	60	0.084908	0.843742	38	38.7	271572	0	2286	1.00115	0.981874	2061
175	632037	227	219170	412867	100	60	0.0857863	0.843742	38	38.7	271572	0	2286	1.00157	0.984239	2061
176	595081	207	223080	372001	100	60	0.0957651	0.843742	38	38.7	271572	0	2286	1.00183	0.985438	2061
177	621837	2703	254546	367291	100	60	1.11791	0.843742	37	38.7	271572	0	2286	1.00274	0.987603	2061
178	707162	2518	303796	403365	100	60	1.33376	0.843742	37	38.7	271572	0	2286	1.00345	0.989608	2061
179	727807	2229	320971	406836	100	60	1.70292	0.843742	37	38.7	271572	0	2286	1.00497	0.990027	2061
180	579653	1949	169062	410591	100	60	1.87103	0.843742	37	38.7	271572	0	2286	1.07579	1.10854	2061
181	646932	1588	244243	401966	100	60	0.942476	0.843742	39	38.7	0	0	2286	1.02785	1.01311	2061
182	709017	1270	294732	413273	100	60	0.736348	0.843742	39	38.7	0	0	2286	1.01597	0.998231	2061
183	811647	1084	353941	456586	100	60	0.681107	0.843742	39	38.7	0	0	2286	1.011	0.9925	2061
184	891258	952	396085	494070	100	60	0.731768	0.843742	39	38.7	0	0	2286	1.01176	0.993079	2061
185	887102	851	400173	485921	100	60	0.792385	0.843742	39	38.7	0	0	2286	1.01374	0.996185	2061
186	860997	1815	395125	465872	100	60	1.6751	0.843742	39	38.7	0	0	2286	1.01508	0.996071	2061
187	838102	1590	391124	446977	100	60	1.80746	0.843742	39	38.7	0	0	2286	1.01668	0.994035	2061
188	857525	1524	405821	451704	100	60	2.05816	0.843742	39	38.7	0	0	2286	1.02021	0.996024	2061
189	866164	1313	414981	451182	100	60	2.10321	0.843742	39	38.7	0	0	2286	1.02476	1.00231	2061
190	685744	1111	249812	435932	100	60	2.18454	0.843742	39	38.7	173983	0	2286	1.02779	1.00091	2061
191	687281	940	281441	405840	100	60	2.31453	0.843742	39	38.7	173983	0	2286	1.0366	1.00967	2061
192	538551	829	150137	388415	100	60	2.40473	0.843742	39	38.7	173983	0	2286	1.04107	1.0122	2061
193	558742	745	200202	358541	100	60	2.48432	0.843742	39	38.7	173983	0	2286	1.04027	1.0122	2061
194	557655	644	233112	324543	100	60	2.53585	0.843742	39	38.7	173983	0	2286	1.048	1.01246	2061
195	424795	563	123696	301098	100	60	2.59472	0.843742	39	38.7	173983	0	2286	1.05732	1.02504	2061
196	436603	495	159996	269596	100	60	2.5881	0.843742	39	38.7	173983	0	2286	1.05063	1.02231	2061
197	352834	451	99066	251809	100	60	2.61097	0.843742	39	38.7	173983	0	2286	1.06301	1.03363	2061
198	382132	420	137850	237210	100	60	2.56707	0.843742	39	38.7	173983	0	2286	1.08061	1.05783	2061
199	414803	400	174925	231157	100	60	2.61585	0.843742	39	38.7	173983	0	2286	1.06061	1.04315	2061
200	420215	375	192011	220094	100	60	2.63666	0.843742	39	38.7	173983	0	2286	1.06076	1.0411	2061
201	405686	340	195824	209862	100	60	2.66351	0.843742	39	38.7	173983	0	2286	1.07714	1.05793	2061
202	288039	316	85431.8	202608	100	60	0.142643	0.843742	39	38.7	294989	0	2286	1.00216	0.996752	2061
203	376063	281	86216.7	289846	100	60	0.106547	0.843742	39	38.7	294989	0	2286	1.00178	0.996226	2061
204	588554	258	189976	398578	100	60	0.0932152	0.843742	39	38.7	294989	0	2286	1.00151	0.995905	2061
205	648603	232	230999	417604	100	60	0.0973347	0.843742	38	38.7	294989	0	2286	1.00171	0.995793	2061
206	605192	205	231011	374182	100	60	0.107623	0.843742	38	38.7	294989	0	2286	1.00201	0.996787	2061
207	622189	2394	258011	364177	100	60	1.08739	0.843742	38	38.7	294989	0	2286	1.00304	0.997316	2061
208	703957	2350	305593	398364	100	60	1.32503	0.843742	38	38.7	294989	0	2286	1.00447	0.999391	2061
209	779320	2164	346654	432666	100	60	1.66257	0.843742	38	38.7	294989	0	2286	1.00664	1	2061
210	625850	1955	184050	441800	100	60	1.83979	0.843742	34	38.7	294989	0	2286	1.08562	1.13238	2061
211	673370	1569	253747	418544	100	60	1.13004	0.843742	39	38.7	0	0	2286	1.03714	1.02998	2061
212	756257	1358	316045	438648	100	60	0.979016	0.843742	39	38.7	0	0	2286	1.02381	1.01528	2061
213	620532	1118	170513	449118	100	60	0.890132	0.843742	39	38.7	0	0	2286	1.01798	1.00823	2061
214	699992	928	249593	449186	100	60	0.884913	0.843742	39	38.7	0	0	2286	1.01597	1.00324	2061
215	780320	847	316683	462564	100	60	0.958194	0.843742	39	38.7	0	0	2286	1.01825	1.00617	2061
216	837149	1612	361829	475320	100	60	1.71394	0.843742	39	38.7	0	0	2286	1.0219	1.0091	2061
217	844876	1626	380880	463996	100	60	1.91866	0.843742	39	38.7	0	0	2286	1.02451	1.01137	2061
218	828411	1476	385779	442632	100	60	2.10366	0.843742	39	38.7	0	0	2286	1.02476	1.00892	2061
219	798794	1203	379937	418857	100	60	2.0597	0.843742	39	38.7	0	0	2286	1.03075	1.01853	2061
220	644121	1019	248170	395951	100	60	2.11274	0.843742	39	38.7	140801	0	2286	1.03369	1.02085	2061
221	644975	865	276008	368967	100	60	2.22798	0.843742	39	38.7	140801	0	2286	1.04675	1.03275	2061
222	647369	773	295996	351373	100	60	2.29183	0.843742	39	38.7	140801	0	2286	1.05167	1.04194	2061
223	629944	699	301205	328739	100	60	2.32823	0.843742	39	38.7	140801	0	2286	1.05855	1.04769	2061
224	458397	632	147964	310432	100	60	2.39851	0.843742	39	38.7	140801	0	2286	1.07104	1.05778	2061
225	457660	552	180937	276723	100	60	2.47237	0.843742	39	38.7	140801	0	2286	1.07921	1.0572	2061
226	458676	485	200111	250912	100	60	2.48908	0.843742	39	38.7	140801	0	2286	1.08604	1.0587	2061
227	467743	454	214975	241548	100	60	2.522	0.843742	39	38.7	140801	0	2286	1.08386	1.05405	2061
228	454896	413	215943	225997	100	60	2.53804	0.843742	39	38.7	140801	0	2286	1.07657	1.04187	2061
229	438318	379	211443	213846	100	60	2.53218	0.843742	39	38.7	140801	0	2286	1.08906	1.05135	2061
230	422638	354	206804	203808	100	60	2.56506	0.843742	39	38.7	140801	0	2286	1.08815	1.04928	2061
231	394081	330	199655	194426	100	60	2.58346	0.843742	39	38.7	140801	0	2286	1.0994	1.05956	2061
232	271893	299	88050.4	183843	100	60	0.111654	0.843742	39	38.7	251871	0	2286	1.00207	0.993513	2061
233	494474	274	189675	304799	100	60	0.0920532	0.843742	39	38.7	251871	0	2286	1.00189	0.993317	2061
234	655181	262	263058	392123	100	60	0.0949974	0.843742	39	38.7	251871	0	2286	1.00195	0.994344	2061
235	661623	238	273003	388620	100	60	0.0999474	0.843742	39	38.7	251871	0	2286	1.00205	0.996951	2061
236	609817	209	259991	349826	100	60	0.105414	0.843742	39	38.7	251871	0	2286	1.00227	0.998206	2061
237	649299	2675	286498	362801	100	60	1.2028	0.843742	39	38.7	251871	0	2286	1.00314	0.998542	2061
238	727667	2338	326471	401196	100	60	1.33118	0.843742	39	38.7	251871	0	2286	1.00396	0.999433	2061
239	755109	2023	343968	411140	100	60	1.59271	0.843742	39	38.7	251871	0	2286	1.00589	1.00079	2061
240	587272	1924	176610	410662	100	60	1.79459	0.843742	35	38.7	251871	0	2286	1.08086	1.13347	2061
241	504771	1514	116734	387480	100	60	0.860668	0.843742	39	38.7	0	0	2286	1.02768	1.02136	2061
242	591520	1252	195706	394571	100	60	0.620943	0.843742	39	38.7	0	0	2286	1.01511	1.00364	2061
243	715558	1064	282340	431830	100	60	0.567153	0.843742	39	38.7	0	0	2286	1.01104	0.997769	2061
244	803599	908	339211	462874	100	60	0.590072	0.843742	39	38.7	0	0	2286	1.01005	0.996439	2061
245	622622	790	169292	453143	100	60	0.637226	0.843742	39	38.7	0	0	2286	1.01311	1.00117	2061
246	656129	1804	228638	427492	100	60	1.43801	0.843742	39	38.7	0	0	2286	1.01495	1.0035	2061
247	715381	1793	289714	425666	100	60	1.69004	0.843742	39	38.7	0	0	2286	1.01573	1.00382	2061
248	758546	1683	332329	426217	100	60	1.96525	0.843742	39	38.7	0	0	2286	1.01817	1.006	2061
249	756067	1358	347870	408198	100	60	2.0788	0.843742	39	38.7	0	0	2286	1.01891	1.00743	2061
250	648995	1142	258408	390587	100	60	2.14533	0.843742	39	38.7	107301	0	2286	1.0275	1.01502	2061
251	661170	980	289493	371677	100	60	2.24915	0.843742	39	38.7	107301	0	2286	1.03274	1.0216	2061
252	661333	858	307164	354169	100	60	2.29607	0.843742	39	38.7	107301	0	2286	1.04052	1.03059	2061
253	654335	775	314750	339586	100	60	2.34568	0.843742	39	38.7	107301	0	2286	1.04747	1.03525	2061
254	638532	702	313785	324747	100	60	2.39687	0.843742	39	38.7	107301	0	2286	1.04952	1.03902	2061
255	602871	631	300788	302083	100	60	2.4161	0.843742	39	38.7	107301	0	2286	1.06011	1.0416	2061
256	595057	587	294837	290581	100	60	2.47555	0.843742	39	38.7	107301	0	2286	1.06891	1.04828	2061
257	404280	515	139069	262182	100	60	2.52021	0.843742	39	38.7	107301	0	2286	1.06028	1.0334	2061
258	416147	461	165430	242677	100	60	2.56176	0.843742	39	38.7	107301	0	2286	1.07099	1.04425	2061
259	414151	411	183875	220742	100	60	2.57252	0.843742	39	38.7	107301	0	2286	1.08065	1.04963	2061
260	395094	360	186605	200068	100	60	2.58761	0.843742	39	38.7	107301	0	2286	1.07349	1.0338	2061
261	367955	323	182947	185008	100	60	2.59905	0.843742	39	38.7	107301	0	2286	1.08358	1.05063	2061
262	250052	279	81387.2	168664	100	60	0.120831	0.843742	39	38.7	210119	0	2286	1.00203	0.989253	2061
263	447879	265	173380	274499	100	60	0.0982565	0.843742	39	38.7	210119	0	2286	1.00179	0.988336	2061
264	634991	234	257354	377637	100	60	0.092106	0.843742	39	38.7	210119	0	2286	1.00188	0.989216	2061
265	681649	211	280447	401202	100	60	0.0942912	0.843742	38	38.7	210119	0	2286	1.00215	0.990413	2061
266	629334	185	266338	362996	100	60	0.0993765	0.843742	37	38.7	210119	0	2286	1.00214	0.991622	2061
267	644283	2542	284382	359901	100	60	1.13123	0.843742	37	38.7	210119	0	2286	1.00266	0.991318	2061
268	728331	2373	328382	399949	100	60	1.29709	0.843742	37	38.7	210119	0	2286	1.00298	0.990785	2061
269	786521	2112	358894	427627	100	60	1.59482	0.843742	37	38.7	210119	0	2286	1.00445	0.993259	2061
270	597225	1891	180336	416888	100	60	1.79794	0.843742	35	38.7	210119	0	2286	1.08139	1.12401	2061
271	639803	1493	248035	391361	100	60	1.02196	0.843742	39	38.7	0	0	2286	1.03359	1.02349	2061
272	701561	1250	300267	400624	100	60	0.840092	0.843742	39	38.7	0	0	2286	1.01921	1.00427	2061
273	774229	1074	348484	425052	100	60	0.7898	0.843742	39	38.7	0	0	2286	1.01371	0.997587	2061
274	831189	889	380347	450181	100	60	0.787492	0.843742	39	38.7	0	0	2286	1.01109	0.993202	2061
275	856102	772	395487	460029	100	60	0.816662	0.843742	39	38.7	0	0	2286	1.01405	0.994903	2061
276	843851	1643	393904	449946	100	60	1.633	0.843742	39	38.7	0	0	2286	1.01433	0.997494	2061
277	826939	1533	392016	434923	100	60	1.77951	0.843742	39	38.7	0	0	2286	1.01698	0.999433	2061
278	819870	1436	394158	425712	100	60	1.952	0.843742	39	38.7	0	0	2286	1.01753	1	2061
279	805897	1203	392157	413741	100	60	1.98493	0.843742	39	38.7	0	0	2286	1.0209	1.00419	2061
280	657847	1043	253399	404447	100	60	2.12208	0.843742	39	38.7	147132	0	2286	1.02663	1.00773	2061
281	671825	921	286187	385638	100	60	2.22923	0.843742	39	38.7	147132	0	2286	1.03158	1.00874	2061
282	636302	783	290505	345797	100	60	2.30341	0.843742	39	38.7	147132	0	2286	1.03916	1.00768	2061
283	605863	676	289521	316342	100	60	2.3628	0.843742	39	38.7	147132	0	2286	1.05309	1.02679	2061
284	562357	586	277518	284839	100	60	2.3697	0.843742	39	38.7	147132	0	2286	1.07342	1.04631	2061
285	542966	537	272859	270107	100	60	2.38016	0.843742	39	38.7	147132	0	2286	1.07143	1.04299	2061
286	511364	477	256118	246202	100	60	2.46043	0.843742	39	38.7	147132	0	2286	1.06883	1.03814	2061
287	450749	392	223941	212757	100	60	2.45101	0.843742	39	38.7	147132	0	2286	1.08768	1.05959	2061
288	426420	353	212395	200351	100	60	2.46708	0.843742	39	38.7	147132	0	2286	1.08289	1.05507	2061
289	404118	317	202327	188794	100	60	2.49671	0.843742	39	38.7	147132	0	2286	1.08133	1.0487	2061
290	386742	295	194028	180762	100	60	2.55378	0.843742	39	38.7	147132	0	2286	1.09428	1.05263	2061
291	358169	274	185994	172175	100	60	2.5565	0.843742	39	38.7	147132	0	2286	1.09455	1.04962	2061
292	243225	265	76081.7	167144	100	60	0.100189	0.843742	39	38.7	260968	0	2286	1.0017	0.980357	2061
293	447149	221	168426	278723	100	60	0.0743233	0.843742	39	38.7	260968	0	2286	1.00139	0.978962	2061
294	628494	187	246716	381778	100	60	0.0668423	0.843742	39	38.7	260968	0	2286	1.0012	0.980007	2061
295	641734	161	257719	384015	100	60	0.0671934	0.843742	38	38.7	260968	0	2286	1.00129	0.983128	2061
296	586174	153	245172	341002	100	60	0.0771836	0.843742	38	38.7	260968	0	2286	1.00139	0.985769	2061
297	626519	2904	273586	352933	100	60	1.19895	0.843742	38	38.7	260968	0	2286	1.00214	0.98572	2061
298	689770	2576	308028	381742	100	60	1.36378	0.843742	38	38.7	260968	0	2286	1.00316	0.987132	2061
299	761894	2313	344787	417107	100	60	1.67368	0.843742	38	38.7	260968	0	2286	1.00384	0.992913	2061
300	590851	2010	176605	414245	100	60	1.8416	0.843742	36	38.7	260968	0	2286	1.0619	1.09036	2061
301	621088	1552	238534	381921	100	60	0.918448	0.843742	39	38.7	0	0	2286	1.02165	1.00575	2061
302	706147	1311	298213	407011	100	60	0.740682	0.843742	39	38.7	0	0	2286	1.01157	0.992958	2061
303	791131	1127	349939	440067	100	60	0.688802	0.843742	39	38.7	0	0	2286	1.00697	0.985332	2061
304	837322	898	377531	458887	100	60	0.672104	0.843742	39	38.7	0	0	2286	1.00731	0.98678	2061
305	878759	822	401766	476220	100	60	0.74207	0.843742	39	38.7	0	0	2286	1.00863	0.988657	2061
306	876559	1809	407246	469313	100	60	1.58629	0.843742	39	38.7	0	0	2286	1.0103	0.989031	2061
307	847131	1677	398919	448212	100	60	1.72411	0.843742	39	38.7	0	0	2286	1.0104	0.989945	2061
308	829823	1567	395475	434348	100	60	1.94897	0.843742	39	38.7	0	0	2286	1.01319	0.993577	2061
309	820941	1319	396547	424394	100	60	1.96766	0.843742	39	38.7	0	0	2286	1.0207	1.00686	2061
310	676547	1135	262712	413835	100	60	2.08546	0.843742	39	38.7	146286	0	2286	1.02809	1.0133	2061
311	672157	963	288016	384141	100	60	2.19215	0.843742	39	38.7	146286	0	2286	1.03972	1.02401	2061
312	653339	823	298444	354895	100	60	2.25389	0.843742	39	38.7	146286	0	2286	1.04579	1.02808	2061
313	656549	750	312085	344463	100	60	2.34655	0.843742	39	38.7	146286	0	2286	1.04891	1.02681	2061
314	620832	665	302755	318076	100	60	2.39355	0.843742	39	38.7	146286	0	2286	1.05478	1.02901	2061
315	595305	605	295395	299909	100	60	2.44371	0.843742	39	38.7	146286	0	2286	1.05959	1.03025	2061
316	574923	550	283806	281745	100	60	2.48007	0.843742	39	38.7	146286	0	2286	1.08013	1.05176	2061
317	542151	493	265923	260557	100	60	2.50155	0.843742	39	38.7	146286	0	2286	1.09333	1.05567	2061
318	510213	445	251074	243710	100	60	2.54566	0.843742	39	38.7	146286	0	2286	1.08137	1.04598	2061
319	504856	422	250167	239403	100	60	2.54882	0.843742	39	38.7	146286	0	2286	1.07727	1.04878	2061
320	441653	355	220466	208280	100	60	2.55383	0.843742	39	38.7	146286	0	2286	1.08516	1.06745	2061
321	407418	324	209818	197600	100	60	2.55403	0.843742	39	38.7	146286	0	2286	1.08709	1.06731	2061
322	268286	300	82713.7	185573	100	60	0.111781	0.843742	39	38.7	272904	0	2286	1.00197	0.988906	2061
323	485661	278	183288	302373	100	60	0.092112	0.843742	39	38.7	272904	0	2286	1.00198	0.987611	2061
324	651446	254	258881	392565	100	60	0.0892136	0.843742	39	38.7	272904	0	2286	1.00189	0.988019	2061
325	670119	233	273385	396734	100	60	0.0948701	0.843742	39	38.7	272904	0	2286	1.00215	0.987126	2061
326	645352	224	273211	372140	100	60	0.108717	0.843742	39	38.7	272904	0	2286	1.00212	0.987339	2061
327	676455	2750	297910	378545	100	60	1.17458	0.843742	39	38.7	272904	0	2286	1.00322	0.988174	2061
328	760750	2640	340491	420259	100	60	1.38262	0.843742	39	38.7	272904	0	2286	1.00431	0.990996	2061
329	611562	2341	168055	443507	100	60	1.69246	0.843742	39	38.7	272904	0	2286	1.00621	0.991289	2061
330	542733	2154	114023	428710	100	60	1.89433	0.843742	35	38.7	272904	0	2286	1.0623	1.08101	2061
331	591508	1742	191446	399203	100	60	0.888954	0.843742	39	38.7	0	0	2286	1.01916	1.00576	2061
332	684528	1448	263124	420479	100	60	0.725806	0.843742	39	38.7	0	0	2286	1.01209	0.997692	2061
333	776753	1188	325696	449487	100	60	0.655071	0.843742	39	38.7	0	0	2286	1.00929	0.993627	2061
334	865767	1039	377109	487194	100	60	0.727487	0.843742	39	38.7	0	0	2286	1.01007	0.992278	2061
335	666517	912	185879	480242	100	60	0.787312	0.843742	39	38.7	0	0	2286	1.01191	0.994423	2061
336	704259	1875	245610	458649	100	60	1.57363	0.843742	39	38.7	0	0	2286	1.01267	0.994156	2061
337	751024	1802	302894	448130	100	60	1.72698	0.843742	39	38.7	0	0	2286	1.01419	0.992341	2061
338	755508	1629	330485	425023	100	60	1.96081	0.843742	39	38.7	0	0	2286	1.01646	0.993831	2061
339	766683	1340	352151	414532	100	60	2.0402	0.843742	39	38.7	0	0	2286	1.0197	0.99176	2061
340	662613	1158	251062	411551	100	60	2.13864	0.843742	39	38.7	128540	0	2286	1.02517	1	2061
341	682691	1012	287255	395437	100	60	2.22034	0.843742	39	38.7	128540	0	2286	1.02972	1.00397	2061
342	680354	887	306744	373610	100	60	2.27242	0.843742	39	38.7	128540	0	2286	1.03628	1.01134	2061
343	693582	822	327548	366034	100	60	2.3329	0.843742	39	38.7	128540	0	2286	1.048	1.02451	2061
344	653697	718	317591	336105	100	60	2.36062	0.843742	39	38.7	128540	0	2286	1.05497	1.03081	2061
345	476549	655	155773	320776	100	60	2.40601	0.843742	39	38.7	128540	0	2286	1.06542	1.04019	2061
346	499802	597	192073	300013	100	60	2.4596	0.843742	39	38.7	128540	0	2286	1.06667	1.04068	2061
347	513025	549	221897	279780	100	60	2.46569	0.843742	39	38.7	128540	0	2286	1.07059	1.04059	2061
348	502483	495	230827	257652	100	60	2.48385	0.843742	39	38.7	128540	0	2286	1.0678	1.03681	2061
349	483060	447	229693	239255	100	60	2.4703	0.843742	39	38.7	128540	0	2286	1.07741	1.04328	2061
350	354417	424	118889	232588	100	60	2.51577	0.843742	39	38.7	128540	0	2286	1.07919	1.046	2061
351	284400	386	72407.5	211993	100	60	2.49684	0.843742	39	38.7	128540	0	2286	1.09023	1.06989	2061
352	269508	344	77200.8	192307	100	60	0.200117	0.843742	39	38.7	152312	0	2286	1.00373	1.00211	2061
353	390806	316	142944	247863	100	60	0.157458	0.843742	39	38.7	152312	0	2286	1.00297	1.00133	2061
354	593151	288	244180	348971	100	60	0.150987	0.843742	39	38.7	152312	0	2286	1.00334	1.00181	2061
355	709694	260	296927	412767	100	60	0.154313	0.843742	39	38.7	152312	0	2286	1.0038	1.00227	2061
356	709976	227	303425	406551	100	60	0.165826	0.843742	39	38.7	152312	0	2286	1.00357	1.00261	2061
357	693496	2282	305660	387836	100	60	1.14443	0.843742	39	38.7	152312	0	2286	1.00475	1.00464	2061
358	734278	2053	333535	400743	100	60	1.22402	0.843742	39	38.7	152312	0	2286	1.00504	1.00569	2061
359	804053	1905	373751	430302	100	60	1.46782	0.843742	39	38.7	152312	0	2286	1.00628	1.00718	2061
360	634704	1705	198073	436630	100	60	1.51458	0.843742	34	38.7	152312	0	2286	1.13234	1.22845	2061
361	660960	1365	263676	395574	100	60	1.21277	0.843742	39	38.7	0	0	2286	1.07887	1.09084	2061
362	534095	1138	150523	382616	100	60	1.0571	0.843742	39	38.7	0	0	2286	1.04379	1.04153	2061
363	610256	1009	227224	380872	100	60	0.940385	0.843742	39	38.7	0	0	2286	1.02248	1.01472	2061
364	706044	907	300845	403015	100	60	0.993136	0.843742	39	38.7	0	0	2286	1.02403	1.01377	2061
365	778203	846	354957	421368	100	60	1.09874	0.843742	39	38.7	0	0	2286	1.02642	1.01189	2061
366	783791	1262	371563	412228	100	60	1.65389	0.843742	39	38.7	0	0	2286	1.02792	1.01264	2061
367	791340	1285	384488	406852	100	60	1.81951	0.843742	39	38.7	0	0	2286	1.03502	1.02329	2061
368	786443	1262	389941	396502	100	60	1.97647	0.843742	39	38.7	0	0	2286	1.03486	1.0208	2061
369	757715	1066	381788	375927	100	60	1.94239	0.843742	39	38.7	0	0	2286	1.04449	1.03314	2061
370	623499	913	266038	357461	100	60	1.95405	0.843742	39	38.7	119256	0	2286	1.04983	1.04093	2061
371	655318	848	305848	349471	100	60	1.99069	0.843742	39	38.7	119256	0	2286	1.05899	1.04881	2061
372	678501	801	332652	345849	100	60	2.0397	0.843742	39	38.7	119256	0	2286	1.0587	1.04792	2061
373	643603	711	324958	318645	100	60	2.06024	0.843742	39	38.7	119256	0	2286	1.08487	1.06657	2061
374	607346	633	312705	294641	100	60	2.07754	0.843742	39	38.7	119256	0	2286	1.08677	1.0779	2061
375	563361	562	293107	270254	100	60	2.05835	0.843742	39	38.7	119256	0	2286	1.10458	1.09319	2061
376	538080	514	278265	251078	100	60	2.05966	0.843742	39	38.7	119256	0	2286	1.11594	1.10059	2061
377	473431	426	243288	216462	100	60	2.07044	0.843742	39	38.7	119256	0	2286	1.12639	1.10849	2061
378	431751	375	222893	195827	100	60	2.05905	0.843742	39	38.7	119256	0	2286	1.13418	1.10899	2061
379	404414	339	210017	182212	100	60	2.08836	0.843742	39	38.7	119256	0	2286	1.12994	1.08709	2061
380	370589	305	193954	165914	100	60	2.11892	0.843742	39	38.7	119256	0	2286	1.13269	1.08446	2061
381	335158	280	181440	153719	100	60	2.09015	0.843742	39	38.7	119256	0	2286	1.12721	1.08148	2061
382	228566	252	86662.6	141904	100	60	0.084359	0.843742	39	38.7	209054	0	2286	1.00203	0.995118	2061
383	465297	231	189686	275611	100	60	0.0709838	0.843742	39	38.7	209054	0	2286	1.00214	0.995214	2061
384	622495	208	256149	366345	100	60	0.0677256	0.843742	39	38.7	209054	0	2286	1.0022	0.995729	2061
385	620732	190	260528	360203	100	60	0.0736307	0.843742	38	38.7	209054	0	2286	1.00254	0.997265	2061
386	596309	179	259577	336732	100	60	0.0826149	0.843742	38	38.7	209054	0	2286	1.00274	0.998406	2061
387	650403	2824	293097	357306	100	60	1.09435	0.843742	38	38.7	209054	0	2286	1.00431	0.999591	2061
388	727099	2521	332934	394165	100	60	1.24067	0.843742	38	38.7	209054	0	2286	1.00524	1.00057	2061
389	763619	2148	354875	408744	100	60	1.4721	0.843742	38	38.7	209054	0	2286	1.00721	1.00159	2061
390	603503	1976	187164	416339	100	60	1.62251	0.843742	35	38.7	209054	0	2286	1.07455	1.11613	2061
391	634190	1566	251618	380728	100	60	0.801376	0.843742	39	38.7	0	0	2286	1.02333	1.01728	2061
392	728273	1347	317110	408631	100	60	0.657876	0.843742	39	38.7	0	0	2286	1.0102	1.00243	2061
393	625659	1143	181956	443126	100	60	0.599565	0.843742	39	38.7	0	0	2286	1.00581	0.997415	2061
394	723821	985	262560	459781	100	60	0.624714	0.843742	39	38.7	0	0	2286	1.00607	0.996995	2061
395	768850	840	316109	451523	100	60	0.628059	0.843742	39	38.7	0	0	2286	1.00665	0.997694	2061
396	780226	1810	345311	434915	100	60	1.334	0.843742	39	38.7	0	0	2286	1.00867	1.00142	2061
397	775207	1732	359581	415626	100	60	1.53902	0.843742	39	38.7	0	0	2286	1.01045	1.00655	2061
398	757287	1564	362566	394721	100	60	1.70499	0.843742	39	38.7	0	0	2286	1.01085	1.00835	2061
399	759085	1299	372288	386797	100	60	1.77107	0.843742	39	38.7	0	0	2286	1.01376	1.01082	2061
400	530015	1079	166628	363387	100	60	1.86431	0.843742	39	38.7	9214.69	0	2286	1.01911	1.01674	2061
401	569601	963	222916	346685	100	60	1.95171	0.843742	39	38.7	9214.69	0	2286	1.02469	1.01977	2061
402	603999	865	270197	333803	100	60	2.00336	0.843742	39	38.7	9214.69	0	2286	1.03258	1.029	2061
403	599592	760	288738	310854	100	60	2.03191	0.843742	39	38.7	9214.69	0	2286	1.04206	1.03831	2061
404	598597	699	300365	298233	100	60	2.04933	0.843742	39	38.7	9214.69	0	2286	1.05654	1.0546	2061
405	579400	634	298451	280949	100	60	2.11832	0.843742	39	38.7	9214.69	0	2286	1.06555	1.05732	2061
406	548650	559	282407	257614	100	60	2.14634	0.843742	39	38.7	9214.69	0	2286	1.08824	1.07387	2061
407	522445	503	267748	239933	100	60	2.17105	0.843742	39	38.7	9214.69	0	2286	1.0948	1.08032	2061
408	507605	471	261443	231574	100	60	2.18866	0.843742	39	38.7	9214.69	0	2286	1.1004	1.0794	2061
409	479698	433	248522	217263	100	60	2.21087	0.843742	39	38.7	9214.69	0	2286	1.09956	1.07547	2061
410	470533	416	244502	212730	100	60	2.23735	0.843742	39	38.7	9214.69	0	2286	1.09767	1.06897	2061
411	423795	376	227013	196782	100	60	2.27163	0.843742	39	38.7	9214.69	0	2286	1.10853	1.05978	2061
412	314018	362	118391	195627	100	60	0.119668	0.843742	39	38.7	121636	0	2286	1.00258	0.990226	2061
413	528242	320	213638	314604	100	60	0.100415	0.843742	39	38.7	121636	0	2286	1.00248	0.989327	2061
414	670451	282	276244	394207	100	60	0.0925407	0.843742	39	38.7	121636	0	2286	1.00225	0.990085	2061
415	644347	240	271118	373229	100	60	0.092539	0.843742	39	38.7	121636	0	2286	1.00202	0.991537	2061
416	613481	232	268173	345308	100	60	0.105713	0.843742	39	38.7	121636	0	2286	1.00253	0.994424	2061
417	665390	2748	301810	363580	100	60	1.11261	0.843742	39	38.7	121636	0	2286	1.00427	0.9954	2061
418	704543	2397	323375	381168	100	60	1.2447	0.843742	39	38.7	121636	0	2286	1.00571	0.999131	2061
419	760632	2203	353927	406705	100	60	1.56166	0.843742	39	38.7	121636	0	2286	1.00822	1.00159	2061
420	587719	1959	181457	406263	100	60	1.6913	0.843742	38	38.7	121636	0	2286	1.0837	1.12986	2061
421	625667	1530	245587	378818	100	60	0.744565	0.843742	39	38.7	0	0	2286	1.02474	1.01446	2061
422	723100	1307	310207	411013	100	60	0.616793	0.843742	39	38.7	0	0	2286	1.01411	1.00256	2061
423	810407	1109	362780	445506	100	60	0.57356	0.843742	39	38.7	0	0	2286	1.00887	0.996187	2061
424	858228	949	391257	464987	100	60	0.603179	0.843742	39	38.7	0	0	2286	1.0092	0.994872	2061
425	855599	833	396082	457865	100	60	0.648712	0.843742	39	38.7	0	0	2286	1.01165	0.998771	2061
426	850884	1815	401267	449617	100	60	1.38776	0.843742	39	38.7	0	0	2286	1.01157	1.00072	2061
427	831632	1744	398470	433162	100	60	1.56066	0.843742	39	38.7	0	0	2286	1.0105	1.00246	2061
428	830645	1636	402889	427756	100	60	1.79554	0.843742	39	38.7	0	0	2286	1.01343	1.00677	2061
429	808045	1309	398913	409132	100	60	1.86428	0.843742	39	38.7	0	0	2286	1.01717	1.01153	2061
430	681605	1114	286886	394719	100	60	1.94981	0.843742	39	38.7	121869	0	2286	1.02738	1.02532	2061
431	668824	953	303530	365293	100	60	2.03774	0.843742	39	38.7	121869	0	2286	1.03516	1.03379	2061
432	676308	863	321941	354367	100	60	2.09117	0.843742	39	38.7	121869	0	2286	1.03671	1.03855	2061
433	647184	753	319085	328100	100	60	2.15824	0.843742	39	38.7	121869	0	2286	1.0472	1.0429	2061
434	607840	661	307416	300424	100	60	2.20649	0.843742	39	38.7	121869	0	2286	1.07143	1.06432	2061
435	575573	591	296719	278854	100	60	2.2507	0.843742	39	38.7	121869	0	2286	1.07988	1.06849	2061
436	533087	511	274089	250366	100	60	2.2598	0.843742	39	38.7	121869	0	2286	1.07513	1.06548	2061
437	534402	488	273292	245663	100	60	2.24991	0.843742	39	38.7	121869	0	2286	1.09542	1.09167	2061
438	498977	439	255742	228028	100	60	2.23437	0.843742	39	38.7	121869	0	2286	1.1	1.09513	2061
439	465681	401	240141	211206	100	60	2.24903	0.843742	39	38.7	121869	0	2286	1.09859	1.08696	2061
440	418418	352	216210	189953	100	60	2.24774	0.843742	39	38.7	121869	0	2286	1.08967	1.07941	2061
441	384369	329	205312	179057	100	60	2.25333	0.843742	39	38.7	121869	0	2286	1.0961	1.08599	2061
442	258848	295	94495.9	164352	100	60	0.0987324	0.843742	39	38.7	228051	0	2286	1.00194	0.995752	2061
443	488976	277	197124	291851	100	60	0.0850114	0.843742	39	38.7	228051	0	2286	1.0016	0.995479	2061
444	653722	246	267738	385984	100	60	0.0802776	0.843742	39	38.7	228051	0	2286	1.00144	0.995682	2061
445	640009	201	265886	374122	100	60	0.0768752	0.843742	39	38.7	228051	0	2286	1.00157	0.99589	2061
446	591276	168	253914	337361	100	60	0.0767255	0.843742	39	38.7	228051	0	2286	1.00221	0.99889	2061
447	643142	3071	287531	355611	100	60	1.11746	0.843742	39	38.7	228051	0	2286	1.00335	1.00037	2061
448	720328	2728	327544	392784	100	60	1.27043	0.843742	39	38.7	228051	0	2286	1.00406	1.00214	2061
449	778503	2391	358982	419521	100	60	1.53318	0.843742	39	38.7	228051	0	2286	1.00542	1.00328	2061
450	604027	2092	184500	419527	100	60	1.68395	0.843742	35	38.7	228051	0	2286	1.06938	1.11282	2061
451	639346	1639	248915	389011	100	60	0.811388	0.843742	39	38.7	0	0	2286	1.02244	1.01784	2061
452	716231	1337	306718	407552	100	60	0.640585	0.843742	39	38.7	0	0	2286	1.01245	1.0064	2061
453	778753	1050	348488	428021	100	60	0.546684	0.843742	39	38.7	0	0	2286	1.00734	1.00061	2061
454	839958	904	382381	455567	100	60	0.578203	0.843742	39	38.7	0	0	2286	1.00615	0.998695	2061
455	627796	789	182351	445212	100	60	0.612645	0.843742	39	38.7	0	0	2286	1.00669	0.999524	2061
456	650835	1827	233615	417220	100	60	1.36232	0.843742	39	38.7	0	0	2286	1.00762	1.00035	2061
457	546546	1747	134206	412340	100	60	1.54189	0.843742	39	38.7	0	0	2286	1.00868	1.00094	2061
458	469699	1638	90545.6	379154	100	60	1.84534	0.843742	39	38.7	0	0	2286	1.01436	1.00734	2061
459	511708	1365	151907	359802	100	60	1.93369	0.843742	39	38.7	0	0	2286	1.01444	1.00367	2061
460	576013	1218	213917	362096	100	60	2.0156	0.843742	39	38.7	9503.57	0	2286	1.01976	1.01068	2061
461	607807	1050	257990	349818	100	60	2.08292	0.843742	39	38.7	9503.57	0	2286	1.02253	1.01718	2061
462	599674	891	276590	323084	100	60	2.11367	0.843742	39	38.7	9503.57	0	2286	1.0291	1.0213	2061
463	582515	765	281619	300896	100	60	2.13318	0.843742	39	38.7	9503.57	0	2286	1.03445	1.02876	2061
464	573023	692	285140	287883	100	60	2.1487	0.843742	39	38.7	9503.57	0	2286	1.04327	1.03458	2061
465	413343	629	139351	273992	100	60	2.17873	0.843742	39	38.7	9503.57	0	2286	1.05445	1.04306	2061
466	427625	557	170872	250342	100	60	2.2275	0.843742	39	38.7	9503.57	0	2286	1.0675	1.05606	2061
467	453279	523	201660	241883	100	60	2.26866	0.843742	39	38.7	9503.57	0	2286	1.07106	1.05973	2061
468	439256	461	206736	220918	100	60	2.32344	0.843742	39	38.7	9503.57	0	2286	1.06653	1.05689	2061
469	425639	417	207305	206673	100	60	2.35672	0.843742	39	38.7	9503.57	0	2286	1.06881	1.05366	2061
470	307927	393	107320	198944	100	60	2.33475	0.843742	39	38.7	9503.57	0	2286	1.07543	1.0544	2061
471	310247	355	130645	179602	100	60	2.32486	0.843742	39	38.7	9503.57	0	2286	1.08516	1.07331	2061
472	272860	338	98080.8	174779	100	60	0.288979	0.843742	39	38.7	67419.5	0	2286	1.00619	1.00398	2061
473	363114	327	149677	213437	100	60	0.225692	0.843742	39	38.7	67419.5	0	2286	1.00534	1.00341	2061
474	498144	286	221667	276477	100	60	0.200906	0.843742	39	38.7	67419.5	0	2286	1.00581	1.00353	2061
475	638165	235	284594	353571	100	60	0.184545	0.843742	39	38.7	67419.5	0	2286	1.00558	1.0036	2061
476	713488	197	316755	396733	100	60	0.184037	0.843742	38	38.7	67419.5	0	2286	1.00544	1.00475	2061
477	711366	2102	319918	391449	100	60	1.3099	0.843742	38	38.7	67419.5	0	2286	1.00659	1.00819	2061
478	731437	1949	336704	394733	100	60	1.39522	0.843742	38	38.7	67419.5	0	2286	1.00635	1.00952	2061
479	748282	1652	353268	395014	100	60	1.47785	0.843742	38	38.7	67419.5	0	2286	1.00843	1.01316	2061
480	585335	1514	186791	398544	100	60	1.43628	0.843742	35	38.7	67419.5	0	2286	1.17153	1.31649	2061
481	479450	1223	118221	360731	100	60	1.28488	0.843742	39	38.7	0	0	2286	1.12477	1.15965	2061
482	511771	1020	176502	333716	100	60	1.14285	0.843742	39	38.7	0	0	2286	1.0736	1.07245	2061
483	593989	923	247474	344489	100	60	1.09902	0.843742	39	38.7	0	0	2286	1.05261	1.03954	2061
484	641237	785	292202	346939	100	60	1.11598	0.843742	39	38.7	0	0	2286	1.04735	1.03313	2061
485	724535	788	345230	377316	100	60	1.25434	0.843742	39	38.7	0	0	2286	1.04686	1.03408	2061
486	735548	1060	360290	375257	100	60	1.76095	0.843742	39	38.7	0	0	2286	1.04822	1.02268	2061
487	752786	1081	375403	377383	100	60	1.98427	0.843742	39	38.7	0	0	2286	1.04979	1.02558	2061
488	553378	1041	186066	367313	100	60	2.12754	0.843742	39	38.7	0	0	2286	1.05604	1.03128	2061
489	578062	903	234349	343713	100	60	2.11273	0.843742	39	38.7	0	0	2286	1.06119	1.0452	2061
490	548079	797	223056	325023	100	60	2.10974	0.843742	39	38.7	58328.2	0	2286	1.06792	1.05897	2061
491	576741	730	262703	314038	100	60	2.14846	0.843742	39	38.7	58328.2	0	2286	1.07429	1.06844	2061
492	550150	631	266818	283332	100	60	2.17866	0.843742	39	38.7	58328.2	0	2286	1.10714	1.10049	2061
493	528772	559	265669	263103	100	60	2.23002	0.843742	39	38.7	58328.2	0	2286	1.12	1.1105	2061
494	513635	507	264780	248855	100	60	2.2845	0.843742	39	38.7	58328.2	0	2286	1.11632	1.09776	2061
495	496539	464	259514	237025	100	60	2.24359	0.843742	39	38.7	58328.2	0	2286	1.14754	1.13393	2061
496	454005	407	235173	211303	100	60	2.2076	0.843742	39	38.7	58328.2	0	2286	1.16197	1.15267	2061
497	429888	369	220949	196487	100	60	2.18354	0.843742	39	38.7	58328.2	0	2286	1.17526	1.16997	2061
498	408596	342	210655	185737	100	60	2.24144	0.843742	39	38.7	58328.2	0	2286	1.15805	1.15265	2061
499	373462	300	193400	168798	100	60	2.27175	0.843742	39	38.7	58328.2	0	2286	1.14238	1.13929	2061
500	320923	247	167371	144093	100	60	2.2704	0.843742	39	38.7	58328.2	0	2286	1.15041	1.13656	2061
501	280182	217	150874	129307	100	60	2.2604	0.843742	39	38.7	58328.2	0	2286	1.18095	1.16751	2061
502	188368	194	67992.8	120376	100	60	0.0700398	0.843742	39	38.7	139131	0	2286	1.00219	0.994078	2061
503	421385	173	166465	254920	100	60	0.0576952	0.843742	39	38.7	139131	0	2286	1.00188	0.994053	2061
504	602496	151	242259	360237	100	60	0.0529959	0.843742	39	38.7	139131	0	2286	1.00161	0.994223	2061
505	603879	133	247893	355986	100	60	0.0552123	0.843742	39	38.7	139131	0	2286	1.00197	0.994691	2061
506	564035	123	240823	323213	100	60	0.0613239	0.843742	39	38.7	139131	0	2286	1.00206	0.995131	2061
507	622653	2688	277231	345422	100	60	1.04792	0.843742	39	38.7	139131	0	2286	1.00293	0.995212	2061
508	708980	2431	321701	387279	100	60	1.20893	0.843742	39	38.7	139131	0	2286	1.00379	0.996585	2061
509	753720	2141	346795	406925	100	60	1.44982	0.843742	39	38.7	139131	0	2286	1.00406	0.995289	2061
510	588505	1956	180655	407851	100	60	1.63032	0.843742	35	38.7	139131	0	2286	1.06764	1.10645	2061
511	625302	1523	246549	377193	100	60	0.839496	0.843742	39	38.7	0	0	2286	1.02192	1.01607	2061
512	693050	1245	301892	389232	100	60	0.679249	0.843742	39	38.7	0	0	2286	1.01198	1.00414	2061
513	798227	1102	364929	430881	100	60	0.627733	0.843742	39	38.7	0	0	2286	1.00833	0.99886	2061
514	874195	960	406177	465806	100	60	0.658979	0.843742	39	38.7	0	0	2286	1.00744	0.99891	2061
515	677873	872	201915	475656	100	60	0.712411	0.843742	39	38.7	0	0	2286	1.00827	1.00025	2061
516	695395	1718	256016	439379	100	60	1.3726	0.843742	39	38.7	0	0	2286	1.00859	1.00185	2061
517	765509	1793	322633	442876	100	60	1.55588	0.843742	39	38.7	0	0	2286	1.0082	0.999067	2061
518	769149	1684	348079	421070	100	60	1.80133	0.843742	39	38.7	0	0	2286	1.00968	0.998809	2061
519	789271	1398	373560	415712	100	60	1.86476	0.843742	39	38.7	0	0	2286	1.01272	1.0043	2061
520	700328	1188	302442	397886	100	60	1.9239	0.843742	39	38.7	85049	0	2286	1.0158	1.00676	2061
521	710715	1048	328371	382344	100	60	1.98203	0.843742	39	38.7	85049	0	2286	1.0229	1.01533	2061
522	680830	895	329003	351827	100	60	2.03038	0.843742	39	38.7	85049	0	2286	1.02596	1.0168	2061
523	485686	784	159865	325821	100	60	2.08263	0.843742	39	38.7	85049	0	2286	1.04462	1.03841	2061
524	394453	692	97595.2	296857	100	60	2.0984	0.843742	39	38.7	85049	0	2286	1.05529	1.04354	2061
525	420763	629	145977	274786	100	60	2.18675	0.843742	39	38.7	85049	0	2286	1.06094	1.0384	2061
526	457712	590	189180	261183	100	60	2.23385	0.843742	39	38.7	85049	0	2286	1.08268	1.05973	2061
527	478279	549	217625	249488	100	60	2.24799	0.843742	39	38.7	85049	0	2286	1.0906	1.06618	2061
528	478912	509	228933	237295	100	60	2.30577	0.843742	39	38.7	85049	0	2286	1.0729	1.04365	2061
529	462750	463	228690	221155	100	60	2.28979	0.843742	39	38.7	85049	0	2286	1.075	1.05275	2061
530	461554	439	232618	216773	100	60	2.26794	0.843742	39	38.7	85049	0	2286	1.08553	1.06265	2061
531	407167	383	213756	193411	100	60	2.25117	0.843742	39	38.7	85049	0	2286	1.08479	1.048	2061
532	290158	341	111871	178287	100	60	0.117548	0.843742	39	38.7	184510	0	2286	1.00194	0.991648	2061
533	496922	301	202078	294844	100	60	0.0952927	0.843742	39	38.7	184510	0	2286	1.00176	0.990676	2061
534	644179	265	265868	378311	100	60	0.0889048	0.843742	39	38.7	184510	0	2286	1.0019	0.99212	2061
535	630000	221	264936	365064	100	60	0.0873647	0.843742	39	38.7	184510	0	2286	1.00171	0.993569	2061
536	590579	205	257865	332713	100	60	0.0975306	0.843742	38	38.7	184510	0	2286	1.00209	0.99503	2061
537	626982	2711	282995	343987	100	60	1.08642	0.843742	38	38.7	184510	0	2286	1.00319	0.996341	2061
538	703498	2415	322269	381229	100	60	1.24327	0.843742	38	38.7	184510	0	2286	1.00416	0.995993	2061
539	752989	2069	349875	403114	100	60	1.46068	0.843742	38	38.7	184510	0	2286	1.00611	0.996888	2061
540	586542	1938	181724	404818	100	60	1.66289	0.843742	35	38.7	184510	0	2286	1.07926	1.12054	2061
541	642187	1552	254588	387060	100	60	0.790965	0.843742	39	38.7	0	0	2286	1.02627	1.01808	2061
542	708977	1294	307867	400314	100	60	0.65094	0.843742	39	38.7	0	0	2286	1.01246	1.00196	2061
543	799548	1105	363024	435699	100	60	0.597251	0.843742	39	38.7	0	0	2286	1.00846	0.996667	2061
544	646509	924	189101	457265	100	60	0.613222	0.843742	39	38.7	0	0	2286	1.00828	0.996008	2061
545	712929	828	259153	453633	100	60	0.649726	0.843742	39	38.7	0	0	2286	1.00941	0.998034	2061
546	752312	1825	310360	441952	100	60	1.35069	0.843742	39	38.7	0	0	2286	1.01126	1.00035	2061
547	609388	1839	167545	441843	100	60	1.49846	0.843742	39	38.7	0	0	2286	1.01149	1.0018	2061
548	625152	1671	221479	403673	100	60	1.76034	0.843742	39	38.7	0	0	2286	1.01335	1.0024	2061
549	553813	1468	140701	413112	100	60	1.82024	0.843742	39	38.7	0	0	2286	1.01778	1.01027	2061
550	596931	1265	204241	392690	100	60	1.92594	0.843742	39	38.7	5491.41	0	2286	1.02022	1.01113	2061
551	633448	1101	259029	374419	100	60	2.0295	0.843742	39	38.7	5491.41	0	2286	1.02371	1.01735	2061
552	644934	968	292193	352741	100	60	2.05029	0.843742	39	38.7	5491.41	0	2286	1.03653	1.03115	2061
553	641411	851	307864	333547	100	60	2.09523	0.843742	39	38.7	5491.41	0	2286	1.03813	1.0307	2061
554	604204	734	299815	304389	100	60	2.12833	0.843742	39	38.7	5491.41	0	2286	1.03855	1.03014	2061
555	567399	643	287963	279436	100	60	2.14794	0.843742	39	38.7	5491.41	0	2286	1.05221	1.04538	2061
556	527388	558	266560	251694	100	60	2.18039	0.843742	39	38.7	5491.41	0	2286	1.06132	1.04865	2061
557	489032	482	246026	228003	100	60	2.23284	0.843742	39	38.7	5491.41	0	2286	1.0597	1.05021	2061
558	490648	456	248624	226668	100	60	2.28822	0.843742	39	38.7	5491.41	0	2286	1.04409	1.02876	2061
559	463957	417	237236	212126	100	60	2.32176	0.843742	39	38.7	5491.41	0	2286	1.03803	1.01932	2061
560	436623	380	224813	198543	100	60	2.339	0.843742	39	38.7	5491.41	0	2286	1.0401	1.01872	2061
561	389579	333	207318	182261	100	60	2.33919	0.843742	39	38.7	5491.41	0	2286	1.04857	1.02446	2061
562	269143	299	97418.8	171724	100	60	0.104088	0.843742	39	38.7	112737	0	2286	1.00152	0.991267	2061
563	490815	272	197169	293646	100	60	0.0867746	0.843742	39	38.7	112737	0	2286	1.00135	0.989954	2061
564	631408	226	258063	373344	100	60	0.0766795	0.843742	39	38.7	112737	0	2286	1.00112	0.990449	2061
565	633144	209	265188	367956	100	60	0.0827785	0.843742	39	38.7	112737	0	2286	1.00127	0.991799	2061
566	581301	183	252085	329216	100	60	0.0875076	0.843742	39	38.7	112737	0	2286	1.00162	0.99343	2061
567	638900	2709	286902	351998	100	60	1.05337	0.843742	38	38.7	112737	0	2286	1.00206	0.993504	2061
568	526178	2417	145155	381023	100	60	1.20635	0.843742	38	38.7	112737	0	2286	1.00203	0.991823	2061
569	466182	2128	91914.1	374268	100	60	1.48424	0.843742	38	38.7	112737	0	2286	1.00377	0.993446	2061
570	425928	1976	76715	349213	100	60	1.73657	0.843742	35	38.7	112737	0	2286	1.04588	1.06282	2061
571	500755	1665	154314	346235	100	60	0.708204	0.843742	39	38.7	0	0	2286	1.01139	0.999225	2061
572	495482	1367	113607	381790	100	60	0.576702	0.843742	39	38.7	0	0	2286	1.00665	0.994108	2061
573	625900	1149	211253	414362	100	60	0.507346	0.843742	39	38.7	0	0	2286	1.00353	0.99103	2061
574	738541	980	286763	451518	100	60	0.538904	0.843742	39	38.7	0	0	2286	1.00338	0.989779	2061
575	758224	827	317013	441029	100	60	0.580881	0.843742	39	38.7	0	0	2286	1.00409	0.989987	2061
576	773784	2013	341227	432558	100	60	1.37042	0.843742	39	38.7	0	0	2286	1.00498	0.989622	2061
577	819494	1886	375763	443731	100	60	1.49507	0.843742	39	38.7	0	0	2286	1.007	0.992819	2061
578	855086	1816	401977	453109	100	60	1.75074	0.843742	39	38.7	0	0	2286	1.00851	0.993385	2061
579	864246	1520	415222	449025	100	60	1.82166	0.843742	39	38.7	0	0	2286	1.00993	0.996047	2061
580	742327	1296	310422	431904	100	60	1.9092	0.843742	39	38.7	115467	0	2286	1.01152	0.997682	2061
581	756261	1145	339525	416735	100	60	1.96948	0.843742	39	38.7	115467	0	2286	1.02072	1.00962	2061
582	743998	1012	351058	392940	100	60	2.03164	0.843742	39	38.7	115467	0	2286	1.02608	1.00989	2061
583	548772	905	175067	373706	100	60	2.06459	0.843742	39	38.7	115467	0	2286	1.02999	1.01217	2061
584	556621	798	217951	338669	100	60	2.11187	0.843742	39	38.7	115467	0	2286	1.03255	1.01	2061
585	432566	709	123651	308915	100	60	2.15876	0.843742	39	38.7	115467	0	2286	1.03584	1.01693	2061
586	460989	644	168836	284100	100	60	2.2247	0.843742	39	38.7	115467	0	2286	1.03841	1.01555	2061
587	451586	544	191855	249293	100	60	2.26466	0.843742	39	38.7	115467	0	2286	1.04167	1.01657	2061
588	455756	491	208230	233828	100	60	2.2923	0.843742	39	38.7	115467	0	2286	1.05094	1.02449	2061
589	423222	413	202910	207375	100	60	2.3139	0.843742	39	38.7	115467	0	2286	1.04525	1.01942	2061
590	397992	361	196204	190417	100	60	2.36717	0.843742	39	38.7	115467	0	2286	1.03947	1.00836	2061
591	275842	332	95148	180694	100	60	2.35529	0.843742	39	38.7	115467	0	2286	1.04323	1.01216	2061
592	256288	307	86432.8	169855	100	60	0.10093	0.843742	39	38.7	151495	0	2286	1.00099	0.988543	2061
593	469055	259	181626	287428	100	60	0.0838496	0.843742	39	38.7	151495	0	2286	1.00089	0.988292	2061
594	627641	226	251334	376307	100	60	0.0779788	0.843742	39	38.7	151495	0	2286	1.00094	0.989793	2061
595	623254	200	256712	366542	100	60	0.081835	0.843742	39	38.7	151495	0	2286	1.00101	0.9893	2061
596	433743	175	103717	330026	100	60	0.0855222	0.843742	39	38.7	151495	0	2286	1.00108	0.989941	2061
597	470682	2947	158814	311868	100	60	1.15297	0.843742	39	38.7	151495	0	2286	1.00147	0.991121	2061
598	593116	2511	231740	361375	100	60	1.35455	0.843742	39	38.7	151495	0	2286	1.0015	0.989849	2061
599	674866	2215	283723	391143	100	60	1.62261	0.843742	39	38.7	151495	0	2286	1.00272	0.991519	2061
600	463802	1871	72848.7	390953	100	60	1.75822	0.843742	34	38.7	151495	0	2286	1.07915	1.10642	2061
601	504764	1558	140294	364185	100	60	0.726071	0.843742	39	38.7	0	0	2286	1.01968	1.00851	2061
602	607688	1307	220685	386687	100	60	0.603323	0.843742	39	38.7	0	0	2286	1.01259	1.00057	2061
603	731578	1116	300848	430193	100	60	0.577117	0.843742	39	38.7	0	0	2286	1.00773	0.994499	2061
604	812706	969	352429	459739	100	60	0.634628	0.843742	39	38.7	0	0	2286	1.00673	0.994471	2061
605	819152	821	366733	451965	100	60	0.677317	0.843742	39	38.7	0	0	2286	1.00825	0.993829	2061
606	813553	1800	374870	438683	100	60	1.45712	0.843742	39	38.7	0	0	2286	1.00999	0.994659	2061
607	606485	1625	179283	427202	100	60	1.6062	0.843742	39	38.7	0	0	2286	1.01087	0.995233	2061
608	648591	1537	242094	406497	100	60	1.82746	0.843742	39	38.7	0	0	2286	1.01229	0.999349	2061
609	688058	1254	293954	394104	100	60	1.88336	0.843742	39	38.7	0	0	2286	1.01417	1.0024	2061
610	647641	1088	265799	381842	100	60	1.96914	0.843742	39	38.7	68482.9	0	2286	1.02195	1.01106	2061
611	661745	953	298485	363260	100	60	2.10605	0.843742	39	38.7	68482.9	0	2286	1.02771	1.01264	2061
612	638271	824	304471	333800	100	60	2.14383	0.843742	39	38.7	68482.9	0	2286	1.03131	1.01701	2061
613	609506	716	300585	308921	100	60	2.18375	0.843742	39	38.7	68482.9	0	2286	1.04673	1.03077	2061
614	595426	651	300662	294765	100	60	2.23297	0.843742	39	38.7	68482.9	0	2286	1.04673	1.02928	2061
615	559234	583	286708	272526	100	60	2.24966	0.843742	39	38.7	68482.9	0	2286	1.05828	1.04296	2061
616	520010	512	264230	246715	100	60	2.26294	0.843742	39	38.7	68482.9	0	2286	1.05654	1.04102	2061
617	485684	456	244660	225689	100	60	2.266	0.843742	39	38.7	68482.9	0	2286	1.07042	1.05934	2061
618	463477	416	234825	213661	100	60	2.33	0.843742	39	38.7	68482.9	0	2286	1.06591	1.05085	2061
619	446642	389	227351	204788	100	60	2.34099	0.843742	39	38.7	68482.9	0	2286	1.07196	1.06234	2061
620	407739	345	208304	186501	100	60	2.37189	0.843742	39	38.7	68482.9	0	2286	1.06497	1.05	2061
621	383100	332	201860	181241	100	60	2.3692	0.843742	39	38.7	68482.9	0	2286	1.0649	1.05231	2061
622	266822	307	97882.3	168939	100	60	0.106453	0.843742	39	38.7	169159	0	2286	1.00137	0.99816	2061
623	485648	274	195950	289697	100	60	0.0879134	0.843742	39	38.7	169159	0	2286	1.00137	0.998161	2061
624	642645	247	263013	379633	100	60	0.0832264	0.843742	39	38.7	169159	0	2286	1.00132	0.998294	2061
625	639162	217	266558	372604	100	60	0.085087	0.843742	38	38.7	169159	0	2286	1.00137	0.998547	2061
626	596716	181	257274	339443	100	60	0.083875	0.843742	38	38.7	169159	0	2286	1.00156	0.999362	2061
627	644462	2844	287868	356594	100	60	1.1032	0.843742	38	38.7	169159	0	2286	1.00272	1.00019	2061
628	731937	2617	332508	399429	100	60	1.26403	0.843742	38	38.7	169159	0	2286	1.00328	1.00055	2061
629	764911	2288	352366	412544	100	60	1.5272	0.843742	38	38.7	169159	0	2286	1.00535	1.00265	2061
630	497575	1984	84403.8	413171	100	60	1.67236	0.843742	35	38.7	169159	0	2286	1.0762	1.1226	2061
631	534201	1639	152113	381615	100	60	0.710459	0.843742	39	38.7	0	0	2286	1.02089	1.01766	2061
632	631148	1347	231297	399347	100	60	0.582328	0.843742	39	38.7	0	0	2286	1.01222	1.00746	2061
633	756654	1149	311474	444319	100	60	0.554409	0.843742	39	38.7	0	0	2286	1.0096	1.00364	2061
634	648624	994	174478	474086	100	60	0.602982	0.843742	39	38.7	0	0	2286	1.01052	1.00236	2061
635	713483	914	244657	468773	100	60	0.677149	0.843742	39	38.7	0	0	2286	1.01268	1.00352	2061
636	577412	2050	137078	440334	100	60	1.41271	0.843742	39	38.7	0	0	2286	1.01418	1.00471	2061
637	623452	1890	206147	417306	100	60	1.53908	0.843742	39	38.7	0	0	2286	1.01579	1.00842	2061
638	693447	1773	274601	418845	100	60	1.81806	0.843742	39	38.7	0	0	2286	1.0212	1.01473	2061
639	740066	1467	322767	417299	100	60	1.92052	0.843742	39	38.7	0	0	2286	1.02528	1.0158	2061
640	700250	1262	291458	408792	100	60	1.98069	0.843742	39	38.7	66058.9	0	2286	1.03324	1.02229	2061
641	702174	1079	318887	383287	100	60	2.01155	0.843742	39	38.7	66058.9	0	2286	1.04141	1.03451	2061
642	669228	898	318816	350412	100	60	2.08889	0.843742	39	38.7	66058.9	0	2286	1.05623	1.04489	2061
643	635180	771	312503	322677	100	60	2.12541	0.843742	39	38.7	66058.9	0	2286	1.06723	1.05476	2061
644	449812	681	150462	299350	100	60	2.16057	0.843742	39	38.7	66058.9	0	2286	1.0825	1.06825	2061
645	438453	574	177667	260786	100	60	2.20751	0.843742	39	38.7	66058.9	0	2286	1.07728	1.06018	2061
646	457962	527	204595	245015	100	60	2.2346	0.843742	39	38.7	66058.9	0	2286	1.1014	1.08108	2061
647	468343	489	220294	235078	100	60	2.25503	0.843742	39	38.7	66058.9	0	2286	1.11799	1.09812	2061
648	455558	438	220617	220689	100	60	2.29477	0.843742	39	38.7	66058.9	0	2286	1.10846	1.08159	2061
649	427110	388	210915	202671	100	60	2.30298	0.843742	39	38.7	66058.9	0	2286	1.10488	1.07349	2061
650	413715	355	207256	193985	100	60	2.34494	0.843742	39	38.7	66058.9	0	2286	1.10541	1.06322	2061
651	368835	317	191565	177270	100	60	2.35249	0.843742	39	38.7	66058.9	0	2286	1.10366	1.06494	2061
652	255845	285	91051.1	164794	100	60	0.102019	0.843742	39	38.7	164349	0	2286	1.00209	1.00102	2061
653	469093	241	187656	281436	100	60	0.078346	0.843742	39	38.7	164349	0	2286	1.00172	1.00088	2061
654	498853	210	125446	373407	100	60	0.0717097	0.843742	39	38.7	164349	0	2286	1.0017	1.00103	2061
655	518959	176	158155	360804	100	60	0.0628463	0.843742	39	38.7	164349	0	2286	1.00139	1.00107	2061
656	515641	157	180478	335163	100	60	0.0680521	0.843742	39	38.7	164349	0	2286	1.00136	1.00141	2061
657	576357	2772	227429	348928	100	60	0.96946	0.843742	38	38.7	164349	0	2286	1.00196	1.0017	2061
658	659532	2495	277577	381956	100	60	1.17135	0.843742	38	38.7	164349	0	2286	1.00253	1.00236	2061
659	712364	2115	312835	399530	100	60	1.35756	0.843742	38	38.7	164349	0	2286	1.00311	1.00281	2061
660	557768	1998	163143	394625	100	60	1.64954	0.843742	37	38.7	164349	0	2286	1.06187	1.10732	2061
661	630917	1641	243222	387587	100	60	0.863242	0.843742	39	38.7	0	0	2286	1.02214	1.02181	2061
662	728609	1400	310045	418392	100	60	0.723045	0.843742	39	38.7	0	0	2286	1.01425	1.01219	2061
663	836340	1223	372836	463295	100	60	0.689685	0.843742	39	38.7	0	0	2286	1.01072	1.00771	2061
664	883856	1004	401096	482576	100	60	0.688528	0.843742	39	38.7	0	0	2286	1.00993	1.00745	2061
665	871292	871	401322	469813	100	60	0.736762	0.843742	39	38.7	0	0	2286	1.01207	1.00903	2061
666	866241	1770	407210	459031	100	60	1.45259	0.843742	39	38.7	0	0	2286	1.01517	1.01115	2061
667	882631	1694	421186	461445	100	60	1.58835	0.843742	39	38.7	0	0	2286	1.01998	1.01884	2061
668	846978	1572	408877	438101	100	60	1.80845	0.843742	39	38.7	0	0	2286	1.02152	1.01926	2061
669	624160	1322	196580	427579	100	60	1.82795	0.843742	39	38.7	0	0	2286	1.02354	1.02212	2061
670	621593	1126	225509	396084	100	60	1.94616	0.843742	39	38.7	26094	0	2286	1.03034	1.02691	2061
671	633232	956	268350	364882	100	60	2.04369	0.843742	39	38.7	26094	0	2286	1.03383	1.02848	2061
672	659627	872	302643	356984	100	60	2.09133	0.843742	39	38.7	26094	0	2286	1.04021	1.03704	2061
673	645506	776	310129	335377	100	60	2.13998	0.843742	39	38.7	26094	0	2286	1.04911	1.04286	2061
674	614663	680	303586	311077	100	60	2.2008	0.843742	39	38.7	26094	0	2286	1.06164	1.05786	2061
675	449282	630	151152	298129	100	60	2.23166	0.843742	39	38.7	26094	0	2286	1.07074	1.0626	2061
676	360413	553	90336.8	268802	100	60	2.27063	0.843742	39	38.7	26094	0	2286	1.09002	1.07904	2061
677	381311	499	129653	244200	100	60	2.2869	0.843742	39	38.7	26094	0	2286	1.08974	1.07114	2061
678	368381	414	151986	208385	100	60	2.29557	0.843742	39	38.7	26094	0	2286	1.09031	1.06601	2061
679	281647	376	86137.1	193183	100	60	2.3397	0.843742	39	38.7	26094	0	2286	1.08168	1.05405	2061
680	291928	338	111953	177940	100	60	2.38265	0.843742	39	38.7	26094	0	2286	1.08989	1.06364	2061
681	292196	299	129868	162328	100	60	2.39577	0.843742	39	38.7	26094	0	2286	1.10828	1.0756	2061
682	234010	271	80557.7	153452	100	60	0.21952	0.843742	39	38.7	89884.8	0	2286	1.00591	1.00193	2061
683	321150	241	130336	190813	100	60	0.156451	0.843742	39	38.7	89884.8	0	2286	1.00414	1.00083	2061
684	492517	206	216921	275595	100	60	0.134285	0.843742	39	38.7	89884.8	0	2286	1.00394	1.00061	2061
685	663343	195	292118	371225	100	60	0.140023	0.843742	39	38.7	89884.8	0	2286	1.00338	1.0006	2061
686	717725	181	316811	400915	100	60	0.156223	0.843742	38	38.7	89884.8	0	2286	1.00376	1.00088	2061
687	720659	2187	324129	396530	100	60	1.13022	0.843742	37	38.7	89884.8	0	2286	1.0047	1.00278	2061
688	730869	1935	337268	393601	100	60	1.19865	0.843742	37	38.7	89884.8	0	2286	1.00503	1.00203	2061
689	775925	1685	366854	409072	100	60	1.35455	0.843742	37	38.7	89884.8	0	2286	1.00662	1.0053	2061
690	610661	1556	194741	415921	100	60	1.34342	0.843742	33	38.7	89884.8	0	2286	1.15631	1.27735	2061
691	659583	1301	269885	388447	100	60	1.20045	0.843742	39	38.7	0	0	2286	1.11073	1.13157	2061
692	703821	1116	320339	381570	100	60	1.14418	0.843742	39	38.7	0	0	2286	1.07035	1.06661	2061
693	541820	956	170078	371095	100	60	1.09518	0.843742	39	38.7	0	0	2286	1.03654	1.02487	2061
694	607930	836	239598	367095	100	60	1.11803	0.843742	39	38.7	0	0	2286	1.0315	1.01278	2061
695	680514	756	304036	375335	100	60	1.17291	0.843742	39	38.7	0	0	2286	1.03196	1.01187	2061
696	545436	1090	166115	379321	100	60	1.65757	0.843742	39	38.7	0	0	2286	1.03632	1.01097	2061
697	599482	1104	231055	368427	100	60	1.83266	0.843742	39	38.7	0	0	2286	1.035	1.01204	2061
698	675638	1102	298744	376894	100	60	1.99539	0.843742	39	38.7	0	0	2286	1.05012	1.02665	2061
699	710578	979	338546	372031	100	60	1.96836	0.843742	39	38.7	0	0	2286	1.05594	1.03616	2061
700	626573	854	279140	347433	100	60	1.95127	0.843742	39	38.7	76460.8	0	2286	1.06175	1.0461	2061
701	643048	777	309118	333930	100	60	1.94832	0.843742	39	38.7	76460.8	0	2286	1.06476	1.05195	2061
702	629342	706	316354	312988	100	60	1.96066	0.843742	39	38.7	76460.8	0	2286	1.07054	1.0515	2061
703	583778	614	301211	282567	100	60	1.96045	0.843742	39	38.7	76460.8	0	2286	1.07846	1.0659	2061
704	548414	545	287215	261199	100	60	1.98329	0.843742	39	38.7	76460.8	0	2286	1.07492	1.05341	2061
705	522809	493	276269	246540	100	60	2.00639	0.843742	39	38.7	76460.8	0	2286	1.0987	1.07975	2061
706	490271	442	256002	225376	100	60	1.97628	0.843742	39	38.7	76460.8	0	2286	1.11345	1.09112	2061
707	456455	395	235302	206490	100	60	1.9881	0.843742	39	38.7	76460.8	0	2286	1.109	1.08906	2061
708	450734	376	232754	203406	100	60	2.02528	0.843742	39	38.7	76460.8	0	2286	1.10459	1.07817	2061
709	438750	357	227376	197358	100	60	2.03018	0.843742	39	38.7	76460.8	0	2286	1.08556	1.05966	2061
710	387326	314	202093	172920	100	60	1.99888	0.843742	39	38.7	76460.8	0	2286	1.08589	1.05537	2061
711	336819	271	181955	154863	100	60	1.99003	0.843742	39	38.7	76460.8	0	2286	1.08392	1.04478	2061
712	247870	254	100673	147197	100	60	0.0835854	0.843742	39	38.7	156026	0	2286	1.00152	0.991516	2061
713	482575	238	200146	282429	100	60	0.0737886	0.843742	39	38.7	156026	0	2286	1.00159	0.991988	2061
714	629485	213	263088	366397	100	60	0.0692143	0.843742	39	38.7	156026	0	2286	1.00141	0.99451	2061
715	613319	185	259952	353367	100	60	0.071666	0.843742	39	38.7	156026	0	2286	1.00169	0.997866	2061
716	588044	167	257229	330815	100	60	0.0753914	0.843742	39	38.7	156026	0	2286	1.00219	0.999735	2061
717	633135	2685	285894	347241	100	60	0.992442	0.843742	39	38.7	156026	0	2286	1.00301	1.00319	2061
718	707465	2410	323280	384185	100	60	1.14288	0.843742	39	38.7	156026	0	2286	1.0033	1.00389	2061
719	731531	2104	338446	393086	100	60	1.36856	0.843742	39	38.7	156026	0	2286	1.00494	1.00635	2061
720	590842	1989	182401	408440	100	60	1.53758	0.843742	39	38.7	156026	0	2286	1.07316	1.12305	2061
721	636480	1587	251434	383624	100	60	0.742527	0.843742	39	38.7	0	0	2286	1.02218	1.01391	2061
722	722651	1342	313758	406847	100	60	0.616995	0.843742	39	38.7	0	0	2286	1.0132	1.00356	2061
723	820282	1150	373269	444651	100	60	0.579923	0.843742	39	38.7	0	0	2286	1.00826	0.998448	2061
724	870427	1006	403017	465134	100	60	0.631534	0.843742	39	38.7	0	0	2286	1.00861	1.00054	2061
725	868589	905	410021	456570	100	60	0.697206	0.843742	39	38.7	0	0	2286	1.01106	1.00351	2061
726	837812	1747	403906	433906	100	60	1.31712	0.843742	39	38.7	0	0	2286	1.01145	1.00473	2061
727	626904	1639	193970	432934	100	60	1.4452	0.843742	39	38.7	0	0	2286	1.01452	1.0089	2061
728	674646	1574	256531	418115	100	60	1.69663	0.843742	39	38.7	0	0	2286	1.01976	1.01725	2061
729	696875	1301	301363	395512	100	60	1.75507	0.843742	39	38.7	0	0	2286	1.02371	1.0255	2061
730	674809	1129	292003	382806	100	60	1.79972	0.843742	39	38.7	49956.1	0	2286	1.02815	1.03022	2061
731	675434	967	315101	360333	100	60	1.87351	0.843742	39	38.7	49956.1	0	2286	1.03459	1.03842	2061
732	493450	833	158443	335007	100	60	1.93692	0.843742	39	38.7	49956.1	0	2286	1.04631	1.04946	2061
733	502780	732	199417	303363	100	60	1.94827	0.843742	39	38.7	49956.1	0	2286	1.05849	1.06198	2061
734	513489	655	231775	281713	100	60	1.98757	0.843742	39	38.7	49956.1	0	2286	1.06184	1.06009	2061
735	518369	602	253258	265111	100	60	1.99576	0.843742	39	38.7	49956.1	0	2286	1.07143	1.07407	2061
736	382991	560	131149	250381	100	60	1.99911	0.843742	39	38.7	49956.1	0	2286	1.08553	1.08333	2061
737	398997	510	161901	229588	100	60	2.03109	0.843742	39	38.7	49956.1	0	2286	1.08889	1.07784	2061
738	382422	433	173165	199983	100	60	2.05251	0.843742	39	38.7	49956.1	0	2286	1.07982	1.06573	2061
739	372470	385	180065	182048	100	60	2.03511	0.843742	39	38.7	49956.1	0	2286	1.07789	1.072	2061
740	362700	350	183019	170389	100	60	2.01232	0.843742	39	38.7	49956.1	0	2286	1.08056	1.07941	2061
741	349440	333	183938	165503	100	60	2.02448	0.843742	39	38.7	49956.1	0	2286	1.07375	1.07764	2061
742	235751	310	77022.8	158728	100	60	0.101369	0.843742	38	38.7	63203	0	2286	1.00162	1.0011	2061
743	377352	288	90402.5	286949	100	60	0.0861914	0.843742	38	38.7	63203	0	2286	1.00163	1.00125	2061
744	546253	256	171464	374789	100	60	0.0745328	0.843742	38	38.7	63203	0	2286	1.00136	1.00087	2061
745	571298	226	199234	372064	100	60	0.0793106	0.843742	38	38.7	63203	0	2286	1.00144	1.00062	2061
746	538550	190	205972	332578	100	60	0.0835729	0.843742	37	38.7	63203	0	2286	1.00161	1.00106	2061
747	591777	2463	249413	342364	100	60	0.924412	0.843742	37	38.7	63203	0	2286	1.00273	1.0027	2061
748	666462	2238	294253	372209	100	60	1.09369	0.843742	37	38.7	63203	0	2286	1.0032	1.00318	2061
749	721241	2098	328660	392581	100	60	1.391	0.843742	37	38.7	63203	0	2286	1.00415	1.00405	2061
750	574018	1897	176431	397587	100	60	1.51107	0.843742	34	38.7	63203	0	2286	1.08111	1.13397	2061
751	615963	1528	234857	379141	100	60	0.777438	0.843742	39	38.7	0	0	2286	1.02678	1.02604	2061
752	697173	1264	301476	393290	100	60	0.629019	0.843742	39	38.7	0	0	2286	1.01603	1.01344	2061
753	783436	1071	358449	421877	100	60	0.577701	0.843742	39	38.7	0	0	2286	1.00883	1.00467	2061
754	849630	932	396113	450776	100	60	0.613094	0.843742	39	38.7	0	0	2286	1.0083	1.00371	2061
755	841822	814	398864	440574	100	60	0.667722	0.843742	39	38.7	0	0	2286	1.00958	1.00491	2061
756	828314	1686	399477	428837	100	60	1.31999	0.843742	39	38.7	0	0	2286	1.01215	1.00796	2061
757	816344	1574	397620	418724	100	60	1.433	0.843742	39	38.7	0	0	2286	1.01087	1.00785	2061
758	826833	1544	408381	418453	100	60	1.68335	0.843742	39	38.7	0	0	2286	1.01647	1.01169	2061
759	586296	1244	189739	396557	100	60	1.7263	0.843742	39	38.7	0	0	2286	1.02542	1.02333	2061
760	592044	1064	226656	365389	100	60	1.78032	0.843742	39	38.7	13784.2	0	2286	1.02935	1.02632	2061
761	627898	940	275939	351960	100	60	1.87983	0.843742	39	38.7	13784.2	0	2286	1.03545	1.03294	2061
762	489372	845	152959	336413	100	60	1.89826	0.843742	39	38.7	13784.2	0	2286	1.04623	1.04497	2061
763	504422	748	198050	306371	100	60	1.93851	0.843742	39	38.7	13784.2	0	2286	1.05791	1.05489	2061
764	485507	622	218551	266957	100	60	1.94691	0.843742	39	38.7	13784.2	0	2286	1.07619	1.07235	2061
765	476831	547	233182	243648	100	60	1.95241	0.843742	39	38.7	13784.2	0	2286	1.07974	1.06922	2061
766	455259	477	227287	220555	100	60	1.98785	0.843742	39	38.7	13784.2	0	2286	1.08491	1.07579	2061
767	437077	434	220063	204405	100	60	2.00271	0.843742	39	38.7	13784.2	0	2286	1.08994	1.07494	2061
768	424074	396	216497	194984	100	60	2.0395	0.843742	39	38.7	13784.2	0	2286	1.08153	1.06443	2061
769	405518	367	210140	183253	100	60	2.0514	0.843742	39	38.7	13784.2	0	2286	1.07652	1.05899	2061
770	376136	331	196168	169134	100	60	2.06349	0.843742	39	38.7	13784.2	0	2286	1.08333	1.0625	2061
771	323737	287	174828	148909	100	60	2.06229	0.843742	39	38.7	13784.2	0	2286	1.09474	1.06545	2061
772	227409	254	92042.5	135366	100	60	0.0812164	0.843742	39	38.7	89676.3	0	2286	1.00162	0.995494	2061
773	454289	213	186715	267574	100	60	0.0643683	0.843742	39	38.7	89676.3	0	2286	1.00129	0.995634	2061
774	606373	193	249587	356786	100	60	0.0618861	0.843742	39	38.7	89676.3	0	2286	1.00136	0.997021	2061
775	596802	179	251178	345625	100	60	0.0676762	0.843742	39	38.7	89676.3	0	2286	1.00169	0.99853	2061
776	567075	158	247060	320015	100	60	0.0715485	0.843742	39	38.7	89676.3	0	2286	1.00184	0.998665	2061
777	632701	2750	285048	347652	100	60	1.03866	0.843742	39	38.7	89676.3	0	2286	1.0028	1.0004	2061
778	708055	2417	322937	385118	100	60	1.17887	0.843742	39	38.7	89676.3	0	2286	1.00363	1.00086	2061
779	769407	2177	355475	413932	100	60	1.39789	0.843742	39	38.7	89676.3	0	2286	1.00519	1.00117	2061
780	597532	1977	183428	414104	100	60	1.53185	0.843742	38	38.7	89676.3	0	2286	1.06407	1.10588	2061
781	641977	1573	252894	387275	100	60	0.752424	0.843742	39	38.7	0	0	2286	1.01944	1.01581	2061
782	725608	1304	314074	409201	100	60	0.618068	0.843742	39	38.7	0	0	2286	1.01031	1.00367	2061
783	822300	1128	372729	446467	100	60	0.568065	0.843742	39	38.7	0	0	2286	1.00657	0.998972	2061
784	852749	934	393378	456708	100	60	0.583629	0.843742	39	38.7	0	0	2286	1.00523	0.998442	2061
785	853192	819	400527	450419	100	60	0.616434	0.843742	39	38.7	0	0	2286	1.00566	0.998738	2061
786	629431	1713	187854	441577	100	60	1.2755	0.843742	39	38.7	0	0	2286	1.00699	1.00148	2061
787	673033	1685	249327	423706	100	60	1.44345	0.843742	39	38.7	0	0	2286	1.00852	1.00292	2061
788	709853	1632	300706	409146	100	60	1.6895	0.843742	39	38.7	0	0	2286	1.01357	1.00983	2061
789	734334	1361	335523	398811	100	60	1.74274	0.843742	39	38.7	0	0	2286	1.01664	1.01475	2061
790	665060	1125	289142	375918	100	60	1.81411	0.843742	39	38.7	60728.9	0	2286	1.01998	1.01963	2061
791	673301	987	314929	358372	100	60	1.86916	0.843742	39	38.7	60728.9	0	2286	1.02935	1.02944	2061
792	487898	845	156327	331571	100	60	1.88615	0.843742	39	38.7	60728.9	0	2286	1.0462	1.04864	2061
793	495370	738	196622	298748	100	60	1.90923	0.843742	39	38.7	60728.9	0	2286	1.06142	1.06531	2061
794	391537	657	113200	278338	100	60	1.91785	0.843742	39	38.7	60728.9	0	2286	1.08138	1.0855	2061
795	403545	582	152739	250806	100	60	1.96978	0.843742	39	38.7	60728.9	0	2286	1.08944	1.08478	2061
796	416551	522	180449	229628	100	60	2.01039	0.843742	39	38.7	60728.9	0	2286	1.09932	1.09091	2061
797	427308	485	199319	217753	100	60	2.03261	0.843742	39	38.7	60728.9	0	2286	1.10597	1.09263	2061
798	422902	445	206074	205609	100	60	2.05804	0.843742	39	38.7	60728.9	0	2286	1.09595	1.07834	2061
799	388099	387	194107	183748	100	60	2.07794	0.843742	39	38.7	60728.9	0	2286	1.09453	1.06631	2061
800	361615	342	184179	168254	100	60	2.10224	0.843742	39	38.7	60728.9	0	2286	1.09605	1.06928	2061
801	336568	313	177654	158914	100	60	2.1064	0.843742	39	38.7	60728.9	0	2286	1.10217	1.08306	2061
802	252884	284	101538	151345	100	60	0.0959859	0.843742	39	38.7	136288	0	2286	1.00194	1.00121	2061
803	458638	229	187598	271040	100	60	0.0727129	0.843742	39	38.7	136288	0	2286	1.0014	1.00075	2061
804	627393	210	259331	368062	100	60	0.069714	0.843742	39	38.7	136288	0	2286	1.00155	1.0012	2061
805	626631	191	263722	362909	100	60	0.0750953	0.843742	39	38.7	136288	0	2286	1.00175	1.00166	2061
806	581483	168	253014	328469	100	60	0.0781582	0.843742	39	38.7	136288	0	2286	1.00229	1.00283	2061
807	638206	2695	288259	349947	100	60	1.02473	0.843742	39	38.7	136288	0	2286	1.00333	1.00391	2061
808	742105	2481	339848	402257	100	60	1.15721	0.843742	39	38.7	136288	0	2286	1.00443	1.00623	2061
809	582456	2133	165031	417425	100	60	1.3995	0.843742	39	38.7	136288	0	2286	1.00615	1.00824	2061
810	509473	1969	111947	397526	100	60	1.5945	0.843742	35	38.7	136288	0	2286	1.06587	1.10941	2061
811	564076	1591	190324	372103	100	60	0.74993	0.843742	39	38.7	0	0	2286	1.02014	1.01957	2061
812	654251	1321	263090	389439	100	60	0.61505	0.843742	39	38.7	0	0	2286	1.01003	1.00751	2061
813	736280	1073	321045	412647	100	60	0.55056	0.843742	39	38.7	0	0	2286	1.00586	1.00254	2061
814	827277	909	371800	453159	100	60	0.576152	0.843742	39	38.7	0	0	2286	1.00565	1.00151	2061
815	836708	780	383934	450817	100	60	0.604102	0.843742	39	38.7	0	0	2286	1.00662	1.00123	2061
816	829980	1805	391653	438327	100	60	1.31385	0.843742	39	38.7	0	0	2286	1.0064	1.00186	2061
817	830853	1693	399874	430979	100	60	1.45173	0.843742	39	38.7	0	0	2286	1.00899	1.00715	2061
818	833880	1547	408122	425757	100	60	1.67121	0.843742	39	38.7	0	0	2286	1.01317	1.01294	2061
819	608825	1301	195518	413308	100	60	1.74123	0.843742	39	38.7	0	0	2286	1.01712	1.01926	2061
820	624789	1126	236346	388443	100	60	1.82959	0.843742	39	38.7	15685.5	0	2286	1.02448	1.02667	2061
821	659647	1007	285835	373813	100	60	1.92646	0.843742	39	38.7	15685.5	0	2286	1.02983	1.0288	2061
822	658436	880	307468	350968	100	60	1.97455	0.843742	39	38.7	15685.5	0	2286	1.0373	1.03982	2061
823	638363	769	312315	326048	100	60	2.00536	0.843742	39	38.7	15685.5	0	2286	1.04747	1.0483	2061
824	619320	691	311390	307930	100	60	2.04756	0.843742	39	38.7	15685.5	0	2286	1.05767	1.05831	2061
825	579280	612	296691	282589	100	60	2.06243	0.843742	39	38.7	15685.5	0	2286	1.08092	1.08224	2061
826	554852	555	282610	263720	100	60	2.07036	0.843742	39	38.7	15685.5	0	2286	1.09135	1.09058	2061
827	503525	482	255258	234188	100	60	2.08457	0.843742	39	38.7	15685.5	0	2286	1.09867	1.09395	2061
828	474578	428	241384	219663	100	60	2.10685	0.843742	39	38.7	15685.5	0	2286	1.08529	1.08491	2061
829	458202	403	234109	210737	100	60	2.14351	0.843742	39	38.7	15685.5	0	2286	1.08333	1.07595	2061
830	428744	374	219911	196763	100	60	2.14117	0.843742	39	38.7	15685.5	0	2286	1.08794	1.08864	2061
831	362339	314	192867	169472	100	60	2.13114	0.843742	39	38.7	15685.5	0	2286	1.09309	1.09302	2061
832	254844	277	97715.9	157128	100	60	0.0924476	0.843742	39	38.7	106023	0	2286	1.00193	1.00051	2061
833	488573	254	199640	288934	100	60	0.0786746	0.843742	39	38.7	106023	0	2286	1.00134	0.999862	2061
834	622750	222	256977	365773	100	60	0.0732949	0.843742	38	38.7	106023	0	2286	1.00151	1.00017	2061
835	608419	193	256355	352064	100	60	0.0753798	0.843742	38	38.7	106023	0	2286	1.00174	1.00087	2061
836	562431	161	245328	317103	100	60	0.0756119	0.843742	38	38.7	106023	0	2286	1.00204	1.00147	2061
837	635225	2674	286061	349164	100	60	1.06861	0.843742	38	38.7	106023	0	2286	1.00352	1.00374	2061
838	703640	2368	321695	381945	100	60	1.21615	0.843742	38	38.7	106023	0	2286	1.00382	1.00425	2061
839	737273	2058	342065	395208	100	60	1.41667	0.843742	38	38.7	106023	0	2286	1.00395	1.00395	2061
840	490229	1946	84302.6	405926	100	60	1.63431	0.843742	36	38.7	106023	0	2286	1.07163	1.12138	2061
841	516301	1579	150118	364965	100	60	0.66637	0.843742	39	38.7	0	0	2286	1.01664	1.0152	2061
842	615399	1282	228972	385147	100	60	0.530347	0.843742	39	38.7	0	0	2286	1.00903	1.00614	2061
843	751927	1110	311777	437961	100	60	0.508519	0.843742	39	38.7	0	0	2286	1.00526	1.00129	2061
844	806902	928	350177	454722	100	60	0.544974	0.843742	39	38.7	0	0	2286	1.00518	0.999847	2061
845	793160	769	356125	435447	100	60	0.568566	0.843742	39	38.7	0	0	2286	1.00506	0.999525	2061
846	790942	1820	366444	424498	100	60	1.34523	0.843742	39	38.7	0	0	2286	1.0057	0.999635	2061
847	813750	1682	385127	428623	100	60	1.45262	0.843742	39	38.7	0	0	2286	1.00663	1.00145	2061
848	843343	1686	406035	437308	100	60	1.71214	0.843742	39	38.7	0	0	2286	1.00814	1.00594	2061
849	836477	1388	408212	428265	100	60	1.79913	0.843742	39	38.7	0	0	2286	1.00734	1.00722	2061
850	704986	1147	300414	404572	100	60	1.86062	0.843742	39	38.7	106931	0	2286	1.0141	1.01834	2061
851	694092	974	316416	377676	100	60	1.94041	0.843742	39	38.7	106931	0	2286	1.02156	1.02669	2061
852	670682	852	320668	350014	100	60	1.98445	0.843742	39	38.7	106931	0	2286	1.03559	1.04343	2061
853	651912	754	321324	330589	100	60	2.04032	0.843742	39	38.7	106931	0	2286	1.04284	1.04768	2061
854	642780	695	322597	320183	100	60	2.12044	0.843742	39	38.7	106931	0	2286	1.04311	1.04611	2061
855	602072	622	306463	295608	100	60	2.17477	0.843742	39	38.7	106931	0	2286	1.06347	1.06624	2061
856	544490	533	274889	261161	100	60	2.23508	0.843742	39	38.7	106931	0	2286	1.07759	1.07795	2061
857	383113	485	136100	243682	100	60	2.239	0.843742	39	38.7	106931	0	2286	1.09021	1.08595	2061
858	397310	445	162380	227519	100	60	2.26204	0.843742	39	38.7	106931	0	2286	1.09013	1.08716	2061
859	395145	398	178685	207882	100	60	2.24746	0.843742	39	38.7	106931	0	2286	1.10386	1.10026	2061
860	391680	367	187277	196662	100	60	2.24234	0.843742	39	38.7	106931	0	2286	1.10938	1.10056	2061
861	382424	345	191502	190922	100	60	2.26997	0.843742	39	38.7	106931	0	2286	1.10335	1.0961	2061
862	272378	304	100871	171506	100	60	0.12053	0.843742	39	38.7	195701	0	2286	1.0021	1.00105	2061
863	460500	272	185119	275381	100	60	0.0949727	0.843742	39	38.7	195701	0	2286	1.00208	1.00083	2061
864	658429	251	270782	387647	100	60	0.0897814	0.843742	39	38.7	195701	0	2286	1.00221	1.0012	2061
865	686601	227	285977	400624	100	60	0.0961431	0.843742	38	38.7	195701	0	2286	1.00233	1.00154	2061
866	620601	191	267461	353141	100	60	0.0955987	0.843742	38	38.7	195701	0	2286	1.00256	1.00303	2061
867	628656	2643	282017	346639	100	60	1.07172	0.843742	38	38.7	195701	0	2286	1.00328	1.00356	2061
868	718679	2381	329590	389089	100	60	1.22125	0.843742	38	38.7	195701	0	2286	1.00466	1.00725	2061
869	766311	2025	355845	410466	100	60	1.50801	0.843742	38	38.7	195701	0	2286	1.00743	1.01193	2061
870	612945	1824	189314	423631	100	60	1.63719	0.843742	34	38.7	195701	0	2286	1.09217	1.15537	2061
871	663196	1525	261275	400132	100	60	0.916331	0.843742	39	38.7	0	0	2286	1.03293	1.03485	2061
872	716046	1257	310866	402811	100	60	0.736804	0.843742	39	38.7	0	0	2286	1.01872	1.01662	2061
873	783358	1076	358095	422325	100	60	0.674136	0.843742	39	38.7	0	0	2286	1.01212	1.00684	2061
874	851295	934	395454	453254	100	60	0.703744	0.843742	39	38.7	0	0	2286	1.01272	1.00534	2061
875	654495	834	196703	457420	100	60	0.751706	0.843742	39	38.7	0	0	2286	1.01619	1.00677	2061
876	695314	1681	255091	440223	100	60	1.43109	0.843742	39	38.7	0	0	2286	1.01679	1.00702	2061
877	748413	1631	313638	434774	100	60	1.58459	0.843742	39	38.7	0	0	2286	1.01982	1.01274	2061
878	613362	1621	172617	440745	100	60	1.78564	0.843742	39	38.7	0	0	2286	1.02095	1.013	2061
879	646456	1329	236485	409971	100	60	1.84397	0.843742	39	38.7	0	0	2286	1.02379	1.0166	2061
880	665305	1148	266576	398730	100	60	1.93833	0.843742	39	38.7	30324	0	2286	1.02928	1.02271	2061
881	691976	1021	310276	381700	100	60	2.01885	0.843742	39	38.7	30324	0	2286	1.04142	1.03438	2061
882	696250	913	331369	364881	100	60	2.06753	0.843742	39	38.7	30324	0	2286	1.05079	1.04505	2061
883	510126	819	165191	344935	100	60	2.115	0.843742	39	38.7	30324	0	2286	1.06742	1.06265	2061
884	527616	729	208701	318915	100	60	2.14205	0.843742	39	38.7	30324	0	2286	1.08373	1.07459	2061
885	553486	670	249731	303755	100	60	2.18619	0.843742	39	38.7	30324	0	2286	1.09549	1.08283	2061
886	549794	604	261020	279981	100	60	2.1804	0.843742	39	38.7	30324	0	2286	1.10222	1.08528	2061
887	542565	553	263218	265176	100	60	2.19984	0.843742	39	38.7	30324	0	2286	1.11314	1.09358	2061
888	511373	495	252772	244586	100	60	2.21568	0.843742	39	38.7	30324	0	2286	1.11006	1.09731	2061
889	464877	432	233549	218535	100	60	2.23217	0.843742	39	38.7	30324	0	2286	1.11435	1.09832	2061
890	426125	382	217024	197954	100	60	2.22046	0.843742	39	38.7	30324	0	2286	1.12596	1.09239	2061
891	404759	364	213562	191197	100	60	2.21127	0.843742	39	38.7	30324	0	2286	1.13388	1.09456	2061
892	299433	337	117676	181758	100	60	0.120316	0.843742	39	38.7	124820	0	2286	1.0034	1.00221	2061
893	500451	302	205931	294520	100	60	0.098056	0.843742	39	38.7	124820	0	2286	1.00273	1.00164	2061
894	662850	281	275693	387157	100	60	0.0961875	0.843742	39	38.7	124820	0	2286	1.00286	1.00186	2061
895	657123	250	278468	378655	100	60	0.102805	0.843742	39	38.7	124820	0	2286	1.00349	1.00251	2061
896	628793	233	275309	353484	100	60	0.112411	0.843742	39	38.7	124820	0	2286	1.00364	1.00435	2061
897	668583	2586	301003	367581	100	60	1.09491	0.843742	39	38.7	124820	0	2286	1.00548	1.00645	2061
898	732572	2293	335492	397080	100	60	1.22675	0.843742	39	38.7	124820	0	2286	1.00644	1.00832	2061
899	773055	2055	359319	413736	100	60	1.50943	0.843742	39	38.7	124820	0	2286	1.00823	1.00886	2061
900	582435	1824	180145	402290	100	60	1.63168	0.843742	37	38.7	124820	0	2286	1.09189	1.15245	2061
901	506057	1477	120298	385600	100	60	0.819356	0.843742	39	38.7	0	0	2286	1.02939	1.02984	2061
902	578334	1214	196025	381688	100	60	0.588286	0.843742	39	38.7	0	0	2286	1.01326	1.01136	2061
903	697292	1017	281831	414582	100	60	0.523246	0.843742	39	38.7	0	0	2286	1.00828	1.00518	2061
904	800744	919	345438	454313	100	60	0.582066	0.843742	39	38.7	0	0	2286	1.00792	1.00293	2061
905	827285	829	369965	456396	100	60	0.664716	0.843742	39	38.7	0	0	2286	1.00941	1.00469	2061
906	844023	1773	388082	455941	100	60	1.38495	0.843742	39	38.7	0	0	2286	1.01181	1.0071	2061
907	819527	1677	387294	432233	100	60	1.54491	0.843742	39	38.7	0	0	2286	1.01347	1.01108	2061
908	825249	1608	396677	428572	100	60	1.74845	0.843742	39	38.7	0	0	2286	1.01505	1.01251	2061
909	809868	1311	396591	413277	100	60	1.786	0.843742	39	38.7	0	0	2286	1.01623	1.01227	2061
910	565655	1087	173740	391915	100	60	1.88031	0.843742	39	38.7	13069.6	0	2286	1.01865	1.01665	2061
911	572363	919	220070	352292	100	60	1.97969	0.843742	39	38.7	13069.6	0	2286	1.02564	1.0241	2061
912	587349	804	259658	327691	100	60	2.01785	0.843742	39	38.7	13069.6	0	2286	1.03241	1.03125	2061
913	609841	742	290366	319475	100	60	2.04683	0.843742	39	38.7	13069.6	0	2286	1.04649	1.04736	2061
914	606895	679	300198	306697	100	60	2.11611	0.843742	39	38.7	13069.6	0	2286	1.05779	1.05917	2061
915	559061	588	282560	276501	100	60	2.16066	0.843742	39	38.7	13069.6	0	2286	1.07207	1.07534	2061
916	549975	548	276550	263929	100	60	2.20091	0.843742	39	38.7	13069.6	0	2286	1.08167	1.08287	2061
917	534022	507	267247	250618	100	60	2.27366	0.843742	39	38.7	13069.6	0	2286	1.08868	1.08417	2061
918	500396	446	251875	232814	100	60	2.31944	0.843742	39	38.7	13069.6	0	2286	1.08243	1.06591	2061
919	465858	396	236526	214715	100	60	2.34974	0.843742	39	38.7	13069.6	0	2286	1.07692	1.05641	2061
920	432864	354	221142	198369	100	60	2.34848	0.843742	39	38.7	13069.6	0	2286	1.07778	1.05731	2061
921	389856	318	206087	183769	100	60	2.35569	0.843742	39	38.7	13069.6	0	2286	1.08385	1.06109	2061
922	259080	284	92022.8	167057	100	60	0.098587	0.843742	39	38.7	121717	0	2286	1.00168	1.00037	2061
923	483999	255	192564	291435	100	60	0.0808306	0.843742	39	38.7	121717	0	2286	1.00148	0.999216	2061
924	636332	232	259302	377030	100	60	0.0771797	0.843742	39	38.7	121717	0	2286	1.00145	0.999562	2061
925	635610	209	264880	370729	100	60	0.0823775	0.843742	39	38.7	121717	0	2286	1.00156	1.00015	2061
926	591998	197	256402	335597	100	60	0.0920731	0.843742	39	38.7	121717	0	2286	1.00182	1.0016	2061
927	659090	2803	296194	362896	100	60	1.08724	0.843742	39	38.7	121717	0	2286	1.00259	1.00373	2061
928	740739	2604	337358	403382	100	60	1.28527	0.843742	39	38.7	121717	0	2286	1.00351	1.00552	2061
929	786402	2252	362018	424384	100	60	1.55438	0.843742	39	38.7	121717	0	2286	1.00509	1.00675	2061
930	605543	2066	184332	421211	100	60	1.72379	0.843742	36	38.7	121717	0	2286	1.06607	1.10917	2061
