Time	totMass	NInd	abovemass	belowmass	mean_ares	mean_bres	shannon	meanShannon	NPFT	meanNPFT	Cutted	NNonClonal	NClonal	mean_generation	mean_genet_size	NGenets
1	545.2	0	272.6	272.6	100	90	0	0.986107	52	52	0	436	1670	1	0.77351	1769
2	16007.4	0	7784.93	8222.42	100	90	0	0.986107	52	52	0	436	1670	1	0.770165	1769
3	73481.7	0	39088.7	34393	100	90	0	0.986107	52	52	0	436	1670	1	0.764795	1769
4	219998	0	116890	103107	100	90	0	0.986107	52	52	0	436	1670	1	0.764386	1769
5	482183	0	255121	227063	100	90	0	0.986107	52	52	0	436	1670	1.00079	0.763519	1769
6	813407	724	429684	383723	100	90	2.59691	0.986107	52	52	0	436	1670	1.00483	0.769882	1769
7	1.10957e+006	1012	589490	520077	100	90	3.36009	0.986107	52	52	0	436	1670	1.02124	0.783036	1769
8	1.31228e+006	1042	701892	610383	100	90	3.45092	0.986107	52	52	0	436	1670	1.0256	0.783109	1769
9	1.45302e+006	974	782377	670640	100	90	3.28325	0.986107	52	52	0	436	1670	1.04649	0.808008	1769
10	1.56711e+006	944	848854	718254	100	90	3.23609	0.986107	52	52	0	436	1670	1.06272	0.827331	1769
11	1.639e+006	910	891317	747684	100	90	3.17994	0.986107	52	52	0	436	1670	1.07444	0.842337	1769
12	1.67844e+006	875	915514	762923	100	90	3.13012	0.986107	52	52	0	436	1670	1.08712	0.854839	1769
13	1.72095e+006	851	940781	780170	100	90	3.12183	0.986107	52	52	0	436	1670	1.10165	0.870392	1769
14	1.74397e+006	835	954835	789132	100	90	3.12945	0.986107	52	52	0	436	1670	1.11089	0.887654	1769
15	1.77635e+006	831	973815	802533	100	90	3.14132	0.986107	52	52	0	436	1670	1.12669	0.900629	1769
16	1.81619e+006	825	983302	807621	100	90	3.1742	0.986107	52	52	0	436	1670	1.13901	0.910013	1769
17	1.84859e+006	821	989214	810559	100	90	3.18903	0.986107	52	52	0	436	1670	1.14475	0.919897	1769
18	1.87781e+006	820	1.00176e+006	820873	100	90	3.27936	0.986107	52	52	0	436	1670	1.14418	0.918635	1769
19	1.90618e+006	819	1.01781e+006	831452	100	90	3.37195	0.986107	52	52	0	436	1670	1.13539	0.899338	1769
20	1.89856e+006	804	1.01579e+006	826864	100	90	3.39895	0.986107	52	52	0	436	1670	1.13692	0.878706	1769
21	1.84814e+006	795	1.02024e+006	827894	100	90	3.40881	0.986107	52	52	0	436	1670	1.14321	0.884298	1769
22	1.85011e+006	793	1.02312e+006	826990	100	90	1.4869	0.986107	52	52	0	436	1670	1.04938	0.729492	1769
23	1.86644e+006	786	1.02965e+006	836791	100	90	1.46618	0.986107	52	52	0	436	1670	1.05304	0.732484	1769
24	1.87994e+006	774	1.03472e+006	845221	100	90	1.45082	0.986107	52	52	0	436	1670	1.05243	0.749781	1769
25	1.89909e+006	766	1.0454e+006	853692	100	90	1.5231	0.986107	52	52	0	436	1670	1.06692	0.784981	1769
26	1.91167e+006	762	1.05262e+006	859056	100	90	1.6612	0.986107	52	52	0	436	1670	1.079	0.808667	1769
27	1.94296e+006	1271	1.06988e+006	873072	100	90	2.70365	0.986107	52	52	0	436	1670	1.10161	0.845257	1769
28	1.94962e+006	1195	1.07222e+006	877397	100	90	2.85732	0.986107	52	52	0	436	1670	1.12159	0.87133	1769
29	1.96935e+006	1131	1.08177e+006	887576	100	90	2.91816	0.986107	52	52	0	436	1670	1.13813	0.877474	1769
30	1.44597e+006	1077	546700	899273	100	90	2.31766	0.986107	52	52	0	436	1670	1.48516	1.47197	1769
31	1.44803e+006	961	605113	840498	100	90	1.31249	0.986107	52	52	0	436	1670	1.15991	0.897796	1769
32	1.47414e+006	861	675048	795328	100	90	1.03595	0.986107	52	52	0	436	1670	1.10052	0.843217	1769
33	1.47602e+006	756	708375	763683	100	90	0.835845	0.986107	52	52	0	436	1670	1.0728	0.786056	1769
34	1.44572e+006	669	711590	730246	100	90	0.928006	0.986107	52	52	0	436	1670	1.08462	0.784384	1769
35	1.40531e+006	744	704589	697319	100	90	1.21676	0.986107	52	52	0	436	1670	1.09734	0.798226	1769
36	1.34093e+006	761	685320	655607	100	90	1.45269	0.986107	52	52	0	436	1670	1.10885	0.818681	1769
37	1.25911e+006	825	652577	606534	100	90	1.86544	0.986107	52	52	0	436	1670	1.12791	0.849038	1769
38	1.20658e+006	959	632068	574515	100	90	2.47406	0.986107	52	52	0	436	1670	1.13842	0.837398	1769
39	1.1349e+006	768	599457	535448	100	90	2.6189	0.986107	52	52	0	436	1670	1.16804	0.862974	1769
40	1.0417e+006	617	556032	485672	100	90	2.63591	0.986107	52	52	0	436	1670	1.19126	0.899267	1769
41	994189	526	536218	457971	100	90	2.79193	0.986107	52	52	0	436	1670	1.21527	0.912393	1769
42	930035	452	505053	424981	100	90	2.7422	0.986107	52	52	0	436	1670	1.22007	0.922886	1769
43	876719	401	478617	398102	100	90	2.76404	0.986107	52	52	0	436	1670	1.25311	0.962963	1769
44	830135	356	454438	375696	100	90	2.76505	0.986107	52	52	0	436	1670	1.28744	1.00325	1769
45	764336	309	419756	344579	100	90	2.77075	0.986107	52	52	0	436	1670	1.30836	1.04906	1769
46	704253	277	380901	311175	100	90	2.82372	0.986107	52	52	0	436	1670	1.34948	1.12446	1769
47	682295	255	365075	296527	100	90	2.80733	0.986107	52	52	0	436	1670	1.37931	1.14085	1769
48	622185	229	332105	269917	100	90	2.87136	0.986107	52	52	0	436	1670	1.40529	1.12105	1769
49	587821	206	314557	254103	100	90	2.901	0.986107	52	52	0	436	1670	1.38614	1.07602	1769
50	554801	196	296548	240982	100	90	2.96187	0.986107	52	52	0	436	1670	1.3956	1.09494	1769
51	532810	192	295343	237467	100	90	3.03724	0.986107	52	52	0	436	1670	1.41618	1.08667	1769
52	262142	170	46989.7	215152	100	90	0.103729	0.986107	52	52	252318	436	1670	1.00547	0.802379	1769
53	507112	156	188454	318658	100	90	0.0698093	0.986107	52	52	252318	436	1670	1.00365	0.795703	1769
54	823960	140	358568	465392	100	90	0.0692192	0.986107	52	52	252318	436	1670	1.00374	0.799229	1769
55	844026	124	386546	457480	100	90	0.0725182	0.986107	52	52	252318	436	1670	1.00386	0.82052	1769
56	849529	123	409956	439573	100	90	0.0897952	0.986107	52	52	252318	436	1670	1.00488	0.829998	1769
57	965393	2455	483540	481853	100	90	1.42759	0.986107	52	52	252318	436	1670	1.00672	0.822474	1769
58	1.07348e+006	2234	545270	528213	100	90	1.79632	0.986107	52	52	252318	436	1670	1.00922	0.814842	1769
59	1.09806e+006	1779	563794	534261	100	90	1.88644	0.986107	52	52	252318	436	1670	1.01052	0.807211	1769
60	842595	1572	295439	547156	100	90	2.01183	0.986107	52	52	252318	436	1670	1.15572	1.07441	1769
61	922256	1303	400769	516114	100	90	1.29822	0.986107	52	52	0	436	1670	1.08272	0.888118	1769
62	1.00511e+006	1079	476774	520414	100	90	1.07756	0.986107	52	52	0	436	1670	1.06221	0.861765	1769
63	1.09532e+006	919	542889	543997	100	90	1.00275	0.986107	52	52	0	436	1670	1.05864	0.845468	1769
64	1.16737e+006	788	590725	568932	100	90	1.08631	0.986107	52	52	0	436	1670	1.06655	0.847975	1769
65	1.21747e+006	772	623294	587359	100	90	1.2427	0.986107	52	52	0	436	1670	1.07442	0.840744	1769
66	1.22794e+006	1201	638017	589918	100	90	2.06126	0.986107	52	52	0	436	1670	1.07653	0.848124	1769
67	1.19546e+006	1121	626478	568978	100	90	2.2236	0.986107	52	52	0	436	1670	1.07599	0.852851	1769
68	1.17668e+006	1092	622420	554261	100	90	2.42735	0.986107	52	52	0	436	1670	1.07535	0.846736	1769
69	1.15023e+006	913	612609	537617	100	90	2.48195	0.986107	52	52	0	436	1670	1.08811	0.86758	1769
70	1.10278e+006	780	590908	511870	100	90	2.51511	0.986107	52	52	0	436	1670	1.09364	0.880054	1769
71	1.07049e+006	692	577460	493034	100	90	2.61334	0.986107	52	52	0	436	1670	1.11135	0.88872	1769
72	1.03054e+006	630	558503	472039	100	90	2.72086	0.986107	52	52	0	436	1670	1.13561	0.912752	1769
73	952234	551	516475	435759	100	90	2.78554	0.986107	52	52	0	436	1670	1.14502	0.904398	1769
74	873098	481	473696	399402	100	90	2.82141	0.986107	52	52	0	436	1670	1.16014	0.919037	1769
75	806482	424	438038	368444	100	90	2.89728	0.986107	52	52	0	436	1670	1.17697	0.91791	1769
76	768899	394	411708	345692	100	90	2.94241	0.986107	52	52	0	436	1670	1.19477	0.943396	1769
77	704297	337	372735	312537	100	90	2.96854	0.986107	52	52	0	436	1670	1.20563	0.927673	1769
78	653785	290	346938	288172	100	90	2.99318	0.986107	52	52	0	436	1670	1.19231	0.88	1769
79	605622	258	321328	267070	100	90	3.02243	0.986107	52	52	0	436	1670	1.20664	0.868313	1769
80	575142	239	305467	253549	100	90	3.06796	0.986107	52	52	0	436	1670	1.21053	0.838565	1769
81	499910	208	273773	226137	100	90	3.07996	0.986107	52	52	0	436	1670	1.23333	0.842105	1769
82	234926	176	43242.7	191683	100	90	0.0871739	0.986107	52	52	234201	436	1670	1.00296	0.759299	1769
83	511442	141	208456	302986	100	90	0.0539112	0.986107	52	52	234201	436	1670	1.00188	0.756902	1769
84	800392	127	362401	437990	100	90	0.0524251	0.986107	52	52	234201	436	1670	1.00183	0.760495	1769
85	775997	111	363886	412111	100	90	0.0537381	0.986107	52	52	234201	436	1670	1.00227	0.778781	1769
86	791695	99	393884	397810	100	90	0.0613951	0.986107	52	52	234201	436	1670	1.00261	0.793283	1769
87	897063	2846	456082	440981	100	90	1.28119	0.986107	52	52	234201	436	1670	1.00306	0.776945	1769
88	1.01548e+006	2625	520677	494804	100	90	1.60516	0.986107	52	52	234201	436	1670	1.00415	0.77522	1769
89	1.04858e+006	2151	541301	507284	100	90	1.74186	0.986107	52	52	234201	436	1670	1.00564	0.775253	1769
90	779309	1780	275566	503743	100	90	1.84426	0.986107	52	52	234201	436	1670	1.09807	0.944036	1769
