Time	totMass	NInd	abovemass	belowmass	mean_ares	mean_bres	shannon	meanShannon	NPFT	meanNPFT	Cutted	NNonClonal	NClonal	mean_generation	mean_genet_size	NGenets
1	512.2	0	256.1	256.1	100	90	0	0.998855	52	51.9	0	448	1615	1	0.772237	1694
2	15710.8	0	7645.74	8065.05	100	90	0	0.998855	52	51.9	0	448	1615	1	0.771758	1694
3	71752.3	0	38106.9	33645.4	100	90	0	0.998855	52	51.9	0	448	1615	1	0.773251	1694
4	216393	0	114490	101904	100	90	0	0.998855	52	51.9	0	448	1615	1	0.77027	1694
5	473785	0	250131	223654	100	90	0	0.998855	52	51.9	0	448	1615	1	0.770505	1694
6	796949	695	420153	376796	100	90	2.5535	0.998855	52	51.9	0	448	1615	1.00493	0.776236	1694
7	1.08788e+006	980	576578	511297	100	90	3.33234	0.998855	52	51.9	0	448	1615	1.01661	0.786961	1694
8	1.29393e+006	1031	691444	602484	100	90	3.45429	0.998855	52	51.9	0	448	1615	1.03538	0.805044	1694
9	1.42671e+006	967	767759	658953	100	90	3.31038	0.998855	52	51.9	0	448	1615	1.04647	0.814891	1694
10	1.51058e+006	906	816785	693795	100	90	3.15263	0.998855	52	51.9	0	448	1615	1.0662	0.836645	1694
11	1.57927e+006	870	857618	721650	100	90	3.11052	0.998855	52	51.9	0	448	1615	1.07587	0.845266	1694
12	1.62619e+006	847	885650	740542	100	90	3.09183	0.998855	52	51.9	0	448	1615	1.09324	0.864286	1694
13	1.66529e+006	831	908937	756350	100	90	3.08317	0.998855	52	51.9	0	448	1615	1.10609	0.876074	1694
14	1.70076e+006	824	929635	771129	100	90	3.09004	0.998855	52	51.9	0	448	1615	1.13333	0.906801	1694
15	1.72258e+006	816	942975	779603	100	90	3.11977	0.998855	52	51.9	0	448	1615	1.14914	0.921493	1694
16	1.76107e+006	806	951410	784404	100	90	3.14014	0.998855	52	51.9	0	448	1615	1.16685	0.935864	1694
17	1.80028e+006	807	960733	790974	100	90	3.20662	0.998855	52	51.9	0	448	1615	1.17305	0.941567	1694
18	1.82436e+006	802	971418	799587	100	90	3.25528	0.998855	52	51.9	0	448	1615	1.16746	0.933962	1694
19	1.82961e+006	800	976412	798901	100	90	3.29814	0.998855	52	51.9	0	448	1615	1.16728	0.92623	1694
20	1.85104e+006	804	989374	807900	100	90	3.3826	0.998855	52	51.9	0	448	1615	1.16667	0.921162	1694
21	1.80477e+006	805	994396	810369	100	90	3.42138	0.998855	52	51.9	0	448	1615	1.17092	0.915966	1694
22	1.80875e+006	804	998217	810529	100	90	1.4382	0.998855	52	51.9	0	448	1615	1.05597	0.760985	1694
23	1.84097e+006	799	1.01306e+006	827908	100	90	1.39761	0.998855	52	51.9	0	448	1615	1.06184	0.772358	1694
24	1.87592e+006	795	1.03036e+006	845558	100	90	1.3875	0.998855	52	51.9	0	448	1615	1.06397	0.785743	1694
25	1.86391e+006	775	1.0232e+006	840713	100	90	1.46341	0.998855	52	51.9	0	448	1615	1.07742	0.809771	1694
26	1.88379e+006	772	1.03521e+006	848577	100	90	1.59633	0.998855	52	51.9	0	448	1615	1.08933	0.842617	1694
27	1.90633e+006	1334	1.04777e+006	858563	100	90	2.72166	0.998855	52	51.9	0	448	1615	1.10789	0.859896	1694
28	1.93059e+006	1261	1.06143e+006	869163	100	90	2.86517	0.998855	52	51.9	0	448	1615	1.12741	0.880597	1694
29	1.93914e+006	1174	1.06578e+006	873354	100	90	2.91281	0.998855	52	51.9	0	448	1615	1.14743	0.895221	1694
30	1.43234e+006	1113	542765	889574	100	90	2.30522	0.998855	52	51.9	0	448	1615	1.50038	1.50746	1694
31	1.43045e+006	1001	598573	829496	100	90	1.36943	0.998855	52	51.9	0	448	1615	1.16821	0.913058	1694
32	1.45055e+006	894	666371	780322	100	90	1.07452	0.998855	52	51.9	0	448	1615	1.10753	0.815015	1694
33	1.43912e+006	777	691422	743694	100	90	0.878586	0.998855	52	51.9	0	448	1615	1.08406	0.770151	1694
34	1.37877e+006	674	682295	692800	100	90	0.961421	0.998855	52	51.9	0	448	1615	1.09144	0.765387	1694
35	1.32186e+006	750	667792	650886	100	90	1.24421	0.998855	52	51.9	0	448	1615	1.10397	0.78253	1694
36	1.28674e+006	801	663404	623339	100	90	1.5573	0.998855	52	51.9	0	448	1615	1.11431	0.812881	1694
37	890928	895	311129	579799	100	90	2.10883	0.998855	52	51.9	0	448	1615	1.13636	0.850099	1694
38	900892	942	381303	519589	100	90	2.64481	0.998855	52	51.9	0	448	1615	1.15201	0.845789	1694
39	951293	781	449630	501663	100	90	2.78727	0.998855	52	51.9	0	448	1615	1.17791	0.863702	1694
40	924974	639	466617	458357	100	90	2.85807	0.998855	52	51.9	0	448	1615	1.2	0.875874	1694
41	910348	554	475216	435132	100	90	2.92691	0.998855	52	51.9	0	448	1615	1.23267	0.918367	1694
42	826860	477	440188	386672	100	90	2.92473	0.998855	52	51.9	0	448	1615	1.23435	0.933649	1694
43	787136	412	424131	363005	100	90	2.93193	0.998855	52	51.9	0	448	1615	1.22803	0.947222	1694
44	699207	337	379993	319214	100	90	2.86703	0.998855	52	51.9	0	448	1615	1.25128	0.969595	1694
45	643161	297	351071	292090	100	90	2.90052	0.998855	52	51.9	0	448	1615	1.28963	1.01167	1694
46	635979	282	342086	282458	100	90	2.89524	0.998855	52	51.9	0	448	1615	1.30795	1.04167	1694
47	585937	252	310786	256552	100	90	2.88875	0.998855	52	51.9	0	448	1615	1.33588	1.06635	1694
48	561078	229	297464	245155	100	90	2.97396	0.998855	52	51.9	0	448	1615	1.37273	1.10582	1694
49	537263	214	285866	233338	100	90	3.04602	0.998855	52	51.9	0	448	1615	1.37624	1.07386	1694
50	477753	185	254084	208127	100	90	3.11349	0.998855	52	51.9	0	448	1615	1.40491	1.06897	1694
51	403245	160	223065	180180	100	90	3.06298	0.998855	52	51.9	0	448	1615	1.41844	1.06202	1694
52	198594	138	40852.4	157742	100	90	0.0754635	0.998855	52	51.9	184060	448	1615	1.00392	0.765566	1694
53	479576	133	195559	284017	100	90	0.0560369	0.998855	52	51.9	184060	448	1615	1.00275	0.757191	1694
54	789608	120	358513	431095	100	90	0.0565902	0.998855	52	51.9	184060	448	1615	1.00326	0.757904	1694
55	783609	110	366606	417003	100	90	0.0607999	0.998855	52	51.9	184060	448	1615	1.00365	0.778509	1694
56	800869	102	393259	407610	100	90	0.070576	0.998855	52	51.9	184060	448	1615	1.00471	0.781551	1694
57	918753	2859	463758	454995	100	90	1.54104	0.998855	52	51.9	184060	448	1615	1.00619	0.772167	1694
58	1.0272e+006	2531	521936	505261	100	90	1.95147	0.998855	52	51.9	184060	448	1615	1.00918	0.76225	1694
59	1.04283e+006	1934	535590	507238	100	90	1.9899	0.998855	52	51.9	184060	448	1615	1.01002	0.75431	1694
60	779416	1599	274368	505049	100	90	1.97916	0.998855	52	51.9	184060	448	1615	1.13602	0.996222	1694
61	862581	1307	379748	477855	100	90	1.21458	0.998855	52	51.9	0	448	1615	1.06945	0.837238	1694
62	959509	1082	458115	494332	100	90	0.996617	0.998855	52	51.9	0	448	1615	1.05304	0.80971	1694
63	1.05324e+006	881	521624	523981	100	90	0.875729	0.998855	52	51.9	0	448	1615	1.04845	0.799391	1694
64	1.11471e+006	722	560661	547075	100	90	0.885038	0.998855	52	51.9	0	448	1615	1.04942	0.8015	1694
65	1.16056e+006	705	589939	564349	100	90	0.998826	0.998855	52	51.9	0	448	1615	1.05536	0.803953	1694
66	1.17153e+006	1367	605068	566462	100	90	2.01399	0.998855	52	51.9	0	448	1615	1.05872	0.807339	1694
67	1.14178e+006	1279	595489	546289	100	90	2.21752	0.998855	52	51.9	0	448	1615	1.06275	0.803559	1694
68	1.12299e+006	1182	589952	533035	100	90	2.36357	0.998855	52	51.9	0	448	1615	1.0648	0.804899	1694
69	1.07754e+006	992	570136	507404	100	90	2.42735	0.998855	52	51.9	0	448	1615	1.07369	0.811262	1694
70	725669	803	256834	468835	100	90	2.43247	0.998855	52	51.9	0	448	1615	1.08388	0.797419	1694
71	752048	689	324998	427051	100	90	2.56526	0.998855	52	51.9	0	448	1615	1.08839	0.821321	1694
72	774305	597	377071	397233	100	90	2.71421	0.998855	52	51.9	0	448	1615	1.10485	0.833043	1694
73	774891	538	399090	375801	100	90	2.78934	0.998855	52	51.9	0	448	1615	1.11792	0.853229	1694
74	719939	474	380481	339458	100	90	2.83265	0.998855	52	51.9	0	448	1615	1.14	0.875566	1694
75	694187	429	371321	322866	100	90	2.78943	0.998855	52	51.9	0	448	1615	1.16097	0.892768	1694
76	635448	374	336388	289262	100	90	2.79137	0.998855	52	51.9	0	448	1615	1.17689	0.919075	1694
77	601714	333	315946	269750	100	90	2.76535	0.998855	52	51.9	0	448	1615	1.19312	0.925325	1694
78	600215	318	315931	267925	100	90	2.80345	0.998855	52	51.9	0	448	1615	1.20228	0.917526	1694
79	548894	282	290134	243394	100	90	2.80687	0.998855	52	51.9	0	448	1615	1.20065	0.913386	1694
80	507214	251	269024	224630	100	90	2.79568	0.998855	52	51.9	0	448	1615	1.21324	0.949772	1694
81	435024	214	238285	196739	100	90	2.81938	0.998855	52	51.9	0	448	1615	1.22707	0.946809	1694
82	239551	207	46774	192777	100	90	0.0949192	0.998855	52	51.9	199492	448	1615	1.00326	0.714413	1694
83	557572	188	225134	332438	100	90	0.0702866	0.998855	52	51.9	199492	448	1615	1.00227	0.710058	1694
84	811746	182	361081	450665	100	90	0.0745292	0.998855	52	51.9	199492	448	1615	1.00256	0.730564	1694
85	764541	165	357055	407486	100	90	0.079167	0.998855	52	51.9	199492	448	1615	1.00291	0.766105	1694
86	809766	142	404462	405304	100	90	0.0887437	0.998855	52	51.9	199492	448	1615	1.00358	0.776579	1694
87	936639	2956	477300	459339	100	90	1.41078	0.998855	52	51.9	199492	448	1615	1.00509	0.772821	1694
88	1.01725e+006	2446	521391	495857	100	90	1.72458	0.998855	52	51.9	199492	448	1615	1.00831	0.765313	1694
89	1.05019e+006	1984	543164	507030	100	90	1.79301	0.998855	52	51.9	199492	448	1615	1.01119	0.764973	1694
90	780117	1706	275778	504339	100	90	1.83316	0.998855	51	51.9	199492	448	1615	1.11467	0.953365	1694
