Time	totMass	NInd	abovemass	belowmass	mean_ares	mean_bres	shannon	meanShannon	NPFT	meanNPFT	Cutted	NNonClonal	NClonal	mean_generation	mean_genet_size	NGenets
1	594.6	0	297.3	297.3	100	90	0	0.773323	52	51.7	0	474	1877	1	0.756953	2014
2	17615.3	0	8556.65	9058.62	100	90	0	0.773323	52	51.7	0	474	1877	1	0.769492	2014
3	79400.2	0	42424.6	36975.6	100	90	0	0.773323	52	51.7	0	474	1877	1	0.772388	2014
4	234124	0	124507	109617	100	90	0	0.773323	52	51.7	0	474	1877	1	0.768934	2014
5	501984	0	266120	235863	100	90	0	0.773323	52	51.7	0	474	1877	1.00078	0.768185	2014
6	827631	773	438387	389244	100	90	2.69434	0.773323	52	51.7	0	474	1877	1.00474	0.769424	2014
7	1.11289e+006	1012	592729	520161	100	90	3.3118	0.773323	52	51.7	0	474	1877	1.01513	0.780249	2014
8	1.32388e+006	1047	709807	614075	100	90	3.38571	0.773323	52	51.7	0	474	1877	1.03306	0.798472	2014
9	1.47159e+006	977	793748	677847	100	90	3.22492	0.773323	52	51.7	0	474	1877	1.04266	0.806748	2014
10	1.56703e+006	928	848646	718389	100	90	3.13116	0.773323	52	51.7	0	474	1877	1.05579	0.825806	2014
11	1.63848e+006	895	890606	747878	100	90	3.10048	0.773323	52	51.7	0	474	1877	1.07048	0.845465	2014
12	1.68421e+006	859	917528	766679	100	90	3.0767	0.773323	52	51.7	0	474	1877	1.08611	0.863529	2014
13	1.71638e+006	837	937619	778758	100	90	3.0994	0.773323	52	51.7	0	474	1877	1.10166	0.877751	2014
14	1.74666e+006	820	956694	789961	100	90	3.09977	0.773323	52	51.7	0	474	1877	1.11687	0.886792	2014
15	1.76852e+006	814	970338	798180	100	90	3.11197	0.773323	52	51.7	0	474	1877	1.13158	0.911311	2014
16	1.79872e+006	802	974837	798091	100	90	3.14272	0.773323	52	51.7	0	474	1877	1.13567	0.9159	2014
17	1.83037e+006	794	979762	800649	100	90	3.14688	0.773323	52	51.7	0	474	1877	1.1459	0.923695	2014
18	1.85173e+006	795	988918	807636	100	90	3.24386	0.773323	52	51.7	0	474	1877	1.14554	0.916103	2014
19	1.86868e+006	793	999868	812949	100	90	3.31532	0.773323	52	51.7	0	474	1877	1.1451	0.90522	2014
20	1.87683e+006	793	1.0058e+006	816020	100	90	3.38172	0.773323	52	51.7	0	474	1877	1.15356	0.902778	2014
21	1.83544e+006	791	1.01456e+006	820884	100	90	3.43376	0.773323	52	51.7	0	474	1877	1.15561	0.905634	2014
22	1.84132e+006	788	1.01918e+006	822144	100	90	1.47517	0.773323	52	51.7	0	474	1877	1.05417	0.785286	2014
23	1.8665e+006	784	1.03043e+006	836067	100	90	1.47289	0.773323	52	51.7	0	474	1877	1.05647	0.782905	2014
24	1.87831e+006	773	1.03521e+006	843098	100	90	1.4663	0.773323	52	51.7	0	474	1877	1.05833	0.79677	2014
25	1.88505e+006	765	1.03959e+006	845451	100	90	1.55807	0.773323	52	51.7	0	474	1877	1.06971	0.825868	2014
26	1.88367e+006	757	1.03971e+006	843959	100	90	1.6875	0.773323	52	51.7	0	474	1877	1.08891	0.85401	2014
27	1.88145e+006	1274	1.03909e+006	842359	100	90	2.78444	0.773323	52	51.7	0	474	1877	1.10596	0.877373	2014
28	1.90227e+006	1176	1.04988e+006	852394	100	90	2.83731	0.773323	52	51.7	0	474	1877	1.12385	0.892635	2014
29	1.93655e+006	1130	1.06829e+006	868256	100	90	2.91539	0.773323	52	51.7	0	474	1877	1.14906	0.911597	2014
30	1.43116e+006	1093	545048	886107	100	90	2.33795	0.773323	52	51.7	0	474	1877	1.50431	1.50101	2014
31	1.47062e+006	972	651500	816801	100	90	1.3133	0.773323	52	51.7	0	474	1877	1.16316	0.904373	2014
32	1.4948e+006	855	706670	784266	100	90	1.04655	0.773323	52	51.7	0	474	1877	1.10278	0.834879	2014
33	1.48124e+006	748	723118	754247	100	90	0.907608	0.773323	52	51.7	0	474	1877	1.08928	0.805569	2014
34	1.46538e+006	654	730179	731784	100	90	0.984543	0.773323	52	51.7	0	474	1877	1.10042	0.811686	2014
35	1.38171e+006	727	702506	676115	100	90	1.30399	0.773323	52	51.7	0	474	1877	1.11665	0.841589	2014
36	1.31229e+006	708	680550	631742	100	90	1.64049	0.773323	52	51.7	0	474	1877	1.1477	0.872287	2014
37	1.29591e+006	797	681388	614524	100	90	2.05308	0.773323	52	51.7	0	474	1877	1.15568	0.883648	2014
38	1.22049e+006	881	649463	571030	100	90	2.58121	0.773323	52	51.7	0	474	1877	1.17409	0.882653	2014
39	1.19302e+006	720	641548	551476	100	90	2.63048	0.773323	52	51.7	0	474	1877	1.19814	0.902669	2014
40	1.07972e+006	556	585770	493952	100	90	2.66905	0.773323	52	51.7	0	474	1877	1.23329	0.952183	2014
41	1.03176e+006	489	563587	468169	100	90	2.75665	0.773323	52	51.7	0	474	1877	1.25427	0.992891	2014
42	957759	417	525877	431882	100	90	2.75034	0.773323	52	51.7	0	474	1877	1.26775	0.988981	2014
43	895755	368	494516	401239	100	90	2.76289	0.773323	52	51.7	0	474	1877	1.29787	1.02188	2014
44	840162	336	465346	374816	100	90	2.82791	0.773323	52	51.7	0	474	1877	1.35754	1.06574	2014
45	767688	289	426046	341642	100	90	2.81168	0.773323	52	51.7	0	474	1877	1.42568	1.15226	2014
46	717212	264	391729	313464	100	90	2.85737	0.773323	52	51.7	0	474	1877	1.44061	1.17195	2014
47	663153	231	357336	285510	100	90	2.88005	0.773323	52	51.7	0	474	1877	1.43304	1.1701	2014
48	619255	207	335058	264032	100	90	2.91752	0.773323	52	51.7	0	474	1877	1.41709	1.14535	2014
49	604469	201	328288	256580	100	90	2.96279	0.773323	52	51.7	0	474	1877	1.43478	1.16875	2014
50	577449	189	313202	246132	100	90	3.00748	0.773323	52	51.7	0	474	1877	1.44048	1.15436	2014
51	530727	179	296465	234262	100	90	3.04851	0.773323	52	51.7	0	474	1877	1.44872	1.14286	2014
52	270568	168	42582.8	227985	100	90	0.103195	0.773323	52	51.7	260926	474	1877	1.00601	0.808973	2014
53	517117	163	185504	331614	100	90	0.0713029	0.773323	52	51.7	260926	474	1877	1.00385	0.809194	2014
54	792460	137	340964	451495	100	90	0.06839	0.773323	52	51.7	260926	474	1877	1.00424	0.812438	2014
55	797271	107	365665	431605	100	90	0.0630062	0.773323	52	51.7	260926	474	1877	1.00435	0.821208	2014
56	809544	92	393198	416346	100	90	0.0676008	0.773323	52	51.7	260926	474	1877	1.00498	0.826748	2014
57	933144	2425	469260	463884	100	90	1.39299	0.773323	52	51.7	260926	474	1877	1.00651	0.826839	2014
58	1.02128e+006	2276	521140	500142	100	90	1.7923	0.773323	52	51.7	260926	474	1877	1.00835	0.819439	2014
59	1.04905e+006	1789	540567	508487	100	90	1.87765	0.773323	51	51.7	260926	474	1877	1.00994	0.81281	2014
60	776276	1502	273803	502473	100	90	1.95095	0.773323	51	51.7	260926	474	1877	1.15371	1.08272	2014
61	860385	1240	377219	477906	100	90	1.17074	0.773323	52	51.7	0	474	1877	1.06975	0.892721	2014
62	973597	1056	464148	501743	100	90	0.985835	0.773323	52	51.7	0	474	1877	1.05336	0.863556	2014
63	1.05712e+006	881	525996	522746	100	90	0.92538	0.773323	52	51.7	0	474	1877	1.05082	0.845489	2014
64	1.14151e+006	771	579993	553356	100	90	1.0098	0.773323	52	51.7	0	474	1877	1.0571	0.837371	2014
65	1.14224e+006	719	587477	547878	100	90	1.11387	0.773323	52	51.7	0	474	1877	1.0601	0.835109	2014
66	1.12733e+006	1235	589108	538225	100	90	2.06041	0.773323	52	51.7	0	474	1877	1.05927	0.822943	2014
67	1.12944e+006	1166	595951	533489	100	90	2.25628	0.773323	52	51.7	0	474	1877	1.06165	0.820954	2014
68	1.09984e+006	1054	585126	514717	100	90	2.40143	0.773323	52	51.7	0	474	1877	1.06659	0.828402	2014
69	1.0845e+006	911	582116	502387	100	90	2.4632	0.773323	52	51.7	0	474	1877	1.08172	0.8379	2014
70	1.05207e+006	799	567421	484653	100	90	2.50404	0.773323	52	51.7	0	474	1877	1.08384	0.83225	2014
71	986006	678	534826	451180	100	90	2.56936	0.773323	52	51.7	0	474	1877	1.09632	0.842508	2014
72	931254	589	507578	423676	100	90	2.60383	0.773323	52	51.7	0	474	1877	1.11429	0.857645	2014
73	878489	515	479406	399083	100	90	2.60407	0.773323	52	51.7	0	474	1877	1.14506	0.90101	2014
74	861291	481	471088	390203	100	90	2.67344	0.773323	52	51.7	0	474	1877	1.15625	0.913607	2014
75	808127	421	443238	364889	100	90	2.61448	0.773323	52	51.7	0	474	1877	1.17682	0.928218	2014
76	757681	385	412045	334693	100	90	2.63558	0.773323	52	51.7	0	474	1877	1.19426	0.952909	2014
77	704324	353	378127	307799	100	90	2.63093	0.773323	52	51.7	0	474	1877	1.20197	0.975535	2014
78	652241	309	349487	284097	100	90	2.71435	0.773323	52	51.7	0	474	1877	1.21791	0.968198	2014
79	641862	289	343928	279389	100	90	2.76994	0.773323	52	51.7	0	474	1877	1.22623	0.958015	2014
80	589008	259	316469	255691	100	90	2.83003	0.773323	52	51.7	0	474	1877	1.24151	0.939914	2014
81	551857	247	306225	245632	100	90	2.86641	0.773323	52	51.7	0	474	1877	1.23695	0.923077	2014
82	285649	233	47048.6	238601	100	90	0.10975	0.773323	52	51.7	264829	474	1877	1.00353	0.752667	2014
83	591735	209	222939	368796	100	90	0.0760903	0.773323	52	51.7	264829	474	1877	1.00254	0.74718	2014
84	827445	189	359175	468269	100	90	0.0764257	0.773323	52	51.7	264829	474	1877	1.00267	0.76752	2014
85	772770	162	355317	417452	100	90	0.078219	0.773323	52	51.7	264829	474	1877	1.00301	0.786914	2014
86	846983	152	416813	430170	100	90	0.0984462	0.773323	52	51.7	264829	474	1877	1.00324	0.786862	2014
87	965224	2794	488341	476883	100	90	1.35154	0.773323	52	51.7	264829	474	1877	1.00387	0.785829	2014
88	1.02473e+006	2406	523864	500868	100	90	1.65696	0.773323	52	51.7	264829	474	1877	1.00558	0.782822	2014
89	1.03821e+006	1846	537479	500731	100	90	1.69322	0.773323	52	51.7	264829	474	1877	1.00867	0.776645	2014
90	765143	1630	271671	493472	100	90	1.77315	0.773323	49	51.7	264829	474	1877	1.11645	0.971692	2014
91	878874	1362	388050	483975	100	90	0.951274	0.773323	52	51.7	0	474	1877	1.04728	0.821603	2014
92	976532	1117	469973	496666	100	90	0.782951	0.773323	52	51.7	0	474	1877	1.03351	0.803106	2014
93	1.09132e+006	954	544554	535493	100	90	0.745718	0.773323	52	51.7	0	474	1877	1.03353	0.799744	2014
94	1.15074e+006	813	583204	557260	100	90	0.792783	0.773323	52	51.7	0	474	1877	1.03927	0.804928	2014
95	1.14705e+006	758	588788	549600	100	90	0.89232	0.773323	52	51.7	0	474	1877	1.04763	0.81068	2014
96	1.15605e+006	1424	605624	550423	100	90	1.71948	0.773323	52	51.7	0	474	1877	1.04881	0.81307	2014
97	1.12918e+006	1298	597342	531836	100	90	1.87507	0.773323	52	51.7	0	474	1877	1.05272	0.809555	2014
98	1.12864e+006	1254	601634	527010	100	90	2.05911	0.773323	52	51.7	0	474	1877	1.05663	0.815961	2014
99	1.07942e+006	1027	578874	500551	100	90	2.15744	0.773323	52	51.7	0	474	1877	1.06412	0.815553	2014
100	1.04479e+006	886	563294	481494	100	90	2.21706	0.773323	52	51.7	0	474	1877	1.07394	0.817341	2014
101	680561	742	250193	430368	100	90	2.3134	0.773323	52	51.7	0	474	1877	1.08801	0.82296	2014
102	731114	658	322873	408240	100	90	2.43148	0.773323	52	51.7	0	474	1877	1.11256	0.840694	2014
103	785697	613	387068	398629	100	90	2.47023	0.773323	52	51.7	0	474	1877	1.1255	0.847199	2014
104	745253	522	386212	359041	100	90	2.54706	0.773323	52	51.7	0	474	1877	1.14521	0.8833	2014
105	724549	474	384091	340458	100	90	2.64281	0.773323	52	51.7	0	474	1877	1.16667	0.901124	2014
106	686830	422	363232	314467	100	90	2.63915	0.773323	52	51.7	0	474	1877	1.18985	0.91206	2014
107	646273	384	340772	290324	100	90	2.64345	0.773323	52	51.7	0	474	1877	1.20741	0.946779	2014
108	594629	341	314804	265542	100	90	2.69775	0.773323	52	51.7	0	474	1877	1.2219	0.936508	2014
109	580868	321	309192	257894	100	90	2.7138	0.773323	52	51.7	0	474	1877	1.24149	0.955782	2014
110	535540	282	287233	236061	100	90	2.73202	0.773323	52	51.7	0	474	1877	1.24296	0.94902	2014
111	478442	255	264047	214395	100	90	2.76911	0.773323	52	51.7	0	474	1877	1.28395	0.977273	2014
112	257931	240	46200.4	211730	100	90	0.0997536	0.773323	52	51.7	225211	474	1877	1.00419	0.686301	2014
113	584891	202	230944	353947	100	90	0.06934	0.773323	52	51.7	225211	474	1877	1.00307	0.688519	2014
114	797344	185	350461	446883	100	90	0.0706333	0.773323	52	51.7	225211	474	1877	1.00345	0.712986	2014
115	744982	168	345540	399442	100	90	0.0751034	0.773323	52	51.7	225211	474	1877	1.00379	0.759692	2014
116	851932	146	422630	429303	100	90	0.0874432	0.773323	52	51.7	225211	474	1877	1.00451	0.771107	2014
117	992776	3218	501431	491345	100	90	1.3626	0.773323	52	51.7	225211	474	1877	1.00648	0.779668	2014
118	1.0535e+006	2684	536296	517204	100	90	1.61877	0.773323	52	51.7	225211	474	1877	1.00863	0.779742	2014
119	1.07579e+006	2152	554898	520889	100	90	1.62487	0.773323	52	51.7	225211	474	1877	1.01097	0.778234	2014
120	798172	1841	282386	515786	100	90	1.66533	0.773323	50	51.7	225211	474	1877	1.10615	0.96978	2014
121	897264	1526	392897	496068	100	90	0.966929	0.773323	52	51.7	0	474	1877	1.04658	0.767477	2014
122	1.00917e+006	1262	481417	516222	100	90	0.782974	0.773323	52	51.7	0	474	1877	1.03513	0.741459	2014
123	1.11749e+006	1056	553965	550652	100	90	0.722665	0.773323	52	51.7	0	474	1877	1.0312	0.725025	2014
124	1.19264e+006	908	601156	579381	100	90	0.771686	0.773323	52	51.7	0	474	1877	1.03696	0.736153	2014
125	1.1859e+006	857	606657	568608	100	90	0.886665	0.773323	52	51.7	0	474	1877	1.04271	0.756166	2014
126	1.16987e+006	1593	611510	558358	100	90	1.5992	0.773323	52	51.7	0	474	1877	1.04126	0.765514	2014
127	1.14333e+006	1489	603042	540290	100	90	1.73487	0.773323	52	51.7	0	474	1877	1.04167	0.766148	2014
128	1.13158e+006	1378	602456	529123	100	90	1.89245	0.773323	52	51.7	0	474	1877	1.03992	0.769288	2014
129	1.06262e+006	1126	569921	492697	100	90	2.00832	0.773323	52	51.7	0	474	1877	1.05057	0.783439	2014
130	1.01008e+006	945	545065	465018	100	90	2.0777	0.773323	52	51.7	0	474	1877	1.05674	0.783224	2014
131	980613	847	529914	450699	100	90	2.13107	0.773323	52	51.7	0	474	1877	1.06767	0.8	2014
132	907374	723	491862	415512	100	90	2.18223	0.773323	52	51.7	0	474	1877	1.08033	0.813486	2014
133	891371	680	484293	407078	100	90	2.25743	0.773323	52	51.7	0	474	1877	1.08741	0.821374	2014
134	827456	613	450788	376668	100	90	2.28729	0.773323	52	51.7	0	474	1877	1.10414	0.83871	2014
135	784091	557	427238	356854	100	90	2.35278	0.773323	52	51.7	0	474	1877	1.12635	0.849906	2014
136	703216	475	380080	315056	100	90	2.35575	0.773323	52	51.7	0	474	1877	1.15356	0.85558	2014
137	642568	427	344418	284973	100	90	2.4279	0.773323	52	51.7	0	474	1877	1.15645	0.839901	2014
138	603412	383	323117	267490	100	90	2.44911	0.773323	52	51.7	0	474	1877	1.16465	0.858726	2014
139	585710	364	313446	259046	100	90	2.52753	0.773323	52	51.7	0	474	1877	1.1618	0.85044	2014
140	547406	338	294278	241549	100	90	2.55182	0.773323	52	51.7	0	474	1877	1.17201	0.853503	2014
141	491465	296	270221	221244	100	90	2.62206	0.773323	52	51.7	0	474	1877	1.17747	0.868132	2014
142	261225	279	48695.8	212529	100	90	0.108298	0.773323	52	51.7	228698	474	1877	1.00311	0.677158	2014
143	612215	261	246387	365828	100	90	0.0840277	0.773323	51	51.7	228698	474	1877	1.00234	0.674807	2014
144	812787	251	362119	450668	100	90	0.0877249	0.773323	51	51.7	228698	474	1877	1.0027	0.70445	2014
145	769426	231	361900	407526	100	90	0.0947541	0.773323	51	51.7	228698	474	1877	1.00316	0.741255	2014
146	862905	204	431302	431603	100	90	0.113659	0.773323	51	51.7	228698	474	1877	1.0042	0.746203	2014
147	991974	3127	504369	487605	100	90	1.29844	0.773323	51	51.7	228698	474	1877	1.00587	0.748214	2014
148	1.03591e+006	2563	530460	505447	100	90	1.53842	0.773323	51	51.7	228698	474	1877	1.00873	0.752883	2014
149	1.05308e+006	2016	545322	507755	100	90	1.57648	0.773323	51	51.7	228698	474	1877	1.01141	0.754709	2014
150	776770	1718	275996	500774	100	90	1.64475	0.773323	48	51.7	228698	474	1877	1.1172	0.945358	2014
151	861782	1402	379807	474030	100	90	0.815742	0.773323	52	51.7	0	474	1877	1.0424	0.724621	2014
152	977978	1172	468394	498308	100	90	0.644297	0.773323	52	51.7	0	474	1877	1.02888	0.712607	2014
153	1.10698e+006	991	547118	547103	100	90	0.604959	0.773323	52	51.7	0	474	1877	1.02804	0.709388	2014
154	1.11566e+006	803	560148	544008	100	90	0.612024	0.773323	52	51.7	0	474	1877	1.02973	0.722346	2014
155	1.11433e+006	752	569482	534937	100	90	0.68675	0.773323	52	51.7	0	474	1877	1.0314	0.744019	2014
156	1.09344e+006	1624	572170	521271	100	90	1.4242	0.773323	52	51.7	0	474	1877	1.0356	0.749363	2014
157	1.08439e+006	1475	573266	511124	100	90	1.56762	0.773323	52	51.7	0	474	1877	1.03859	0.752688	2014
158	1.08591e+006	1481	578372	507535	100	90	1.83108	0.773323	52	51.7	0	474	1877	1.04244	0.750693	2014
159	1.03688e+006	1210	555248	481636	100	90	1.93147	0.773323	52	51.7	0	474	1877	1.04273	0.740271	2014
160	993445	993	535606	457838	100	90	1.98636	0.773323	52	51.7	0	474	1877	1.04473	0.741736	2014
161	940062	846	509778	430284	100	90	2.06538	0.773323	52	51.7	0	474	1877	1.05184	0.735826	2014
162	920927	773	500961	419966	100	90	2.12401	0.773323	52	51.7	0	474	1877	1.06017	0.735178	2014
163	627762	691	233333	394429	100	90	2.20798	0.773323	52	51.7	0	474	1877	1.06787	0.746291	2014
164	641912	598	285466	356447	100	90	2.28229	0.773323	52	51.7	0	474	1877	1.09001	0.771478	2014
165	648727	537	321576	327151	100	90	2.32764	0.773323	52	51.7	0	474	1877	1.10066	0.769674	2014
166	641949	485	330311	304223	100	90	2.3419	0.773323	52	51.7	0	474	1877	1.11402	0.782979	2014
167	609643	432	317777	279799	100	90	2.34925	0.773323	52	51.7	0	474	1877	1.14903	0.83293	2014
168	577436	397	304925	260153	100	90	2.41831	0.773323	52	51.7	0	474	1877	1.13976	0.813158	2014
169	533143	351	282995	238485	100	90	2.43379	0.773323	52	51.7	0	474	1877	1.1532	0.822289	2014
170	512680	328	273677	228207	100	90	2.44214	0.773323	52	51.7	0	474	1877	1.14759	0.838188	2014
171	448600	295	245777	202823	100	90	2.40796	0.773323	52	51.7	0	474	1877	1.16271	0.84058	2014
172	229792	266	42151	187641	100	90	0.0973229	0.773323	52	51.7	206534	474	1877	1.00256	0.679535	2014
173	582760	238	240064	342696	100	90	0.0735721	0.773323	52	51.7	206534	474	1877	1.00206	0.67535	2014
174	789757	216	358556	431200	100	90	0.072855	0.773323	52	51.7	206534	474	1877	1.00222	0.697672	2014
175	752501	204	358465	394036	100	90	0.0784363	0.773323	51	51.7	206534	474	1877	1.00246	0.733164	2014
176	848438	186	426654	421784	100	90	0.0938205	0.773323	51	51.7	206534	474	1877	1.00341	0.742938	2014
177	963368	3278	492293	471075	100	90	1.21326	0.773323	51	51.7	206534	474	1877	1.00469	0.750048	2014
178	1.05566e+006	2795	542569	513087	100	90	1.44259	0.773323	51	51.7	206534	474	1877	1.00652	0.756098	2014
179	1.09081e+006	2239	565534	525271	100	90	1.4671	0.773323	51	51.7	206534	474	1877	1.00923	0.753629	2014
180	816308	1978	289948	526360	100	90	1.55579	0.773323	49	51.7	206534	474	1877	1.09718	0.921469	2014
181	897929	1592	394877	494873	100	90	0.915228	0.773323	52	51.7	0	474	1877	1.04677	0.741947	2014
182	1.03946e+006	1364	495900	531139	100	90	0.764018	0.773323	52	51.7	0	474	1877	1.03739	0.725693	2014
183	1.1337e+006	1109	560656	559890	100	90	0.701695	0.773323	52	51.7	0	474	1877	1.03558	0.720756	2014
184	1.16517e+006	909	586414	566869	100	90	0.720157	0.773323	52	51.7	0	474	1877	1.03669	0.728787	2014
185	1.15612e+006	843	591387	554360	100	90	0.798388	0.773323	52	51.7	0	474	1877	1.0391	0.742561	2014
186	1.15403e+006	1620	604719	549315	100	90	1.49591	0.773323	52	51.7	0	474	1877	1.03866	0.752857	2014
187	1.15199e+006	1514	609232	542755	100	90	1.69337	0.773323	52	51.7	0	474	1877	1.04444	0.736777	2014
188	1.12296e+006	1363	597871	525091	100	90	1.82861	0.773323	52	51.7	0	474	1877	1.05004	0.737199	2014
189	1.06754e+006	1134	572028	495513	100	90	1.94855	0.773323	52	51.7	0	474	1877	1.05872	0.73297	2014
190	986142	939	531557	454585	100	90	2.0112	0.773323	52	51.7	0	474	1877	1.06378	0.736553	2014
191	955469	832	516864	438604	100	90	2.09954	0.773323	52	51.7	0	474	1877	1.06975	0.73913	2014
192	931489	763	505032	426457	100	90	2.15851	0.773323	52	51.7	0	474	1877	1.07261	0.737838	2014
193	878343	698	477834	400508	100	90	2.23682	0.773323	52	51.7	0	474	1877	1.07536	0.735598	2014
194	812850	620	443520	369329	100	90	2.28279	0.773323	52	51.7	0	474	1877	1.08403	0.733884	2014
195	748851	550	408899	339952	100	90	2.34756	0.773323	52	51.7	0	474	1877	1.08388	0.729323	2014
196	685379	476	370274	306776	100	90	2.33005	0.773323	52	51.7	0	474	1877	1.10192	0.75594	2014
197	640123	432	342906	284199	100	90	2.40042	0.773323	52	51.7	0	474	1877	1.0967	0.767386	2014
198	584739	382	313242	258906	100	90	2.4315	0.773323	52	51.7	0	474	1877	1.09726	0.767568	2014
199	530118	341	284085	234529	100	90	2.44122	0.773323	52	51.7	0	474	1877	1.09831	0.751497	2014
200	504389	311	270312	223248	100	90	2.4579	0.773323	52	51.7	0	474	1877	1.10494	0.744262	2014
201	452953	289	248771	204182	100	90	2.50879	0.773323	52	51.7	0	474	1877	1.09831	0.74552	2014
202	227992	257	41586.6	186406	100	90	0.0973904	0.773323	52	51.7	210235	474	1877	1.00187	0.636349	2014
203	578215	230	237649	340567	100	90	0.071572	0.773323	52	51.7	210235	474	1877	1.00133	0.632888	2014
204	771658	188	351335	420323	100	90	0.0641178	0.773323	52	51.7	210235	474	1877	1.00112	0.664028	2014
205	733868	178	351208	382660	100	90	0.0696888	0.773323	52	51.7	210235	474	1877	1.00114	0.706254	2014
206	837705	162	422822	414882	100	90	0.0863958	0.773323	52	51.7	210235	474	1877	1.00152	0.717349	2014
207	965847	3164	494355	471492	100	90	1.19788	0.773323	52	51.7	210235	474	1877	1.00238	0.721607	2014
208	1.01861e+006	2687	524835	493778	100	90	1.42331	0.773323	52	51.7	210235	474	1877	1.00358	0.736921	2014
209	1.01998e+006	2102	531776	488206	100	90	1.45913	0.773323	52	51.7	210235	474	1877	1.00386	0.727005	2014
210	773674	1864	277544	496130	100	90	1.54736	0.773323	51	51.7	210235	474	1877	1.08738	0.875603	2014
211	876335	1534	389197	478844	100	90	0.855723	0.773323	52	51.7	0	474	1877	1.03675	0.707261	2014
212	1.04395e+006	1360	500842	530439	100	90	0.729367	0.773323	52	51.7	0	474	1877	1.02872	0.695553	2014
213	1.14587e+006	1141	567450	564455	100	90	0.693848	0.773323	52	51.7	0	474	1877	1.02829	0.700174	2014
214	1.21288e+006	990	611745	588152	100	90	0.744393	0.773323	52	51.7	0	474	1877	1.03032	0.726677	2014
215	1.18353e+006	917	606961	565643	100	90	0.831421	0.773323	52	51.7	0	474	1877	1.03246	0.740804	2014
216	1.15856e+006	1669	606991	551573	100	90	1.47178	0.773323	52	51.7	0	474	1877	1.03194	0.734375	2014
217	1.14913e+006	1610	608325	540808	100	90	1.68798	0.773323	52	51.7	0	474	1877	1.03512	0.731039	2014
218	1.10624e+006	1410	590471	515769	100	90	1.8218	0.773323	52	51.7	0	474	1877	1.03765	0.730825	2014
219	1.05416e+006	1171	566903	487254	100	90	1.91417	0.773323	52	51.7	0	474	1877	1.04002	0.717259	2014
220	1.01293e+006	1000	548755	464180	100	90	2.01266	0.773323	52	51.7	0	474	1877	1.04155	0.717325	2014
221	943186	864	512880	430306	100	90	2.04318	0.773323	52	51.7	0	474	1877	1.04983	0.724706	2014
222	877301	746	478648	398653	100	90	2.11715	0.773323	52	51.7	0	474	1877	1.0612	0.735054	2014
223	821566	660	448953	372613	100	90	2.19607	0.773323	52	51.7	0	474	1877	1.06404	0.74114	2014
224	798765	614	437182	361582	100	90	2.26763	0.773323	52	51.7	0	474	1877	1.07123	0.739203	2014
225	729661	537	399673	329987	100	90	2.29288	0.773323	52	51.7	0	474	1877	1.0821	0.751423	2014
226	681944	492	369543	304125	100	90	2.2934	0.773323	52	51.7	0	474	1877	1.10741	0.784067	2014
227	635149	447	340787	280836	100	90	2.32143	0.773323	52	51.7	0	474	1877	1.1308	0.795349	2014
228	604792	415	324461	267065	100	90	2.38519	0.773323	52	51.7	0	474	1877	1.12121	0.788413	2014
229	542644	361	291506	239180	100	90	2.40196	0.773323	52	51.7	0	474	1877	1.1405	0.803519	2014
230	485301	314	261127	213489	100	90	2.42725	0.773323	52	51.7	0	474	1877	1.15161	0.804795	2014
231	445653	291	245524	200129	100	90	2.41641	0.773323	52	51.7	0	474	1877	1.15734	0.797753	2014
232	233094	268	42911.4	190183	100	90	0.095333	0.773323	52	51.7	207353	474	1877	1.00244	0.675264	2014
233	617291	263	251482	365809	100	90	0.0798232	0.773323	52	51.7	207353	474	1877	1.00206	0.66975	2014
234	811093	237	365080	446013	100	90	0.0783088	0.773323	52	51.7	207353	474	1877	1.00224	0.696001	2014
235	760331	217	360066	400265	100	90	0.0844217	0.773323	52	51.7	207353	474	1877	1.00234	0.740127	2014
236	875819	202	439294	436525	100	90	0.104041	0.773323	52	51.7	207353	474	1877	1.00329	0.744192	2014
237	1.00335e+006	3243	510534	492819	100	90	1.2113	0.773323	52	51.7	207353	474	1877	1.00443	0.753011	2014
238	1.02544e+006	2613	525989	499452	100	90	1.389	0.773323	52	51.7	207353	474	1877	1.00618	0.762787	2014
239	1.00551e+006	2041	521853	483659	100	90	1.41604	0.773323	51	51.7	207353	474	1877	1.00829	0.760492	2014
240	745689	1787	265711	479979	100	90	1.49929	0.773323	47	51.7	207353	474	1877	1.09137	0.917234	2014
241	852356	1483	377088	466881	100	90	0.782933	0.773323	52	51.7	0	474	1877	1.03516	0.727495	2014
242	975765	1226	466308	497970	100	90	0.633716	0.773323	52	51.7	0	474	1877	1.02713	0.712533	2014
243	1.07756e+006	969	531909	533661	100	90	0.565833	0.773323	52	51.7	0	474	1877	1.02516	0.716881	2014
244	1.13698e+006	840	570539	555158	100	90	0.609435	0.773323	52	51.7	0	474	1877	1.02896	0.736421	2014
245	1.12977e+006	802	577145	542423	100	90	0.683462	0.773323	52	51.7	0	474	1877	1.03113	0.757528	2014
246	1.14054e+006	1814	596842	543697	100	90	1.43824	0.773323	52	51.7	0	474	1877	1.03374	0.754685	2014
247	1.15155e+006	1652	607370	544184	100	90	1.59531	0.773323	52	51.7	0	474	1877	1.03954	0.749862	2014
248	1.15238e+006	1535	612617	539760	100	90	1.77393	0.773323	52	51.7	0	474	1877	1.04508	0.754856	2014
249	1.10192e+006	1291	589914	512008	100	90	1.89913	0.773323	52	51.7	0	474	1877	1.04652	0.757528	2014
250	1.04051e+006	1089	560426	480081	100	90	1.94813	0.773323	52	51.7	0	474	1877	1.04741	0.75985	2014
251	997397	937	539605	457792	100	90	2.00001	0.773323	52	51.7	0	474	1877	1.05833	0.755169	2014
252	894851	780	486001	408849	100	90	2.08718	0.773323	52	51.7	0	474	1877	1.07426	0.757536	2014
253	845051	694	460761	384290	100	90	2.13962	0.773323	52	51.7	0	474	1877	1.0778	0.751471	2014
254	775586	607	424162	351424	100	90	2.21216	0.773323	52	51.7	0	474	1877	1.09306	0.766779	2014
255	716707	532	393014	323693	100	90	2.27799	0.773323	52	51.7	0	474	1877	1.1196	0.795367	2014
256	688791	490	373426	307063	100	90	2.3125	0.773323	52	51.7	0	474	1877	1.11852	0.792017	2014
257	647582	440	347941	286031	100	90	2.29535	0.773323	52	51.7	0	474	1877	1.12784	0.784038	2014
258	558811	370	301333	245788	100	90	2.28115	0.773323	52	51.7	0	474	1877	1.13151	0.793296	2014
259	520955	337	281103	228738	100	90	2.28156	0.773323	52	51.7	0	474	1877	1.14641	0.798762	2014
260	479928	305	259066	211064	100	90	2.29903	0.773323	52	51.7	0	474	1877	1.16772	0.821053	2014
261	453258	289	249790	203469	100	90	2.33798	0.773323	52	51.7	0	474	1877	1.16327	0.823308	2014
262	231725	262	41338.8	190386	100	90	0.0970238	0.773323	52	51.7	210808	474	1877	1.00245	0.669624	2014
263	585294	243	238381	346913	100	90	0.075911	0.773323	52	51.7	210808	474	1877	1.00198	0.663465	2014
264	806721	229	363755	442966	100	90	0.0777638	0.773323	52	51.7	210808	474	1877	1.00221	0.680681	2014
265	764037	212	361426	402611	100	90	0.0837889	0.773323	52	51.7	210808	474	1877	1.0025	0.718826	2014
266	849321	178	427083	422237	100	90	0.0940694	0.773323	52	51.7	210808	474	1877	1.00293	0.72946	2014
267	982142	3382	502545	479598	100	90	1.21681	0.773323	52	51.7	210808	474	1877	1.00398	0.747795	2014
268	1.01585e+006	2704	523552	492296	100	90	1.38127	0.773323	52	51.7	210808	474	1877	1.00578	0.759954	2014
269	721404	2139	239126	482278	100	90	1.42407	0.773323	52	51.7	210808	474	1877	1.00692	0.763577	2014
270	622244	1936	162810	459435	100	90	1.52875	0.773323	49	51.7	210808	474	1877	1.08253	0.917317	2014
271	718356	1574	275224	435135	100	90	0.765595	0.773323	52	51.7	0	474	1877	1.03033	0.716197	2014
272	894068	1354	402345	481750	100	90	0.640902	0.773323	52	51.7	0	474	1877	1.0215	0.700882	2014
273	1.07777e+006	1169	516620	547007	100	90	0.630463	0.773323	52	51.7	0	474	1877	1.02256	0.703845	2014
274	1.13857e+006	966	562006	563506	100	90	0.651372	0.773323	52	51.7	0	474	1877	1.02478	0.715423	2014
275	1.12388e+006	884	568902	543824	100	90	0.720863	0.773323	52	51.7	0	474	1877	1.02727	0.728507	2014
276	1.12553e+006	1773	586873	538652	100	90	1.4228	0.773323	52	51.7	0	474	1877	1.02882	0.725106	2014
277	1.11376e+006	1610	587708	526049	100	90	1.5682	0.773323	52	51.7	0	474	1877	1.03097	0.726322	2014
278	791558	1478	279446	512112	100	90	1.72868	0.773323	52	51.7	0	474	1877	1.03137	0.72077	2014
279	853365	1255	367219	486146	100	90	1.88842	0.773323	52	51.7	0	474	1877	1.03344	0.726461	2014
280	899129	1074	433793	465336	100	90	1.9755	0.773323	52	51.7	0	474	1877	1.03772	0.729345	2014
281	647503	908	219055	428448	100	90	2.08467	0.773323	52	51.7	0	474	1877	1.05079	0.745516	2014
282	673436	782	285801	387635	100	90	2.14182	0.773323	52	51.7	0	474	1877	1.05247	0.742857	2014
283	716388	713	346265	370123	100	90	2.18671	0.773323	52	51.7	0	474	1877	1.06344	0.751783	2014
284	691142	614	356066	335076	100	90	2.23882	0.773323	52	51.7	0	474	1877	1.07314	0.763727	2014
285	663137	541	351703	311434	100	90	2.25832	0.773323	52	51.7	0	474	1877	1.08483	0.772727	2014
286	627247	477	333555	286814	100	90	2.28729	0.773323	52	51.7	0	474	1877	1.09263	0.772043	2014
287	612859	437	325307	275755	100	90	2.28311	0.773323	52	51.7	0	474	1877	1.09917	0.769953	2014
288	552420	378	293507	247326	100	90	2.31615	0.773323	52	51.7	0	474	1877	1.0942	0.766484	2014
289	522024	349	278929	232445	100	90	2.32915	0.773323	52	51.7	0	474	1877	1.09549	0.761194	2014
290	497630	328	266992	220826	100	90	2.34085	0.773323	52	51.7	0	474	1877	1.10145	0.769231	2014
291	441032	292	242213	198819	100	90	2.30784	0.773323	52	51.7	0	474	1877	1.11803	0.806569	2014
292	236690	276	40909.9	195780	100	90	0.0973471	0.773323	52	51.7	208553	474	1877	1.00215	0.672821	2014
293	601167	255	243332	357835	100	90	0.0771337	0.773323	52	51.7	208553	474	1877	1.00164	0.66346	2014
294	803582	232	359353	444229	100	90	0.0764204	0.773323	52	51.7	208553	474	1877	1.00175	0.68561	2014
295	751271	201	355142	396129	100	90	0.076909	0.773323	52	51.7	208553	474	1877	1.00203	0.724193	2014
296	855230	192	429106	426124	100	90	0.0973222	0.773323	52	51.7	208553	474	1877	1.00265	0.729924	2014
297	981578	3232	501240	480338	100	90	1.2066	0.773323	52	51.7	208553	474	1877	1.00409	0.743	2014
298	1.02502e+006	2689	528066	496949	100	90	1.41223	0.773323	52	51.7	208553	474	1877	1.00651	0.762963	2014
299	1.0487e+006	2140	546152	502546	100	90	1.44749	0.773323	52	51.7	208553	474	1877	1.00749	0.759919	2014
300	738442	1804	264505	473937	100	90	1.51007	0.773323	45	51.7	208553	474	1877	1.0945	0.928651	2014
301	816885	1462	362219	445647	100	90	0.776194	0.773323	52	51.7	0	474	1877	1.03625	0.718306	2014
302	963402	1231	461983	488296	100	90	0.638227	0.773323	52	51.7	0	474	1877	1.02775	0.709682	2014
303	1.11862e+006	1064	554295	549153	100	90	0.623944	0.773323	52	51.7	0	474	1877	1.02836	0.720534	2014
304	1.19305e+006	945	600425	578082	100	90	0.68454	0.773323	52	51.7	0	474	1877	1.03247	0.730199	2014
305	1.16688e+006	878	597868	556370	100	90	0.764922	0.773323	52	51.7	0	474	1877	1.03377	0.745517	2014
306	1.14488e+006	1695	601590	543294	100	90	1.45149	0.773323	52	51.7	0	474	1877	1.03523	0.739738	2014
307	1.13592e+006	1571	603036	532880	100	90	1.60435	0.773323	52	51.7	0	474	1877	1.03494	0.74039	2014
308	1.12016e+006	1489	599545	520615	100	90	1.76023	0.773323	52	51.7	0	474	1877	1.03513	0.742838	2014
309	1.06396e+006	1243	573751	490210	100	90	1.85665	0.773323	52	51.7	0	474	1877	1.03746	0.745915	2014
310	1.03475e+006	1070	561349	473396	100	90	1.89484	0.773323	52	51.7	0	474	1877	1.03947	0.735043	2014
311	969286	919	527591	441696	100	90	1.96588	0.773323	52	51.7	0	474	1877	1.04821	0.733629	2014
312	903546	811	493782	409764	100	90	2.00825	0.773323	52	51.7	0	474	1877	1.04591	0.725	2014
313	815386	695	446595	368790	100	90	2.06134	0.773323	52	51.7	0	474	1877	1.05493	0.724238	2014
314	776450	631	425739	350710	100	90	2.1299	0.773323	52	51.7	0	474	1877	1.0678	0.730337	2014
315	741567	578	407100	334467	100	90	2.18748	0.773323	52	51.7	0	474	1877	1.07567	0.721831	2014
316	688773	516	374804	306359	100	90	2.21195	0.773323	52	51.7	0	474	1877	1.0895	0.727092	2014
317	645695	466	348588	284458	100	90	2.25116	0.773323	52	51.7	0	474	1877	1.08333	0.715859	2014
318	586666	401	317041	257925	100	90	2.25873	0.773323	52	51.7	0	474	1877	1.08784	0.711735	2014
319	562414	383	304484	247000	100	90	2.30519	0.773323	52	51.7	0	474	1877	1.09512	0.726287	2014
320	511699	332	277398	224331	100	90	2.31277	0.773323	52	51.7	0	474	1877	1.09804	0.736677	2014
321	461690	301	255680	206010	100	90	2.29175	0.773323	52	51.7	0	474	1877	1.11455	0.756944	2014
322	223848	261	38546.8	185301	100	90	0.0925106	0.773323	52	51.7	219467	474	1877	1.00226	0.672308	2014
323	579874	223	238035	341839	100	90	0.0665163	0.773323	52	51.7	219467	474	1877	1.00158	0.666037	2014
324	776985	190	350773	426212	100	90	0.0617195	0.773323	52	51.7	219467	474	1877	1.00152	0.690365	2014
325	723670	177	344847	378823	100	90	0.0671195	0.773323	52	51.7	219467	474	1877	1.00174	0.720396	2014
326	820234	157	414429	405804	100	90	0.0796229	0.773323	52	51.7	219467	474	1877	1.0024	0.734167	2014
327	678037	3369	219345	458692	100	90	1.20062	0.773323	52	51.7	219467	474	1877	1.00372	0.754647	2014
328	756130	2901	303325	452805	100	90	1.46394	0.773323	52	51.7	219467	474	1877	1.00494	0.758248	2014
329	871042	2386	395884	475158	100	90	1.59098	0.773323	52	51.7	219467	474	1877	1.00647	0.765973	2014
330	700527	2067	226499	474027	100	90	1.63527	0.773323	44	51.7	219467	474	1877	1.08202	0.893379	2014
331	806870	1692	340475	457357	100	90	0.774709	0.773323	52	51.7	0	474	1877	1.02754	0.728901	2014
332	934882	1353	438628	484465	100	90	0.623915	0.773323	52	51.7	0	474	1877	1.01971	0.715076	2014
333	1.11693e+006	1153	547721	554838	100	90	0.588549	0.773323	52	51.7	0	474	1877	1.01961	0.715557	2014
334	1.17833e+006	977	589714	574955	100	90	0.62011	0.773323	52	51.7	0	474	1877	1.02174	0.738557	2014
335	1.16851e+006	915	596878	559607	100	90	0.698509	0.773323	52	51.7	0	474	1877	1.02495	0.748735	2014
336	1.15465e+006	1935	606205	548444	100	90	1.40099	0.773323	52	51.7	0	474	1877	1.02781	0.757742	2014
337	1.12705e+006	1714	597923	529126	100	90	1.53231	0.773323	52	51.7	0	474	1877	1.03318	0.761558	2014
338	1.11185e+006	1596	594973	516875	100	90	1.69076	0.773323	52	51.7	0	474	1877	1.03372	0.747455	2014
339	1.06318e+006	1300	573865	489317	100	90	1.81369	0.773323	52	51.7	0	474	1877	1.04112	0.74805	2014
340	990741	1057	538677	452065	100	90	1.87995	0.773323	52	51.7	0	474	1877	1.04466	0.738964	2014
341	910587	880	497694	412893	100	90	1.92518	0.773323	52	51.7	0	474	1877	1.04523	0.728736	2014
342	853920	753	468641	385279	100	90	1.98995	0.773323	52	51.7	0	474	1877	1.05783	0.735215	2014
343	794130	667	437599	356531	100	90	2.03516	0.773323	52	51.7	0	474	1877	1.06714	0.751515	2014
344	746769	600	411715	335055	100	90	2.08832	0.773323	52	51.7	0	474	1877	1.0727	0.746622	2014
345	690009	534	380930	309079	100	90	2.13583	0.773323	52	51.7	0	474	1877	1.07767	0.746183	2014
346	636455	477	348415	280996	100	90	2.16796	0.773323	52	51.7	0	474	1877	1.08427	0.755889	2014
347	608883	446	331595	265955	100	90	2.19488	0.773323	52	51.7	0	474	1877	1.09651	0.769053	2014
348	547051	393	298210	238592	100	90	2.20078	0.773323	52	51.7	0	474	1877	1.11005	0.777487	2014
349	516441	355	282084	224317	100	90	2.20651	0.773323	52	51.7	0	474	1877	1.11765	0.773256	2014
350	471430	318	257680	204724	100	90	2.19191	0.773323	52	51.7	0	474	1877	1.13134	0.788274	2014
351	447787	304	249656	198131	100	90	2.25403	0.773323	52	51.7	0	474	1877	1.13826	0.792388	2014
352	227802	281	41364.9	186437	100	90	0.0961082	0.773323	52	51.7	211718	474	1877	1.00242	0.696237	2014
353	596241	251	246293	349948	100	90	0.0731558	0.773323	52	51.7	211718	474	1877	1.00173	0.689305	2014
354	824853	227	373676	451177	100	90	0.0720733	0.773323	52	51.7	211718	474	1877	1.00129	0.715952	2014
355	781731	208	369872	411859	100	90	0.0760446	0.773323	52	51.7	211718	474	1877	1.00144	0.750473	2014
356	850789	181	424132	426658	100	90	0.0853979	0.773323	52	51.7	211718	474	1877	1.00212	0.757959	2014
357	982715	3410	499526	483188	100	90	1.10979	0.773323	51	51.7	211718	474	1877	1.00255	0.76238	2014
358	1.04682e+006	2904	536672	510148	100	90	1.30348	0.773323	51	51.7	211718	474	1877	1.00404	0.770676	2014
359	1.07871e+006	2372	559949	518765	100	90	1.38995	0.773323	51	51.7	211718	474	1877	1.00502	0.76757	2014
360	804333	2074	286659	517674	100	90	1.46552	0.773323	45	51.7	211718	474	1877	1.07858	0.894431	2014
361	884730	1671	388708	486165	100	90	0.821148	0.773323	52	51.7	0	474	1877	1.03206	0.760539	2014
362	1.01559e+006	1422	485357	516200	100	90	0.677669	0.773323	52	51.7	0	474	1877	1.02308	0.744686	2014
363	1.13978e+006	1187	564942	559172	100	90	0.610772	0.773323	52	51.7	0	474	1877	1.02031	0.740929	2014
364	1.1536e+006	947	580856	558665	100	90	0.60721	0.773323	52	51.7	0	474	1877	1.02004	0.748834	2014
365	1.14973e+006	875	590095	547020	100	90	0.702059	0.773323	52	51.7	0	474	1877	1.02254	0.75546	2014
366	1.14924e+006	1771	603798	545444	100	90	1.32445	0.773323	52	51.7	0	474	1877	1.02146	0.753273	2014
367	1.15952e+006	1661	615366	544156	100	90	1.47971	0.773323	52	51.7	0	474	1877	1.02258	0.743077	2014
368	1.10146e+006	1539	588688	512775	100	90	1.68527	0.773323	52	51.7	0	474	1877	1.02447	0.732895	2014
369	1.06435e+006	1255	573343	491004	100	90	1.80362	0.773323	52	51.7	0	474	1877	1.02729	0.718901	2014
370	1.03369e+006	1089	559874	473814	100	90	1.85289	0.773323	52	51.7	0	474	1877	1.03294	0.718808	2014
371	975290	948	531279	444011	100	90	1.93707	0.773323	52	51.7	0	474	1877	1.04468	0.733119	2014
372	918487	829	502419	416068	100	90	1.98478	0.773323	52	51.7	0	474	1877	1.04923	0.731288	2014
373	869757	748	477087	392670	100	90	2.03684	0.773323	52	51.7	0	474	1877	1.05751	0.731874	2014
374	800512	658	440251	360261	100	90	2.10786	0.773323	52	51.7	0	474	1877	1.06941	0.740625	2014
375	789628	627	434849	354780	100	90	2.13875	0.773323	52	51.7	0	474	1877	1.08357	0.755372	2014
376	714829	556	390819	316919	100	90	2.14825	0.773323	52	51.7	0	474	1877	1.09236	0.758427	2014
377	668358	509	362907	293800	100	90	2.19453	0.773323	52	51.7	0	474	1877	1.09584	0.765432	2014
378	652482	480	353903	286641	100	90	2.22707	0.773323	52	51.7	0	474	1877	1.09627	0.753813	2014
379	612970	444	332675	268622	100	90	2.27612	0.773323	52	51.7	0	474	1877	1.09287	0.752941	2014
380	567350	405	308106	248721	100	90	2.24804	0.773323	52	51.7	0	474	1877	1.10377	0.753886	2014
381	534758	382	296160	238598	100	90	2.2821	0.773323	52	51.7	0	474	1877	1.11224	0.765193	2014
382	273914	351	50691.5	223223	100	90	0.121831	0.773323	52	51.7	248943	474	1877	1.00222	0.649989	2014
383	640060	334	258030	382030	100	90	0.0975778	0.773323	52	51.7	248943	474	1877	1.00184	0.639715	2014
384	851710	302	382677	469033	100	90	0.0944797	0.773323	52	51.7	248943	474	1877	1.00183	0.665715	2014
385	806249	286	381690	424559	100	90	0.105206	0.773323	52	51.7	248943	474	1877	1.00242	0.700301	2014
386	897121	281	447966	449156	100	90	0.136959	0.773323	52	51.7	248943	474	1877	1.00368	0.721089	2014
387	1.01437e+006	3131	516096	498276	100	90	1.18712	0.773323	52	51.7	248943	474	1877	1.00497	0.733766	2014
388	1.08357e+006	2813	556464	527108	100	90	1.44169	0.773323	52	51.7	248943	474	1877	1.00628	0.73971	2014
389	1.07717e+006	2251	559296	517875	100	90	1.46881	0.773323	52	51.7	248943	474	1877	1.00776	0.741331	2014
390	788902	1903	281324	507578	100	90	1.4999	0.773323	48	51.7	248943	474	1877	1.09183	0.894292	2014
391	870976	1538	384412	476876	100	90	0.777724	0.773323	52	51.7	0	474	1877	1.0357	0.707192	2014
392	980095	1256	467518	499269	100	90	0.617783	0.773323	52	51.7	0	474	1877	1.02517	0.684317	2014
393	1.09778e+006	1022	540305	543219	100	90	0.548492	0.773323	52	51.7	0	474	1877	1.0221	0.680845	2014
394	1.15101e+006	851	574661	563294	100	90	0.557257	0.773323	52	51.7	0	474	1877	1.02369	0.697003	2014
395	1.13139e+006	804	575080	545075	100	90	0.636971	0.773323	52	51.7	0	474	1877	1.02677	0.72688	2014
396	1.11423e+006	1843	581477	532756	100	90	1.33568	0.773323	52	51.7	0	474	1877	1.02523	0.739148	2014
397	1.12572e+006	1688	593566	532150	100	90	1.47522	0.773323	52	51.7	0	474	1877	1.02599	0.735987	2014
398	1.10071e+006	1543	585665	515049	100	90	1.65668	0.773323	52	51.7	0	474	1877	1.02784	0.723841	2014
399	1.06298e+006	1250	570876	492100	100	90	1.79571	0.773323	52	51.7	0	474	1877	1.03241	0.715454	2014
400	987950	1043	533863	454087	100	90	1.87362	0.773323	52	51.7	0	474	1877	1.03844	0.71652	2014
401	933161	901	506401	426759	100	90	1.90972	0.773323	52	51.7	0	474	1877	1.04851	0.716063	2014
402	881342	796	480491	400851	100	90	1.99059	0.773323	52	51.7	0	474	1877	1.0509	0.707535	2014
403	840337	716	459928	380408	100	90	2.05041	0.773323	52	51.7	0	474	1877	1.06444	0.718571	2014
404	781258	637	428410	352849	100	90	2.07683	0.773323	52	51.7	0	474	1877	1.07445	0.727564	2014
405	721646	569	396201	325445	100	90	2.09663	0.773323	52	51.7	0	474	1877	1.0847	0.735135	2014
406	695915	532	378647	309602	100	90	2.15207	0.773323	52	51.7	0	474	1877	1.09949	0.75969	2014
407	635741	461	343273	280180	100	90	2.15615	0.773323	52	51.7	0	474	1877	1.1087	0.764444	2014
408	596282	427	322044	262695	100	90	2.21608	0.773323	52	51.7	0	474	1877	1.1183	0.776156	2014
409	566718	397	306504	248973	100	90	2.22988	0.773323	52	51.7	0	474	1877	1.11538	0.771654	2014
410	504317	351	273124	221622	100	90	2.2205	0.773323	52	51.7	0	474	1877	1.11141	0.748538	2014
411	452164	324	249433	202731	100	90	2.22334	0.773323	52	51.7	0	474	1877	1.11834	0.75873	2014
412	236407	299	43698	192709	100	90	0.103599	0.773323	52	51.7	211314	474	1877	1.00201	0.648581	2014
413	600988	274	246886	354103	100	90	0.080898	0.773323	52	51.7	211314	474	1877	1.00147	0.637296	2014
414	818303	251	370603	447700	100	90	0.0815668	0.773323	52	51.7	211314	474	1877	1.00157	0.661845	2014
415	772789	237	367586	405204	100	90	0.0893944	0.773323	52	51.7	211314	474	1877	1.00198	0.693642	2014
416	853478	206	428355	425123	100	90	0.102652	0.773323	52	51.7	211314	474	1877	1.00213	0.714916	2014
417	976211	3185	497755	478456	100	90	1.14341	0.773323	52	51.7	211314	474	1877	1.00313	0.721117	2014
418	1.03965e+006	2778	534583	505063	100	90	1.35302	0.773323	52	51.7	211314	474	1877	1.0046	0.732069	2014
419	1.04821e+006	2135	544924	503287	100	90	1.35503	0.773323	52	51.7	211314	474	1877	1.00547	0.72756	2014
420	739754	1794	264826	474928	100	90	1.42981	0.773323	48	51.7	211314	474	1877	1.08929	0.879552	2014
421	856395	1504	381662	465388	100	90	0.766666	0.773323	52	51.7	0	474	1877	1.0369	0.704754	2014
422	994743	1276	478702	502545	100	90	0.651452	0.773323	52	51.7	0	474	1877	1.02864	0.69235	2014
423	1.12067e+006	1111	556799	548667	100	90	0.631544	0.773323	52	51.7	0	474	1877	1.02586	0.687238	2014
424	1.14101e+006	916	575395	552215	100	90	0.644994	0.773323	52	51.7	0	474	1877	1.02683	0.699417	2014
425	1.08689e+006	806	558666	516991	100	90	0.691416	0.773323	52	51.7	0	474	1877	1.02643	0.705318	2014
426	1.10166e+006	1717	580449	521215	100	90	1.38851	0.773323	52	51.7	0	474	1877	1.02527	0.693128	2014
427	1.09503e+006	1634	581858	513168	100	90	1.56333	0.773323	52	51.7	0	474	1877	1.02562	0.686567	2014
428	1.06555e+006	1415	570642	494905	100	90	1.69263	0.773323	52	51.7	0	474	1877	1.03052	0.685305	2014
429	1.05789e+006	1187	570659	487227	100	90	1.81172	0.773323	52	51.7	0	474	1877	1.03761	0.681779	2014
430	993396	993	539383	454012	100	90	1.85825	0.773323	52	51.7	0	474	1877	1.04366	0.6762	2014
431	900388	815	491139	409248	100	90	1.9295	0.773323	52	51.7	0	474	1877	1.04452	0.664198	2014
432	854232	720	467266	386967	100	90	1.97423	0.773323	52	51.7	0	474	1877	1.04979	0.668067	2014
433	781907	629	429322	352585	100	90	1.98843	0.773323	52	51.7	0	474	1877	1.05452	0.663446	2014
434	716259	538	394235	322024	100	90	2.01175	0.773323	52	51.7	0	474	1877	1.06557	0.657895	2014
435	641110	468	353361	287749	100	90	2.04903	0.773323	52	51.7	0	474	1877	1.07597	0.673913	2014
436	592266	419	323875	262307	100	90	2.05955	0.773323	52	51.7	0	474	1877	1.07214	0.678832	2014
437	560660	388	304348	246308	100	90	2.06471	0.773323	52	51.7	0	474	1877	1.08628	0.686016	2014
438	503468	344	273202	221018	100	90	2.07002	0.773323	52	51.7	0	474	1877	1.08527	0.693694	2014
439	471827	314	256251	206653	100	90	2.12123	0.773323	52	51.7	0	474	1877	1.09199	0.692053	2014
440	455989	299	248283	199510	100	90	2.15549	0.773323	52	51.7	0	474	1877	1.1	0.705263	2014
441	420553	275	232905	187649	100	90	2.165	0.773323	52	51.7	0	474	1877	1.1223	0.724138	2014
442	192569	224	33379.1	159190	100	90	0.0794289	0.773323	52	51.7	199792	474	1877	1.00157	0.626436	2014
443	558201	211	231620	326582	100	90	0.0628463	0.773323	52	51.7	199792	474	1877	1.00135	0.618023	2014
444	781098	193	354512	426586	100	90	0.0620579	0.773323	52	51.7	199792	474	1877	1.00128	0.646685	2014
445	730645	175	348633	382012	100	90	0.0656149	0.773323	51	51.7	199792	474	1877	1.00156	0.693437	2014
446	840047	167	423075	416972	100	90	0.0829685	0.773323	51	51.7	199792	474	1877	1.00223	0.706474	2014
447	963610	3148	492426	471184	100	90	1.10653	0.773323	51	51.7	199792	474	1877	1.00322	0.721022	2014
448	1.0283e+006	2793	529469	498828	100	90	1.35698	0.773323	51	51.7	199792	474	1877	1.0047	0.731735	2014
449	1.05765e+006	2273	550729	506922	100	90	1.45174	0.773323	51	51.7	199792	474	1877	1.00611	0.723911	2014
450	748303	1807	268199	480105	100	90	1.45672	0.773323	48	51.7	199792	474	1877	1.08294	0.858653	2014
451	828261	1462	370072	448849	100	90	0.78351	0.773323	52	51.7	0	474	1877	1.03313	0.693615	2014
452	948492	1232	459002	476034	100	90	0.629478	0.773323	52	51.7	0	474	1877	1.02218	0.670905	2014
453	1.06381e+006	1013	531416	517667	100	90	0.576274	0.773323	52	51.7	0	474	1877	1.02046	0.670534	2014
454	1.13585e+006	872	574843	547184	100	90	0.611933	0.773323	52	51.7	0	474	1877	1.02181	0.690761	2014
455	1.11867e+006	782	574270	532558	100	90	0.656827	0.773323	52	51.7	0	474	1877	1.02298	0.707147	2014
456	1.09271e+006	1651	575051	517660	100	90	1.27886	0.773323	52	51.7	0	474	1877	1.02333	0.713816	2014
457	1.07541e+006	1556	572169	503243	100	90	1.45713	0.773323	52	51.7	0	474	1877	1.0256	0.720353	2014
458	1.05725e+006	1480	566489	490756	100	90	1.6282	0.773323	52	51.7	0	474	1877	1.02675	0.713109	2014
459	1.03275e+006	1257	556863	475891	100	90	1.71077	0.773323	52	51.7	0	474	1877	1.03026	0.710824	2014
460	983114	1047	532876	450238	100	90	1.7663	0.773323	52	51.7	0	474	1877	1.03646	0.715116	2014
461	907885	886	494464	413421	100	90	1.83128	0.773323	52	51.7	0	474	1877	1.04936	0.723624	2014
462	888411	808	484645	403766	100	90	1.89911	0.773323	52	51.7	0	474	1877	1.06162	0.719497	2014
463	822255	702	450061	372194	100	90	1.93438	0.773323	52	51.7	0	474	1877	1.07312	0.728592	2014
464	791180	652	434289	356890	100	90	1.98898	0.773323	52	51.7	0	474	1877	1.08408	0.743349	2014
465	733314	587	403264	330049	100	90	2.04069	0.773323	52	51.7	0	474	1877	1.07918	0.738676	2014
466	691164	534	376833	307048	100	90	2.0756	0.773323	52	51.7	0	474	1877	1.08292	0.740385	2014
467	637907	485	345932	281064	100	90	2.11677	0.773323	52	51.7	0	474	1877	1.0916	0.770701	2014
468	574349	424	311386	252644	100	90	2.13594	0.773323	52	51.7	0	474	1877	1.09211	0.777778	2014
469	529385	385	287391	232665	100	90	2.13428	0.773323	52	51.7	0	474	1877	1.09709	0.784946	2014
470	461792	330	251275	202457	100	90	2.13873	0.773323	52	51.7	0	474	1877	1.12536	0.820513	2014
471	418330	297	231820	186510	100	90	2.15475	0.773323	52	51.7	0	474	1877	1.13072	0.829181	2014
472	217962	274	39753	178209	100	90	0.0926714	0.773323	52	51.7	197809	474	1877	1.0022	0.626345	2014
473	587472	244	243900	343572	100	90	0.0721029	0.773323	52	51.7	197809	474	1877	1.00175	0.620918	2014
474	777786	232	353263	424523	100	90	0.0750238	0.773323	52	51.7	197809	474	1877	1.00198	0.655596	2014
475	736246	205	352506	383740	100	90	0.0763843	0.773323	52	51.7	197809	474	1877	1.00201	0.705017	2014
476	835752	176	420960	414792	100	90	0.0893335	0.773323	52	51.7	197809	474	1877	1.00274	0.707965	2014
477	961240	3256	491641	469599	100	90	1.13197	0.773323	52	51.7	197809	474	1877	1.00351	0.723201	2014
478	1.00121e+006	2691	516524	484690	100	90	1.33186	0.773323	52	51.7	197809	474	1877	1.00507	0.736492	2014
479	1.03138e+006	2212	537631	493752	100	90	1.37572	0.773323	52	51.7	197809	474	1877	1.00644	0.734238	2014
480	767250	1963	274511	492739	100	90	1.43403	0.773323	45	51.7	197809	474	1877	1.08527	0.882744	2014
481	839457	1538	372198	457924	100	90	0.773926	0.773323	52	51.7	0	474	1877	1.03415	0.691271	2014
482	961209	1282	461104	486587	100	90	0.633661	0.773323	52	51.7	0	474	1877	1.02569	0.675727	2014
483	1.07367e+006	1058	531798	527541	100	90	0.574732	0.773323	52	51.7	0	474	1877	1.02362	0.674617	2014
484	1.11953e+006	880	563249	543010	100	90	0.597364	0.773323	52	51.7	0	474	1877	1.02555	0.697599	2014
485	1.0989e+006	820	562703	524753	100	90	0.657356	0.773323	52	51.7	0	474	1877	1.02818	0.721757	2014
486	1.09053e+006	1688	572231	518299	100	90	1.2781	0.773323	52	51.7	0	474	1877	1.02719	0.720033	2014
487	1.08848e+006	1605	576492	511988	100	90	1.46045	0.773323	52	51.7	0	474	1877	1.03079	0.727573	2014
488	1.0348e+006	1476	553891	480906	100	90	1.65075	0.773323	52	51.7	0	474	1877	1.03228	0.724328	2014
489	985730	1201	531861	453869	100	90	1.76863	0.773323	52	51.7	0	474	1877	1.04281	0.732203	2014
490	948003	1021	514687	433316	100	90	1.80825	0.773323	52	51.7	0	474	1877	1.04788	0.729811	2014
491	884608	866	481968	402640	100	90	1.85263	0.773323	52	51.7	0	474	1877	1.05062	0.728132	2014
492	833558	755	456318	377240	100	90	1.91266	0.773323	52	51.7	0	474	1877	1.05817	0.728378	2014
493	548375	654	204099	344276	100	90	1.94642	0.773323	52	51.7	0	474	1877	1.05714	0.722481	2014
494	587469	597	264543	322926	100	90	2.02789	0.773323	52	51.7	0	474	1877	1.06137	0.720137	2014
495	579291	522	290773	288518	100	90	2.05605	0.773323	52	51.7	0	474	1877	1.0659	0.739216	2014
496	578605	479	301698	271578	100	90	2.11806	0.773323	52	51.7	0	474	1877	1.07008	0.75	2014
497	548585	428	288754	250787	100	90	2.12767	0.773323	52	51.7	0	474	1877	1.08351	0.760291	2014
498	517451	381	275451	233217	100	90	2.11323	0.773323	52	51.7	0	474	1877	1.08831	0.775956	2014
499	485249	346	259750	216786	100	90	2.11464	0.773323	52	51.7	0	474	1877	1.09474	0.768769	2014
500	452499	318	242954	201679	100	90	2.12283	0.773323	52	51.7	0	474	1877	1.09621	0.763934	2014
501	395112	276	216388	178724	100	90	2.15197	0.773323	52	51.7	0	474	1877	1.10764	0.763359	2014
502	211763	266	38326.1	173437	100	90	0.0892333	0.773323	52	51.7	184430	474	1877	1.00182	0.645468	2014
503	576746	216	245055	331691	100	90	0.0631406	0.773323	52	51.7	184430	474	1877	1.00137	0.637574	2014
504	793459	198	364631	428827	100	90	0.0628097	0.773323	52	51.7	184430	474	1877	1.00135	0.659666	2014
505	716726	168	345422	371304	100	90	0.062512	0.773323	52	51.7	184430	474	1877	1.00148	0.694066	2014
506	827000	160	420317	406682	100	90	0.0791853	0.773323	52	51.7	184430	474	1877	1.00236	0.710966	2014
507	953392	3520	489853	463539	100	90	1.19278	0.773323	52	51.7	184430	474	1877	1.00276	0.728185	2014
508	1.00337e+006	2827	517361	486005	100	90	1.36745	0.773323	52	51.7	184430	474	1877	1.00437	0.732233	2014
509	1.01679e+006	2231	529540	487248	100	90	1.36645	0.773323	52	51.7	184430	474	1877	1.00592	0.735968	2014
510	766285	1955	274494	491791	100	90	1.42144	0.773323	48	51.7	184430	474	1877	1.08668	0.889748	2014
511	860241	1607	381305	468984	100	90	0.787327	0.773323	52	51.7	0	474	1877	1.03645	0.710649	2014
512	995539	1346	477145	503706	100	90	0.656207	0.773323	52	51.7	0	474	1877	1.02806	0.69536	2014
513	1.13256e+006	1149	560847	555674	100	90	0.623705	0.773323	52	51.7	0	474	1877	1.02808	0.688293	2014
514	1.174e+006	978	590814	568414	100	90	0.662494	0.773323	52	51.7	0	474	1877	1.03207	0.698983	2014
515	1.1455e+006	924	586100	546408	100	90	0.751245	0.773323	52	51.7	0	474	1877	1.036	0.726161	2014
516	1.13455e+006	1720	594993	539555	100	90	1.35225	0.773323	52	51.7	0	474	1877	1.03569	0.726887	2014
517	1.1182e+006	1612	592255	525949	100	90	1.49978	0.773323	52	51.7	0	474	1877	1.03631	0.720044	2014
518	1.06365e+006	1441	569214	494436	100	90	1.67407	0.773323	52	51.7	0	474	1877	1.0358	0.717115	2014
519	1.0118e+006	1161	546159	465639	100	90	1.77048	0.773323	52	51.7	0	474	1877	1.0425	0.702016	2014
520	958376	985	520477	437898	100	90	1.83948	0.773323	52	51.7	0	474	1877	1.05136	0.713547	2014
521	898961	861	489952	409009	100	90	1.90104	0.773323	52	51.7	0	474	1877	1.06417	0.726627	2014
522	810903	717	443840	367063	100	90	1.96073	0.773323	52	51.7	0	474	1877	1.07303	0.730496	2014
523	764550	647	419626	344924	100	90	2.00059	0.773323	52	51.7	0	474	1877	1.07422	0.730284	2014
524	695610	568	382252	313358	100	90	2.02196	0.773323	52	51.7	0	474	1877	1.08642	0.735242	2014
525	682998	543	375668	307330	100	90	2.04732	0.773323	52	51.7	0	474	1877	1.09801	0.739623	2014
526	646280	497	351994	287877	100	90	2.06074	0.773323	52	51.7	0	474	1877	1.11029	0.748963	2014
527	597866	448	323167	264608	100	90	2.0787	0.773323	52	51.7	0	474	1877	1.12109	0.75463	2014
528	559532	410	302551	246742	100	90	2.10126	0.773323	52	51.7	0	474	1877	1.11521	0.735369	2014
529	524534	374	283992	231020	100	90	2.11806	0.773323	52	51.7	0	474	1877	1.10941	0.740947	2014
530	475245	335	257919	208989	100	90	2.1462	0.773323	52	51.7	0	474	1877	1.13196	0.759494	2014
531	429930	303	237280	192650	100	90	2.16148	0.773323	52	51.7	0	474	1877	1.11881	0.754386	2014
532	213983	272	38927.9	175055	100	90	0.0894943	0.773323	52	51.7	200404	474	1877	1.00201	0.636838	2014
533	583760	228	246119	337641	100	90	0.0655583	0.773323	52	51.7	200404	474	1877	1.00129	0.632742	2014
534	795272	224	361042	434230	100	90	0.0688307	0.773323	52	51.7	200404	474	1877	1.00125	0.651168	2014
535	721191	195	344578	376614	100	90	0.0703742	0.773323	52	51.7	200404	474	1877	1.00143	0.688881	2014
536	845785	174	427830	417955	100	90	0.084055	0.773323	52	51.7	200404	474	1877	1.00175	0.705256	2014
537	990791	3450	507309	483482	100	90	1.16914	0.773323	52	51.7	200404	474	1877	1.00245	0.713769	2014
538	1.03028e+006	2914	530635	499647	100	90	1.38507	0.773323	52	51.7	200404	474	1877	1.004	0.72543	2014
539	1.04326e+006	2335	543154	500107	100	90	1.41136	0.773323	52	51.7	200404	474	1877	1.00513	0.733824	2014
540	778357	1989	278800	499556	100	90	1.44246	0.773323	48	51.7	200404	474	1877	1.08212	0.875315	2014
541	904953	1690	400085	494698	100	90	0.791134	0.773323	52	51.7	0	474	1877	1.03314	0.702795	2014
542	1.04104e+006	1423	497722	528267	100	90	0.668598	0.773323	52	51.7	0	474	1877	1.02495	0.685976	2014
543	1.13427e+006	1132	560493	558185	100	90	0.583577	0.773323	52	51.7	0	474	1877	1.02278	0.686346	2014
544	1.17869e+006	979	593618	570202	100	90	0.630331	0.773323	52	51.7	0	474	1877	1.02502	0.712919	2014
545	1.12926e+006	887	579426	537236	100	90	0.678465	0.773323	52	51.7	0	474	1877	1.02501	0.730374	2014
546	1.14614e+006	1885	603132	543007	100	90	1.34431	0.773323	52	51.7	0	474	1877	1.02613	0.719918	2014
547	1.14095e+006	1712	605532	535413	100	90	1.50057	0.773323	52	51.7	0	474	1877	1.02942	0.724011	2014
548	1.13948e+006	1628	609351	530131	100	90	1.65315	0.773323	52	51.7	0	474	1877	1.02782	0.719199	2014
549	1.11751e+006	1374	601808	515702	100	90	1.78926	0.773323	52	51.7	0	474	1877	1.03333	0.720326	2014
550	1.02408e+006	1118	554520	469561	100	90	1.83829	0.773323	52	51.7	0	474	1877	1.03325	0.719122	2014
551	997506	1004	542193	455314	100	90	1.89662	0.773323	52	51.7	0	474	1877	1.03768	0.724771	2014
552	960140	908	523372	436768	100	90	1.95192	0.773323	52	51.7	0	474	1877	1.04669	0.733634	2014
553	876474	781	478699	397776	100	90	1.98082	0.773323	52	51.7	0	474	1877	1.05521	0.743119	2014
554	831351	698	454763	376588	100	90	2.02317	0.773323	52	51.7	0	474	1877	1.06154	0.732353	2014
555	781028	635	428557	352471	100	90	2.0411	0.773323	52	51.7	0	474	1877	1.07392	0.738288	2014
556	735217	571	400060	327811	100	90	2.07157	0.773323	52	51.7	0	474	1877	1.0841	0.736937	2014
557	698883	529	377361	308760	100	90	2.08614	0.773323	52	51.7	0	474	1877	1.09076	0.737769	2014
558	630696	480	340490	278963	100	90	2.10914	0.773323	52	51.7	0	474	1877	1.08159	0.740821	2014
559	571848	430	308973	252789	100	90	2.12543	0.773323	52	51.7	0	474	1877	1.09847	0.757282	2014
560	538279	392	291245	237775	100	90	2.11561	0.773323	52	51.7	0	474	1877	1.10654	0.754011	2014
561	522524	384	287704	234820	100	90	2.14364	0.773323	52	51.7	0	474	1877	1.11735	0.76584	2014
562	248326	315	45231.4	203094	100	90	0.106989	0.773323	52	51.7	238892	474	1877	1.00224	0.632443	2014
563	617421	293	251360	366061	100	90	0.0828595	0.773323	52	51.7	238892	474	1877	1.00187	0.629836	2014
564	828271	277	372472	455799	100	90	0.0848159	0.773323	52	51.7	238892	474	1877	1.00181	0.649673	2014
565	775065	259	367753	407312	100	90	0.0925871	0.773323	52	51.7	238892	474	1877	1.00192	0.683837	2014
566	858662	225	431452	427210	100	90	0.107646	0.773323	52	51.7	238892	474	1877	1.00242	0.695634	2014
567	981292	3189	501556	479737	100	90	1.13767	0.773323	52	51.7	238892	474	1877	1.00321	0.696183	2014
568	1.01449e+006	2606	522334	492154	100	90	1.31548	0.773323	52	51.7	238892	474	1877	1.00517	0.711874	2014
569	1.02948e+006	2130	536510	492974	100	90	1.37879	0.773323	52	51.7	238892	474	1877	1.0074	0.719756	2014
570	761667	1849	272845	488823	100	90	1.47772	0.773323	52	51.7	238892	474	1877	1.09459	0.878738	2014
571	843465	1479	374779	459377	100	90	0.736039	0.773323	52	51.7	0	474	1877	1.03464	0.708086	2014
572	986341	1268	473006	499703	100	90	0.608557	0.773323	52	51.7	0	474	1877	1.02389	0.693888	2014
573	1.11535e+006	1060	550986	549505	100	90	0.561772	0.773323	52	51.7	0	474	1877	1.02291	0.692495	2014
574	1.13762e+006	882	571110	552956	100	90	0.581754	0.773323	52	51.7	0	474	1877	1.02536	0.708349	2014
575	1.1328e+006	836	579178	541796	100	90	0.666525	0.773323	52	51.7	0	474	1877	1.0275	0.721637	2014
576	1.13103e+006	1745	591312	539718	100	90	1.31376	0.773323	52	51.7	0	474	1877	1.02791	0.726078	2014
577	1.12239e+006	1620	592732	529660	100	90	1.50341	0.773323	52	51.7	0	474	1877	1.03076	0.711717	2014
578	1.09269e+006	1479	581555	511132	100	90	1.65278	0.773323	52	51.7	0	474	1877	1.036	0.703729	2014
579	1.05803e+006	1251	567255	490772	100	90	1.7293	0.773323	52	51.7	0	474	1877	1.04143	0.706122	2014
580	1.01872e+006	1080	549960	468759	100	90	1.77403	0.773323	52	51.7	0	474	1877	1.04523	0.711174	2014
581	976893	957	529521	447371	100	90	1.83358	0.773323	52	51.7	0	474	1877	1.04941	0.69765	2014
582	916129	834	498653	417477	100	90	1.9343	0.773323	52	51.7	0	474	1877	1.05105	0.695332	2014
583	839116	728	458294	380823	100	90	1.98088	0.773323	52	51.7	0	474	1877	1.05985	0.711674	2014
584	782885	646	428262	354624	100	90	2.02991	0.773323	52	51.7	0	474	1877	1.07317	0.716561	2014
585	688204	549	377570	310635	100	90	2.03122	0.773323	52	51.7	0	474	1877	1.09217	0.746692	2014
586	642437	492	349488	286658	100	90	2.03646	0.773323	52	51.7	0	474	1877	1.1059	0.754202	2014
587	590248	432	319625	260844	100	90	2.07247	0.773323	52	51.7	0	474	1877	1.1214	0.771635	2014
588	535836	373	290472	235787	100	90	2.10983	0.773323	52	51.7	0	474	1877	1.14144	0.772472	2014
589	521609	362	283300	228599	100	90	2.14393	0.773323	52	51.7	0	474	1877	1.15775	0.79646	2014
590	469290	324	255330	205492	100	90	2.15894	0.773323	52	51.7	0	474	1877	1.17431	0.802013	2014
591	446423	305	247507	198917	100	90	2.17682	0.773323	52	51.7	0	474	1877	1.18605	0.802158	2014
592	216659	258	38526.9	178132	100	90	0.0905703	0.773323	52	51.7	209348	474	1877	1.00286	0.674202	2014
593	580850	244	241025	339825	100	90	0.0714329	0.773323	52	51.7	209348	474	1877	1.00215	0.66562	2014
594	802660	218	365515	437145	100	90	0.0694776	0.773323	52	51.7	209348	474	1877	1.00201	0.68947	2014
595	746295	183	356534	389762	100	90	0.0674306	0.773323	52	51.7	209348	474	1877	1.00191	0.728054	2014
596	828511	158	417890	410621	100	90	0.0771932	0.773323	52	51.7	209348	474	1877	1.00201	0.737226	2014
597	975666	3450	499621	476045	100	90	1.1395	0.773323	52	51.7	209348	474	1877	1.00275	0.742884	2014
598	1.02194e+006	2916	526618	495318	100	90	1.39619	0.773323	52	51.7	209348	474	1877	1.0053	0.752195	2014
599	998616	2197	519639	478977	100	90	1.37799	0.773323	52	51.7	209348	474	1877	1.0058	0.74326	2014
600	750566	1925	269062	481503	100	90	1.45635	0.773323	48	51.7	209348	474	1877	1.07943	0.870177	2014
601	832430	1537	369292	453950	100	90	0.744962	0.773323	52	51.7	0	474	1877	1.02869	0.718947	2014
602	975709	1304	467528	494703	100	90	0.612159	0.773323	52	51.7	0	474	1877	1.02246	0.710369	2014
603	1.11551e+006	1102	551639	548804	100	90	0.575296	0.773323	52	51.7	0	474	1877	1.02021	0.713484	2014
604	1.16113e+006	943	584422	562960	100	90	0.610933	0.773323	52	51.7	0	474	1877	1.02241	0.729344	2014
605	1.13889e+006	880	583898	542815	100	90	0.684658	0.773323	52	51.7	0	474	1877	1.02475	0.745086	2014
606	1.14079e+006	1848	599566	541223	100	90	1.3286	0.773323	52	51.7	0	474	1877	1.02506	0.732063	2014
607	1.11306e+006	1674	591595	521468	100	90	1.49861	0.773323	52	51.7	0	474	1877	1.02994	0.726882	2014
608	1.09824e+006	1530	589298	508943	100	90	1.65535	0.773323	52	51.7	0	474	1877	1.03213	0.729801	2014
609	1.0489e+006	1276	566262	482634	100	90	1.79292	0.773323	52	51.7	0	474	1877	1.03665	0.726984	2014
610	993486	1074	538997	454489	100	90	1.82827	0.773323	52	51.7	0	474	1877	1.03725	0.719397	2014
611	942696	926	513557	429140	100	90	1.90209	0.773323	52	51.7	0	474	1877	1.04358	0.722404	2014
612	876671	803	478907	397764	100	90	1.93125	0.773323	52	51.7	0	474	1877	1.04885	0.722013	2014
613	820083	705	449406	370677	100	90	1.9838	0.773323	52	51.7	0	474	1877	1.05869	0.726225	2014
614	764366	626	419790	344576	100	90	2.03306	0.773323	52	51.7	0	474	1877	1.06986	0.742301	2014
615	522620	569	198461	324159	100	90	2.07568	0.773323	52	51.7	0	474	1877	1.08793	0.765653	2014
616	559545	521	251913	302989	100	90	2.11217	0.773323	52	51.7	0	474	1877	1.0958	0.774951	2014
617	593575	492	293379	291966	100	90	2.1704	0.773323	52	51.7	0	474	1877	1.09761	0.793319	2014
618	582918	454	301440	272118	100	90	2.17815	0.773323	52	51.7	0	474	1877	1.0998	0.78733	2014
619	527021	397	277934	240042	100	90	2.22568	0.773323	52	51.7	0	474	1877	1.09785	0.782152	2014
620	486289	357	259764	218593	100	90	2.23245	0.773323	52	51.7	0	474	1877	1.10484	0.779412	2014
621	432182	312	236074	196108	100	90	2.2311	0.773323	52	51.7	0	474	1877	1.11875	0.79322	2014
622	226118	279	41199.5	184918	100	90	0.0941095	0.773323	52	51.7	200090	474	1877	1.0023	0.687276	2014
623	594726	241	248581	346145	100	90	0.070411	0.773323	52	51.7	200090	474	1877	1.00177	0.687603	2014
624	804791	235	365544	439246	100	90	0.0741025	0.773323	52	51.7	200090	474	1877	1.00206	0.712328	2014
625	742732	204	354704	388029	100	90	0.0744157	0.773323	52	51.7	200090	474	1877	1.00208	0.757536	2014
626	847754	183	427177	420577	100	90	0.0887703	0.773323	52	51.7	200090	474	1877	1.00265	0.76203	2014
627	971708	3350	496031	475678	100	90	1.16545	0.773323	52	51.7	200090	474	1877	1.00423	0.765559	2014
628	1.02979e+006	2865	529302	500489	100	90	1.39454	0.773323	52	51.7	200090	474	1877	1.00623	0.776253	2014
629	1.02228e+006	2262	531269	491011	100	90	1.39179	0.773323	52	51.7	200090	474	1877	1.00779	0.773607	2014
630	756225	1995	269782	486444	100	90	1.4425	0.773323	51	51.7	200090	474	1877	1.08288	0.91267	2014
631	860815	1639	379958	470969	100	90	0.779675	0.773323	52	51.7	0	474	1877	1.03245	0.745886	2014
632	995287	1380	475137	505753	100	90	0.657252	0.773323	52	51.7	0	474	1877	1.02657	0.739619	2014
633	1.10406e+006	1163	546516	542071	100	90	0.616919	0.773323	52	51.7	0	474	1877	1.02359	0.741972	2014
634	1.13971e+006	1000	574136	550769	100	90	0.672444	0.773323	52	51.7	0	474	1877	1.02752	0.756313	2014
635	1.15759e+006	935	593387	550994	100	90	0.73122	0.773323	52	51.7	0	474	1877	1.03019	0.772661	2014
636	1.17771e+006	1819	618065	559641	100	90	1.37765	0.773323	52	51.7	0	474	1877	1.02975	0.765106	2014
637	1.17532e+006	1683	622552	552772	100	90	1.5856	0.773323	52	51.7	0	474	1877	1.03611	0.75431	2014
638	1.12603e+006	1495	602300	523733	100	90	1.74199	0.773323	52	51.7	0	474	1877	1.03795	0.75411	2014
639	1.11645e+006	1295	600886	515565	100	90	1.83658	0.773323	52	51.7	0	474	1877	1.04522	0.760095	2014
640	1.07424e+006	1126	580855	493386	100	90	1.90311	0.773323	52	51.7	0	474	1877	1.05177	0.761861	2014
641	1.00486e+006	977	545317	459539	100	90	1.97837	0.773323	52	51.7	0	474	1877	1.05428	0.750261	2014
642	895920	823	488757	407163	100	90	2.05874	0.773323	52	51.7	0	474	1877	1.06008	0.754037	2014
643	827358	722	452699	374658	100	90	2.11408	0.773323	52	51.7	0	474	1877	1.0676	0.754261	2014
644	739823	615	406517	333306	100	90	2.14679	0.773323	52	51.7	0	474	1877	1.07725	0.760399	2014
645	698566	562	384709	313857	100	90	2.15925	0.773323	52	51.7	0	474	1877	1.0944	0.778584	2014
646	646036	491	352311	287273	100	90	2.18513	0.773323	52	51.7	0	474	1877	1.1	0.768267	2014
647	600647	437	325346	264678	100	90	2.18569	0.773323	52	51.7	0	474	1877	1.10833	0.776224	2014
648	558708	396	303120	245639	100	90	2.19854	0.773323	52	51.7	0	474	1877	1.11655	0.76943	2014
649	397591	384	152935	243382	100	90	2.2013	0.773323	52	51.7	0	474	1877	1.13203	0.772118	2014
650	406957	337	188094	217647	100	90	2.18362	0.773323	52	51.7	0	474	1877	1.15686	0.798137	2014
651	400359	295	204312	196047	100	90	2.22048	0.773323	52	51.7	0	474	1877	1.1521	0.803571	2014
652	217966	260	39746.5	178220	100	90	0.0921973	0.773323	52	51.7	185650	474	1877	1.00214	0.752015	2014
653	581632	243	240242	341390	100	90	0.0743274	0.773323	52	51.7	185650	474	1877	1.00187	0.751091	2014
654	779770	218	352694	427076	100	90	0.0729238	0.773323	52	51.7	185650	474	1877	1.00176	0.790222	2014
655	742533	207	352834	389699	100	90	0.0793307	0.773323	52	51.7	185650	474	1877	1.00211	0.849327	2014
656	839977	175	423728	416249	100	90	0.0892986	0.773323	52	51.7	185650	474	1877	1.00272	0.856268	2014
657	976461	3298	499856	476605	100	90	1.07344	0.773323	52	51.7	185650	474	1877	1.00397	0.862671	2014
658	1.01318e+006	2639	521925	491258	100	90	1.22858	0.773323	52	51.7	185650	474	1877	1.00631	0.875386	2014
659	1.00878e+006	2103	526877	481902	100	90	1.25254	0.773323	52	51.7	185650	474	1877	1.00737	0.876342	2014
660	736535	1929	265638	470897	100	90	1.36161	0.773323	47	51.7	185650	474	1877	1.09642	1.03504	2014
661	821015	1579	366804	440753	100	90	0.783673	0.773323	52	51.7	0	474	1877	1.04264	0.822779	2014
662	945754	1348	456497	469996	100	90	0.645445	0.773323	52	51.7	0	474	1877	1.03296	0.80567	2014
663	1.07667e+006	1172	535293	518776	100	90	0.614572	0.773323	52	51.7	0	474	1877	1.03096	0.807064	2014
664	1.12112e+006	988	565818	534296	100	90	0.642627	0.773323	52	51.7	0	474	1877	1.0338	0.827948	2014
665	1.11728e+006	955	574167	524056	100	90	0.733957	0.773323	52	51.7	0	474	1877	1.03732	0.850509	2014
666	1.10569e+006	1809	586144	519541	100	90	1.2954	0.773323	52	51.7	0	474	1877	1.03914	0.852466	2014
667	1.05589e+006	1632	565843	490044	100	90	1.37581	0.773323	52	51.7	0	474	1877	1.04221	0.856069	2014
668	1.02358e+006	1533	554062	469522	100	90	1.55173	0.773323	52	51.7	0	474	1877	1.0458	0.857718	2014
669	985022	1310	537054	447968	100	90	1.67026	0.773323	52	51.7	0	474	1877	1.05096	0.871069	2014
670	893567	1075	489864	403703	100	90	1.67192	0.773323	52	51.7	0	474	1877	1.05746	0.886865	2014
671	848106	948	466634	381472	100	90	1.74401	0.773323	52	51.7	0	474	1877	1.0712	0.891658	2014
672	802214	856	442467	359747	100	90	1.78559	0.773323	52	51.7	0	474	1877	1.07902	0.904077	2014
673	753646	769	416173	337473	100	90	1.81135	0.773323	52	51.7	0	474	1877	1.09783	0.914209	2014
674	701055	701	387887	313168	100	90	1.84365	0.773323	52	51.7	0	474	1877	1.11278	0.913235	2014
675	688111	677	381232	306879	100	90	1.89211	0.773323	52	51.7	0	474	1877	1.12828	0.928903	2014
676	632545	599	349272	281136	100	90	1.92611	0.773323	52	51.7	0	474	1877	1.13301	0.940246	2014
677	583054	539	321155	258173	100	90	1.92685	0.773323	52	51.7	0	474	1877	1.14054	0.944882	2014
678	534476	480	294742	235946	100	90	1.95217	0.773323	52	51.7	0	474	1877	1.15658	0.968539	2014
679	480215	428	265564	211275	100	90	1.98645	0.773323	52	51.7	0	474	1877	1.14762	0.959184	2014
680	449197	396	249358	197057	100	90	1.99401	0.773323	52	51.7	0	474	1877	1.14834	0.93733	2014
681	419300	366	234418	184881	100	90	1.98847	0.773323	52	51.7	0	474	1877	1.16201	0.961652	2014
682	219502	333	47547.1	171955	100	90	0.0995581	0.773323	52	51.7	190006	474	1877	1.00322	0.744331	2014
683	624396	319	269117	355279	100	90	0.0858995	0.773323	52	51.7	190006	474	1877	1.00274	0.74469	2014
684	776221	290	360251	415971	100	90	0.0834759	0.773323	52	51.7	190006	474	1877	1.00278	0.787301	2014
685	712030	263	347534	364496	100	90	0.0879809	0.773323	52	51.7	190006	474	1877	1.00321	0.833122	2014
686	832659	227	426731	405928	100	90	0.104295	0.773323	52	51.7	190006	474	1877	1.00396	0.845535	2014
687	980088	3403	506444	473644	100	90	1.1154	0.773323	52	51.7	190006	474	1877	1.00559	0.869092	2014
688	1.03361e+006	2758	536438	497172	100	90	1.26442	0.773323	52	51.7	190006	474	1877	1.00827	0.885331	2014
689	1.0498e+006	2382	550545	499256	100	90	1.32872	0.773323	52	51.7	190006	474	1877	1.00958	0.875466	2014
690	745117	1977	269312	475805	100	90	1.35758	0.773323	45	51.7	190006	474	1877	1.11593	1.07457	2014
691	837130	1638	372168	451473	100	90	0.692253	0.773323	52	51.7	0	474	1877	1.04268	0.809819	2014
692	974619	1371	466266	488737	100	90	0.574583	0.773323	52	51.7	0	474	1877	1.0332	0.792135	2014
693	1.07222e+006	1087	527430	524235	100	90	0.500106	0.773323	52	51.7	0	474	1877	1.02928	0.787839	2014
694	1.09683e+006	927	549717	528068	100	90	0.525818	0.773323	52	51.7	0	474	1877	1.03092	0.822312	2014
695	1.07722e+006	889	551017	509831	100	90	0.596909	0.773323	52	51.7	0	474	1877	1.03272	0.851115	2014
696	1.07454e+006	1864	567214	507329	100	90	1.22789	0.773323	52	51.7	0	474	1877	1.0342	0.843977	2014
697	1.06065e+006	1731	566087	494559	100	90	1.43376	0.773323	52	51.7	0	474	1877	1.04234	0.839836	2014
698	1.0062e+006	1518	541623	464578	100	90	1.58528	0.773323	52	51.7	0	474	1877	1.04843	0.838076	2014
699	992453	1300	539368	453085	100	90	1.70867	0.773323	52	51.7	0	474	1877	1.06368	0.845909	2014
700	921720	1071	504049	417670	100	90	1.7555	0.773323	52	51.7	0	474	1877	1.07868	0.854106	2014
701	854321	914	469741	384580	100	90	1.78908	0.773323	52	51.7	0	474	1877	1.08534	0.858277	2014
702	809602	811	446536	363066	100	90	1.86758	0.773323	52	51.7	0	474	1877	1.08292	0.855499	2014
703	756642	717	418193	338449	100	90	1.89095	0.773323	52	51.7	0	474	1877	1.09719	0.866667	2014
704	713219	653	394792	318427	100	90	1.94767	0.773323	52	51.7	0	474	1877	1.10855	0.869427	2014
705	618400	551	342983	275417	100	90	1.94778	0.773323	52	51.7	0	474	1877	1.12136	0.898496	2014
706	589689	513	326162	261247	100	90	1.97581	0.773323	52	51.7	0	474	1877	1.13082	0.899194	2014
707	527706	440	291321	232534	100	90	1.99345	0.773323	52	51.7	0	474	1877	1.13919	0.913551	2014
708	492454	401	271545	216322	100	90	2.0321	0.773323	52	51.7	0	474	1877	1.1432	0.919689	2014
709	476497	379	263146	208887	100	90	2.06124	0.773323	52	51.7	0	474	1877	1.14031	0.906077	2014
710	425337	335	234928	186687	100	90	2.06319	0.773323	52	51.7	0	474	1877	1.14869	0.902821	2014
711	397634	315	221970	175664	100	90	2.05076	0.773323	52	51.7	0	474	1877	1.14907	0.919192	2014
712	200123	276	39516	160607	100	90	0.0884687	0.773323	52	51.7	184564	474	1877	1.00242	0.739429	2014
713	590316	253	253304	337011	100	90	0.0714712	0.773323	52	51.7	184564	474	1877	1.00192	0.743105	2014
714	755882	221	351355	404527	100	90	0.06748	0.773323	51	51.7	184564	474	1877	1.00184	0.782271	2014
715	707681	209	344997	362685	100	90	0.072862	0.773323	51	51.7	184564	474	1877	1.00197	0.835277	2014
716	848185	190	433840	414345	100	90	0.0898492	0.773323	51	51.7	184564	474	1877	1.00294	0.838853	2014
717	986834	3700	508114	478720	100	90	1.17783	0.773323	51	51.7	184564	474	1877	1.004	0.846298	2014
718	1.01698e+006	2957	526449	490531	100	90	1.34523	0.773323	51	51.7	184564	474	1877	1.0058	0.859073	2014
719	1.05433e+006	2392	551824	502506	100	90	1.33547	0.773323	50	51.7	184564	474	1877	1.00644	0.857818	2014
720	763386	2078	274591	488794	100	90	1.38986	0.773323	49	51.7	184564	474	1877	1.08933	1.00485	2014
721	855453	1703	378821	463423	100	90	0.761834	0.773323	52	51.7	0	474	1877	1.03782	0.803828	2014
722	991016	1429	473606	498195	100	90	0.63565	0.773323	52	51.7	0	474	1877	1.02952	0.783166	2014
723	1.11074e+006	1206	547727	541610	100	90	0.59614	0.773323	52	51.7	0	474	1877	1.02715	0.790137	2014
724	1.14158e+006	1032	573226	548820	100	90	0.634911	0.773323	52	51.7	0	474	1877	1.03113	0.819913	2014
725	1.12167e+006	990	575596	528407	100	90	0.73705	0.773323	52	51.7	0	474	1877	1.03449	0.836589	2014
726	1.09325e+006	1818	578413	514842	100	90	1.32432	0.773323	52	51.7	0	474	1877	1.03396	0.831427	2014
727	1.07981e+006	1676	576638	503169	100	90	1.49813	0.773323	52	51.7	0	474	1877	1.04034	0.831765	2014
728	1.04198e+006	1501	561759	480226	100	90	1.64143	0.773323	52	51.7	0	474	1877	1.04146	0.821936	2014
729	1.01601e+006	1277	553042	462965	100	90	1.7344	0.773323	52	51.7	0	474	1877	1.04952	0.823389	2014
730	980549	1112	536007	444542	100	90	1.7706	0.773323	52	51.7	0	474	1877	1.05179	0.814038	2014
731	946381	995	518668	427712	100	90	1.81376	0.773323	52	51.7	0	474	1877	1.05712	0.814096	2014
732	900370	892	494714	405656	100	90	1.86972	0.773323	52	51.7	0	474	1877	1.06643	0.820981	2014
733	869621	818	478098	391523	100	90	1.94212	0.773323	52	51.7	0	474	1877	1.07654	0.824627	2014
734	820093	755	451881	368212	100	90	1.9903	0.773323	52	51.7	0	474	1877	1.09028	0.849593	2014
735	753175	677	415310	337865	100	90	2.01616	0.773323	52	51.7	0	474	1877	1.10277	0.853253	2014
736	708838	626	389039	316165	100	90	2.04243	0.773323	52	51.7	0	474	1877	1.11538	0.864238	2014
737	700892	604	383253	310816	100	90	2.0602	0.773323	52	51.7	0	474	1877	1.1252	0.870912	2014
738	620438	524	339379	274801	100	90	2.03602	0.773323	52	51.7	0	474	1877	1.14286	0.884462	2014
739	567253	471	310549	250802	100	90	2.05317	0.773323	52	51.7	0	474	1877	1.14938	0.892377	2014
740	537218	442	294364	237344	100	90	2.0494	0.773323	52	51.7	0	474	1877	1.15813	0.903846	2014
741	464433	380	257561	206872	100	90	2.04996	0.773323	52	51.7	0	474	1877	1.17942	0.929577	2014
742	239216	331	47484.2	191732	100	90	0.105588	0.773323	52	51.7	213652	474	1877	1.00308	0.727655	2014
743	621565	309	261767	359798	100	90	0.0862058	0.773323	52	51.7	213652	474	1877	1.00238	0.725075	2014
744	785596	294	360724	424873	100	90	0.0890008	0.773323	52	51.7	213652	474	1877	1.00261	0.754715	2014
745	733358	265	355418	377940	100	90	0.0926633	0.773323	52	51.7	213652	474	1877	1.00331	0.790104	2014
746	868275	244	442546	425729	100	90	0.114937	0.773323	52	51.7	213652	474	1877	1.0044	0.80008	2014
747	989765	3382	509647	480118	100	90	1.15806	0.773323	52	51.7	213652	474	1877	1.00651	0.806293	2014
748	1.0075e+006	2646	521398	486102	100	90	1.30595	0.773323	52	51.7	213652	474	1877	1.00992	0.813073	2014
749	1.01057e+006	2202	528735	481832	100	90	1.3579	0.773323	52	51.7	213652	474	1877	1.01142	0.807753	2014
750	763964	1952	274934	489030	100	90	1.42956	0.773323	45	51.7	213652	474	1877	1.10715	0.977284	2014
751	592194	1016	259354	325236	100	90	0.487761	0.773323	52	51.7	0	474	1877	1.03567	0.764519	2014
752	781970	885	380917	389033	100	90	0.395606	0.773323	52	51.7	0	474	1877	1.02545	0.761877	2014
753	980801	767	487866	478833	100	90	0.36306	0.773323	52	51.7	0	474	1877	1.02319	0.762156	2014
754	1.0587e+006	674	531663	513383	100	90	0.383793	0.773323	52	51.7	0	474	1877	1.02538	0.788571	2014
755	1.04335e+006	677	533143	498158	100	90	0.456028	0.773323	52	51.7	0	474	1877	1.02854	0.812582	2014
756	1.03587e+006	1796	543806	492067	100	90	1.15871	0.773323	52	51.7	0	474	1877	1.03307	0.817388	2014
757	1.04297e+006	1765	552806	490167	100	90	1.35956	0.773323	52	51.7	0	474	1877	1.03586	0.815217	2014
758	1.02828e+006	1628	550038	478247	100	90	1.57547	0.773323	52	51.7	0	474	1877	1.04084	0.808202	2014
759	991772	1325	534293	457479	100	90	1.67595	0.773323	52	51.7	0	474	1877	1.05245	0.806075	2014
760	965267	1122	523138	442129	100	90	1.70849	0.773323	52	51.7	0	474	1877	1.05474	0.798165	2014
761	894421	933	486760	407661	100	90	1.74003	0.773323	52	51.7	0	474	1877	1.06209	0.803987	2014
762	813975	802	445366	368609	100	90	1.79996	0.773323	52	51.7	0	474	1877	1.07065	0.809524	2014
763	797444	742	437488	359956	100	90	1.88144	0.773323	52	51.7	0	474	1877	1.07741	0.816269	2014
764	777114	698	426900	350215	100	90	1.93614	0.773323	52	51.7	0	474	1877	1.09375	0.834087	2014
765	724208	637	398474	325734	100	90	2.02294	0.773323	52	51.7	0	474	1877	1.10873	0.837748	2014
766	663409	564	362820	295711	100	90	2.05466	0.773323	52	51.7	0	474	1877	1.11148	0.821892	2014
767	623126	512	339043	275770	100	90	2.06975	0.773323	52	51.7	0	474	1877	1.12591	0.813906	2014
768	553017	437	301183	244319	100	90	2.09287	0.773323	52	51.7	0	474	1877	1.12775	0.826087	2014
769	517502	409	282932	227655	100	90	2.10333	0.773323	52	51.7	0	474	1877	1.13527	0.835079	2014
770	478204	368	261577	210459	100	90	2.09978	0.773323	52	51.7	0	474	1877	1.13736	0.826471	2014
771	424064	321	235406	188658	100	90	2.11965	0.773323	52	51.7	0	474	1877	1.13968	0.813333	2014
772	221276	296	41927.1	179349	100	90	0.098754	0.773323	52	51.7	195715	474	1877	1.00251	0.719336	2014
773	585153	257	245285	339868	100	90	0.0741914	0.773323	52	51.7	195715	474	1877	1.00193	0.715884	2014
774	751048	227	343524	407525	100	90	0.0723041	0.773323	52	51.7	195715	474	1877	1.00204	0.730497	2014
775	715887	220	344147	371740	100	90	0.0802997	0.773323	52	51.7	195715	474	1877	1.0025	0.750093	2014
776	830803	194	420746	410057	100	90	0.0965697	0.773323	52	51.7	195715	474	1877	1.0035	0.755184	2014
777	977891	3156	501313	476578	100	90	1.07669	0.773323	52	51.7	195715	474	1877	1.00486	0.757413	2014
778	1.0011e+006	2616	517146	483957	100	90	1.27941	0.773323	52	51.7	195715	474	1877	1.00671	0.754417	2014
779	991484	2042	518140	473344	100	90	1.29327	0.773323	52	51.7	195715	474	1877	1.00862	0.751271	2014
780	753009	1852	271210	481799	100	90	1.34408	0.773323	45	51.7	195715	474	1877	1.10626	0.933116	2014
781	838617	1527	371579	455915	100	90	0.771169	0.773323	52	51.7	0	474	1877	1.04639	0.774549	2014
782	964921	1296	462356	486312	100	90	0.643903	0.773323	52	51.7	0	474	1877	1.03768	0.756366	2014
783	1.10323e+006	1122	547010	537608	100	90	0.602465	0.773323	52	51.7	0	474	1877	1.03537	0.748817	2014
784	1.13531e+006	949	571140	547412	100	90	0.634732	0.773323	52	51.7	0	474	1877	1.03794	0.757074	2014
785	1.11852e+006	901	572736	531248	100	90	0.714175	0.773323	52	51.7	0	474	1877	1.04188	0.760276	2014
786	1.11639e+006	1668	587837	528556	100	90	1.27312	0.773323	52	51.7	0	474	1877	1.04065	0.753354	2014
787	1.08127e+006	1499	574227	507039	100	90	1.39557	0.773323	52	51.7	0	474	1877	1.04194	0.747567	2014
788	746103	1428	265167	480937	100	90	1.54598	0.773323	52	51.7	0	474	1877	1.04279	0.742143	2014
789	795166	1187	345349	449817	100	90	1.64898	0.773323	52	51.7	0	474	1877	1.046	0.741631	2014
790	863895	1071	422047	441849	100	90	1.73093	0.773323	52	51.7	0	474	1877	1.04516	0.743128	2014
791	863363	925	445934	417428	100	90	1.82206	0.773323	52	51.7	0	474	1877	1.04964	0.742042	2014
792	856597	819	455794	400803	100	90	1.86592	0.773323	52	51.7	0	474	1877	1.05811	0.748756	2014
793	809800	719	436343	373457	100	90	1.88827	0.773323	52	51.7	0	474	1877	1.06885	0.747518	2014
794	758900	637	412160	346740	100	90	1.9269	0.773323	52	51.7	0	474	1877	1.08174	0.757188	2014
795	707851	569	386441	321411	100	90	1.94591	0.773323	52	51.7	0	474	1877	1.09607	0.777778	2014
796	681795	531	370048	306074	100	90	1.96051	0.773323	52	51.7	0	474	1877	1.11415	0.803089	2014
797	616458	464	332869	274438	100	90	1.99845	0.773323	52	51.7	0	474	1877	1.13193	0.818182	2014
798	613337	450	331264	272611	100	90	2.05771	0.773323	52	51.7	0	474	1877	1.14435	0.817552	2014
799	531604	383	287902	235273	100	90	2.0734	0.773323	52	51.7	0	474	1877	1.16373	0.827778	2014
800	495358	358	269057	218751	100	90	2.08222	0.773323	52	51.7	0	474	1877	1.1776	0.816024	2014
801	459409	334	253782	205628	100	90	2.10305	0.773323	52	51.7	0	474	1877	1.17994	0.809677	2014
802	244848	312	45966.4	198882	100	90	0.103096	0.773323	52	51.7	213545	474	1877	1.00347	0.648619	2014
803	607029	257	253082	353947	100	90	0.0731936	0.773323	52	51.7	213545	474	1877	1.00239	0.649447	2014
804	766071	245	348091	417980	100	90	0.0760392	0.773323	52	51.7	213545	474	1877	1.00245	0.677071	2014
805	715323	231	344091	371232	100	90	0.0831222	0.773323	52	51.7	213545	474	1877	1.00302	0.721859	2014
806	851956	211	433116	418840	100	90	0.103745	0.773323	52	51.7	213545	474	1877	1.00407	0.732165	2014
807	982563	3180	505127	477435	100	90	1.12132	0.773323	51	51.7	213545	474	1877	1.00573	0.751634	2014
808	1.0478e+006	2768	540970	506827	100	90	1.31065	0.773323	51	51.7	213545	474	1877	1.00848	0.769423	2014
809	1.03224e+006	2206	538046	494191	100	90	1.32958	0.773323	51	51.7	213545	474	1877	1.00956	0.759548	2014
810	774876	2006	277294	497581	100	90	1.38809	0.773323	49	51.7	213545	474	1877	1.09526	0.925163	2014
811	850814	1589	375189	464874	100	90	0.721169	0.773323	52	51.7	0	474	1877	1.03766	0.704193	2014
812	989372	1326	471856	502137	100	90	0.595664	0.773323	52	51.7	0	474	1877	1.02914	0.689963	2014
813	1.12792e+006	1112	555125	555718	100	90	0.557265	0.773323	52	51.7	0	474	1877	1.02731	0.690188	2014
814	1.12902e+006	908	565192	548399	100	90	0.56459	0.773323	52	51.7	0	474	1877	1.02937	0.71668	2014
815	1.12072e+006	879	573502	533549	100	90	0.643595	0.773323	52	51.7	0	474	1877	1.03284	0.751115	2014
816	1.11137e+006	1837	583548	527819	100	90	1.24439	0.773323	52	51.7	0	474	1877	1.0333	0.758593	2014
817	1.09772e+006	1650	581377	516348	100	90	1.43188	0.773323	52	51.7	0	474	1877	1.03825	0.764547	2014
818	1.06111e+006	1538	566577	494534	100	90	1.61268	0.773323	52	51.7	0	474	1877	1.03981	0.766958	2014
819	1.04236e+006	1283	561334	481031	100	90	1.69468	0.773323	52	51.7	0	474	1877	1.0444	0.755627	2014
820	981754	1093	532684	449071	100	90	1.7218	0.773323	52	51.7	0	474	1877	1.04264	0.754206	2014
821	943506	950	514140	429366	100	90	1.78619	0.773323	52	51.7	0	474	1877	1.04934	0.753219	2014
822	903683	840	494029	409653	100	90	1.85215	0.773323	52	51.7	0	474	1877	1.05689	0.761847	2014
823	848410	767	465331	383079	100	90	1.9174	0.773323	52	51.7	0	474	1877	1.06023	0.759628	2014
824	801466	694	440155	361312	100	90	1.96107	0.773323	52	51.7	0	474	1877	1.07332	0.762887	2014
825	741155	621	407247	333909	100	90	1.98357	0.773323	52	51.7	0	474	1877	1.08647	0.771901	2014
826	671605	542	366644	299494	100	90	2.02551	0.773323	52	51.7	0	474	1877	1.09314	0.778203	2014
827	610666	481	331476	270524	100	90	2.0623	0.773323	52	51.7	0	474	1877	1.10134	0.788337	2014
828	590085	448	319830	261370	100	90	2.06852	0.773323	52	51.7	0	474	1877	1.10625	0.797203	2014
829	515188	379	279714	227596	100	90	2.07069	0.773323	52	51.7	0	474	1877	1.11414	0.802198	2014
830	472387	340	256635	208597	100	90	2.11679	0.773323	52	51.7	0	474	1877	1.10364	0.787037	2014
831	435406	314	240789	194617	100	90	2.13606	0.773323	52	51.7	0	474	1877	1.10526	0.783784	2014
832	206965	261	37947.7	169017	100	90	0.087319	0.773323	52	51.7	203977	474	1877	1.00157	0.693968	2014
833	580917	236	244188	336729	100	90	0.0680691	0.773323	52	51.7	203977	474	1877	1.00118	0.682451	2014
834	769105	210	350625	418480	100	90	0.0655944	0.773323	52	51.7	203977	474	1877	1.00109	0.708458	2014
835	700681	186	336987	363694	100	90	0.0662717	0.773323	52	51.7	203977	474	1877	1.0012	0.746817	2014
836	837400	177	425063	412337	100	90	0.0832827	0.773323	52	51.7	203977	474	1877	1.00201	0.752964	2014
837	989902	3320	507901	482001	100	90	1.12892	0.773323	52	51.7	203977	474	1877	1.00327	0.756913	2014
838	1.01538e+006	2721	524075	491308	100	90	1.32855	0.773323	52	51.7	203977	474	1877	1.00521	0.763217	2014
839	1.03616e+006	2156	540295	495868	100	90	1.35357	0.773323	52	51.7	203977	474	1877	1.00713	0.758224	2014
840	792430	1983	283666	508764	100	90	1.40119	0.773323	48	51.7	203977	474	1877	1.09456	0.919412	2014
841	910510	1686	400617	498891	100	90	0.803668	0.773323	52	51.7	0	474	1877	1.04099	0.744107	2014
842	1.03161e+006	1391	491296	524737	100	90	0.664101	0.773323	52	51.7	0	474	1877	1.03213	0.726088	2014
843	1.16563e+006	1185	575060	573484	100	90	0.626047	0.773323	52	51.7	0	474	1877	1.03164	0.727522	2014
844	1.21739e+006	1044	611440	589504	100	90	0.684897	0.773323	52	51.7	0	474	1877	1.03669	0.748061	2014
845	1.16022e+006	966	594459	551877	100	90	0.759882	0.773323	52	51.7	0	474	1877	1.03803	0.766667	2014
846	1.12597e+006	1788	593790	532177	100	90	1.36086	0.773323	52	51.7	0	474	1877	1.03653	0.762668	2014
847	1.1281e+006	1575	601551	526552	100	90	1.48883	0.773323	52	51.7	0	474	1877	1.04359	0.762817	2014
848	1.10432e+006	1493	593391	510927	100	90	1.64988	0.773323	52	51.7	0	474	1877	1.05109	0.774127	2014
849	1.05706e+006	1258	571297	485762	100	90	1.76044	0.773323	52	51.7	0	474	1877	1.05508	0.769231	2014
850	983670	1045	533974	449696	100	90	1.82467	0.773323	52	51.7	0	474	1877	1.06254	0.776585	2014
851	941859	913	512976	428883	100	90	1.85233	0.773323	52	51.7	0	474	1877	1.06645	0.774049	2014
852	918005	835	501013	416993	100	90	1.91871	0.773323	52	51.7	0	474	1877	1.07324	0.777368	2014
853	826484	727	452245	374238	100	90	1.95115	0.773323	52	51.7	0	474	1877	1.08884	0.783593	2014
854	788999	672	432571	356428	100	90	1.9911	0.773323	52	51.7	0	474	1877	1.09949	0.785933	2014
855	738509	607	405398	333110	100	90	2.04808	0.773323	52	51.7	0	474	1877	1.11791	0.802721	2014
856	667855	535	364621	297774	100	90	2.06098	0.773323	52	51.7	0	474	1877	1.11492	0.801541	2014
857	611336	467	331816	270246	100	90	2.09542	0.773323	52	51.7	0	474	1877	1.11623	0.792494	2014
858	549050	406	297660	242624	100	90	2.09637	0.773323	52	51.7	0	474	1877	1.11806	0.792308	2014
859	529245	382	287527	233236	100	90	2.101	0.773323	52	51.7	0	474	1877	1.12687	0.790634	2014
860	510638	367	278030	224663	100	90	2.13433	0.773323	52	51.7	0	474	1877	1.13102	0.801153	2014
861	468711	337	259651	209061	100	90	2.15227	0.773323	52	51.7	0	474	1877	1.12245	0.804416	2014
862	231843	296	43547.7	188295	100	90	0.0986919	0.773323	52	51.7	216045	474	1877	1.00202	0.692352	2014
863	607804	267	253008	354796	100	90	0.0755515	0.773323	52	51.7	216045	474	1877	1.0018	0.690577	2014
864	800688	229	364062	436626	100	90	0.0714936	0.773323	52	51.7	216045	474	1877	1.00177	0.719362	2014
865	733426	193	351228	382198	100	90	0.0696003	0.773323	52	51.7	216045	474	1877	1.00203	0.756383	2014
866	835308	172	422917	412392	100	90	0.0824089	0.773323	52	51.7	216045	474	1877	1.00235	0.764698	2014
867	972767	3448	498698	474069	100	90	1.13836	0.773323	52	51.7	216045	474	1877	1.00318	0.77158	2014
868	1.01709e+006	2853	524408	492678	100	90	1.31553	0.773323	52	51.7	216045	474	1877	1.0038	0.78682	2014
869	1.01094e+006	2245	527456	483480	100	90	1.37596	0.773323	52	51.7	216045	474	1877	1.00467	0.791314	2014
870	757241	2011	271740	485502	100	90	1.45151	0.773323	47	51.7	216045	474	1877	1.09115	0.947657	2014
871	839937	1632	369933	459643	100	90	0.741385	0.773323	52	51.7	0	474	1877	1.03421	0.750552	2014
872	975726	1342	466437	494317	100	90	0.604288	0.773323	52	51.7	0	474	1877	1.0262	0.737471	2014
873	1.11358e+006	1099	549499	547721	100	90	0.544984	0.773323	52	51.7	0	474	1877	1.02342	0.733561	2014
874	1.13225e+006	897	568397	548852	100	90	0.549805	0.773323	52	51.7	0	474	1877	1.02422	0.752688	2014
875	1.11717e+006	848	572789	531262	100	90	0.618518	0.773323	52	51.7	0	474	1877	1.02612	0.77288	2014
876	1.10185e+006	1936	579482	522364	100	90	1.27935	0.773323	52	51.7	0	474	1877	1.02592	0.774457	2014
877	1.12715e+006	1813	597948	529198	100	90	1.46135	0.773323	52	51.7	0	474	1877	1.02911	0.774913	2014
878	1.10688e+006	1640	591449	515429	100	90	1.61718	0.773323	52	51.7	0	474	1877	1.03164	0.762407	2014
879	1.04579e+006	1326	562958	482830	100	90	1.72472	0.773323	52	51.7	0	474	1877	1.0411	0.766923	2014
880	961686	1095	520917	440769	100	90	1.76175	0.773323	52	51.7	0	474	1877	1.04724	0.7726	2014
881	916704	946	498295	418409	100	90	1.81846	0.773323	52	51.7	0	474	1877	1.05119	0.779826	2014
882	891305	859	485849	405456	100	90	1.88551	0.773323	52	51.7	0	474	1877	1.05363	0.784431	2014
883	832461	757	454990	377471	100	90	1.94726	0.773323	52	51.7	0	474	1877	1.06583	0.795918	2014
884	777937	672	426210	351727	100	90	1.99054	0.773323	52	51.7	0	474	1877	1.07645	0.808642	2014
885	745098	620	408359	336738	100	90	2.03698	0.773323	52	51.7	0	474	1877	1.09618	0.819257	2014
886	697596	558	379452	312519	100	90	2.07312	0.773323	52	51.7	0	474	1877	1.1082	0.821632	2014
887	667474	516	360516	296702	100	90	2.10008	0.773323	52	51.7	0	474	1877	1.11594	0.815574	2014
888	589296	436	317884	261954	100	90	2.071	0.773323	52	51.7	0	474	1877	1.11538	0.805825	2014
889	551036	404	297453	244959	100	90	2.10875	0.773323	52	51.7	0	474	1877	1.13365	0.82058	2014
890	523306	370	282842	232369	100	90	2.11341	0.773323	52	51.7	0	474	1877	1.15608	0.827089	2014
891	497685	349	274021	223664	100	90	2.13458	0.773323	52	51.7	0	474	1877	1.16332	0.824074	2014
892	245508	297	44474.4	201033	100	90	0.102908	0.773323	52	51.7	230353	474	1877	1.00295	0.698291	2014
893	608454	276	247903	360551	100	90	0.0805713	0.773323	52	51.7	230353	474	1877	1.00207	0.69103	2014
894	835461	258	376589	458873	100	90	0.0804508	0.773323	52	51.7	230353	474	1877	1.00175	0.711477	2014
895	774869	226	367135	407734	100	90	0.0833855	0.773323	52	51.7	230353	474	1877	1.00183	0.748317	2014
896	847922	194	425241	422681	100	90	0.0953195	0.773323	52	51.7	230353	474	1877	1.00249	0.766001	2014
897	962294	3235	492180	470114	100	90	1.14499	0.773323	52	51.7	230353	474	1877	1.00324	0.77711	2014
898	993989	2724	512603	481385	100	90	1.33095	0.773323	52	51.7	230353	474	1877	1.00446	0.788857	2014
899	1.00101e+006	2161	522292	478721	100	90	1.38709	0.773323	52	51.7	230353	474	1877	1.00595	0.784652	2014
900	741171	1921	266057	475114	100	90	1.45928	0.773323	48	51.7	230353	474	1877	1.08774	0.926371	2014
901	823838	1545	363388	450124	100	90	0.725613	0.773323	52	51.7	0	474	1877	1.03402	0.746633	2014
902	995982	1330	475361	505157	100	90	0.599926	0.773323	52	51.7	0	474	1877	1.02715	0.733278	2014
903	1.13186e+006	1109	557114	557849	100	90	0.563146	0.773323	52	51.7	0	474	1877	1.02519	0.729272	2014
904	1.18444e+006	979	593388	574729	100	90	0.626236	0.773323	52	51.7	0	474	1877	1.03055	0.74995	2014
905	1.18213e+006	950	603716	563700	100	90	0.705207	0.773323	52	51.7	0	474	1877	1.03482	0.774271	2014
906	1.13639e+006	1868	596129	540257	100	90	1.35791	0.773323	52	51.7	0	474	1877	1.03198	0.774139	2014
907	1.1209e+006	1712	593067	527837	100	90	1.53024	0.773323	52	51.7	0	474	1877	1.03615	0.767867	2014
908	1.07159e+006	1502	571387	500203	100	90	1.6403	0.773323	52	51.7	0	474	1877	1.03698	0.7673	2014
909	1.05247e+006	1260	566112	486353	100	90	1.7364	0.773323	52	51.7	0	474	1877	1.04269	0.770783	2014
910	986293	1041	534106	452187	100	90	1.78302	0.773323	52	51.7	0	474	1877	1.0507	0.776908	2014
911	945366	911	514166	431200	100	90	1.82647	0.773323	52	51.7	0	474	1877	1.05347	0.772321	2014
912	896300	805	488821	407479	100	90	1.90776	0.773323	52	51.7	0	474	1877	1.06117	0.774398	2014
913	834058	713	456598	377460	100	90	1.95875	0.773323	52	51.7	0	474	1877	1.06766	0.774425	2014
914	758008	624	416637	341371	100	90	1.99005	0.773323	52	51.7	0	474	1877	1.07962	0.78125	2014
915	711290	564	391864	319426	100	90	2.02232	0.773323	52	51.7	0	474	1877	1.08449	0.784672	2014
916	644228	491	353237	286191	100	90	2.0284	0.773323	52	51.7	0	474	1877	1.10127	0.799163	2014
917	589618	433	321518	259542	100	90	2.03636	0.773323	52	51.7	0	474	1877	1.11826	0.82619	2014
918	543338	392	296045	239192	100	90	2.0461	0.773323	52	51.7	0	474	1877	1.15348	0.844504	2014
919	499889	347	272562	219774	100	90	2.08405	0.773323	52	51.7	0	474	1877	1.15556	0.830816	2014
920	439649	303	240306	193254	100	90	2.11527	0.773323	52	51.7	0	474	1877	1.16611	0.822695	2014
921	405960	273	225240	180721	100	90	2.12964	0.773323	52	51.7	0	474	1877	1.19101	0.845238	2014
922	210814	253	37895.9	172918	100	90	0.0837771	0.773323	52	51.7	192266	474	1877	1.0024	0.715007	2014
923	591427	233	248020	343406	100	90	0.066691	0.773323	52	51.7	192266	474	1877	1.00191	0.712389	2014
924	774577	212	353504	421073	100	90	0.0662146	0.773323	52	51.7	192266	474	1877	1.00218	0.728105	2014
925	710870	190	340799	370070	100	90	0.0675479	0.773323	52	51.7	192266	474	1877	1.00244	0.759365	2014
926	820784	167	415975	404809	100	90	0.0807572	0.773323	52	51.7	192266	474	1877	1.00351	0.762065	2014
927	973067	3420	499451	473616	100	90	1.15047	0.773323	52	51.7	192266	474	1877	1.00467	0.776806	2014
928	1.01553e+006	2838	524428	491105	100	90	1.32232	0.773323	52	51.7	192266	474	1877	1.00585	0.782503	2014
929	1.02917e+006	2246	537258	491914	100	90	1.34538	0.773323	52	51.7	192266	474	1877	1.00711	0.783087	2014
930	754792	2024	270900	483893	100	90	1.42044	0.773323	49	51.7	192266	474	1877	1.08866	0.931976	2014
