Time	totMass	NInd	abovemass	belowmass	mean_ares	mean_bres	shannon	meanShannon	NPFT	meanNPFT	Cutted	NNonClonal	NClonal	mean_generation	mean_genet_size	NGenets
1	560	0	280	280	100	90	0	0.802199	52	51.5	0	539	1813	1	0.768734	2073
2	16445.1	0	7992.77	8452.28	100	90	0	0.802199	52	51.5	0	539	1813	1	0.770306	2073
3	74209.8	0	39561.2	34648.6	100	90	0	0.802199	52	51.5	0	539	1813	1	0.774465	2073
4	221801	0	117882	103919	100	90	0	0.802199	52	51.5	0	539	1813	1	0.773302	2073
5	487839	0	258070	229769	100	90	0	0.802199	52	51.5	0	539	1813	1.00079	0.772101	2073
6	815314	731	430347	384967	100	90	2.6189	0.802199	52	51.5	0	539	1813	1.00645	0.776081	2073
7	1.10556e+006	983	586023	519540	100	90	3.28285	0.802199	52	51.5	0	539	1813	1.02202	0.787989	2073
8	1.30632e+006	1025	697701	608622	100	90	3.37585	0.802199	52	51.5	0	539	1813	1.03795	0.804094	2073
9	1.44357e+006	960	776285	667289	100	90	3.23968	0.802199	52	51.5	0	539	1813	1.04634	0.812695	2073
10	1.54484e+006	912	835072	709767	100	90	3.16321	0.802199	52	51.5	0	539	1813	1.06047	0.833516	2073
11	1.61489e+006	872	875845	739043	100	90	3.10761	0.802199	52	51.5	0	539	1813	1.07671	0.850403	2073
12	1.67759e+006	855	912669	764923	100	90	3.09899	0.802199	52	51.5	0	539	1813	1.09057	0.866272	2073
13	1.71239e+006	833	933878	778509	100	90	3.0866	0.802199	52	51.5	0	539	1813	1.11034	0.888344	2073
14	1.74932e+006	829	955769	793553	100	90	3.15068	0.802199	52	51.5	0	539	1813	1.11202	0.890977	2073
15	1.75675e+006	810	961425	795325	100	90	3.13332	0.802199	52	51.5	0	539	1813	1.1262	0.911917	2073
16	1.78899e+006	800	967258	795753	100	90	3.14195	0.802199	52	51.5	0	539	1813	1.14507	0.927152	2073
17	1.8192e+006	793	972083	796946	100	90	3.19981	0.802199	52	51.5	0	539	1813	1.15162	0.92349	2073
18	1.85761e+006	793	990409	811376	100	90	3.25941	0.802199	52	51.5	0	539	1813	1.14625	0.921409	2073
19	1.88413e+006	796	1.00476e+006	822000	100	90	3.34141	0.802199	52	51.5	0	539	1813	1.14321	0.90847	2073
20	1.88557e+006	788	1.00788e+006	821165	100	90	3.35023	0.802199	52	51.5	0	539	1813	1.14268	0.901252	2073
21	1.83704e+006	790	1.01414e+006	822908	100	90	3.41856	0.802199	52	51.5	0	539	1813	1.14541	0.890603	2073
22	1.83286e+006	783	1.01304e+006	819819	100	90	1.42035	0.802199	52	51.5	0	539	1813	1.04875	0.75921	2073
23	1.85419e+006	776	1.02192e+006	832268	100	90	1.3945	0.802199	52	51.5	0	539	1813	1.05283	0.761977	2073
24	1.8854e+006	772	1.03753e+006	847873	100	90	1.39346	0.802199	52	51.5	0	539	1813	1.06417	0.783153	2073
25	1.89519e+006	767	1.04299e+006	852199	100	90	1.48053	0.802199	52	51.5	0	539	1813	1.06888	0.814775	2073
26	1.91297e+006	756	1.0519e+006	861073	100	90	1.59617	0.802199	52	51.5	0	539	1813	1.08113	0.84493	2073
27	1.9317e+006	1298	1.0612e+006	870498	100	90	2.71299	0.802199	52	51.5	0	539	1813	1.10121	0.863636	2073
28	1.95864e+006	1220	1.07564e+006	883007	100	90	2.85464	0.802199	52	51.5	0	539	1813	1.11893	0.883681	2073
29	1.99355e+006	1154	1.09485e+006	898703	100	90	2.92361	0.802199	52	51.5	0	539	1813	1.14051	0.905571	2073
30	1.46754e+006	1087	555878	911664	100	90	2.30388	0.802199	52	51.5	0	539	1813	1.49496	1.50612	2073
31	1.52842e+006	967	674600	851573	100	90	1.32283	0.802199	52	51.5	0	539	1813	1.15952	0.925976	2073
32	1.50043e+006	842	709474	787184	100	90	1.04659	0.802199	52	51.5	0	539	1813	1.10105	0.827164	2073
33	1.47647e+006	741	722336	750399	100	90	0.856006	0.802199	52	51.5	0	539	1813	1.07836	0.798851	2073
34	1.46129e+006	667	730637	727115	100	90	0.946049	0.802199	52	51.5	0	539	1813	1.09053	0.800862	2073
35	1.42877e+006	745	727152	698374	100	90	1.21919	0.802199	52	51.5	0	539	1813	1.09986	0.813376	2073
36	1.39128e+006	775	719416	671865	100	90	1.51015	0.802199	52	51.5	0	539	1813	1.11579	0.845942	2073
37	1.38357e+006	897	723767	659799	100	90	1.94454	0.802199	52	51.5	0	539	1813	1.1256	0.871111	2073
38	1.31535e+006	995	693230	622122	100	90	2.56193	0.802199	52	51.5	0	539	1813	1.1397	0.888889	2073
39	1.26094e+006	794	671548	589397	100	90	2.66784	0.802199	52	51.5	0	539	1813	1.17338	0.897183	2073
40	1.23868e+006	697	664518	574160	100	90	2.74338	0.802199	52	51.5	0	539	1813	1.19235	0.908943	2073
41	1.13289e+006	580	610922	521967	100	90	2.84275	0.802199	52	51.5	0	539	1813	1.22899	0.921569	2073
42	1.08119e+006	512	586934	494259	100	90	2.8003	0.802199	52	51.5	0	539	1813	1.24754	0.944444	2073
43	1.00188e+006	450	545746	456129	100	90	2.84186	0.802199	52	51.5	0	539	1813	1.28543	0.974293	2073
44	912846	392	500184	412662	100	90	2.79148	0.802199	52	51.5	0	539	1813	1.2953	0.976744	2073
45	862222	353	473666	388556	100	90	2.75269	0.802199	52	51.5	0	539	1813	1.35128	1.02913	2073
46	829966	315	450055	366480	100	90	2.73505	0.802199	52	51.5	0	539	1813	1.35207	1.04015	2073
47	799311	294	427505	347988	100	90	2.81799	0.802199	52	51.5	0	539	1813	1.39249	1.07229	2073
48	710417	252	379058	308096	100	90	2.79663	0.802199	52	51.5	0	539	1813	1.41803	1.10798	2073
49	648955	224	347139	280815	100	90	2.97007	0.802199	52	51.5	0	539	1813	1.43269	1.08466	2073
50	627759	208	339431	268304	100	90	3.15254	0.802199	52	51.5	0	539	1813	1.42105	1	2073
51	533872	181	298443	235429	100	90	3.12092	0.802199	52	51.5	0	539	1813	1.45679	1.06081	2073
52	265272	165	45133.4	220139	100	90	0.0996383	0.802199	52	51.5	259409	539	1813	1.00562	0.764593	2073
53	507118	147	189297	317821	100	90	0.064621	0.802199	52	51.5	259409	539	1813	1.00334	0.762089	2073
54	823613	139	358654	464959	100	90	0.0673588	0.802199	52	51.5	259409	539	1813	1.00371	0.768018	2073
55	804047	112	367878	436169	100	90	0.0655784	0.802199	52	51.5	259409	539	1813	1.00446	0.785376	2073
56	831855	108	403657	428198	100	90	0.0789536	0.802199	52	51.5	259409	539	1813	1.00535	0.791279	2073
57	961074	2545	482994	478080	100	90	1.4328	0.802199	52	51.5	259409	539	1813	1.00597	0.785208	2073
58	1.01626e+006	2212	517130	499127	100	90	1.80229	0.802199	52	51.5	259409	539	1813	1.00812	0.778476	2073
59	1.04949e+006	1745	540897	508591	100	90	1.93319	0.802199	52	51.5	259409	539	1813	1.01267	0.778876	2073
60	785838	1452	277601	508237	100	90	2.02356	0.802199	52	51.5	259409	539	1813	1.1319	1.01044	2073
61	874601	1194	383342	486881	100	90	1.17811	0.802199	52	51.5	0	539	1813	1.05891	0.808	2073
62	997336	1038	476371	514375	100	90	0.998739	0.802199	52	51.5	0	539	1813	1.04677	0.790271	2073
63	1.08379e+006	866	539006	537589	100	90	0.935307	0.802199	52	51.5	0	539	1813	1.04277	0.773327	2073
64	1.15439e+006	708	584321	563873	100	90	0.944538	0.802199	52	51.5	0	539	1813	1.04657	0.778652	2073
65	1.17127e+006	643	600230	565933	100	90	1.026	0.802199	52	51.5	0	539	1813	1.04912	0.787159	2073
66	1.14778e+006	1200	598213	549562	100	90	1.99598	0.802199	52	51.5	0	539	1813	1.05112	0.791289	2073
67	1.13731e+006	1163	599043	538263	100	90	2.27388	0.802199	52	51.5	0	539	1813	1.05361	0.793774	2073
68	1.14058e+006	1074	606426	534151	100	90	2.42447	0.802199	52	51.5	0	539	1813	1.05421	0.791786	2073
69	1.10324e+006	884	591542	511700	100	90	2.43684	0.802199	52	51.5	0	539	1813	1.06763	0.816705	2073
70	1.0478e+006	741	566131	481664	100	90	2.44957	0.802199	52	51.5	0	539	1813	1.0807	0.815789	2073
71	996489	637	540806	455683	100	90	2.5181	0.802199	52	51.5	0	539	1813	1.10215	0.844911	2073
72	955929	566	520376	435553	100	90	2.5301	0.802199	52	51.5	0	539	1813	1.11985	0.880515	2073
73	891777	491	487329	404447	100	90	2.63746	0.802199	52	51.5	0	539	1813	1.1313	0.891489	2073
74	869721	453	476812	392909	100	90	2.75305	0.802199	52	51.5	0	539	1813	1.13879	0.906542	2073
75	814508	404	448213	366295	100	90	2.77876	0.802199	52	51.5	0	539	1813	1.17155	0.946809	2073
76	735170	354	398880	325158	100	90	2.701	0.802199	52	51.5	0	539	1813	1.19622	0.973134	2073
77	683253	323	367034	296710	100	90	2.83619	0.802199	52	51.5	0	539	1813	1.22063	0.996622	2073
78	657632	296	354075	284886	100	90	2.86057	0.802199	52	51.5	0	539	1813	1.2443	1.0037	2073
79	595175	274	321044	256769	100	90	2.87437	0.802199	52	51.5	0	539	1813	1.2491	1	2073
80	398670	255	156191	239150	100	90	2.91239	0.802199	52	51.5	0	539	1813	1.26587	1.00889	2073
81	411853	243	189085	222769	100	90	2.94779	0.802199	52	51.5	0	539	1813	1.29778	1.02392	2073
82	246273	213	48271.6	198001	100	90	0.119831	0.802199	52	51.5	175005	539	1813	1.00507	0.756607	2073
83	490810	193	192694	298116	100	90	0.0858764	0.802199	52	51.5	175005	539	1813	1.00381	0.755893	2073
84	824278	165	370236	454042	100	90	0.0814395	0.802199	52	51.5	175005	539	1813	1.00361	0.763433	2073
85	873433	147	407506	465927	100	90	0.0842325	0.802199	52	51.5	175005	539	1813	1.00364	0.802336	2073
86	850928	140	416167	434761	100	90	0.097252	0.802199	52	51.5	175005	539	1813	1.00443	0.837719	2073
87	979722	2888	496068	483654	100	90	1.28827	0.802199	52	51.5	175005	539	1813	1.00583	0.827896	2073
88	1.07314e+006	2429	550666	522473	100	90	1.52074	0.802199	52	51.5	175005	539	1813	1.00811	0.817577	2073
89	1.08786e+006	1938	564406	523457	100	90	1.64841	0.802199	52	51.5	175005	539	1813	1.01136	0.813464	2073
90	799807	1666	284994	514813	100	90	1.75694	0.802199	52	51.5	175005	539	1813	1.14762	1.04248	2073
91	870189	1353	384479	476221	100	90	1.21957	0.802199	52	51.5	0	539	1813	1.08622	0.873321	2073
92	941406	1147	453921	473340	100	90	1.03983	0.802199	52	51.5	0	539	1813	1.06411	0.826098	2073
93	1.06517e+006	1012	533180	515691	100	90	0.966148	0.802199	52	51.5	0	539	1813	1.05776	0.813406	2073
94	1.12684e+006	863	571801	539840	100	90	0.983799	0.802199	52	51.5	0	539	1813	1.0622	0.810879	2073
95	1.13895e+006	811	583827	542474	100	90	1.0883	0.802199	52	51.5	0	539	1813	1.06345	0.813773	2073
96	1.13944e+006	1355	595439	544004	100	90	1.80053	0.802199	52	51.5	0	539	1813	1.06653	0.814368	2073
97	1.12307e+006	1334	591459	531614	100	90	1.9382	0.802199	52	51.5	0	539	1813	1.06946	0.809617	2073
98	1.08384e+006	1283	576329	507508	100	90	2.11364	0.802199	52	51.5	0	539	1813	1.07998	0.824096	2073
99	1.03596e+006	1104	555126	480833	100	90	2.11543	0.802199	52	51.5	0	539	1813	1.06987	0.816327	2073
100	963142	919	519381	443761	100	90	2.15464	0.802199	52	51.5	0	539	1813	1.07793	0.813333	2073
101	925159	810	501675	423484	100	90	2.19573	0.802199	52	51.5	0	539	1813	1.09074	0.832071	2073
102	859597	703	467223	392374	100	90	2.26829	0.802199	52	51.5	0	539	1813	1.09944	0.839181	2073
103	784316	620	426753	357563	100	90	2.33057	0.802199	52	51.5	0	539	1813	1.11631	0.851171	2073
104	718547	539	390754	327793	100	90	2.32949	0.802199	52	51.5	0	539	1813	1.13522	0.862403	2073
105	660730	484	359503	301226	100	90	2.39495	0.802199	52	51.5	0	539	1813	1.13553	0.856833	2073
106	631647	448	341357	284526	100	90	2.40513	0.802199	52	51.5	0	539	1813	1.15091	0.85814	2073
107	593427	403	318280	265475	100	90	2.41617	0.802199	52	51.5	0	539	1813	1.17321	0.876289	2073
108	555146	370	297391	248319	100	90	2.45826	0.802199	52	51.5	0	539	1813	1.18414	0.870423	2073
109	523162	342	280832	233718	100	90	2.48652	0.802199	52	51.5	0	539	1813	1.19492	0.85061	2073
110	497733	325	267705	222014	100	90	2.48197	0.802199	52	51.5	0	539	1813	1.18976	0.864078	2073
111	458889	303	251161	207729	100	90	2.54323	0.802199	52	51.5	0	539	1813	1.20608	0.893238	2073
112	255324	283	61241.3	194083	100	90	0.104444	0.802199	52	51.5	192074	539	1813	1.00336	0.706058	2073
113	613169	250	262387	350782	100	90	0.0795302	0.802199	52	51.5	192074	539	1813	1.00264	0.705664	2073
114	806048	232	371028	435020	100	90	0.0806673	0.802199	52	51.5	192074	539	1813	1.00289	0.743815	2073
115	747239	224	359880	387359	100	90	0.089748	0.802199	52	51.5	192074	539	1813	1.00322	0.802468	2073
116	864055	210	436134	427921	100	90	0.11213	0.802199	52	51.5	192074	539	1813	1.00415	0.801205	2073
117	1.00118e+006	3323	511454	489724	100	90	1.28543	0.802199	52	51.5	192074	539	1813	1.00617	0.813234	2073
118	1.02852e+006	2679	529130	499390	100	90	1.49967	0.802199	52	51.5	192074	539	1813	1.00932	0.833187	2073
119	1.03893e+006	2073	539590	499345	100	90	1.48914	0.802199	52	51.5	192074	539	1813	1.01224	0.834979	2073
120	787551	1927	280855	506696	100	90	1.57782	0.802199	51	51.5	192074	539	1813	1.10014	1.00261	2073
121	870932	1593	383697	475700	100	90	0.864294	0.802199	52	51.5	0	539	1813	1.04188	0.781074	2073
122	994203	1338	473972	503794	100	90	0.719227	0.802199	52	51.5	0	539	1813	1.03163	0.758314	2073
123	1.118e+006	1129	550485	549564	100	90	0.671494	0.802199	52	51.5	0	539	1813	1.02994	0.753912	2073
124	1.12872e+006	918	564206	548142	100	90	0.684619	0.802199	52	51.5	0	539	1813	1.03385	0.781143	2073
125	1.1517e+006	925	586486	550336	100	90	0.804432	0.802199	52	51.5	0	539	1813	1.03824	0.80818	2073
126	1.15008e+006	1803	601161	548916	100	90	1.49065	0.802199	52	51.5	0	539	1813	1.04182	0.811563	2073
127	1.1403e+006	1711	602213	538085	100	90	1.69158	0.802199	52	51.5	0	539	1813	1.04557	0.815117	2073
128	1.09784e+006	1521	584986	512853	100	90	1.80832	0.802199	52	51.5	0	539	1813	1.04834	0.827935	2073
129	1.09916e+006	1323	589606	509556	100	90	1.91628	0.802199	52	51.5	0	539	1813	1.05804	0.832298	2073
130	1.05198e+006	1143	566891	485085	100	90	1.95748	0.802199	52	51.5	0	539	1813	1.06228	0.826715	2073
131	979219	969	529720	449499	100	90	2.04023	0.802199	52	51.5	0	539	1813	1.07424	0.83245	2073
132	941646	865	510954	430691	100	90	2.108	0.802199	52	51.5	0	539	1813	1.08922	0.836105	2073
133	875310	759	475403	399906	100	90	2.1627	0.802199	52	51.5	0	539	1813	1.09884	0.843455	2073
134	792941	652	431588	361353	100	90	2.25553	0.802199	52	51.5	0	539	1813	1.1298	0.873217	2073
135	780416	622	425309	355108	100	90	2.30509	0.802199	52	51.5	0	539	1813	1.14641	0.889262	2073
136	743218	572	402358	335188	100	90	2.31702	0.802199	52	51.5	0	539	1813	1.16098	0.903108	2073
137	700694	523	377265	313184	100	90	2.35629	0.802199	52	51.5	0	539	1813	1.17916	0.922921	2073
138	635773	467	342285	284337	100	90	2.35176	0.802199	52	51.5	0	539	1813	1.19087	0.922018	2073
139	612050	437	329409	273587	100	90	2.40494	0.802199	52	51.5	0	539	1813	1.18679	0.930521	2073
140	539784	378	290625	241268	100	90	2.40066	0.802199	52	51.5	0	539	1813	1.20533	0.941691	2073
141	491271	340	269185	222086	100	90	2.38278	0.802199	52	51.5	0	539	1813	1.18991	0.921824	2073
142	249730	286	54245.4	195485	100	90	0.103418	0.802199	52	51.5	213730	539	1813	1.00293	0.747558	2073
143	606040	254	256227	349813	100	90	0.0785338	0.802199	52	51.5	213730	539	1813	1.0023	0.744441	2073
144	789451	221	362419	427032	100	90	0.074062	0.802199	52	51.5	213730	539	1813	1.00242	0.775668	2073
145	716390	197	345165	371225	100	90	0.0761186	0.802199	52	51.5	213730	539	1813	1.00276	0.821454	2073
146	808093	174	410266	397827	100	90	0.0895798	0.802199	52	51.5	213730	539	1813	1.00329	0.830848	2073
147	947015	3186	487634	459381	100	90	1.26148	0.802199	52	51.5	213730	539	1813	1.00544	0.845438	2073
148	1.00241e+006	2647	518335	484073	100	90	1.49591	0.802199	52	51.5	213730	539	1813	1.00814	0.860059	2073
149	1.00685e+006	2118	525250	481604	100	90	1.53013	0.802199	52	51.5	213730	539	1813	1.00867	0.856551	2073
150	752047	1855	268915	483132	100	90	1.57446	0.802199	49	51.5	213730	539	1813	1.10993	1.04117	2073
151	865649	1568	381908	473047	100	90	0.803382	0.802199	52	51.5	0	539	1813	1.0409	0.810288	2073
152	999998	1313	478486	506251	100	90	0.675145	0.802199	52	51.5	0	539	1813	1.03174	0.795192	2073
153	1.12447e+006	1077	554943	552874	100	90	0.613469	0.802199	52	51.5	0	539	1813	1.02956	0.800962	2073
154	1.12134e+006	864	561799	544509	100	90	0.614033	0.802199	52	51.5	0	539	1813	1.03166	0.824881	2073
155	1.10906e+006	829	566297	529644	100	90	0.701904	0.802199	52	51.5	0	539	1813	1.03457	0.843889	2073
156	1.07953e+006	1796	567201	512330	100	90	1.41184	0.802199	52	51.5	0	539	1813	1.03413	0.84413	2073
157	1.06142e+006	1615	563595	497825	100	90	1.56082	0.802199	52	51.5	0	539	1813	1.03629	0.84607	2073
158	1.04994e+006	1528	561748	488196	100	90	1.7567	0.802199	52	51.5	0	539	1813	1.04024	0.844415	2073
159	1.01209e+006	1275	545534	466552	100	90	1.87349	0.802199	52	51.5	0	539	1813	1.04784	0.847566	2073
160	961455	1077	521153	440302	100	90	1.93399	0.802199	52	51.5	0	539	1813	1.0535	0.854442	2073
161	904422	920	492082	412340	100	90	1.96817	0.802199	52	51.5	0	539	1813	1.06646	0.865044	2073
162	855058	813	466781	388277	100	90	2.01255	0.802199	52	51.5	0	539	1813	1.07878	0.895859	2073
163	774809	707	423722	351087	100	90	2.06468	0.802199	52	51.5	0	539	1813	1.08916	0.904209	2073
164	731855	627	400043	331812	100	90	2.10757	0.802199	52	51.5	0	539	1813	1.10681	0.918167	2073
165	690506	576	377555	312950	100	90	2.16928	0.802199	52	51.5	0	539	1813	1.12061	0.942549	2073
166	639802	520	347212	287612	100	90	2.21206	0.802199	52	51.5	0	539	1813	1.14821	0.968	2073
167	580652	453	313162	258938	100	90	2.23344	0.802199	52	51.5	0	539	1813	1.18026	0.992958	2073
168	574253	433	309481	255886	100	90	2.23882	0.802199	52	51.5	0	539	1813	1.17914	0.992537	2073
169	513875	370	277078	228604	100	90	2.23621	0.802199	52	51.5	0	539	1813	1.16971	0.985549	2073
170	491625	343	265056	218805	100	90	2.26359	0.802199	52	51.5	0	539	1813	1.20059	1.02572	2073
171	447451	313	245024	202427	100	90	2.31083	0.802199	52	51.5	0	539	1813	1.19672	1.02166	2073
172	246535	291	54545.7	191990	100	90	0.101328	0.802199	52	51.5	195121	539	1813	1.00327	0.786993	2073
173	621033	272	263338	357695	100	90	0.0833389	0.802199	52	51.5	195121	539	1813	1.0031	0.785641	2073
174	818920	261	376109	442810	100	90	0.0863394	0.802199	52	51.5	195121	539	1813	1.00322	0.818979	2073
175	756421	235	363532	392889	100	90	0.0900094	0.802199	52	51.5	195121	539	1813	1.00364	0.867977	2073
176	853556	207	430418	423138	100	90	0.105847	0.802199	52	51.5	195121	539	1813	1.00478	0.874512	2073
177	974353	3082	496412	477941	100	90	1.19239	0.802199	52	51.5	195121	539	1813	1.00682	0.877477	2073
178	1.00254e+006	2494	513341	489194	100	90	1.38413	0.802199	52	51.5	195121	539	1813	1.0101	0.888725	2073
179	997993	2082	517786	480207	100	90	1.44686	0.802199	52	51.5	195121	539	1813	1.00999	0.888748	2073
180	733775	1822	261244	472531	100	90	1.49703	0.802199	47	51.5	195121	539	1813	1.10268	1.07095	2073
181	816825	1490	360776	445768	100	90	0.75321	0.802199	52	51.5	0	539	1813	1.03878	0.844029	2073
182	957406	1246	457691	484942	100	90	0.617092	0.802199	52	51.5	0	539	1813	1.02925	0.822725	2073
183	1.12161e+006	1086	551607	553107	100	90	0.5887	0.802199	52	51.5	0	539	1813	1.0285	0.829623	2073
184	1.12991e+006	891	563905	550516	100	90	0.602196	0.802199	52	51.5	0	539	1813	1.03037	0.852839	2073
185	1.09302e+006	841	555611	524049	100	90	0.677438	0.802199	52	51.5	0	539	1813	1.03246	0.874815	2073
186	1.1325e+006	1873	592182	540319	100	90	1.40584	0.802199	52	51.5	0	539	1813	1.03398	0.875817	2073
187	1.10806e+006	1694	584230	523835	100	90	1.56535	0.802199	52	51.5	0	539	1813	1.03816	0.879894	2073
188	770966	1527	271463	499503	100	90	1.75404	0.802199	52	51.5	0	539	1813	1.04062	0.872483	2073
189	842552	1303	364124	478429	100	90	1.90639	0.802199	52	51.5	0	539	1813	1.0474	0.875688	2073
190	875912	1106	425526	450386	100	90	1.9587	0.802199	52	51.5	0	539	1813	1.05531	0.879151	2073
191	897921	980	463254	434666	100	90	2.01715	0.802199	52	51.5	0	539	1813	1.06495	0.888192	2073
192	881931	866	467806	414126	100	90	2.05618	0.802199	52	51.5	0	539	1813	1.07801	0.895858	2073
193	820806	752	440668	380138	100	90	2.07372	0.802199	52	51.5	0	539	1813	1.08854	0.907231	2073
194	788716	686	426287	362429	100	90	2.11882	0.802199	52	51.5	0	539	1813	1.10545	0.919403	2073
195	722961	596	391509	331452	100	90	2.14491	0.802199	52	51.5	0	539	1813	1.12571	0.929674	2073
196	667098	538	358771	302547	100	90	2.1862	0.802199	52	51.5	0	539	1813	1.15333	0.951644	2073
197	646748	506	346052	290542	100	90	2.22878	0.802199	52	51.5	0	539	1813	1.17037	0.960417	2073
198	604772	455	323170	271940	100	90	2.24242	0.802199	52	51.5	0	539	1813	1.18816	0.974537	2073
199	561103	413	300247	251798	100	90	2.24887	0.802199	52	51.5	0	539	1813	1.2	0.984375	2073
200	499327	368	267287	224470	100	90	2.21472	0.802199	52	51.5	0	539	1813	1.2043	0.973451	2073
201	461291	341	250761	210530	100	90	2.2417	0.802199	52	51.5	0	539	1813	1.21988	0.987013	2073
202	259784	321	59223.2	200561	100	90	0.109542	0.802199	52	51.5	196515	539	1813	1.0043	0.771297	2073
203	632397	275	271018	361379	100	90	0.0805825	0.802199	52	51.5	196515	539	1813	1.00329	0.769591	2073
204	788103	233	363783	424320	100	90	0.0755213	0.802199	51	51.5	196515	539	1813	1.00328	0.803297	2073
205	726339	216	351169	375170	100	90	0.0807112	0.802199	51	51.5	196515	539	1813	1.00373	0.856296	2073
206	846285	200	428764	417521	100	90	0.100363	0.802199	51	51.5	196515	539	1813	1.00521	0.864617	2073
207	985630	3351	504044	481586	100	90	1.18951	0.802199	51	51.5	196515	539	1813	1.00709	0.881591	2073
208	1.03877e+006	2730	533052	505720	100	90	1.37655	0.802199	51	51.5	196515	539	1813	1.01085	0.90116	2073
209	1.04243e+006	2164	540171	502261	100	90	1.38097	0.802199	51	51.5	196515	539	1813	1.01304	0.908985	2073
210	776303	1982	276224	500078	100	90	1.45094	0.802199	47	51.5	196515	539	1813	1.10925	1.09745	2073
211	861658	1636	378999	471648	100	90	0.815632	0.802199	52	51.5	0	539	1813	1.04727	0.843455	2073
212	963578	1325	459257	488888	100	90	0.66014	0.802199	52	51.5	0	539	1813	1.0345	0.813159	2073
213	1.11103e+006	1132	546894	546954	100	90	0.612137	0.802199	52	51.5	0	539	1813	1.03155	0.813367	2073
214	1.12616e+006	947	563020	547233	100	90	0.644932	0.802199	52	51.5	0	539	1813	1.03546	0.842211	2073
215	1.13917e+006	944	580799	543958	100	90	0.75502	0.802199	52	51.5	0	539	1813	1.04101	0.861661	2073
216	1.10525e+006	1628	578689	526561	100	90	1.34333	0.802199	52	51.5	0	539	1813	1.04353	0.871404	2073
217	1.10462e+006	1572	583878	520742	100	90	1.53466	0.802199	52	51.5	0	539	1813	1.05126	0.886351	2073
218	1.08657e+006	1525	579077	507490	100	90	1.72877	0.802199	52	51.5	0	539	1813	1.0585	0.895664	2073
219	1.05946e+006	1265	567417	492044	100	90	1.83966	0.802199	52	51.5	0	539	1813	1.07241	0.905151	2073
220	1.00742e+006	1071	541825	465600	100	90	1.90673	0.802199	52	51.5	0	539	1813	1.08681	0.909179	2073
221	935080	917	504833	430247	100	90	1.97368	0.802199	52	51.5	0	539	1813	1.10008	0.920904	2073
222	841518	788	456108	385410	100	90	2.03793	0.802199	52	51.5	0	539	1813	1.11538	0.929521	2073
223	816116	722	443335	372781	100	90	2.09361	0.802199	52	51.5	0	539	1813	1.13008	0.928467	2073
224	746952	635	406639	340313	100	90	2.12854	0.802199	52	51.5	0	539	1813	1.14815	0.938436	2073
225	700325	561	381484	318841	100	90	2.14998	0.802199	52	51.5	0	539	1813	1.16773	0.958491	2073
226	661305	512	356779	298619	100	90	2.16485	0.802199	52	51.5	0	539	1813	1.18875	0.985507	2073
227	629470	472	336566	282935	100	90	2.18305	0.802199	52	51.5	0	539	1813	1.20978	1	2073
228	606533	441	324307	272516	100	90	2.20182	0.802199	52	51.5	0	539	1813	1.21239	0.992754	2073
229	592427	423	316370	266089	100	90	2.26946	0.802199	52	51.5	0	539	1813	1.20433	0.987147	2073
230	550732	389	293740	248009	100	90	2.29166	0.802199	52	51.5	0	539	1813	1.21774	0.997151	2073
231	503173	360	273943	229230	100	90	2.34692	0.802199	52	51.5	0	539	1813	1.22024	0.981308	2073
232	261405	311	58765.2	202639	100	90	0.109398	0.802199	52	51.5	216032	539	1813	1.00411	0.779512	2073
233	627459	287	265380	362079	100	90	0.0863385	0.802199	52	51.5	216032	539	1813	1.00311	0.781867	2073
234	779838	252	358344	421494	100	90	0.0826705	0.802199	52	51.5	216032	539	1813	1.00266	0.816046	2073
235	720601	217	347836	372766	100	90	0.081262	0.802199	52	51.5	216032	539	1813	1.00281	0.862819	2073
236	834384	194	422300	412084	100	90	0.0993533	0.802199	52	51.5	216032	539	1813	1.00376	0.866804	2073
237	954963	3034	488145	466818	100	90	1.17181	0.802199	52	51.5	216032	539	1813	1.00575	0.874975	2073
238	1.00003e+006	2617	513812	486214	100	90	1.39575	0.802199	52	51.5	216032	539	1813	1.00751	0.889148	2073
239	985293	2025	511221	474072	100	90	1.40251	0.802199	52	51.5	216032	539	1813	1.00999	0.890879	2073
240	734778	1818	261318	473460	100	90	1.46462	0.802199	50	51.5	216032	539	1813	1.11146	1.08688	2073
241	801057	1474	353626	437762	100	90	0.728887	0.802199	52	51.5	0	539	1813	1.04076	0.834347	2073
242	940880	1225	449138	477561	100	90	0.578051	0.802199	52	51.5	0	539	1813	1.02944	0.817518	2073
243	1.06477e+006	992	524027	525449	100	90	0.512394	0.802199	52	51.5	0	539	1813	1.02514	0.818306	2073
244	1.10661e+006	842	552361	539653	100	90	0.536905	0.802199	52	51.5	0	539	1813	1.0275	0.841155	2073
245	1.08278e+006	797	549673	520615	100	90	0.603126	0.802199	52	51.5	0	539	1813	1.02863	0.861375	2073
246	1.08327e+006	1754	564505	518762	100	90	1.26655	0.802199	52	51.5	0	539	1813	1.03086	0.859172	2073
247	1.08006e+006	1724	567444	512619	100	90	1.47064	0.802199	52	51.5	0	539	1813	1.03358	0.859327	2073
248	1.05373e+006	1558	557393	496339	100	90	1.64578	0.802199	52	51.5	0	539	1813	1.04108	0.859396	2073
249	999800	1246	533099	466701	100	90	1.76648	0.802199	52	51.5	0	539	1813	1.0498	0.857847	2073
250	952214	1026	511880	440334	100	90	1.83031	0.802199	52	51.5	0	539	1813	1.05648	0.863864	2073
251	913066	910	492969	420097	100	90	1.89078	0.802199	52	51.5	0	539	1813	1.06651	0.871622	2073
252	870669	817	471410	399259	100	90	1.94949	0.802199	52	51.5	0	539	1813	1.07608	0.882058	2073
253	812521	711	440579	371942	100	90	1.98505	0.802199	52	51.5	0	539	1813	1.09487	0.904899	2073
254	791806	667	429580	362226	100	90	2.06982	0.802199	52	51.5	0	539	1813	1.11613	0.916149	2073
255	751768	627	408237	343531	100	90	2.12652	0.802199	52	51.5	0	539	1813	1.13529	0.935	2073
256	713688	581	384743	323515	100	90	2.14009	0.802199	52	51.5	0	539	1813	1.1521	0.954955	2073
257	652236	519	349317	293736	100	90	2.1686	0.802199	52	51.5	0	539	1813	1.15556	0.959267	2073
258	562074	422	300653	252828	100	90	2.17739	0.802199	52	51.5	0	539	1813	1.16159	0.959391	2073
259	525312	387	281319	236120	100	90	2.17192	0.802199	52	51.5	0	539	1813	1.18653	0.972067	2073
260	480619	351	257677	216018	100	90	2.17653	0.802199	52	51.5	0	539	1813	1.19825	0.987421	2073
261	462263	338	251703	210560	100	90	2.18506	0.802199	52	51.5	0	539	1813	1.21472	0.9967	2073
262	253291	308	55099.6	198191	100	90	0.107924	0.802199	52	51.5	198698	539	1813	1.00373	0.755492	2073
263	620594	290	262031	358563	100	90	0.0877503	0.802199	52	51.5	198698	539	1813	1.00302	0.750034	2073
264	784616	247	361358	423257	100	90	0.0826343	0.802199	52	51.5	198698	539	1813	1.00285	0.786963	2073
265	730744	237	352504	378240	100	90	0.0918872	0.802199	52	51.5	198698	539	1813	1.00337	0.840152	2073
266	839298	227	424160	415138	100	90	0.117807	0.802199	52	51.5	198698	539	1813	1.00465	0.852	2073
267	951532	2880	486440	465091	100	90	1.13133	0.802199	52	51.5	198698	539	1813	1.0065	0.867502	2073
268	1.01165e+006	2490	520329	491324	100	90	1.34458	0.802199	52	51.5	198698	539	1813	1.00957	0.885339	2073
269	1.01312e+006	2014	527332	485785	100	90	1.36269	0.802199	52	51.5	198698	539	1813	1.01329	0.890771	2073
270	760930	1821	271737	489193	100	90	1.4067	0.802199	48	51.5	198698	539	1813	1.12363	1.10716	2073
271	843271	1521	373044	459535	100	90	0.80397	0.802199	52	51.5	0	539	1813	1.05138	0.831539	2073
272	956910	1275	457711	483986	100	90	0.65366	0.802199	52	51.5	0	539	1813	1.03639	0.801643	2073
273	1.11003e+006	1132	548328	544351	100	90	0.630553	0.802199	52	51.5	0	539	1813	1.03489	0.80507	2073
274	1.16188e+006	983	581987	562999	100	90	0.688158	0.802199	52	51.5	0	539	1813	1.0416	0.836628	2073
275	1.14402e+006	962	583557	545559	100	90	0.796448	0.802199	52	51.5	0	539	1813	1.04668	0.86048	2073
276	1.14835e+006	1799	600663	547683	100	90	1.42106	0.802199	52	51.5	0	539	1813	1.04928	0.867351	2073
277	1.14735e+006	1636	606011	541338	100	90	1.5545	0.802199	52	51.5	0	539	1813	1.05694	0.880423	2073
278	775990	1479	273285	502705	100	90	1.6492	0.802199	52	51.5	0	539	1813	1.06179	0.882188	2073
279	841936	1257	364297	477639	100	90	1.79064	0.802199	52	51.5	0	539	1813	1.07629	0.88595	2073
280	891909	1104	431951	459958	100	90	1.85872	0.802199	52	51.5	0	539	1813	1.08146	0.890772	2073
281	872485	942	447247	425238	100	90	1.93322	0.802199	52	51.5	0	539	1813	1.09623	0.89011	2073
282	843734	833	444866	398868	100	90	1.99017	0.802199	52	51.5	0	539	1813	1.11423	0.895131	2073
283	794992	736	424561	370431	100	90	2.01933	0.802199	52	51.5	0	539	1813	1.12676	0.912057	2073
284	752304	667	404273	348031	100	90	2.03372	0.802199	52	51.5	0	539	1813	1.14805	0.932283	2073
285	693142	597	373703	319439	100	90	2.03556	0.802199	52	51.5	0	539	1813	1.16514	0.943958	2073
286	652560	543	349372	298117	100	90	2.08411	0.802199	52	51.5	0	539	1813	1.17535	0.957282	2073
287	628105	505	333982	285100	100	90	2.08486	0.802199	52	51.5	0	539	1813	1.19429	0.980932	2073
288	608591	483	324064	275407	100	90	2.12612	0.802199	52	51.5	0	539	1813	1.20755	0.986456	2073
289	549984	438	293257	248751	100	90	2.14588	0.802199	52	51.5	0	539	1813	1.21277	0.979899	2073
290	532212	420	284213	240495	100	90	2.17447	0.802199	52	51.5	0	539	1813	1.22532	0.994667	2073
291	479217	379	259533	219684	100	90	2.21721	0.802199	52	51.5	0	539	1813	1.21591	0.982249	2073
292	263134	340	58621.1	204513	100	90	0.112319	0.802199	52	51.5	203721	539	1813	1.00409	0.761922	2073
293	652639	313	276951	375689	100	90	0.0903075	0.802199	52	51.5	203721	539	1813	1.00325	0.760377	2073
294	811805	293	373123	438682	100	90	0.0920676	0.802199	52	51.5	203721	539	1813	1.00346	0.801878	2073
295	741632	263	358165	383467	100	90	0.0956428	0.802199	52	51.5	203721	539	1813	1.00376	0.863428	2073
296	853912	233	432701	421210	100	90	0.116678	0.802199	52	51.5	203721	539	1813	1.0049	0.865444	2073
297	972445	3230	497929	474516	100	90	1.19332	0.802199	52	51.5	203721	539	1813	1.00694	0.882942	2073
298	1.03493e+006	2721	532789	502137	100	90	1.37453	0.802199	52	51.5	203721	539	1813	1.0098	0.903529	2073
299	1.04063e+006	2140	540852	499779	100	90	1.39201	0.802199	52	51.5	203721	539	1813	1.01347	0.904003	2073
300	765596	1865	273014	492582	100	90	1.42862	0.802199	50	51.5	203721	539	1813	1.12384	1.11841	2073
301	856666	1553	378304	467676	100	90	0.740824	0.802199	52	51.5	0	539	1813	1.04529	0.815214	2073
302	996266	1311	475911	504895	100	90	0.607275	0.802199	52	51.5	0	539	1813	1.03413	0.798839	2073
303	1.12234e+006	1105	551569	553362	100	90	0.567478	0.802199	52	51.5	0	539	1813	1.03233	0.802996	2073
304	1.12352e+006	910	561066	546704	100	90	0.587891	0.802199	52	51.5	0	539	1813	1.03524	0.836583	2073
305	1.10209e+006	906	560786	527295	100	90	0.712243	0.802199	52	51.5	0	539	1813	1.04415	0.872899	2073
306	1.10452e+006	1758	577074	527445	100	90	1.28804	0.802199	52	51.5	0	539	1813	1.04166	0.873633	2073
307	1.07212e+006	1578	565198	506923	100	90	1.45876	0.802199	52	51.5	0	539	1813	1.05197	0.885635	2073
308	1.06352e+006	1539	565465	498057	100	90	1.62855	0.802199	52	51.5	0	539	1813	1.05828	0.888591	2073
309	1.0283e+006	1281	550288	478012	100	90	1.73258	0.802199	52	51.5	0	539	1813	1.07099	0.886838	2073
310	976977	1096	525835	451142	100	90	1.77949	0.802199	52	51.5	0	539	1813	1.07913	0.902256	2073
311	922647	939	499078	423569	100	90	1.84977	0.802199	52	51.5	0	539	1813	1.0931	0.918949	2073
312	880115	840	477857	402258	100	90	1.91813	0.802199	52	51.5	0	539	1813	1.10731	0.927696	2073
313	846769	774	460943	385827	100	90	1.98867	0.802199	52	51.5	0	539	1813	1.11897	0.939759	2073
314	766696	672	417725	348970	100	90	2.02359	0.802199	52	51.5	0	539	1813	1.14286	0.966102	2073
315	683995	571	373031	310964	100	90	2.05142	0.802199	52	51.5	0	539	1813	1.16771	0.989071	2073
316	653095	533	353209	294794	100	90	2.07867	0.802199	52	51.5	0	539	1813	1.18584	1.01198	2073
317	590503	465	318372	264304	100	90	2.09586	0.802199	52	51.5	0	539	1813	1.20168	1.02288	2073
318	571760	442	308474	255294	100	90	2.10947	0.802199	52	51.5	0	539	1813	1.20225	1.02445	2073
319	535246	404	288669	238815	100	90	2.13344	0.802199	52	51.5	0	539	1813	1.20347	1.01617	2073
320	477349	356	258572	212301	100	90	2.11366	0.802199	52	51.5	0	539	1813	1.22507	1.02761	2073
321	449833	336	247546	202288	100	90	2.15184	0.802199	52	51.5	0	539	1813	1.2429	1.04333	2073
322	244572	317	51710.2	192862	100	90	0.105841	0.802199	52	51.5	199865	539	1813	1.00383	0.752772	2073
323	621954	293	263394	358559	100	90	0.0843137	0.802199	52	51.5	199865	539	1813	1.00296	0.752977	2073
324	779586	259	357822	421765	100	90	0.0817954	0.802199	52	51.5	199865	539	1813	1.00285	0.792989	2073
325	710516	234	342640	367876	100	90	0.0855478	0.802199	52	51.5	199865	539	1813	1.00305	0.843652	2073
326	834967	217	422272	412694	100	90	0.1088	0.802199	52	51.5	199865	539	1813	1.00413	0.858559	2073
327	979208	3287	500983	478225	100	90	1.1865	0.802199	52	51.5	199865	539	1813	1.00654	0.879414	2073
328	1.0221e+006	2693	525838	496266	100	90	1.38465	0.802199	52	51.5	199865	539	1813	1.00956	0.896404	2073
329	1.01081e+006	2183	525013	485801	100	90	1.39475	0.802199	52	51.5	199865	539	1813	1.01036	0.901984	2073
330	752410	1950	268194	484216	100	90	1.41812	0.802199	48	51.5	199865	539	1813	1.10109	1.08601	2073
331	837503	1606	368764	457929	100	90	0.763606	0.802199	52	51.5	0	539	1813	1.04286	0.840408	2073
332	966325	1350	461135	489637	100	90	0.626033	0.802199	52	51.5	0	539	1813	1.03242	0.814663	2073
333	1.10231e+006	1115	541950	543478	100	90	0.565033	0.802199	52	51.5	0	539	1813	1.02845	0.807633	2073
334	1.12196e+006	941	560351	546020	100	90	0.589254	0.802199	52	51.5	0	539	1813	1.02897	0.835245	2073
335	1.09315e+006	884	557624	521601	100	90	0.652203	0.802199	52	51.5	0	539	1813	1.0331	0.854374	2073
336	1.07701e+006	1822	564527	512483	100	90	1.23885	0.802199	52	51.5	0	539	1813	1.03438	0.864524	2073
337	1.08742e+006	1725	575071	512351	100	90	1.41866	0.802199	52	51.5	0	539	1813	1.03925	0.878183	2073
338	1.04496e+006	1584	557695	487266	100	90	1.63577	0.802199	52	51.5	0	539	1813	1.04527	0.880983	2073
339	998499	1283	536556	461943	100	90	1.74332	0.802199	52	51.5	0	539	1813	1.05414	0.8848	2073
340	961097	1088	519006	442091	100	90	1.82398	0.802199	52	51.5	0	539	1813	1.06319	0.88436	2073
341	923334	962	500649	422685	100	90	1.8744	0.802199	52	51.5	0	539	1813	1.07306	0.887701	2073
342	841459	817	457953	383506	100	90	1.92477	0.802199	52	51.5	0	539	1813	1.08857	0.902655	2073
343	801845	739	438216	363629	100	90	1.97323	0.802199	52	51.5	0	539	1813	1.10814	0.923184	2073
344	734176	642	401704	332472	100	90	1.99535	0.802199	52	51.5	0	539	1813	1.14575	0.974152	2073
345	671983	567	367837	304146	100	90	2.04541	0.802199	52	51.5	0	539	1813	1.16505	0.996303	2073
346	635164	527	345810	284481	100	90	2.08067	0.802199	52	51.5	0	539	1813	1.18364	1.01207	2073
347	575773	462	311563	256364	100	90	2.08659	0.802199	52	51.5	0	539	1813	1.20043	1.04196	2073
348	549992	429	297689	244319	100	90	2.11094	0.802199	52	51.5	0	539	1813	1.22196	1.04822	2073
349	527222	413	285366	233834	100	90	2.15816	0.802199	52	51.5	0	539	1813	1.2335	1.05962	2073
350	476252	363	258106	211068	100	90	2.17566	0.802199	52	51.5	0	539	1813	1.22636	1.04908	2073
351	452664	349	249424	203240	100	90	2.19116	0.802199	52	51.5	0	539	1813	1.2362	1.06885	2073
352	239405	312	53184.2	186221	100	90	0.103982	0.802199	52	51.5	196120	539	1813	1.00438	0.790662	2073
353	618965	291	265224	353740	100	90	0.0842401	0.802199	52	51.5	196120	539	1813	1.00343	0.787107	2073
354	793306	258	367494	425812	100	90	0.0817481	0.802199	52	51.5	196120	539	1813	1.00359	0.818626	2073
355	738728	235	357255	381473	100	90	0.085485	0.802199	52	51.5	196120	539	1813	1.00405	0.868665	2073
356	848015	215	429203	418812	100	90	0.105765	0.802199	52	51.5	196120	539	1813	1.00507	0.874749	2073
357	990682	3379	506825	483857	100	90	1.20273	0.802199	52	51.5	196120	539	1813	1.00723	0.886584	2073
358	1.04434e+006	2824	537542	506802	100	90	1.37847	0.802199	51	51.5	196120	539	1813	1.01059	0.901874	2073
359	1.05142e+006	2214	547374	504048	100	90	1.36988	0.802199	51	51.5	196120	539	1813	1.01324	0.902638	2073
360	774230	1955	276977	497254	100	90	1.43499	0.802199	51	51.5	196120	539	1813	1.11184	1.10649	2073
361	883039	1639	391251	480825	100	90	0.795103	0.802199	52	51.5	0	539	1813	1.04765	0.85693	2073
362	1.01691e+006	1401	485900	514341	100	90	0.689981	0.802199	52	51.5	0	539	1813	1.03802	0.838126	2073
363	1.15267e+006	1204	568727	565603	100	90	0.646928	0.802199	52	51.5	0	539	1813	1.03421	0.827817	2073
364	1.1776e+006	1019	590213	570128	100	90	0.670775	0.802199	52	51.5	0	539	1813	1.03787	0.850545	2073
365	1.15417e+006	983	589665	549306	100	90	0.765744	0.802199	52	51.5	0	539	1813	1.04322	0.878431	2073
366	1.12058e+006	1796	589418	531166	100	90	1.36252	0.802199	52	51.5	0	539	1813	1.04367	0.882548	2073
367	1.12699e+006	1687	597528	529467	100	90	1.50862	0.802199	52	51.5	0	539	1813	1.04997	0.883062	2073
368	1.09818e+006	1586	586975	511209	100	90	1.70182	0.802199	52	51.5	0	539	1813	1.05314	0.883963	2073
369	1.0311e+006	1280	555286	475812	100	90	1.77864	0.802199	52	51.5	0	539	1813	1.0676	0.885484	2073
370	952598	1070	515817	436781	100	90	1.84773	0.802199	52	51.5	0	539	1813	1.0825	0.895753	2073
371	925705	956	503295	422410	100	90	1.904	0.802199	52	51.5	0	539	1813	1.08611	0.88746	2073
372	889950	865	485223	404727	100	90	1.96053	0.802199	52	51.5	0	539	1813	1.10887	0.914591	2073
373	836233	774	457349	378884	100	90	2.02858	0.802199	52	51.5	0	539	1813	1.13282	0.941411	2073
374	770167	695	421364	348803	100	90	2.07962	0.802199	52	51.5	0	539	1813	1.14672	0.956522	2073
375	712149	624	390067	322082	100	90	2.10566	0.802199	52	51.5	0	539	1813	1.1756	0.989899	2073
376	650297	549	353714	291528	100	90	2.09289	0.802199	52	51.5	0	539	1813	1.21107	1.01527	2073
377	612329	510	331076	272821	100	90	2.11392	0.802199	52	51.5	0	539	1813	1.22158	1.02947	2073
378	576330	468	311535	256517	100	90	2.14785	0.802199	52	51.5	0	539	1813	1.24229	1.05412	2073
379	524199	413	283599	233007	100	90	2.12229	0.802199	52	51.5	0	539	1813	1.2531	1.04233	2073
380	494916	383	268796	219395	100	90	2.15175	0.802199	52	51.5	0	539	1813	1.25806	1.03768	2073
381	332238	356	126167	206070	100	90	2.16073	0.802199	52	51.5	0	539	1813	1.28657	1.05431	2073
382	242539	321	51968.5	190570	100	90	0.0970172	0.802199	52	51.5	127296	539	1813	1.00418	0.795813	2073
383	642213	311	269894	372319	100	90	0.0902752	0.802199	52	51.5	127296	539	1813	1.00398	0.795614	2073
384	794047	270	365297	428751	100	90	0.0834768	0.802199	52	51.5	127296	539	1813	1.00394	0.824398	2073
385	722171	247	351042	371129	100	90	0.0881113	0.802199	52	51.5	127296	539	1813	1.00426	0.864905	2073
386	843608	222	429197	414411	100	90	0.105327	0.802199	52	51.5	127296	539	1813	1.0058	0.866658	2073
387	970084	3472	498721	471363	100	90	1.19175	0.802199	52	51.5	127296	539	1813	1.00792	0.88803	2073
388	1.01783e+006	2738	527369	490464	100	90	1.34068	0.802199	52	51.5	127296	539	1813	1.01122	0.904946	2073
389	1.0247e+006	2270	535720	488984	100	90	1.42359	0.802199	52	51.5	127296	539	1813	1.01223	0.902244	2073
390	748732	1931	269652	479080	100	90	1.43533	0.802199	50	51.5	127296	539	1813	1.11484	1.09608	2073
391	848878	1609	376896	460393	100	90	0.726192	0.802199	52	51.5	0	539	1813	1.04319	0.847547	2073
392	988403	1364	473661	497866	100	90	0.619878	0.802199	52	51.5	0	539	1813	1.03333	0.834369	2073
393	1.12142e+006	1170	553350	549084	100	90	0.58362	0.802199	52	51.5	0	539	1813	1.03031	0.832126	2073
394	1.14383e+006	986	573522	553031	100	90	0.618486	0.802199	52	51.5	0	539	1813	1.03434	0.863749	2073
395	1.11774e+006	957	571658	530610	100	90	0.719242	0.802199	52	51.5	0	539	1813	1.03759	0.885435	2073
396	1.1215e+006	1881	590841	530660	100	90	1.38881	0.802199	52	51.5	0	539	1813	1.04331	0.889962	2073
397	1.11123e+006	1690	591247	519986	100	90	1.56423	0.802199	52	51.5	0	539	1813	1.051	0.883604	2073
398	1.10296e+006	1509	591434	511524	100	90	1.6986	0.802199	52	51.5	0	539	1813	1.05637	0.890561	2073
399	1.07281e+006	1262	578857	493953	100	90	1.7992	0.802199	52	51.5	0	539	1813	1.06997	0.895987	2073
400	1.00359e+006	1078	544582	459011	100	90	1.85516	0.802199	52	51.5	0	539	1813	1.07601	0.898855	2073
401	927887	938	505779	422108	100	90	1.89191	0.802199	52	51.5	0	539	1813	1.08153	0.901207	2073
402	857606	824	468898	388708	100	90	1.95433	0.802199	52	51.5	0	539	1813	1.09653	0.906832	2073
403	813858	758	445566	368292	100	90	2.03373	0.802199	52	51.5	0	539	1813	1.11299	0.922237	2073
404	742874	664	406693	336180	100	90	2.05507	0.802199	52	51.5	0	539	1813	1.12997	0.953488	2073
405	678990	594	372550	306440	100	90	2.09322	0.802199	52	51.5	0	539	1813	1.13825	0.949212	2073
406	632776	532	344683	283563	100	90	2.09001	0.802199	52	51.5	0	539	1813	1.16169	0.972549	2073
407	598317	496	323808	266532	100	90	2.12431	0.802199	52	51.5	0	539	1813	1.17221	0.968017	2073
408	555390	440	300556	246964	100	90	2.14574	0.802199	52	51.5	0	539	1813	1.17568	0.973301	2073
409	502947	389	272786	223078	100	90	2.17799	0.802199	52	51.5	0	539	1813	1.17692	0.958564	2073
410	490854	375	266835	217422	100	90	2.22665	0.802199	52	51.5	0	539	1813	1.19061	0.961877	2073
411	446160	347	245185	200975	100	90	2.18869	0.802199	52	51.5	0	539	1813	1.20896	0.990354	2073
412	240182	320	51257	188925	100	90	0.103692	0.802199	52	51.5	197715	539	1813	1.00334	0.765222	2073
413	621641	281	265457	356184	100	90	0.0816061	0.802199	52	51.5	197715	539	1813	1.00278	0.764261	2073
414	796587	263	366701	429886	100	90	0.0827988	0.802199	52	51.5	197715	539	1813	1.00284	0.797839	2073
415	735026	243	355218	379809	100	90	0.0881587	0.802199	52	51.5	197715	539	1813	1.00309	0.844569	2073
416	837512	230	425110	412402	100	90	0.111728	0.802199	52	51.5	197715	539	1813	1.00426	0.858685	2073
417	977951	3259	502199	475752	100	90	1.16687	0.802199	52	51.5	197715	539	1813	1.00574	0.869153	2073
418	1.0455e+006	2719	538806	506691	100	90	1.35075	0.802199	52	51.5	197715	539	1813	1.00924	0.880251	2073
419	1.04736e+006	2210	545676	501688	100	90	1.37182	0.802199	52	51.5	197715	539	1813	1.01054	0.886364	2073
420	766613	2021	274333	492280	100	90	1.44259	0.802199	50	51.5	197715	539	1813	1.10231	1.06637	2073
421	876437	1697	387136	477477	100	90	0.781093	0.802199	52	51.5	0	539	1813	1.04158	0.833427	2073
422	1.03719e+006	1455	494352	525070	100	90	0.666633	0.802199	52	51.5	0	539	1813	1.03492	0.81328	2073
423	1.1499e+006	1234	565812	564760	100	90	0.641341	0.802199	52	51.5	0	539	1813	1.03201	0.815855	2073
424	1.14617e+006	1036	574366	554569	100	90	0.671709	0.802199	52	51.5	0	539	1813	1.03367	0.846751	2073
425	1.1267e+006	988	576072	535506	100	90	0.761582	0.802199	52	51.5	0	539	1813	1.03815	0.873378	2073
426	1.13629e+006	1972	597115	539171	100	90	1.43325	0.802199	52	51.5	0	539	1813	1.04134	0.877464	2073
427	1.07787e+006	1675	571503	506363	100	90	1.59969	0.802199	52	51.5	0	539	1813	1.04925	0.877203	2073
428	1.04382e+006	1471	557257	486560	100	90	1.75937	0.802199	52	51.5	0	539	1813	1.05126	0.88107	2073
429	988828	1178	531290	457538	100	90	1.85439	0.802199	52	51.5	0	539	1813	1.06513	0.896127	2073
430	932742	1003	503733	429009	100	90	1.86833	0.802199	52	51.5	0	539	1813	1.07214	0.885774	2073
431	876500	866	474809	401691	100	90	1.92766	0.802199	52	51.5	0	539	1813	1.08435	0.890361	2073
432	812708	758	441317	371391	100	90	1.98711	0.802199	52	51.5	0	539	1813	1.1065	0.909972	2073
433	746375	657	406363	340012	100	90	2.04208	0.802199	52	51.5	0	539	1813	1.12678	0.943639	2073
434	683654	581	372373	311280	100	90	2.07915	0.802199	52	51.5	0	539	1813	1.1548	0.983456	2073
435	659509	546	359651	299858	100	90	2.09253	0.802199	52	51.5	0	539	1813	1.17857	1.00392	2073
436	647301	525	350114	292292	100	90	2.1274	0.802199	52	51.5	0	539	1813	1.18899	1.00205	2073
437	555097	443	299005	248525	100	90	2.10275	0.802199	52	51.5	0	539	1813	1.21212	1.01211	2073
438	521185	406	280533	233126	100	90	2.12856	0.802199	52	51.5	0	539	1813	1.22871	1.01877	2073
439	457405	345	246386	204599	100	90	2.15863	0.802199	52	51.5	0	539	1813	1.23353	1.02581	2073
440	446319	326	240849	199367	100	90	2.1515	0.802199	52	51.5	0	539	1813	1.24444	1.03061	2073
441	410498	300	225011	185487	100	90	2.1415	0.802199	52	51.5	0	539	1813	1.26316	1.07519	2073
442	223201	282	46130.9	177070	100	90	0.0914944	0.802199	52	51.5	184072	539	1813	1.00361	0.760535	2073
443	623365	268	264968	358397	100	90	0.0778158	0.802199	52	51.5	184072	539	1813	1.00293	0.763075	2073
444	781731	238	358614	423117	100	90	0.0758507	0.802199	52	51.5	184072	539	1813	1.0031	0.805176	2073
445	722936	224	347945	374991	100	90	0.0811323	0.802199	52	51.5	184072	539	1813	1.00341	0.859722	2073
446	853152	205	432240	420912	100	90	0.0995607	0.802199	52	51.5	184072	539	1813	1.00437	0.868601	2073
447	965834	3300	495229	470605	100	90	1.14571	0.802199	52	51.5	184072	539	1813	1.00589	0.883001	2073
448	1.01013e+006	2675	520963	489167	100	90	1.30413	0.802199	52	51.5	184072	539	1813	1.00857	0.905387	2073
449	1.0183e+006	2187	531489	486815	100	90	1.32728	0.802199	52	51.5	184072	539	1813	1.0113	0.910134	2073
450	745550	1946	267570	477980	100	90	1.42214	0.802199	50	51.5	184072	539	1813	1.10906	1.10608	2073
451	860067	1650	379882	468596	100	90	0.755801	0.802199	52	51.5	0	539	1813	1.04151	0.833638	2073
452	990007	1390	471996	500858	100	90	0.634177	0.802199	52	51.5	0	539	1813	1.03197	0.807898	2073
453	1.1292e+006	1172	555653	554546	100	90	0.589787	0.802199	52	51.5	0	539	1813	1.02975	0.809675	2073
454	1.14055e+006	980	570718	552438	100	90	0.620657	0.802199	52	51.5	0	539	1813	1.03411	0.838386	2073
455	1.12933e+006	954	576605	537057	100	90	0.723249	0.802199	52	51.5	0	539	1813	1.03859	0.867919	2073
456	1.10159e+006	1794	578182	523407	100	90	1.32216	0.802199	52	51.5	0	539	1813	1.03714	0.88031	2073
457	1.10311e+006	1658	585474	517635	100	90	1.51745	0.802199	52	51.5	0	539	1813	1.04421	0.894427	2073
458	1.10526e+006	1616	590013	515244	100	90	1.6805	0.802199	52	51.5	0	539	1813	1.04919	0.905527	2073
459	1.06138e+006	1330	570408	490974	100	90	1.79535	0.802199	52	51.5	0	539	1813	1.06196	0.913861	2073
460	983938	1103	531622	452316	100	90	1.80841	0.802199	52	51.5	0	539	1813	1.06779	0.923585	2073
461	978203	1009	531684	446519	100	90	1.87448	0.802199	52	51.5	0	539	1813	1.07803	0.936148	2073
462	925247	890	503699	421548	100	90	1.91621	0.802199	52	51.5	0	539	1813	1.093	0.939394	2073
463	895539	829	488163	407376	100	90	1.96247	0.802199	52	51.5	0	539	1813	1.11456	0.961055	2073
464	838488	746	457399	381090	100	90	1.9993	0.802199	52	51.5	0	539	1813	1.13911	0.983146	2073
465	772707	657	421253	351454	100	90	2.04697	0.802199	52	51.5	0	539	1813	1.14939	0.990354	2073
466	730153	608	395179	329641	100	90	2.08419	0.802199	52	51.5	0	539	1813	1.16793	1.01757	2073
467	658796	535	355683	294957	100	90	2.07612	0.802199	52	51.5	0	539	1813	1.1831	1.018	2073
468	635300	505	343316	283569	100	90	2.11652	0.802199	52	51.5	0	539	1813	1.18618	1.02155	2073
469	589918	459	318989	262727	100	90	2.14903	0.802199	52	51.5	0	539	1813	1.19694	1.02657	2073
470	566405	427	307564	251171	100	90	2.17602	0.802199	52	51.5	0	539	1813	1.19565	1.03714	2073
471	504603	381	278564	226039	100	90	2.1595	0.802199	52	51.5	0	539	1813	1.20485	1.03264	2073
472	271994	348	55647.9	216346	100	90	0.116804	0.802199	52	51.5	227059	539	1813	1.00442	0.81198	2073
473	630759	309	262851	367908	100	90	0.0894881	0.802199	52	51.5	227059	539	1813	1.00316	0.811003	2073
474	802537	288	364717	437820	100	90	0.0892845	0.802199	52	51.5	227059	539	1813	1.00326	0.839845	2073
475	751424	274	358801	392623	100	90	0.0990142	0.802199	52	51.5	227059	539	1813	1.0037	0.880221	2073
476	853960	249	430146	423813	100	90	0.119717	0.802199	52	51.5	227059	539	1813	1.00527	0.886743	2073
477	977230	3151	499392	477838	100	90	1.13044	0.802199	51	51.5	227059	539	1813	1.00691	0.895537	2073
478	1.03132e+006	2654	532258	499062	100	90	1.35294	0.802199	51	51.5	227059	539	1813	1.01096	0.915389	2073
479	1.02545e+006	2180	535322	490124	100	90	1.42086	0.802199	51	51.5	227059	539	1813	1.01353	0.91046	2073
480	742539	1813	266290	476248	100	90	1.48091	0.802199	48	51.5	227059	539	1813	1.13105	1.12103	2073
481	831887	1499	369403	452056	100	90	0.701115	0.802199	52	51.5	0	539	1813	1.04309	0.864745	2073
482	963551	1259	460911	487843	100	90	0.583913	0.802199	52	51.5	0	539	1813	1.03334	0.84506	2073
483	1.08766e+006	1046	535430	536355	100	90	0.536061	0.802199	52	51.5	0	539	1813	1.03108	0.847183	2073
484	1.11834e+006	887	559297	543892	100	90	0.562269	0.802199	52	51.5	0	539	1813	1.03453	0.86694	2073
485	1.10229e+006	867	561599	527368	100	90	0.651179	0.802199	52	51.5	0	539	1813	1.04033	0.895012	2073
486	1.11885e+006	1861	586458	532393	100	90	1.29371	0.802199	52	51.5	0	539	1813	1.04452	0.907143	2073
487	1.10254e+006	1678	583585	518959	100	90	1.44299	0.802199	52	51.5	0	539	1813	1.0521	0.91504	2073
488	1.0922e+006	1602	582923	509273	100	90	1.61571	0.802199	52	51.5	0	539	1813	1.05839	0.918012	2073
489	1.01979e+006	1273	547255	472540	100	90	1.71522	0.802199	52	51.5	0	539	1813	1.06068	0.905844	2073
490	972477	1082	524394	448082	100	90	1.7682	0.802199	52	51.5	0	539	1813	1.072	0.929254	2073
491	925831	948	501582	424249	100	90	1.85111	0.802199	52	51.5	0	539	1813	1.08135	0.935449	2073
492	868551	826	471726	396825	100	90	1.93871	0.802199	52	51.5	0	539	1813	1.09402	0.935687	2073
493	792103	718	431607	360496	100	90	2.00481	0.802199	52	51.5	0	539	1813	1.10611	0.946221	2073
494	701077	602	383510	317567	100	90	2.03452	0.802199	52	51.5	0	539	1813	1.12694	0.953287	2073
495	637771	538	349978	287793	100	90	2.0699	0.802199	52	51.5	0	539	1813	1.13421	0.97456	2073
496	617468	507	337104	276160	100	90	2.0777	0.802199	52	51.5	0	539	1813	1.161	0.997925	2073
497	562572	440	305578	249684	100	90	2.10429	0.802199	52	51.5	0	539	1813	1.18354	1.01439	2073
498	519479	393	282075	230141	100	90	2.12995	0.802199	52	51.5	0	539	1813	1.20874	1.04645	2073
499	508465	380	276520	224986	100	90	2.17587	0.802199	52	51.5	0	539	1813	1.20888	1.02841	2073
500	333451	343	127326	204978	100	90	2.1795	0.802199	52	51.5	0	539	1813	1.22059	1.03822	2073
501	333424	294	151854	181570	100	90	2.17852	0.802199	52	51.5	0	539	1813	1.23958	1.05224	2073
502	209275	263	42456	166819	100	90	0.0878312	0.802199	52	51.5	141124	539	1813	1.00318	0.72075	2073
503	595147	241	252089	343059	100	90	0.0728961	0.802199	52	51.5	141124	539	1813	1.00252	0.718589	2073
504	781703	213	358724	422979	100	90	0.0707486	0.802199	52	51.5	141124	539	1813	1.0027	0.764186	2073
505	702448	173	340396	362051	100	90	0.0662229	0.802199	52	51.5	141124	539	1813	1.00295	0.841578	2073
506	832388	165	423784	408604	100	90	0.0836565	0.802199	52	51.5	141124	539	1813	1.004	0.854184	2073
507	969389	3473	497627	471762	100	90	1.11167	0.802199	52	51.5	141124	539	1813	1.00563	0.873171	2073
508	964157	2689	498359	465798	100	90	1.2659	0.802199	52	51.5	141124	539	1813	1.00845	0.897089	2073
509	992682	2201	519221	473461	100	90	1.29614	0.802199	52	51.5	141124	539	1813	1.01008	0.892157	2073
510	732299	1921	263953	468345	100	90	1.29871	0.802199	49	51.5	141124	539	1813	1.11228	1.10021	2073
511	807927	1557	358834	435250	100	90	0.754903	0.802199	52	51.5	0	539	1813	1.04954	0.812644	2073
512	928244	1310	445743	462467	100	90	0.631836	0.802199	52	51.5	0	539	1813	1.03867	0.78711	2073
513	1.06378e+006	1120	528118	512769	100	90	0.594278	0.802199	52	51.5	0	539	1813	1.0361	0.778192	2073
514	1.11353e+006	959	561423	530391	100	90	0.640075	0.802199	52	51.5	0	539	1813	1.04144	0.80185	2073
515	1.08863e+006	921	558682	511247	100	90	0.731815	0.802199	52	51.5	0	539	1813	1.0458	0.838699	2073
516	1.08276e+006	1714	573950	508808	100	90	1.3094	0.802199	52	51.5	0	539	1813	1.04731	0.848418	2073
517	1.0924e+006	1626	585427	506977	100	90	1.4764	0.802199	52	51.5	0	539	1813	1.05418	0.862549	2073
518	1.06345e+006	1532	574506	488946	100	90	1.62126	0.802199	52	51.5	0	539	1813	1.05438	0.856853	2073
519	1.01649e+006	1269	551988	464500	100	90	1.71677	0.802199	52	51.5	0	539	1813	1.06201	0.857026	2073
520	977499	1102	533470	444029	100	90	1.75567	0.802199	52	51.5	0	539	1813	1.06613	0.869934	2073
521	932282	974	510702	421580	100	90	1.8076	0.802199	52	51.5	0	539	1813	1.07235	0.873269	2073
522	874424	874	480252	394172	100	90	1.85109	0.802199	52	51.5	0	539	1813	1.07376	0.865248	2073
523	825578	789	453464	372114	100	90	1.89705	0.802199	52	51.5	0	539	1813	1.08198	0.877792	2073
524	788105	732	433088	355017	100	90	1.96062	0.802199	52	51.5	0	539	1813	1.09665	0.890469	2073
525	744480	674	409344	335136	100	90	1.96374	0.802199	52	51.5	0	539	1813	1.10027	0.903577	2073
526	697727	629	382925	312442	100	90	1.98347	0.802199	52	51.5	0	539	1813	1.10746	0.900166	2073
527	645014	565	352928	287854	100	90	1.9895	0.802199	52	51.5	0	539	1813	1.11973	0.917757	2073
528	610597	523	334269	272063	100	90	1.99574	0.802199	52	51.5	0	539	1813	1.13553	0.927126	2073
529	566660	475	310124	252246	100	90	2.00787	0.802199	52	51.5	0	539	1813	1.14724	0.939189	2073
530	508118	411	278153	226011	100	90	2.06421	0.802199	52	51.5	0	539	1813	1.16625	0.962963	2073
531	471800	372	260379	211421	100	90	2.06691	0.802199	52	51.5	0	539	1813	1.19672	0.965217	2073
532	250508	342	50305.7	200202	100	90	0.11055	0.802199	52	51.5	214878	539	1813	1.00366	0.771591	2073
533	620581	310	260527	360054	100	90	0.0875151	0.802199	52	51.5	214878	539	1813	1.00282	0.772713	2073
534	766265	276	352279	413986	100	90	0.0843749	0.802199	52	51.5	214878	539	1813	1.00285	0.799976	2073
535	688443	228	334326	354116	100	90	0.0803484	0.802199	52	51.5	214878	539	1813	1.00275	0.838537	2073
536	822671	205	419754	402917	100	90	0.0964118	0.802199	52	51.5	214878	539	1813	1.00374	0.845848	2073
537	973373	3270	501310	472063	100	90	1.08216	0.802199	52	51.5	214878	539	1813	1.00513	0.87314	2073
538	992215	2652	513510	478706	100	90	1.2423	0.802199	52	51.5	214878	539	1813	1.00799	0.888122	2073
539	998110	2165	522829	475281	100	90	1.33124	0.802199	52	51.5	214878	539	1813	1.01043	0.890363	2073
540	734435	1961	264538	469897	100	90	1.38779	0.802199	49	51.5	214878	539	1813	1.10725	1.07649	2073
541	855897	1699	378028	464268	100	90	0.706807	0.802199	52	51.5	0	539	1813	1.03965	0.820354	2073
542	998615	1441	474607	504108	100	90	0.607699	0.802199	52	51.5	0	539	1813	1.03279	0.802033	2073
543	1.11431e+006	1199	547113	545373	100	90	0.557308	0.802199	52	51.5	0	539	1813	1.03102	0.803122	2073
544	1.12764e+006	1020	564509	543270	100	90	0.583247	0.802199	52	51.5	0	539	1813	1.03457	0.833554	2073
545	1.12259e+006	994	573822	530967	100	90	0.678184	0.802199	52	51.5	0	539	1813	1.03985	0.859639	2073
546	1.11298e+006	1869	586964	526020	100	90	1.31807	0.802199	52	51.5	0	539	1813	1.04415	0.869744	2073
547	1.10313e+006	1728	586928	516199	100	90	1.47524	0.802199	52	51.5	0	539	1813	1.04904	0.877358	2073
548	1.06993e+006	1608	573062	496866	100	90	1.62964	0.802199	52	51.5	0	539	1813	1.05092	0.869565	2073
549	1.00864e+006	1296	543765	464877	100	90	1.71052	0.802199	52	51.5	0	539	1813	1.06247	0.882166	2073
550	934825	1087	507506	427319	100	90	1.71877	0.802199	52	51.5	0	539	1813	1.06608	0.879962	2073
551	872469	928	475131	397338	100	90	1.75905	0.802199	52	51.5	0	539	1813	1.07854	0.889878	2073
552	820199	814	448058	372141	100	90	1.80852	0.802199	52	51.5	0	539	1813	1.08521	0.90216	2073
553	757119	711	414284	342835	100	90	1.8873	0.802199	52	51.5	0	539	1813	1.09677	0.90776	2073
554	736858	673	403822	333036	100	90	1.93538	0.802199	52	51.5	0	539	1813	1.11282	0.931677	2073
555	673933	596	369549	304384	100	90	1.96446	0.802199	52	51.5	0	539	1813	1.13678	0.945326	2073
556	605668	522	331061	272147	100	90	1.97708	0.802199	52	51.5	0	539	1813	1.15385	0.957916	2073
557	557516	465	303851	249372	100	90	2.00061	0.802199	52	51.5	0	539	1813	1.18201	0.981735	2073
558	537923	448	293278	240306	100	90	2.0243	0.802199	52	51.5	0	539	1813	1.18805	0.973872	2073
559	506756	420	276249	226192	100	90	2.06339	0.802199	52	51.5	0	539	1813	1.18932	0.971649	2073
560	441718	361	241094	197154	100	90	2.05789	0.802199	52	51.5	0	539	1813	1.20113	0.96997	2073
561	416791	337	229859	186932	100	90	2.1123	0.802199	52	51.5	0	539	1813	1.21184	0.977124	2073
562	217668	298	44641.4	173027	100	90	0.0943341	0.802199	52	51.5	187775	539	1813	1.00333	0.779495	2073
563	610752	275	262005	348747	100	90	0.0778438	0.802199	52	51.5	187775	539	1813	1.00284	0.779375	2073
564	756933	243	349919	407013	100	90	0.0740059	0.802199	52	51.5	187775	539	1813	1.00287	0.816338	2073
565	704424	220	343111	361313	100	90	0.0785493	0.802199	52	51.5	187775	539	1813	1.00334	0.865988	2073
566	827143	203	421377	405766	100	90	0.0994036	0.802199	52	51.5	187775	539	1813	1.0043	0.884589	2073
567	925672	3178	476661	449011	100	90	1.10337	0.802199	51	51.5	187775	539	1813	1.0056	0.902424	2073
568	965961	2615	500379	465581	100	90	1.27989	0.802199	51	51.5	187775	539	1813	1.0081	0.915592	2073
569	974468	2168	509589	464879	100	90	1.34119	0.802199	51	51.5	187775	539	1813	1.01032	0.914436	2073
570	735019	1973	264729	470290	100	90	1.39308	0.802199	47	51.5	187775	539	1813	1.11504	1.1085	2073
571	797713	1557	353306	432236	100	90	0.679209	0.802199	52	51.5	0	539	1813	1.04142	0.837589	2073
572	940969	1301	450672	471866	100	90	0.555693	0.802199	52	51.5	0	539	1813	1.03276	0.820799	2073
573	1.09388e+006	1110	538664	534997	100	90	0.517376	0.802199	52	51.5	0	539	1813	1.03107	0.8232	2073
574	1.12944e+006	949	564897	545331	100	90	0.539638	0.802199	52	51.5	0	539	1813	1.03341	0.855015	2073
575	1.07873e+006	893	551384	511030	100	90	0.619818	0.802199	52	51.5	0	539	1813	1.03753	0.88867	2073
576	1.06516e+006	1953	562293	502869	100	90	1.24563	0.802199	52	51.5	0	539	1813	1.03767	0.892584	2073
577	1.08563e+006	1782	578249	507384	100	90	1.39739	0.802199	52	51.5	0	539	1813	1.04136	0.90313	2073
578	1.05643e+006	1643	567504	488924	100	90	1.55834	0.802199	52	51.5	0	539	1813	1.04431	0.901802	2073
579	1.01897e+006	1354	551611	467362	100	90	1.65231	0.802199	52	51.5	0	539	1813	1.05227	0.899925	2073
580	967653	1141	526440	441213	100	90	1.7048	0.802199	52	51.5	0	539	1813	1.05807	0.906166	2073
581	856528	924	468147	388380	100	90	1.76087	0.802199	52	51.5	0	539	1813	1.07378	0.918799	2073
582	794566	801	435789	358777	100	90	1.79585	0.802199	52	51.5	0	539	1813	1.07567	0.924262	2073
583	740398	702	406753	333645	100	90	1.8224	0.802199	52	51.5	0	539	1813	1.0883	0.933824	2073
584	685931	626	377672	308259	100	90	1.87817	0.802199	52	51.5	0	539	1813	1.10109	0.943615	2073
585	619304	537	341584	277720	100	90	1.9133	0.802199	52	51.5	0	539	1813	1.12354	0.959144	2073
586	587002	491	322587	261643	100	90	1.93787	0.802199	52	51.5	0	539	1813	1.15879	0.978814	2073
587	559461	458	306692	247983	100	90	1.96353	0.802199	52	51.5	0	539	1813	1.17263	0.995392	2073
588	519978	422	285458	230049	100	90	1.97082	0.802199	52	51.5	0	539	1813	1.17689	1.00251	2073
589	503825	401	277307	221998	100	90	1.97047	0.802199	52	51.5	0	539	1813	1.17929	1.00532	2073
590	476641	373	261818	210486	100	90	1.97902	0.802199	52	51.5	0	539	1813	1.18852	1.01739	2073
591	434684	340	240374	194310	100	90	1.97995	0.802199	52	51.5	0	539	1813	1.18263	0.993651	2073
592	222210	308	44264.3	177946	100	90	0.0979764	0.802199	52	51.5	198372	539	1813	1.00314	0.782726	2073
593	600469	282	254804	345664	100	90	0.0784679	0.802199	52	51.5	198372	539	1813	1.0026	0.78192	2073
594	780059	265	358446	421613	100	90	0.0795554	0.802199	52	51.5	198372	539	1813	1.00267	0.81582	2073
595	731304	241	352995	378309	100	90	0.0844415	0.802199	52	51.5	198372	539	1813	1.00293	0.870643	2073
596	853371	219	433031	420340	100	90	0.10385	0.802199	52	51.5	198372	539	1813	1.00396	0.882642	2073
597	958475	3452	492491	465983	100	90	1.15527	0.802199	52	51.5	198372	539	1813	1.00572	0.893367	2073
598	976235	2789	505441	470795	100	90	1.33741	0.802199	52	51.5	198372	539	1813	1.0076	0.906477	2073
599	980083	2156	512217	467867	100	90	1.34362	0.802199	52	51.5	198372	539	1813	1.01043	0.904032	2073
600	728040	1966	261311	466729	100	90	1.39177	0.802199	49	51.5	198372	539	1813	1.0987	1.06612	2073
601	783247	1543	345295	426607	100	90	0.68736	0.802199	52	51.5	0	539	1813	1.03702	0.832416	2073
602	926119	1283	442475	466960	100	90	0.550836	0.802199	52	51.5	0	539	1813	1.02786	0.811691	2073
603	1.05017e+006	1049	516486	515959	100	90	0.504291	0.802199	52	51.5	0	539	1813	1.02692	0.818847	2073
604	1.10773e+006	911	554043	536829	100	90	0.546385	0.802199	52	51.5	0	539	1813	1.02868	0.852156	2073
605	1.084e+006	858	552075	517694	100	90	0.612673	0.802199	52	51.5	0	539	1813	1.03071	0.870041	2073
606	1.10206e+006	1902	576951	525107	100	90	1.23887	0.802199	52	51.5	0	539	1813	1.03206	0.884746	2073
607	1.07706e+006	1777	570365	506699	100	90	1.41691	0.802199	52	51.5	0	539	1813	1.03776	0.883544	2073
608	1.05162e+006	1624	561324	490297	100	90	1.57257	0.802199	52	51.5	0	539	1813	1.04204	0.888041	2073
609	1.0107e+006	1345	544421	466282	100	90	1.65307	0.802199	52	51.5	0	539	1813	1.04864	0.897318	2073
610	937198	1101	507013	430185	100	90	1.69409	0.802199	52	51.5	0	539	1813	1.05545	0.909091	2073
611	870481	937	473194	397288	100	90	1.76785	0.802199	52	51.5	0	539	1813	1.06523	0.90429	2073
612	850159	844	463055	387104	100	90	1.813	0.802199	52	51.5	0	539	1813	1.08229	0.921376	2073
613	775316	743	423169	352147	100	90	1.88703	0.802199	52	51.5	0	539	1813	1.09361	0.922753	2073
614	716486	665	391548	324938	100	90	1.92554	0.802199	52	51.5	0	539	1813	1.10682	0.938679	2073
615	644013	581	353138	290875	100	90	1.9051	0.802199	52	51.5	0	539	1813	1.12217	0.945848	2073
616	609337	529	332852	273824	100	90	1.96977	0.802199	52	51.5	0	539	1813	1.13757	0.948	2073
617	578863	499	315120	258938	100	90	2.00027	0.802199	52	51.5	0	539	1813	1.15039	0.946581	2073
618	548876	456	299195	244790	100	90	1.99778	0.802199	52	51.5	0	539	1813	1.16017	0.959811	2073
619	512935	420	279312	228665	100	90	1.99125	0.802199	52	51.5	0	539	1813	1.1773	0.974093	2073
620	489234	403	267068	217617	100	90	2.01481	0.802199	52	51.5	0	539	1813	1.18136	0.975275	2073
621	462084	374	254866	207218	100	90	2.02496	0.802199	52	51.5	0	539	1813	1.19074	0.967359	2073
622	253675	354	51764.3	201911	100	90	0.114798	0.802199	52	51.5	208330	539	1813	1.00395	0.774236	2073
623	625414	331	261923	363491	100	90	0.093699	0.802199	52	51.5	208330	539	1813	1.00288	0.774083	2073
624	620041	311	174146	445895	100	90	0.0953894	0.802199	52	51.5	208330	539	1813	1.00328	0.807941	2073
625	598097	290	207322	390775	100	90	0.0913751	0.802199	52	51.5	208330	539	1813	1.00309	0.841667	2073
626	763519	256	330053	433466	100	90	0.106506	0.802199	52	51.5	208330	539	1813	1.00408	0.856555	2073
627	920128	3355	435899	484229	100	90	1.0995	0.802199	52	51.5	208330	539	1813	1.0058	0.883902	2073
628	1.00363e+006	2996	495164	508465	100	90	1.2878	0.802199	52	51.5	208330	539	1813	1.008	0.890513	2073
629	1.01923e+006	2317	517820	501412	100	90	1.30123	0.802199	52	51.5	208330	539	1813	1.00973	0.893437	2073
630	752430	2117	264232	488198	100	90	1.36815	0.802199	45	51.5	208330	539	1813	1.09467	1.05086	2073
631	854549	1754	372600	469358	100	90	0.809171	0.802199	52	51.5	0	539	1813	1.04467	0.839937	2073
632	998767	1491	472881	507562	100	90	0.685954	0.802199	52	51.5	0	539	1813	1.03615	0.812517	2073
633	1.0972e+006	1205	538203	538782	100	90	0.618037	0.802199	52	51.5	0	539	1813	1.03433	0.804261	2073
634	1.14466e+006	1033	573215	552552	100	90	0.64669	0.802199	52	51.5	0	539	1813	1.03563	0.828313	2073
635	1.15103e+006	1004	587220	546929	100	90	0.739559	0.802199	52	51.5	0	539	1813	1.04065	0.852127	2073
636	1.14634e+006	1889	601221	545121	100	90	1.3234	0.802199	52	51.5	0	539	1813	1.04033	0.858833	2073
637	1.10216e+006	1699	584244	517921	100	90	1.49131	0.802199	52	51.5	0	539	1813	1.04638	0.869219	2073
638	1.06003e+006	1555	566014	494019	100	90	1.61748	0.802199	52	51.5	0	539	1813	1.04513	0.864116	2073
639	990398	1261	531929	458469	100	90	1.71889	0.802199	52	51.5	0	539	1813	1.05657	0.870521	2073
640	958627	1089	517607	441021	100	90	1.76399	0.802199	52	51.5	0	539	1813	1.06238	0.867357	2073
641	925504	960	501199	424305	100	90	1.84533	0.802199	52	51.5	0	539	1813	1.07492	0.874598	2073
642	841658	827	457523	384135	100	90	1.89848	0.802199	52	51.5	0	539	1813	1.09473	0.892365	2073
643	818971	764	446149	372822	100	90	1.92683	0.802199	52	51.5	0	539	1813	1.10315	0.898374	2073
644	766442	694	419072	347370	100	90	1.97729	0.802199	52	51.5	0	539	1813	1.12201	0.91194	2073
645	711599	623	389220	322378	100	90	2.01905	0.802199	52	51.5	0	539	1813	1.1345	0.916667	2073
646	652718	557	356256	292489	100	90	2.01981	0.802199	52	51.5	0	539	1813	1.14667	0.936449	2073
647	614092	509	333227	273823	100	90	2.04908	0.802199	52	51.5	0	539	1813	1.16353	0.952282	2073
648	589400	475	319685	262448	100	90	2.0838	0.802199	52	51.5	0	539	1813	1.17078	0.957111	2073
649	534958	419	290712	237151	100	90	2.09897	0.802199	52	51.5	0	539	1813	1.16471	0.96144	2073
650	501696	384	273005	222265	100	90	2.10003	0.802199	52	51.5	0	539	1813	1.17224	0.958101	2073
651	459094	353	253240	205854	100	90	2.1262	0.802199	52	51.5	0	539	1813	1.18052	0.966154	2073
652	236919	311	47748.7	189170	100	90	0.100095	0.802199	52	51.5	206564	539	1813	1.0031	0.755011	2073
653	621460	287	262408	359052	100	90	0.0815104	0.802199	52	51.5	206564	539	1813	1.00238	0.753892	2073
654	807559	262	370899	436661	100	90	0.0800373	0.802199	52	51.5	206564	539	1813	1.00238	0.789925	2073
655	757508	253	363345	394163	100	90	0.0884665	0.802199	52	51.5	206564	539	1813	1.00293	0.83826	2073
656	883838	234	446203	437635	100	90	0.105783	0.802199	51	51.5	206564	539	1813	1.00402	0.843404	2073
657	999682	3485	510356	489326	100	90	1.13562	0.802199	51	51.5	206564	539	1813	1.00576	0.850169	2073
658	1.02852e+006	2805	528727	499793	100	90	1.27879	0.802199	51	51.5	206564	539	1813	1.00867	0.864616	2073
659	1.0133e+006	2213	526924	486379	100	90	1.3164	0.802199	51	51.5	206564	539	1813	1.0117	0.859229	2073
660	754594	2057	268667	485927	100	90	1.42152	0.802199	48	51.5	206564	539	1813	1.09411	1.00835	2073
661	846956	1669	371891	463698	100	90	0.726004	0.802199	52	51.5	0	539	1813	1.03656	0.806588	2073
662	986292	1366	469354	500628	100	90	0.587778	0.802199	52	51.5	0	539	1813	1.02791	0.788358	2073
663	1.12209e+006	1166	550282	553374	100	90	0.550881	0.802199	52	51.5	0	539	1813	1.02519	0.791907	2073
664	1.16559e+006	994	580501	567669	100	90	0.583403	0.802199	52	51.5	0	539	1813	1.02962	0.833848	2073
665	1.12835e+006	929	572616	540627	100	90	0.635491	0.802199	52	51.5	0	539	1813	1.03299	0.853507	2073
666	1.10793e+006	1924	580364	527565	100	90	1.25944	0.802199	52	51.5	0	539	1813	1.03382	0.845174	2073
667	1.09827e+006	1775	580914	517355	100	90	1.43857	0.802199	52	51.5	0	539	1813	1.04091	0.847416	2073
668	1.05701e+006	1635	563108	493900	100	90	1.62541	0.802199	52	51.5	0	539	1813	1.04665	0.842697	2073
669	1.00729e+006	1333	540656	466630	100	90	1.72467	0.802199	52	51.5	0	539	1813	1.05739	0.839204	2073
670	975890	1159	526730	449160	100	90	1.75998	0.802199	52	51.5	0	539	1813	1.05746	0.834653	2073
671	928183	1001	503146	425038	100	90	1.81708	0.802199	52	51.5	0	539	1813	1.06691	0.841141	2073
672	874260	882	475218	399043	100	90	1.8687	0.802199	52	51.5	0	539	1813	1.07672	0.855814	2073
673	846409	806	460649	385759	100	90	1.94015	0.802199	52	51.5	0	539	1813	1.08731	0.870844	2073
674	821750	747	447375	374375	100	90	1.98752	0.802199	52	51.5	0	539	1813	1.09862	0.883817	2073
675	779553	684	424742	354812	100	90	2.01954	0.802199	52	51.5	0	539	1813	1.1027	0.877458	2073
676	698893	585	378602	315032	100	90	2.04545	0.802199	52	51.5	0	539	1813	1.11756	0.884752	2073
677	650354	528	351150	290776	100	90	2.05776	0.802199	52	51.5	0	539	1813	1.12864	0.90297	2073
678	637139	506	344855	283951	100	90	2.07972	0.802199	52	51.5	0	539	1813	1.12774	0.892562	2073
679	598295	472	323984	266355	100	90	2.07935	0.802199	52	51.5	0	539	1813	1.144	0.894855	2073
680	544271	429	295411	242016	100	90	2.0905	0.802199	52	51.5	0	539	1813	1.16063	0.918114	2073
681	484211	373	266521	217690	100	90	2.10066	0.802199	52	51.5	0	539	1813	1.15803	0.900568	2073
682	252777	339	50148.1	202629	100	90	0.111256	0.802199	52	51.5	221353	539	1813	1.00323	0.727922	2073
683	628314	322	260643	367670	100	90	0.0918192	0.802199	52	51.5	221353	539	1813	1.00292	0.724059	2073
684	813953	302	369393	444560	100	90	0.0937472	0.802199	52	51.5	221353	539	1813	1.00277	0.754935	2073
685	772824	281	369145	403678	100	90	0.100338	0.802199	52	51.5	221353	539	1813	1.00305	0.793058	2073
686	879170	270	442034	437136	100	90	0.128359	0.802199	52	51.5	221353	539	1813	1.00457	0.799463	2073
687	999707	3285	511032	488675	100	90	1.15168	0.802199	52	51.5	221353	539	1813	1.00613	0.815891	2073
688	1.04786e+006	2730	539985	507876	100	90	1.32616	0.802199	52	51.5	221353	539	1813	1.00859	0.830609	2073
689	1.08142e+006	2283	563294	518130	100	90	1.38644	0.802199	52	51.5	221353	539	1813	1.01221	0.831353	2073
690	808668	2045	288832	519836	100	90	1.44734	0.802199	48	51.5	221353	539	1813	1.11266	1.01678	2073
691	898707	1672	394455	492548	100	90	0.784429	0.802199	52	51.5	0	539	1813	1.04772	0.794411	2073
692	1.02322e+006	1396	485617	520538	100	90	0.638283	0.802199	52	51.5	0	539	1813	1.03594	0.776131	2073
693	1.14255e+006	1155	560234	563782	100	90	0.592213	0.802199	52	51.5	0	539	1813	1.03533	0.775301	2073
694	1.186e+006	1002	591919	576542	100	90	0.642318	0.802199	52	51.5	0	539	1813	1.03966	0.805669	2073
695	1.17669e+006	985	598989	562049	100	90	0.744691	0.802199	52	51.5	0	539	1813	1.04304	0.821192	2073
696	1.14022e+006	1808	596493	543725	100	90	1.35679	0.802199	52	51.5	0	539	1813	1.05011	0.82833	2073
697	1.1117e+006	1624	588020	523675	100	90	1.51453	0.802199	52	51.5	0	539	1813	1.05713	0.831176	2073
698	1.08747e+006	1526	580383	507086	100	90	1.6749	0.802199	52	51.5	0	539	1813	1.06052	0.837193	2073
699	1.07085e+006	1317	574625	496225	100	90	1.77127	0.802199	52	51.5	0	539	1813	1.07238	0.83622	2073
700	1.01498e+006	1109	548016	466961	100	90	1.8069	0.802199	52	51.5	0	539	1813	1.07888	0.840336	2073
701	937350	940	508065	429285	100	90	1.85137	0.802199	52	51.5	0	539	1813	1.09698	0.847778	2073
702	889193	828	483382	405811	100	90	1.89828	0.802199	52	51.5	0	539	1813	1.1096	0.861675	2073
703	855788	769	466127	389660	100	90	1.94689	0.802199	52	51.5	0	539	1813	1.12747	0.882759	2073
704	776665	678	424386	352279	100	90	2.01275	0.802199	52	51.5	0	539	1813	1.14247	0.894819	2073
705	728477	619	399095	329382	100	90	2.05682	0.802199	52	51.5	0	539	1813	1.14764	0.899827	2073
706	652892	533	355798	292057	100	90	2.07939	0.802199	52	51.5	0	539	1813	1.17336	0.918534	2073
707	614123	478	332847	272653	100	90	2.08805	0.802199	52	51.5	0	539	1813	1.19958	0.960829	2073
708	606157	462	328542	268645	100	90	2.12362	0.802199	52	51.5	0	539	1813	1.19728	0.958838	2073
709	574390	433	311268	254730	100	90	2.12189	0.802199	52	51.5	0	539	1813	1.21446	0.96124	2073
710	522892	392	284325	231361	100	90	2.10625	0.802199	52	51.5	0	539	1813	1.23592	0.985549	2073
711	458546	351	253270	205275	100	90	2.11107	0.802199	52	51.5	0	539	1813	1.25305	1	2073
712	245888	330	49419.6	196468	100	90	0.10547	0.802199	52	51.5	207227	539	1813	1.00391	0.732708	2073
713	631571	299	264706	366864	100	90	0.0843218	0.802199	52	51.5	207227	539	1813	1.00301	0.732378	2073
714	808231	278	368018	440213	100	90	0.0846057	0.802199	52	51.5	207227	539	1813	1.00309	0.757426	2073
715	748668	238	359824	388844	100	90	0.0827936	0.802199	52	51.5	207227	539	1813	1.00316	0.795588	2073
716	862439	208	435744	426695	100	90	0.0957993	0.802199	52	51.5	207227	539	1813	1.00389	0.797652	2073
717	970192	3474	497143	473048	100	90	1.14238	0.802199	52	51.5	207227	539	1813	1.00556	0.811851	2073
718	1.02084e+006	2895	527083	493756	100	90	1.34288	0.802199	52	51.5	207227	539	1813	1.00888	0.814866	2073
719	1.04436e+006	2356	543871	500492	100	90	1.3691	0.802199	52	51.5	207227	539	1813	1.00991	0.80717	2073
720	763542	2043	273546	489996	100	90	1.43105	0.802199	47	51.5	207227	539	1813	1.08518	0.939259	2073
721	839186	1617	370877	457583	100	90	0.732101	0.802199	52	51.5	0	539	1813	1.0326	0.774917	2073
722	991033	1376	474592	500549	100	90	0.604477	0.802199	52	51.5	0	539	1813	1.02589	0.763626	2073
723	1.12525e+006	1162	554384	553234	100	90	0.560932	0.802199	52	51.5	0	539	1813	1.02282	0.764654	2073
724	843632	979	281407	561189	100	90	0.590293	0.802199	52	51.5	0	539	1813	1.02478	0.786281	2073
725	925065	924	379949	544151	100	90	0.653194	0.802199	52	51.5	0	539	1813	1.02669	0.802266	2073
726	1.02327e+006	1993	476147	547120	100	90	1.31503	0.802199	52	51.5	0	539	1813	1.02803	0.802781	2073
727	1.0866e+006	1881	539677	546926	100	90	1.47927	0.802199	52	51.5	0	539	1813	1.03029	0.804228	2073
728	1.0835e+006	1746	557266	526237	100	90	1.67692	0.802199	52	51.5	0	539	1813	1.03263	0.803136	2073
729	1.10551e+006	1471	581352	524159	100	90	1.74403	0.802199	52	51.5	0	539	1813	1.03575	0.796832	2073
730	1.05282e+006	1238	560800	492025	100	90	1.75687	0.802199	52	51.5	0	539	1813	1.04336	0.802621	2073
731	988068	1060	531412	456655	100	90	1.82147	0.802199	52	51.5	0	539	1813	1.0553	0.808429	2073
732	936480	926	506031	430449	100	90	1.87659	0.802199	52	51.5	0	539	1813	1.06576	0.811135	2073
733	844342	788	458611	385731	100	90	1.9541	0.802199	52	51.5	0	539	1813	1.07614	0.826478	2073
734	780994	691	426118	354876	100	90	1.99972	0.802199	52	51.5	0	539	1813	1.08082	0.824047	2073
735	741973	635	405302	336671	100	90	2.06011	0.802199	52	51.5	0	539	1813	1.09517	0.830097	2073
736	679928	567	369135	305554	100	90	2.07025	0.802199	52	51.5	0	539	1813	1.11324	0.845455	2073
737	619910	490	335226	275891	100	90	2.10777	0.802199	52	51.5	0	539	1813	1.12381	0.854123	2073
738	591880	455	320424	262413	100	90	2.14901	0.802199	52	51.5	0	539	1813	1.13291	0.860092	2073
739	531234	403	288234	234768	100	90	2.14715	0.802199	52	51.5	0	539	1813	1.13604	0.85567	2073
740	479468	360	260987	211205	100	90	2.10984	0.802199	52	51.5	0	539	1813	1.15591	0.866279	2073
741	425209	314	235220	189989	100	90	2.10853	0.802199	52	51.5	0	539	1813	1.17538	0.868687	2073
742	222525	292	43009.6	179516	100	90	0.155117	0.802199	52	51.5	195068	539	1813	1.00535	0.723056	2073
743	434882	259	175362	259520	100	90	0.104195	0.802199	52	51.5	195068	539	1813	1.00358	0.725834	2073
744	788352	236	365859	422494	100	90	0.102386	0.802199	52	51.5	195068	539	1813	1.00323	0.71564	2073
745	1.00103e+006	218	476807	524219	100	90	0.108372	0.802199	52	51.5	195068	539	1813	1.00342	0.716049	2073
746	1.01802e+006	207	493983	524038	100	90	0.124049	0.802199	52	51.5	195068	539	1813	1.00414	0.725304	2073
747	997426	2851	496701	500725	100	90	1.13783	0.802199	52	51.5	195068	539	1813	1.00507	0.737238	2073
748	1.06371e+006	2467	539796	523910	100	90	1.22215	0.802199	52	51.5	195068	539	1813	1.00597	0.749672	2073
749	1.13853e+006	2066	585290	553240	100	90	1.36153	0.802199	52	51.5	195068	539	1813	1.0094	0.746186	2073
750	857909	1901	301641	556268	100	90	1.47875	0.802199	51	51.5	195068	539	1813	1.10262	0.924828	2073
751	641601	1121	277827	360178	100	90	0.857488	0.802199	52	51.5	0	539	1813	1.06275	0.759919	2073
752	776845	985	382026	388491	100	90	0.783272	0.802199	52	51.5	0	539	1813	1.03723	0.73898	2073
753	910245	853	465395	437842	100	90	0.733808	0.802199	52	51.5	0	539	1813	1.03329	0.736338	2073
754	1.02971e+006	743	533466	488903	100	90	0.75261	0.802199	52	51.5	0	539	1813	1.03703	0.738431	2073
755	1.1326e+006	716	590785	535113	100	90	0.828921	0.802199	52	51.5	0	539	1813	1.04005	0.739854	2073
756	1.14539e+006	1388	603552	541837	100	90	1.50195	0.802199	52	51.5	0	539	1813	1.04207	0.74604	2073
757	1.15144e+006	1354	611723	539717	100	90	1.71429	0.802199	52	51.5	0	539	1813	1.04899	0.762779	2073
758	1.13329e+006	1274	607087	526208	100	90	1.85423	0.802199	52	51.5	0	539	1813	1.05532	0.7709	2073
759	1.05717e+006	1038	569923	487248	100	90	1.80498	0.802199	52	51.5	0	539	1813	1.06615	0.774926	2073
760	1.03866e+006	924	562962	475703	100	90	1.82059	0.802199	52	51.5	0	539	1813	1.07754	0.783482	2073
761	957203	776	520559	436644	100	90	1.85676	0.802199	52	51.5	0	539	1813	1.09182	0.795728	2073
762	893740	685	488029	405711	100	90	1.88929	0.802199	52	51.5	0	539	1813	1.11842	0.81583	2073
763	838913	611	459033	379880	100	90	1.92589	0.802199	52	51.5	0	539	1813	1.14485	0.840206	2073
764	798135	563	437883	360251	100	90	1.9698	0.802199	52	51.5	0	539	1813	1.15531	0.833021	2073
765	747732	515	410267	337465	100	90	1.99718	0.802199	52	51.5	0	539	1813	1.17477	0.846473	2073
766	712679	470	385336	316500	100	90	2.02075	0.802199	52	51.5	0	539	1813	1.19836	0.860092	2073
767	624467	395	332786	274841	100	90	2.03368	0.802199	52	51.5	0	539	1813	1.20488	0.861111	2073
768	605835	374	322883	265962	100	90	2.08344	0.802199	52	51.5	0	539	1813	1.22372	0.886228	2073
769	560347	332	299007	245678	100	90	2.10227	0.802199	52	51.5	0	539	1813	1.22671	0.877966	2073
770	508151	295	271980	222292	100	90	2.07684	0.802199	52	51.5	0	539	1813	1.23592	0.864341	2073
771	476550	283	262762	213789	100	90	2.08057	0.802199	52	51.5	0	539	1813	1.25926	0.889344	2073
772	224177	234	40629	183548	100	90	0.0854701	0.802199	52	51.5	224272	539	1813	1.00367	0.722143	2073
773	566122	214	230519	335603	100	90	0.0637856	0.802199	52	51.5	224272	539	1813	1.00276	0.707684	2073
774	888861	190	400115	488745	100	90	0.0609903	0.802199	52	51.5	224272	539	1813	1.00298	0.718803	2073
775	912199	179	423624	488574	100	90	0.0647087	0.802199	52	51.5	224272	539	1813	1.00336	0.734081	2073
776	841770	165	407407	434363	100	90	0.072723	0.802199	52	51.5	224272	539	1813	1.00357	0.749757	2073
777	914626	3093	458987	455639	100	90	0.980254	0.802199	52	51.5	224272	539	1813	1.00499	0.761807	2073
778	1.04713e+006	2971	534101	513027	100	90	1.19393	0.802199	52	51.5	224272	539	1813	1.0067	0.769075	2073
779	1.0692e+006	2429	549305	519899	100	90	1.35231	0.802199	52	51.5	224272	539	1813	1.01	0.775611	2073
780	792097	2116	277772	514325	100	90	1.52415	0.802199	47	51.5	224272	539	1813	1.0737	0.899043	2073
781	890956	1711	386381	497827	100	90	0.848125	0.802199	52	51.5	0	539	1813	1.03214	0.781861	2073
782	1.00869e+006	1423	476888	522122	100	90	0.698387	0.802199	52	51.5	0	539	1813	1.02458	0.778926	2073
783	1.13293e+006	1207	556165	565818	100	90	0.647814	0.802199	52	51.5	0	539	1813	1.02303	0.782232	2073
784	1.25149e+006	1039	624496	616347	100	90	0.667343	0.802199	52	51.5	0	539	1813	1.02506	0.785289	2073
785	1.2383e+006	947	626446	602772	100	90	0.725407	0.802199	52	51.5	0	539	1813	1.02748	0.787981	2073
786	1.20006e+006	1942	619632	580429	100	90	1.36925	0.802199	52	51.5	0	539	1813	1.03102	0.783407	2073
787	1.21238e+006	1856	633838	578539	100	90	1.46531	0.802199	52	51.5	0	539	1813	1.03384	0.784123	2073
788	1.15107e+006	1689	606960	544106	100	90	1.63647	0.802199	52	51.5	0	539	1813	1.04015	0.789569	2073
789	1.09792e+006	1358	584352	513572	100	90	1.6842	0.802199	52	51.5	0	539	1813	1.0511	0.808012	2073
790	1.06285e+006	1151	570097	492754	100	90	1.80244	0.802199	52	51.5	0	539	1813	1.06518	0.817368	2073
791	1.01056e+006	994	545052	465512	100	90	1.88929	0.802199	52	51.5	0	539	1813	1.07802	0.812241	2073
792	952411	869	516277	436133	100	90	1.94981	0.802199	52	51.5	0	539	1813	1.08735	0.816667	2073
793	892701	762	485199	407502	100	90	1.99702	0.802199	52	51.5	0	539	1813	1.10032	0.812754	2073
794	845039	680	459866	385173	100	90	2.03449	0.802199	52	51.5	0	539	1813	1.11587	0.82389	2073
795	806777	632	438954	367823	100	90	2.05711	0.802199	52	51.5	0	539	1813	1.12745	0.832504	2073
796	757450	571	407412	340228	100	90	2.09711	0.802199	52	51.5	0	539	1813	1.14911	0.860853	2073
797	692261	503	369180	307711	100	90	2.11815	0.802199	52	51.5	0	539	1813	1.16292	0.870021	2073
798	619335	440	330650	274431	100	90	2.16997	0.802199	52	51.5	0	539	1813	1.16222	0.86165	2073
799	581869	401	311930	256388	100	90	2.19806	0.802199	52	51.5	0	539	1813	1.14988	0.836898	2073
800	547699	373	294118	241019	100	90	2.23105	0.802199	52	51.5	0	539	1813	1.15676	0.83526	2073
801	447181	298	246213	200968	100	90	2.21478	0.802199	52	51.5	0	539	1813	1.1831	0.867159	2073
802	232192	268	43192.1	189000	100	90	0.0920021	0.802199	52	51.5	208175	539	1813	1.00279	0.722303	2073
803	590888	243	244212	346676	100	90	0.0722054	0.802199	52	51.5	208175	539	1813	1.00214	0.716683	2073
804	890452	211	403853	486599	100	90	0.0677727	0.802199	52	51.5	208175	539	1813	1.00209	0.730987	2073
805	874700	185	410031	464669	100	90	0.0669577	0.802199	52	51.5	208175	539	1813	1.00217	0.74943	2073
806	840971	184	411091	429881	100	90	0.0820446	0.802199	52	51.5	208175	539	1813	1.00277	0.758612	2073
807	929392	3199	469525	459868	100	90	1.03091	0.802199	52	51.5	208175	539	1813	1.00388	0.765077	2073
808	1.02282e+006	2880	524097	498721	100	90	1.22716	0.802199	51	51.5	208175	539	1813	1.00508	0.774328	2073
809	1.05391e+006	2391	545073	508841	100	90	1.36428	0.802199	51	51.5	208175	539	1813	1.00658	0.766365	2073
810	803949	2170	284944	519004	100	90	1.52286	0.802199	48	51.5	208175	539	1813	1.07065	0.880687	2073
811	901211	1774	393723	499753	100	90	0.833126	0.802199	52	51.5	0	539	1813	1.02946	0.784214	2073
812	1.01293e+006	1440	481152	520949	100	90	0.659824	0.802199	52	51.5	0	539	1813	1.01983	0.768365	2073
813	1.14801e+006	1199	565480	570985	100	90	0.606016	0.802199	52	51.5	0	539	1813	1.01761	0.759548	2073
814	1.23822e+006	1038	620457	606554	100	90	0.658409	0.802199	52	51.5	0	539	1813	1.02008	0.768894	2073
815	1.22843e+006	962	624641	593674	100	90	0.744673	0.802199	52	51.5	0	539	1813	1.0233	0.770839	2073
816	1.2163e+006	1949	631797	584501	100	90	1.4234	0.802199	52	51.5	0	539	1813	1.02522	0.763188	2073
817	1.18574e+006	1734	622017	563719	100	90	1.51592	0.802199	52	51.5	0	539	1813	1.02907	0.763819	2073
818	1.13928e+006	1590	602863	536421	100	90	1.71236	0.802199	52	51.5	0	539	1813	1.03118	0.765725	2073
819	1.11036e+006	1327	591458	518902	100	90	1.80275	0.802199	52	51.5	0	539	1813	1.04016	0.765432	2073
820	1.04682e+006	1122	561543	485281	100	90	1.86878	0.802199	52	51.5	0	539	1813	1.04922	0.78051	2073
821	996179	977	537448	458731	100	90	1.92208	0.802199	52	51.5	0	539	1813	1.05626	0.791014	2073
822	894495	814	485263	409232	100	90	1.98825	0.802199	52	51.5	0	539	1813	1.06232	0.794228	2073
823	858911	728	467309	391602	100	90	2.03368	0.802199	52	51.5	0	539	1813	1.07317	0.79972	2073
824	785767	633	428570	357198	100	90	2.08983	0.802199	52	51.5	0	539	1813	1.09569	0.82658	2073
825	724136	560	395340	328796	100	90	2.14884	0.802199	52	51.5	0	539	1813	1.1184	0.828413	2073
826	653753	480	353001	292245	100	90	2.14537	0.802199	52	51.5	0	539	1813	1.13962	0.843478	2073
827	619896	434	331077	274372	100	90	2.20359	0.802199	52	51.5	0	539	1813	1.1663	0.856448	2073
828	587980	399	314515	259310	100	90	2.22507	0.802199	52	51.5	0	539	1813	1.15931	0.853723	2073
829	556754	367	298025	245107	100	90	2.22464	0.802199	52	51.5	0	539	1813	1.17158	0.854651	2073
830	524497	340	281690	230226	100	90	2.2689	0.802199	52	51.5	0	539	1813	1.17964	0.849359	2073
831	478585	311	263649	214935	100	90	2.26552	0.802199	52	51.5	0	539	1813	1.20333	0.866667	2073
832	247291	282	47478.8	199812	100	90	0.0971437	0.802199	52	51.5	218670	539	1813	1.00319	0.719971	2073
833	618680	256	254639	364041	100	90	0.0766214	0.802199	52	51.5	218670	539	1813	1.00256	0.711685	2073
834	900636	242	404987	495649	100	90	0.0776562	0.802199	52	51.5	218670	539	1813	1.00261	0.724738	2073
835	875613	230	409035	466578	100	90	0.0847448	0.802199	52	51.5	218670	539	1813	1.00315	0.752252	2073
836	889275	216	437334	451941	100	90	0.0994337	0.802199	52	51.5	218670	539	1813	1.00405	0.765063	2073
837	978139	3479	495180	482960	100	90	1.12906	0.802199	52	51.5	218670	539	1813	1.0056	0.771121	2073
838	1.04422e+006	2992	535693	508526	100	90	1.29573	0.802199	52	51.5	218670	539	1813	1.00753	0.777335	2073
839	1.07601e+006	2444	556916	519097	100	90	1.42098	0.802199	52	51.5	218670	539	1813	1.01031	0.782127	2073
840	786360	2057	278396	507964	100	90	1.52287	0.802199	48	51.5	218670	539	1813	1.07529	0.907435	2073
841	881196	1699	385337	488038	100	90	0.817285	0.802199	52	51.5	0	539	1813	1.02765	0.752	2073
842	767310	1455	240827	524427	100	90	0.679419	0.802199	52	51.5	0	539	1813	1.02025	0.741127	2073
843	973525	1238	391406	575706	100	90	0.577099	0.802199	52	51.5	0	539	1813	1.01687	0.740086	2073
844	1.1205e+006	1065	503536	608807	100	90	0.610638	0.802199	52	51.5	0	539	1813	1.01958	0.756592	2073
845	1.16419e+006	987	557775	599394	100	90	0.677587	0.802199	52	51.5	0	539	1813	1.02144	0.770625	2073
846	1.1541e+006	2009	581958	572144	100	90	1.3185	0.802199	52	51.5	0	539	1813	1.02274	0.765915	2073
847	1.16878e+006	1854	604180	564598	100	90	1.45251	0.802199	52	51.5	0	539	1813	1.02764	0.765182	2073
848	1.13427e+006	1732	596199	538075	100	90	1.68814	0.802199	52	51.5	0	539	1813	1.02852	0.764637	2073
849	1.10207e+006	1411	585721	516347	100	90	1.79193	0.802199	52	51.5	0	539	1813	1.03634	0.773612	2073
850	1.0445e+006	1161	560165	484334	100	90	1.84195	0.802199	52	51.5	0	539	1813	1.03959	0.774278	2073
851	985703	989	531457	454246	100	90	1.88465	0.802199	52	51.5	0	539	1813	1.05234	0.798354	2073
852	937134	857	507829	429305	100	90	1.93677	0.802199	52	51.5	0	539	1813	1.06991	0.815036	2073
853	848081	722	461186	386895	100	90	2.01846	0.802199	52	51.5	0	539	1813	1.09251	0.832158	2073
854	814566	665	443889	370677	100	90	2.07053	0.802199	52	51.5	0	539	1813	1.09589	0.832308	2073
855	755561	586	412728	342833	100	90	2.09992	0.802199	52	51.5	0	539	1813	1.12649	0.86116	2073
856	736467	560	397510	329799	100	90	2.13598	0.802199	52	51.5	0	539	1813	1.14146	0.885768	2073
857	687279	506	366441	305309	100	90	2.15826	0.802199	52	51.5	0	539	1813	1.14925	0.893528	2073
858	620593	450	330620	275784	100	90	2.15363	0.802199	52	51.5	0	539	1813	1.16558	0.909308	2073
859	557416	383	296715	247526	100	90	2.16291	0.802199	52	51.5	0	539	1813	1.16368	0.896067	2073
860	521854	349	278245	231394	100	90	2.18257	0.802199	52	51.5	0	539	1813	1.16997	0.898148	2073
861	489160	343	267531	221629	100	90	2.22171	0.802199	52	51.5	0	539	1813	1.17169	0.903846	2073
862	254132	313	51334.6	202797	100	90	0.114191	0.802199	51	51.5	218229	539	1813	1.00353	0.717225	2073
863	591402	294	243797	347605	100	90	0.088627	0.802199	51	51.5	218229	539	1813	1.00256	0.714376	2073
864	885558	245	404113	481445	100	90	0.0795793	0.802199	51	51.5	218229	539	1813	1.00219	0.724015	2073
865	883676	215	416896	466780	100	90	0.0791768	0.802199	51	51.5	218229	539	1813	1.00194	0.752575	2073
866	846179	201	416610	429569	100	90	0.0916744	0.802199	51	51.5	218229	539	1813	1.00267	0.772745	2073
867	934884	3214	473971	460914	100	90	1.06393	0.802199	51	51.5	218229	539	1813	1.00389	0.772063	2073
868	1.03771e+006	2918	532209	505497	100	90	1.27683	0.802199	50	51.5	218229	539	1813	1.00636	0.775543	2073
869	1.07899e+006	2368	557983	521011	100	90	1.41894	0.802199	50	51.5	218229	539	1813	1.00868	0.774481	2073
870	803440	2067	283576	519865	100	90	1.57155	0.802199	44	51.5	218229	539	1813	1.08499	0.902439	2073
871	914733	1731	398188	508251	100	90	0.894233	0.802199	52	51.5	0	539	1813	1.03758	0.768313	2073
872	1.03769e+006	1475	491519	534297	100	90	0.763834	0.802199	52	51.5	0	539	1813	1.02951	0.749851	2073
873	1.14954e+006	1222	566375	569984	100	90	0.68458	0.802199	52	51.5	0	539	1813	1.02494	0.743869	2073
874	1.21832e+006	1042	610176	595349	100	90	0.731696	0.802199	52	51.5	0	539	1813	1.02725	0.753399	2073
875	1.21385e+006	948	616158	586649	100	90	0.801029	0.802199	52	51.5	0	539	1813	1.02863	0.759173	2073
876	1.1741e+006	1760	609424	564673	100	90	1.4258	0.802199	52	51.5	0	539	1813	1.03036	0.769988	2073
877	1.15594e+006	1632	607382	548555	100	90	1.53886	0.802199	52	51.5	0	539	1813	1.03353	0.762238	2073
878	1.12407e+006	1526	596236	527834	100	90	1.70799	0.802199	52	51.5	0	539	1813	1.04102	0.765657	2073
879	1.08293e+006	1265	578386	504549	100	90	1.78031	0.802199	52	51.5	0	539	1813	1.05186	0.777687	2073
880	1.07312e+006	1116	575027	498095	100	90	1.84462	0.802199	52	51.5	0	539	1813	1.06242	0.782609	2073
881	1.01089e+006	951	543315	467573	100	90	1.93353	0.802199	52	51.5	0	539	1813	1.07481	0.782609	2073
882	992715	866	535056	457659	100	90	2.00954	0.802199	52	51.5	0	539	1813	1.08993	0.798552	2073
883	948874	788	512227	436646	100	90	2.0714	0.802199	52	51.5	0	539	1813	1.09822	0.800797	2073
884	840944	659	453969	386976	100	90	2.09703	0.802199	52	51.5	0	539	1813	1.11568	0.819334	2073
885	762307	574	411846	350461	100	90	2.13024	0.802199	52	51.5	0	539	1813	1.13017	0.836996	2073
886	708331	506	378410	320908	100	90	2.15184	0.802199	52	51.5	0	539	1813	1.14337	0.859539	2073
887	648572	450	343462	290677	100	90	2.15062	0.802199	52	51.5	0	539	1813	1.16116	0.879717	2073
888	591378	402	314171	264152	100	90	2.18204	0.802199	52	51.5	0	539	1813	1.17102	0.865079	2073
889	539615	358	286982	240407	100	90	2.21523	0.802199	52	51.5	0	539	1813	1.17927	0.877301	2073
890	461458	292	245947	205170	100	90	2.15386	0.802199	52	51.5	0	539	1813	1.19865	0.878327	2073
891	409544	265	223393	186150	100	90	2.18077	0.802199	52	51.5	0	539	1813	1.2093	0.893617	2073
892	218703	242	42184.9	176519	100	90	0.0825751	0.802199	52	51.5	184323	539	1813	1.00266	0.678932	2073
893	590729	217	247676	343054	100	90	0.0644199	0.802199	52	51.5	184323	539	1813	1.00206	0.673517	2073
894	830777	200	377187	453590	100	90	0.0637558	0.802199	52	51.5	184323	539	1813	1.00212	0.707837	2073
895	764229	166	361951	402277	100	90	0.0617094	0.802199	52	51.5	184323	539	1813	1.00221	0.756838	2073
896	861753	157	430624	431129	100	90	0.0736527	0.802199	52	51.5	184323	539	1813	1.00302	0.764162	2073
897	985449	3793	500395	485054	100	90	1.22498	0.802199	52	51.5	184323	539	1813	1.0042	0.773684	2073
898	1.0603e+006	3052	542601	517700	100	90	1.37567	0.802199	52	51.5	184323	539	1813	1.0063	0.782228	2073
899	1.07294e+006	2449	554985	517951	100	90	1.43647	0.802199	52	51.5	184323	539	1813	1.00844	0.781758	2073
900	781948	2030	277003	504945	100	90	1.49878	0.802199	46	51.5	184323	539	1813	1.077	0.912307	2073
901	890409	1679	390304	491518	100	90	0.814379	0.802199	52	51.5	0	539	1813	1.03355	0.737278	2073
902	1.02e+006	1399	484824	523274	100	90	0.665305	0.802199	52	51.5	0	539	1813	1.02592	0.725554	2073
903	1.14107e+006	1168	560609	567408	100	90	0.614856	0.802199	52	51.5	0	539	1813	1.02354	0.72838	2073
904	1.18147e+006	970	590172	578854	100	90	0.623497	0.802199	52	51.5	0	539	1813	1.02659	0.752412	2073
905	1.19759e+006	971	609719	576514	100	90	0.735613	0.802199	52	51.5	0	539	1813	1.03203	0.770165	2073
906	1.18775e+006	1923	618840	568913	100	90	1.39143	0.802199	52	51.5	0	539	1813	1.03406	0.76785	2073
907	1.18912e+006	1822	625080	564041	100	90	1.53313	0.802199	52	51.5	0	539	1813	1.03683	0.762629	2073
908	1.17016e+006	1688	619860	550304	100	90	1.67493	0.802199	52	51.5	0	539	1813	1.04392	0.761991	2073
909	1.14014e+006	1422	608061	532075	100	90	1.76773	0.802199	52	51.5	0	539	1813	1.05342	0.768398	2073
910	1.08912e+006	1219	583745	505373	100	90	1.83578	0.802199	52	51.5	0	539	1813	1.06474	0.783418	2073
911	1.04958e+006	1081	565025	484560	100	90	1.89318	0.802199	52	51.5	0	539	1813	1.07718	0.792381	2073
912	999575	958	539173	460401	100	90	1.94431	0.802199	52	51.5	0	539	1813	1.0893	0.806904	2073
913	908832	822	491296	417535	100	90	1.9992	0.802199	52	51.5	0	539	1813	1.09369	0.81761	2073
914	847714	736	459198	388516	100	90	2.05152	0.802199	52	51.5	0	539	1813	1.10789	0.823695	2073
915	791175	647	429140	362035	100	90	2.08111	0.802199	52	51.5	0	539	1813	1.1405	0.849758	2073
916	754098	597	405363	340556	100	90	2.11223	0.802199	52	51.5	0	539	1813	1.15839	0.866548	2073
917	721791	538	384566	322597	100	90	2.13375	0.802199	52	51.5	0	539	1813	1.16784	0.870079	2073
918	674087	494	359573	300867	100	90	2.16446	0.802199	52	51.5	0	539	1813	1.1829	0.880174	2073
919	606647	434	324724	269785	100	90	2.1762	0.802199	52	51.5	0	539	1813	1.1968	0.888889	2073
920	536015	372	287562	237945	100	90	2.19036	0.802199	52	51.5	0	539	1813	1.20375	0.880814	2073
921	493027	345	269772	223255	100	90	2.2275	0.802199	52	51.5	0	539	1813	1.19941	0.869427	2073
922	246003	288	48638.1	197365	100	90	0.10079	0.802199	52	51.5	220193	539	1813	1.00349	0.665184	2073
923	606804	262	252509	354296	100	90	0.0780313	0.802199	52	51.5	220193	539	1813	1.00245	0.661125	2073
924	819911	233	374573	445338	100	90	0.0749225	0.802199	52	51.5	220193	539	1813	1.00259	0.699188	2073
925	784974	204	373844	411130	100	90	0.0750066	0.802199	52	51.5	220193	539	1813	1.00271	0.737737	2073
926	857227	176	429128	428099	100	90	0.0825113	0.802199	52	51.5	220193	539	1813	1.00305	0.742167	2073
927	967964	3526	493297	474667	100	90	1.14546	0.802199	52	51.5	220193	539	1813	1.00403	0.745608	2073
928	1.03865e+006	3066	532944	505708	100	90	1.35761	0.802199	52	51.5	220193	539	1813	1.00587	0.756869	2073
929	1.04023e+006	2391	538846	501385	100	90	1.39693	0.802199	52	51.5	220193	539	1813	1.00781	0.759014	2073
930	785272	2084	279073	506199	100	90	1.48323	0.802199	47	51.5	220193	539	1813	1.06937	0.874578	2073
