Time	totMass	NInd	abovemass	belowmass	mean_ares	mean_bres	shannon	meanShannon	NPFT	meanNPFT	Cutted	NNonClonal	NClonal	mean_generation	mean_genet_size	NGenets
1	581.6	0	290.8	290.8	100	90	0	0.827714	52	51.8	0	489	1575	1	0.769517	1728
2	17113.1	0	8317.63	8795.44	100	90	0	0.827714	52	51.8	0	489	1575	1	0.762815	1728
3	76330.8	0	40905.7	35425.1	100	90	0	0.827714	52	51.8	0	489	1575	1	0.767176	1728
4	227084	0	121002	106083	100	90	0	0.827714	52	51.8	0	489	1575	1	0.767113	1728
5	489385	0	259383	230002	100	90	0	0.827714	52	51.8	0	489	1575	1.00079	0.763934	1728
6	816436	765	432296	384140	100	90	2.71772	0.827714	52	51.8	0	489	1575	1.00565	0.768313	1728
7	1.10453e+006	986	588238	516290	100	90	3.31697	0.827714	52	51.8	0	489	1575	1.01472	0.779492	1728
8	1.31494e+006	1042	706537	608400	100	90	3.46344	0.827714	52	51.8	0	489	1575	1.02653	0.789827	1728
9	1.45709e+006	967	787469	669617	100	90	3.27522	0.827714	52	51.8	0	489	1575	1.04665	0.810755	1728
10	1.55777e+006	918	846847	710925	100	90	3.1619	0.827714	52	51.8	0	489	1575	1.05801	0.830435	1728
11	1.61826e+006	866	883650	734609	100	90	3.07756	0.827714	52	51.8	0	489	1575	1.06356	0.839677	1728
12	1.68328e+006	848	922249	761031	100	90	3.08069	0.827714	52	51.8	0	489	1575	1.07435	0.855107	1728
13	1.72073e+006	830	944916	775812	100	90	3.09257	0.827714	52	51.8	0	489	1575	1.08915	0.866585	1728
14	1.749e+006	821	962476	786522	100	90	3.09703	0.827714	52	51.8	0	489	1575	1.12106	0.898496	1728
15	1.78317e+006	821	982611	800564	100	90	3.12467	0.827714	52	51.8	0	489	1575	1.14482	0.920253	1728
16	1.82524e+006	821	993136	806371	100	90	3.18155	0.827714	52	51.8	0	489	1575	1.16704	0.939974	1728
17	1.86388e+006	817	1.00204e+006	812255	100	90	3.25573	0.827714	52	51.8	0	489	1575	1.16244	0.927742	1728
18	1.8663e+006	810	999947	811476	100	90	3.29739	0.827714	52	51.8	0	489	1575	1.16095	0.920949	1728
19	1.88546e+006	810	1.01078e+006	818549	100	90	3.3562	0.827714	52	51.8	0	489	1575	1.15338	0.910428	1728
20	1.89051e+006	806	1.01491e+006	820210	100	90	3.4201	0.827714	52	51.8	0	489	1575	1.15442	0.908595	1728
21	1.84643e+006	810	1.02214e+006	824291	100	90	3.45295	0.827714	52	51.8	0	489	1575	1.15889	0.908714	1728
22	1.85691e+006	808	1.02925e+006	827658	100	90	1.50591	0.827714	52	51.8	0	489	1575	1.05666	0.766573	1728
23	1.8632e+006	793	1.03063e+006	832562	100	90	1.49318	0.827714	52	51.8	0	489	1575	1.0629	0.767385	1728
24	1.87762e+006	782	1.03667e+006	840949	100	90	1.47128	0.827714	52	51.8	0	489	1575	1.06105	0.777529	1728
25	1.89129e+006	773	1.04456e+006	846734	100	90	1.55575	0.827714	52	51.8	0	489	1575	1.07592	0.798794	1728
26	1.90007e+006	764	1.04939e+006	850676	100	90	1.67633	0.827714	52	51.8	0	489	1575	1.09409	0.839034	1728
27	1.92517e+006	1283	1.063e+006	862171	100	90	2.76451	0.827714	52	51.8	0	489	1575	1.11003	0.85546	1728
28	1.94872e+006	1179	1.07579e+006	872926	100	90	2.79705	0.827714	52	51.8	0	489	1575	1.13032	0.876122	1728
29	1.98242e+006	1111	1.09378e+006	888632	100	90	2.85809	0.827714	52	51.8	0	489	1575	1.15025	0.901174	1728
30	1.44553e+006	1075	550744	894784	100	90	2.31983	0.827714	52	51.8	0	489	1575	1.4906	1.48347	1728
31	1.48745e+006	961	659492	825590	100	90	1.34512	0.827714	52	51.8	0	489	1575	1.16176	0.887594	1728
32	1.49232e+006	841	709034	779378	100	90	1.04351	0.827714	52	51.8	0	489	1575	1.09985	0.810733	1728
33	1.47013e+006	747	723651	742595	100	90	0.875863	0.827714	52	51.8	0	489	1575	1.0794	0.770939	1728
34	1.47976e+006	682	742540	733542	100	90	1.01902	0.827714	52	51.8	0	489	1575	1.09384	0.778229	1728
35	1.42456e+006	740	728189	693125	100	90	1.25351	0.827714	52	51.8	0	489	1575	1.10159	0.780952	1728
36	1.35757e+006	785	704857	652712	100	90	1.55646	0.827714	52	51.8	0	489	1575	1.11166	0.794766	1728
37	1.30242e+006	895	682424	619999	100	90	2.03798	0.827714	52	51.8	0	489	1575	1.11761	0.785116	1728
38	1.26187e+006	931	665733	596140	100	90	2.56428	0.827714	52	51.8	0	489	1575	1.13586	0.793802	1728
39	1.23462e+006	795	655015	579602	100	90	2.63758	0.827714	52	51.8	0	489	1575	1.15243	0.80618	1728
40	1.12875e+006	665	602420	526327	100	90	2.68776	0.827714	52	51.8	0	489	1575	1.15706	0.78607	1728
41	1.07055e+006	570	574491	496063	100	90	2.76386	0.827714	52	51.8	0	489	1575	1.18359	0.801942	1728
42	1.02344e+006	502	551865	471579	100	90	2.79612	0.827714	52	51.8	0	489	1575	1.2073	0.853333	1728
43	977490	465	529686	447805	100	90	2.89608	0.827714	52	51.8	0	489	1575	1.22753	0.871981	1728
44	937618	424	509312	428306	100	90	2.89638	0.827714	52	51.8	0	489	1575	1.23941	0.889182	1728
45	891804	391	486748	405057	100	90	2.89685	0.827714	52	51.8	0	489	1575	1.2695	0.92219	1728
46	852911	370	459198	379915	100	90	2.93425	0.827714	52	51.8	0	489	1575	1.29843	0.965839	1728
47	787585	323	418410	345565	100	90	2.93941	0.827714	52	51.8	0	489	1575	1.32	1.00725	1728
48	736598	284	391516	321282	100	90	3.08576	0.827714	52	51.8	0	489	1575	1.34483	1.02092	1728
49	715826	265	381389	310972	100	90	3.13497	0.827714	52	51.8	0	489	1575	1.34298	0.986547	1728
50	693040	253	370645	300409	100	90	3.20042	0.827714	52	51.8	0	489	1575	1.33478	0.943396	1728
51	635566	229	351729	283837	100	90	3.18668	0.827714	52	51.8	0	489	1575	1.30556	0.878788	1728
52	319467	214	53459.2	266008	100	90	0.127859	0.827714	52	51.8	308197	489	1575	1.00479	0.731973	1728
53	540521	176	197583	342938	100	90	0.0749042	0.827714	52	51.8	308197	489	1575	1.00314	0.726076	1728
54	829793	154	359666	470127	100	90	0.0731387	0.827714	52	51.8	308197	489	1575	1.0032	0.725847	1728
55	837698	142	384050	453648	100	90	0.0786045	0.827714	52	51.8	308197	489	1575	1.00364	0.732773	1728
56	834445	132	406287	428158	100	90	0.0934553	0.827714	52	51.8	308197	489	1575	1.00407	0.724155	1728
57	957658	2377	482323	475335	100	90	1.3745	0.827714	52	51.8	308197	489	1575	1.00624	0.72653	1728
58	1.04088e+006	2139	530102	510780	100	90	1.74869	0.827714	52	51.8	308197	489	1575	1.0095	0.72454	1728
59	1.07135e+006	1673	551920	519426	100	90	1.83694	0.827714	52	51.8	308197	489	1575	1.01401	0.731805	1728
60	810621	1527	285180	525441	100	90	2.00666	0.827714	52	51.8	308197	489	1575	1.13687	0.975594	1728
61	881409	1234	385857	491404	100	90	1.16288	0.827714	52	51.8	0	489	1575	1.06164	0.78095	1728
62	981591	1049	467965	507358	100	90	0.947868	0.827714	52	51.8	0	489	1575	1.04523	0.761148	1728
63	1.08757e+006	901	539363	541069	100	90	0.889921	0.827714	52	51.8	0	489	1575	1.04235	0.756469	1728
64	1.14342e+006	754	577590	559501	100	90	0.908241	0.827714	52	51.8	0	489	1575	1.04432	0.754486	1728
65	1.16705e+006	710	597871	563619	100	90	1.01588	0.827714	52	51.8	0	489	1575	1.05068	0.747916	1728
66	1.17087e+006	1294	609500	561371	100	90	1.91358	0.827714	52	51.8	0	489	1575	1.05085	0.745298	1728
67	1.1555e+006	1285	607487	548014	100	90	2.15686	0.827714	52	51.8	0	489	1575	1.05121	0.746096	1728
68	1.13179e+006	1209	599817	531978	100	90	2.39944	0.827714	52	51.8	0	489	1575	1.05423	0.754877	1728
69	1.10581e+006	986	590043	515765	100	90	2.42923	0.827714	52	51.8	0	489	1575	1.06418	0.77116	1728
70	1.09812e+006	849	590209	507910	100	90	2.49802	0.827714	52	51.8	0	489	1575	1.07795	0.780906	1728
71	1.06606e+006	752	575406	490656	100	90	2.58002	0.827714	52	51.8	0	489	1575	1.09177	0.810249	1728
72	1.02871e+006	678	556622	472083	100	90	2.60666	0.827714	52	51.8	0	489	1575	1.10566	0.830769	1728
73	968280	601	525437	442843	100	90	2.62744	0.827714	52	51.8	0	489	1575	1.11572	0.841463	1728
74	911812	539	495404	416408	100	90	2.67259	0.827714	52	51.8	0	489	1575	1.1347	0.865759	1728
75	827548	465	451133	376415	100	90	2.72726	0.827714	52	51.8	0	489	1575	1.16396	0.878378	1728
76	797050	436	429594	355835	100	90	2.77285	0.827714	52	51.8	0	489	1575	1.1899	0.892683	1728
77	748867	399	399611	329631	100	90	2.7847	0.827714	52	51.8	0	489	1575	1.20957	0.903485	1728
78	720270	361	384477	315928	100	90	2.84416	0.827714	52	51.8	0	489	1575	1.21026	0.890208	1728
79	671613	334	358609	294711	100	90	2.8878	0.827714	52	51.8	0	489	1575	1.20798	0.877023	1728
80	632676	307	338384	277661	100	90	2.96418	0.827714	52	51.8	0	489	1575	1.20513	0.871886	1728
81	564016	282	309839	254177	100	90	2.99496	0.827714	52	51.8	0	489	1575	1.21818	0.900794	1728
82	285129	248	55044.2	230085	100	90	0.121032	0.827714	52	51.8	256268	489	1575	1.00395	0.745009	1728
83	579164	228	225130	354035	100	90	0.0857637	0.827714	52	51.8	256268	489	1575	1.00275	0.736103	1728
84	831826	205	367185	464641	100	90	0.0863941	0.827714	52	51.8	256268	489	1575	1.0032	0.743691	1728
85	823901	189	382353	441548	100	90	0.0921359	0.827714	52	51.8	256268	489	1575	1.00343	0.757282	1728
86	851172	174	416946	434226	100	90	0.109719	0.827714	52	51.8	256268	489	1575	1.00472	0.760977	1728
87	953932	2763	481587	472346	100	90	1.3553	0.827714	52	51.8	256268	489	1575	1.007	0.76139	1728
88	1.03991e+006	2458	530829	509078	100	90	1.61848	0.827714	52	51.8	256268	489	1575	1.00983	0.759597	1728
89	1.05908e+006	1924	545819	513259	100	90	1.73119	0.827714	52	51.8	256268	489	1575	1.01403	0.760588	1728
90	776234	1647	273570	502664	100	90	1.88392	0.827714	51	51.8	256268	489	1575	1.11773	0.955638	1728
91	866034	1353	379965	480307	100	90	0.986432	0.827714	52	51.8	0	489	1575	1.0449	0.806284	1728
92	999298	1171	477091	513488	100	90	0.825879	0.827714	52	51.8	0	489	1575	1.03367	0.79083	1728
93	1.09834e+006	963	544729	544117	100	90	0.751137	0.827714	52	51.8	0	489	1575	1.03123	0.784408	1728
94	1.1755e+006	813	592545	574133	100	90	0.775259	0.827714	52	51.8	0	489	1575	1.03304	0.782069	1728
95	1.18071e+006	782	602688	570144	100	90	0.895855	0.827714	52	51.8	0	489	1575	1.03663	0.79073	1728
96	1.17955e+006	1558	614010	565535	100	90	1.76881	0.827714	52	51.8	0	489	1575	1.03746	0.772464	1728
97	1.14169e+006	1477	599819	541867	100	90	2.01661	0.827714	52	51.8	0	489	1575	1.04501	0.774775	1728
98	1.09092e+006	1261	577751	513170	100	90	2.14201	0.827714	52	51.8	0	489	1575	1.05044	0.773246	1728
99	1.05468e+006	1045	563725	490954	100	90	2.21272	0.827714	52	51.8	0	489	1575	1.06165	0.773084	1728
100	1.02923e+006	884	553204	476024	100	90	2.30467	0.827714	52	51.8	0	489	1575	1.07165	0.782305	1728
101	984508	783	531607	452901	100	90	2.34717	0.827714	52	51.8	0	489	1575	1.07993	0.790026	1728
102	928129	686	502669	425460	100	90	2.38276	0.827714	52	51.8	0	489	1575	1.09287	0.801788	1728
103	855648	596	465231	390418	100	90	2.43093	0.827714	52	51.8	0	489	1575	1.10499	0.811644	1728
104	804998	547	439246	365752	100	90	2.47012	0.827714	52	51.8	0	489	1575	1.11842	0.832392	1728
105	756352	498	412946	343406	100	90	2.52663	0.827714	52	51.8	0	489	1575	1.1402	0.851464	1728
106	683251	422	368901	304668	100	90	2.54654	0.827714	52	51.8	0	489	1575	1.16701	0.88	1728
107	647416	380	346016	284898	100	90	2.6084	0.827714	52	51.8	0	489	1575	1.17564	0.869444	1728
108	621915	361	333006	272867	100	90	2.73289	0.827714	52	51.8	0	489	1575	1.18734	0.875371	1728
109	567986	318	305253	248084	100	90	2.77097	0.827714	52	51.8	0	489	1575	1.18976	0.861486	1728
110	531315	294	286907	231148	100	90	2.8055	0.827714	52	51.8	0	489	1575	1.19868	0.860294	1728
111	479202	272	265820	213382	100	90	2.85586	0.827714	52	51.8	0	489	1575	1.21324	0.88664	1728
112	247385	245	48185.2	199199	100	90	0.102873	0.827714	52	51.8	222536	489	1575	1.00276	0.721764	1728
113	584465	226	236911	347554	100	90	0.0776672	0.827714	52	51.8	222536	489	1575	1.00205	0.718391	1728
114	827626	208	370490	457136	100	90	0.0794083	0.827714	52	51.8	222536	489	1575	1.00189	0.727232	1728
115	582323	192	160186	422137	100	90	0.0853034	0.827714	52	51.8	222536	489	1575	1.00205	0.75415	1728
116	657539	181	239702	417837	100	90	0.102516	0.827714	52	51.8	222536	489	1575	1.00239	0.763505	1728
117	842532	2983	366113	476419	100	90	1.34175	0.827714	52	51.8	222536	489	1575	1.0035	0.762136	1728
118	988790	2951	460940	527850	100	90	1.72007	0.827714	52	51.8	222536	489	1575	1.00427	0.761487	1728
119	1.00567e+006	2276	491481	514186	100	90	1.72159	0.827714	52	51.8	222536	489	1575	1.00574	0.756577	1728
120	767680	2026	260698	506983	100	90	1.78278	0.827714	50	51.8	222536	489	1575	1.07752	0.891197	1728
121	868486	1650	371916	488810	100	90	0.986068	0.827714	52	51.8	0	489	1575	1.03444	0.752854	1728
122	1.00623e+006	1392	473142	522006	100	90	0.833522	0.827714	52	51.8	0	489	1575	1.02671	0.742059	1728
123	1.13116e+006	1162	555383	563202	100	90	0.771256	0.827714	52	51.8	0	489	1575	1.02446	0.738498	1728
124	1.18675e+006	946	593710	581997	100	90	0.782151	0.827714	52	51.8	0	489	1575	1.02835	0.743715	1728
125	1.19364e+006	853	607591	576458	100	90	0.84397	0.827714	52	51.8	0	489	1575	1.03118	0.748177	1728
126	1.20817e+006	1815	628434	579741	100	90	1.68313	0.827714	52	51.8	0	489	1575	1.03173	0.746269	1728
127	1.22845e+006	1670	645664	582788	100	90	1.84774	0.827714	52	51.8	0	489	1575	1.03039	0.733012	1728
128	1.16108e+006	1449	614756	546324	100	90	2.01421	0.827714	52	51.8	0	489	1575	1.0341	0.732632	1728
129	1.11075e+006	1177	592206	518546	100	90	2.09399	0.827714	52	51.8	0	489	1575	1.04184	0.727116	1728
130	1.08163e+006	1032	579929	501699	100	90	2.1522	0.827714	52	51.8	0	489	1575	1.04499	0.730237	1728
131	1.00768e+006	878	542215	465461	100	90	2.26063	0.827714	52	51.8	0	489	1575	1.05108	0.732558	1728
132	967459	779	522757	444702	100	90	2.32587	0.827714	52	51.8	0	489	1575	1.05524	0.730719	1728
133	879439	659	476767	402672	100	90	2.44066	0.827714	52	51.8	0	489	1575	1.07425	0.75463	1728
134	829170	587	450509	378661	100	90	2.49538	0.827714	52	51.8	0	489	1575	1.09423	0.768696	1728
135	737548	493	400698	336850	100	90	2.53347	0.827714	52	51.8	0	489	1575	1.08874	0.768116	1728
136	718256	470	386399	322495	100	90	2.5615	0.827714	52	51.8	0	489	1575	1.10497	0.770742	1728
137	673795	420	359136	298587	100	90	2.63002	0.827714	52	51.8	0	489	1575	1.10828	0.762963	1728
138	621106	371	331674	274531	100	90	2.65453	0.827714	52	51.8	0	489	1575	1.10437	0.743733	1728
139	566048	342	302898	249602	100	90	2.681	0.827714	52	51.8	0	489	1575	1.10782	0.733333	1728
140	526621	306	281984	232260	100	90	2.72415	0.827714	52	51.8	0	489	1575	1.12539	0.729452	1728
141	477525	285	262361	215164	100	90	2.75521	0.827714	52	51.8	0	489	1575	1.14138	0.72119	1728
142	264646	274	51099.5	213547	100	90	0.10911	0.827714	52	51.8	219610	489	1575	1.00262	0.682642	1728
143	610506	256	248178	362328	100	90	0.0851939	0.827714	52	51.8	219610	489	1575	1.00193	0.673042	1728
144	841056	241	377175	463882	100	90	0.0882015	0.827714	52	51.8	219610	489	1575	1.00214	0.694411	1728
145	791811	227	372656	419155	100	90	0.0964339	0.827714	51	51.8	219610	489	1575	1.00228	0.730084	1728
146	845099	210	419649	425450	100	90	0.115541	0.827714	51	51.8	219610	489	1575	1.00305	0.738147	1728
147	967173	3062	491725	475449	100	90	1.27702	0.827714	51	51.8	219610	489	1575	1.00426	0.742798	1728
148	746805	2589	241064	505741	100	90	1.51653	0.827714	51	51.8	219610	489	1575	1.00641	0.745266	1728
149	805142	2124	322592	482550	100	90	1.63065	0.827714	51	51.8	219610	489	1575	1.00853	0.737939	1728
150	720733	1994	213757	506976	100	90	1.80768	0.827714	48	51.8	219610	489	1575	1.08362	0.870772	1728
151	829773	1663	336297	485581	100	90	0.926154	0.827714	52	51.8	0	489	1575	1.03239	0.719571	1728
152	967619	1387	444302	513304	100	90	0.762035	0.827714	52	51.8	0	489	1575	1.02505	0.712674	1728
153	1.10984e+006	1188	538469	558686	100	90	0.740803	0.827714	52	51.8	0	489	1575	1.02524	0.713615	1728
154	1.16754e+006	1002	581231	574549	100	90	0.783113	0.827714	52	51.8	0	489	1575	1.0273	0.72759	1728
155	1.15457e+006	904	587087	557389	100	90	0.845297	0.827714	52	51.8	0	489	1575	1.02952	0.738531	1728
156	1.1431e+006	1676	596283	546821	100	90	1.56882	0.827714	52	51.8	0	489	1575	1.03216	0.742152	1728
157	1.16966e+006	1612	616848	552814	100	90	1.81988	0.827714	52	51.8	0	489	1575	1.03905	0.743501	1728
158	1.13561e+006	1416	603939	531672	100	90	1.91799	0.827714	52	51.8	0	489	1575	1.04306	0.737563	1728
159	1.10704e+006	1207	593145	513890	100	90	2.07336	0.827714	52	51.8	0	489	1575	1.04969	0.726431	1728
160	1.04682e+006	1038	562997	483818	100	90	2.15072	0.827714	52	51.8	0	489	1575	1.05483	0.73209	1728
161	999936	917	539677	460259	100	90	2.23798	0.827714	52	51.8	0	489	1575	1.06111	0.733037	1728
162	958755	826	517869	440886	100	90	2.29747	0.827714	52	51.8	0	489	1575	1.0689	0.746898	1728
163	856131	679	463554	392577	100	90	2.38896	0.827714	52	51.8	0	489	1575	1.08966	0.768997	1728
164	795895	605	431265	364630	100	90	2.42837	0.827714	52	51.8	0	489	1575	1.1036	0.773973	1728
165	728606	536	395976	332630	100	90	2.44159	0.827714	52	51.8	0	489	1575	1.10248	0.767308	1728
166	676974	473	364327	304649	100	90	2.45691	0.827714	52	51.8	0	489	1575	1.10899	0.760965	1728
167	622835	417	332253	277292	100	90	2.47618	0.827714	52	51.8	0	489	1575	1.12332	0.743073	1728
168	592719	382	316859	262898	100	90	2.53425	0.827714	52	51.8	0	489	1575	1.12594	0.747922	1728
169	548382	347	293848	242381	100	90	2.53991	0.827714	52	51.8	0	489	1575	1.14205	0.76	1728
170	537838	341	288842	237516	100	90	2.57178	0.827714	52	51.8	0	489	1575	1.14663	0.75	1728
171	483916	312	265841	218074	100	90	2.56891	0.827714	52	51.8	0	489	1575	1.14706	0.756098	1728
172	263603	291	52447.4	211155	100	90	0.10991	0.827714	52	51.8	219525	489	1575	1.00247	0.667509	1728
173	618023	273	252303	365721	100	90	0.0869527	0.827714	52	51.8	219525	489	1575	1.00205	0.660486	1728
174	828193	245	373664	454529	100	90	0.0859229	0.827714	52	51.8	219525	489	1575	1.00215	0.69233	1728
175	781340	223	369605	411734	100	90	0.0909285	0.827714	52	51.8	219525	489	1575	1.00229	0.731162	1728
176	845311	194	421357	423954	100	90	0.102153	0.827714	52	51.8	219525	489	1575	1.00294	0.7422	1728
177	982247	3086	498791	483456	100	90	1.23014	0.827714	52	51.8	219525	489	1575	1.00409	0.737502	1728
178	1.04416e+006	2654	534538	509624	100	90	1.49257	0.827714	52	51.8	219525	489	1575	1.00573	0.742588	1728
179	1.03607e+006	2075	536185	499881	100	90	1.51196	0.827714	52	51.8	219525	489	1575	1.00732	0.752223	1728
180	780389	1907	276976	503414	100	90	1.61517	0.827714	49	51.8	219525	489	1575	1.07699	0.877573	1728
181	883952	1568	390111	485198	100	90	0.880892	0.827714	52	51.8	0	489	1575	1.03474	0.722186	1728
182	999609	1291	477887	510271	100	90	0.700149	0.827714	52	51.8	0	489	1575	1.02642	0.711666	1728
183	1.13462e+006	1087	559225	562573	100	90	0.652171	0.827714	52	51.8	0	489	1575	1.02537	0.712936	1728
184	1.2084e+006	961	605599	590302	100	90	0.70822	0.827714	52	51.8	0	489	1575	1.02741	0.733685	1728
185	1.1951e+006	942	609107	574304	100	90	0.821468	0.827714	52	51.8	0	489	1575	1.03109	0.75563	1728
186	1.17584e+006	1715	612936	562900	100	90	1.49344	0.827714	52	51.8	0	489	1575	1.02888	0.745742	1728
187	1.13854e+006	1581	599494	539046	100	90	1.66185	0.827714	52	51.8	0	489	1575	1.03021	0.735165	1728
188	1.12445e+006	1506	597145	527306	100	90	1.8564	0.827714	52	51.8	0	489	1575	1.0356	0.72863	1728
189	1.10011e+006	1269	587937	512174	100	90	1.992	0.827714	52	51.8	0	489	1575	1.04059	0.718423	1728
190	1.0427e+006	1058	560795	481907	100	90	2.0924	0.827714	52	51.8	0	489	1575	1.04883	0.722973	1728
191	991160	929	535181	455979	100	90	2.15681	0.827714	52	51.8	0	489	1575	1.05611	0.714129	1728
192	933790	826	505624	428166	100	90	2.18711	0.827714	52	51.8	0	489	1575	1.05915	0.719018	1728
193	868911	737	472157	396755	100	90	2.22057	0.827714	52	51.8	0	489	1575	1.06987	0.733793	1728
194	837997	687	456482	381515	100	90	2.2693	0.827714	52	51.8	0	489	1575	1.07711	0.746667	1728
195	770426	616	419970	350456	100	90	2.26996	0.827714	52	51.8	0	489	1575	1.07703	0.741294	1728
196	712714	549	385500	319141	100	90	2.29566	0.827714	52	51.8	0	489	1575	1.08531	0.732342	1728
197	648050	479	347271	288185	100	90	2.34182	0.827714	52	51.8	0	489	1575	1.09416	0.723404	1728
198	629621	463	337747	279462	100	90	2.38892	0.827714	52	51.8	0	489	1575	1.09879	0.726058	1728
199	579676	417	311236	256973	100	90	2.41431	0.827714	52	51.8	0	489	1575	1.1078	0.745636	1728
200	539909	381	290716	238880	100	90	2.45374	0.827714	52	51.8	0	489	1575	1.11168	0.746556	1728
201	472784	327	259563	213221	100	90	2.45244	0.827714	52	51.8	0	489	1575	1.12202	0.758065	1728
202	244566	291	50414.7	194152	100	90	0.10508	0.827714	52	51.8	210473	489	1575	1.00216	0.643729	1728
203	608108	268	254254	353854	100	90	0.0825246	0.827714	52	51.8	210473	489	1575	1.00191	0.636672	1728
204	799214	224	364340	434873	100	90	0.0761468	0.827714	52	51.8	210473	489	1575	1.00192	0.678248	1728
205	742921	199	355539	387382	100	90	0.0767542	0.827714	52	51.8	210473	489	1575	1.00198	0.722389	1728
206	841652	194	422739	418913	100	90	0.0996429	0.827714	52	51.8	210473	489	1575	1.00282	0.72366	1728
207	957338	3171	488097	469241	100	90	1.19979	0.827714	52	51.8	210473	489	1575	1.00349	0.734015	1728
208	749461	2795	242916	506545	100	90	1.41203	0.827714	52	51.8	210473	489	1575	1.00514	0.744075	1728
209	794225	2207	317288	476937	100	90	1.49322	0.827714	52	51.8	210473	489	1575	1.00655	0.749339	1728
210	586110	2107	96566.7	489543	100	90	1.66777	0.827714	52	51.8	210473	489	1575	1.07344	0.873629	1728
211	646462	1705	195583	444767	100	90	0.71289	0.827714	52	51.8	0	489	1575	1.02373	0.694602	1728
212	853146	1452	346271	500107	100	90	0.6122	0.827714	52	51.8	0	489	1575	1.0197	0.68619	1728
213	1.03949e+006	1236	470261	557568	100	90	0.617973	0.827714	52	51.8	0	489	1575	1.02047	0.692475	1728
214	1.1165e+006	1053	533474	572091	100	90	0.684158	0.827714	52	51.8	0	489	1575	1.02294	0.71135	1728
215	1.14256e+006	1004	567878	564750	100	90	0.818084	0.827714	52	51.8	0	489	1575	1.0282	0.730931	1728
216	1.16541e+006	1836	600255	565153	100	90	1.4751	0.827714	52	51.8	0	489	1575	1.03001	0.728239	1728
217	1.17691e+006	1689	616402	560507	100	90	1.64143	0.827714	52	51.8	0	489	1575	1.02994	0.726596	1728
218	1.1854e+006	1585	628050	557350	100	90	1.83257	0.827714	52	51.8	0	489	1575	1.03247	0.726518	1728
219	1.14437e+006	1338	611285	533082	100	90	1.89739	0.827714	52	51.8	0	489	1575	1.0385	0.719365	1728
220	1.08063e+006	1128	580655	499970	100	90	1.95645	0.827714	52	51.8	0	489	1575	1.03918	0.704933	1728
221	1.03866e+006	993	560899	477761	100	90	2.04864	0.827714	52	51.8	0	489	1575	1.04472	0.700306	1728
222	973138	862	527120	446018	100	90	2.10663	0.827714	52	51.8	0	489	1575	1.05945	0.716804	1728
223	887353	746	482058	405295	100	90	2.16373	0.827714	52	51.8	0	489	1575	1.06915	0.723577	1728
224	847634	685	462136	385498	100	90	2.22647	0.827714	52	51.8	0	489	1575	1.06763	0.701909	1728
225	805598	639	439471	366126	100	90	2.26918	0.827714	52	51.8	0	489	1575	1.06873	0.708202	1728
226	721914	554	389686	324538	100	90	2.29869	0.827714	52	51.8	0	489	1575	1.07313	0.723949	1728
227	689865	514	369316	306906	100	90	2.36405	0.827714	52	51.8	0	489	1575	1.08514	0.7251	1728
228	622357	451	333158	276540	100	90	2.42305	0.827714	52	51.8	0	489	1575	1.08898	0.716895	1728
229	527101	365	283690	232590	100	90	2.42707	0.827714	52	51.8	0	489	1575	1.1008	0.728045	1728
230	483959	320	261165	213283	100	90	2.38777	0.827714	52	51.8	0	489	1575	1.11677	0.744337	1728
231	446042	294	246153	199889	100	90	2.36613	0.827714	52	51.8	0	489	1575	1.1246	0.742958	1728
232	243779	287	46627.3	197152	100	90	0.103925	0.827714	52	51.8	205376	489	1575	1.00198	0.676507	1728
233	590441	246	245310	345131	100	90	0.075946	0.827714	52	51.8	205376	489	1575	1.00152	0.674083	1728
234	854118	238	388152	465966	100	90	0.0791907	0.827714	52	51.8	205376	489	1575	1.0017	0.695648	1728
235	822827	212	389214	433613	100	90	0.0810531	0.827714	52	51.8	205376	489	1575	1.00186	0.735524	1728
236	859272	210	427887	431386	100	90	0.101656	0.827714	52	51.8	205376	489	1575	1.00252	0.746939	1728
237	967610	3228	493189	474421	100	90	1.15747	0.827714	52	51.8	205376	489	1575	1.00369	0.742896	1728
238	1.06647e+006	2831	548549	517916	100	90	1.35502	0.827714	51	51.8	205376	489	1575	1.00525	0.746631	1728
239	1.06742e+006	2226	553805	513611	100	90	1.43018	0.827714	51	51.8	205376	489	1575	1.00716	0.754688	1728
240	779180	1987	277797	501383	100	90	1.55551	0.827714	46	51.8	205376	489	1575	1.07492	0.879756	1728
241	875823	1628	387373	479683	100	90	0.878124	0.827714	52	51.8	0	489	1575	1.03294	0.727423	1728
242	1.00534e+006	1386	481366	511299	100	90	0.714374	0.827714	52	51.8	0	489	1575	1.0256	0.717956	1728
243	1.13124e+006	1162	558808	558125	100	90	0.658191	0.827714	52	51.8	0	489	1575	1.02332	0.713871	1728
244	1.19405e+006	972	598893	581699	100	90	0.684848	0.827714	52	51.8	0	489	1575	1.02464	0.728549	1728
245	1.18515e+006	891	604620	568900	100	90	0.750312	0.827714	52	51.8	0	489	1575	1.02697	0.745658	1728
246	1.15821e+006	1839	604221	553989	100	90	1.44993	0.827714	52	51.8	0	489	1575	1.02684	0.746263	1728
247	1.18782e+006	1754	625642	562176	100	90	1.63	0.827714	52	51.8	0	489	1575	1.03052	0.736653	1728
248	1.14841e+006	1597	609781	538626	100	90	1.78511	0.827714	52	51.8	0	489	1575	1.03191	0.732177	1728
249	1.10528e+006	1333	590864	514421	100	90	1.85888	0.827714	52	51.8	0	489	1575	1.04193	0.734051	1728
250	1.04911e+006	1126	563832	485277	100	90	1.91376	0.827714	52	51.8	0	489	1575	1.04716	0.738616	1728
251	996338	992	538264	458073	100	90	1.98173	0.827714	52	51.8	0	489	1575	1.05801	0.746639	1728
252	931064	865	505440	425624	100	90	2.04879	0.827714	52	51.8	0	489	1575	1.06495	0.739905	1728
253	866631	761	471917	394714	100	90	2.13709	0.827714	52	51.8	0	489	1575	1.07541	0.752033	1728
254	799091	670	436220	362871	100	90	2.16375	0.827714	52	51.8	0	489	1575	1.08623	0.77795	1728
255	757754	608	414346	343408	100	90	2.19786	0.827714	52	51.8	0	489	1575	1.10029	0.797927	1728
256	711335	553	385547	318349	100	90	2.20555	0.827714	52	51.8	0	489	1575	1.12521	0.82218	1728
257	643745	481	346160	285533	100	90	2.20154	0.827714	52	51.8	0	489	1575	1.14951	0.847345	1728
258	616586	456	332351	272852	100	90	2.22401	0.827714	52	51.8	0	489	1575	1.15385	0.859155	1728
259	590967	429	319010	261153	100	90	2.24169	0.827714	52	51.8	0	489	1575	1.17273	0.876884	1728
260	544870	383	293959	241071	100	90	2.24323	0.827714	52	51.8	0	489	1575	1.18961	0.886686	1728
261	515979	366	283689	232290	100	90	2.25824	0.827714	52	51.8	0	489	1575	1.19835	0.856716	1728
262	257638	317	49496.4	208142	100	90	0.113022	0.827714	52	51.8	234775	489	1575	1.004	0.671438	1728
263	615634	300	250854	364780	100	90	0.0891112	0.827714	52	51.8	234775	489	1575	1.00301	0.663437	1728
264	829661	275	375108	454553	100	90	0.0885986	0.827714	52	51.8	234775	489	1575	1.00313	0.699504	1728
265	821151	261	389944	431207	100	90	0.0946008	0.827714	52	51.8	234775	489	1575	1.00346	0.742897	1728
266	903027	234	450758	452269	100	90	0.109368	0.827714	52	51.8	234775	489	1575	1.0038	0.760207	1728
267	996376	3259	506926	489450	100	90	1.13914	0.827714	52	51.8	234775	489	1575	1.00583	0.767412	1728
268	1.03971e+006	2828	534289	505420	100	90	1.36487	0.827714	52	51.8	234775	489	1575	1.00784	0.772491	1728
269	1.04749e+006	2271	543642	503852	100	90	1.42278	0.827714	52	51.8	234775	489	1575	1.00869	0.766855	1728
270	777162	2030	275976	501187	100	90	1.53708	0.827714	50	51.8	234775	489	1575	1.07061	0.878352	1728
271	885375	1681	388375	488005	100	90	0.817228	0.827714	52	51.8	0	489	1575	1.02948	0.718001	1728
272	1.02676e+006	1450	488572	525021	100	90	0.707257	0.827714	52	51.8	0	489	1575	1.02409	0.70852	1728
273	1.15018e+006	1200	566187	569662	100	90	0.639737	0.827714	52	51.8	0	489	1575	1.02145	0.699216	1728
274	1.18839e+006	1019	595665	579260	100	90	0.674693	0.827714	52	51.8	0	489	1575	1.02514	0.717497	1728
275	1.16424e+006	940	594549	557747	100	90	0.740679	0.827714	52	51.8	0	489	1575	1.02703	0.734311	1728
276	1.15301e+006	1786	603663	549350	100	90	1.3928	0.827714	52	51.8	0	489	1575	1.02821	0.72605	1728
277	1.14456e+006	1641	605147	539412	100	90	1.55514	0.827714	52	51.8	0	489	1575	1.03261	0.735798	1728
278	1.1214e+006	1558	597959	523445	100	90	1.76862	0.827714	52	51.8	0	489	1575	1.03287	0.727332	1728
279	1.08531e+006	1309	582564	502743	100	90	1.88984	0.827714	52	51.8	0	489	1575	1.03978	0.72954	1728
280	1.02839e+006	1087	554972	473417	100	90	1.9343	0.827714	52	51.8	0	489	1575	1.04246	0.7277	1728
281	990511	960	537193	453318	100	90	2.01095	0.827714	52	51.8	0	489	1575	1.05869	0.744409	1728
282	923625	834	501548	422077	100	90	2.06123	0.827714	52	51.8	0	489	1575	1.07176	0.749692	1728
283	844116	716	459585	384530	100	90	2.07013	0.827714	52	51.8	0	489	1575	1.08959	0.769784	1728
284	788355	642	429693	358662	100	90	2.10277	0.827714	52	51.8	0	489	1575	1.10154	0.7728	1728
285	700651	557	382473	318178	100	90	2.13613	0.827714	52	51.8	0	489	1575	1.11538	0.780669	1728
286	644844	499	348839	288589	100	90	2.19889	0.827714	52	51.8	0	489	1575	1.12956	0.796178	1728
287	593363	437	318750	262194	100	90	2.21524	0.827714	52	51.8	0	489	1575	1.14831	0.806763	1728
288	557600	396	299341	245943	100	90	2.22742	0.827714	52	51.8	0	489	1575	1.14588	0.8	1728
289	495764	339	266313	218498	100	90	2.31237	0.827714	52	51.8	0	489	1575	1.15714	0.779874	1728
290	442218	290	238061	194610	100	90	2.32581	0.827714	52	51.8	0	489	1575	1.15488	0.753676	1728
291	373136	239	205171	167964	100	90	2.35513	0.827714	52	51.8	0	489	1575	1.16194	0.745614	1728
292	191581	221	36297	155284	100	90	0.0763513	0.827714	52	51.8	172548	489	1575	1.00229	0.657628	1728
293	583021	210	247599	335422	100	90	0.0641296	0.827714	52	51.8	172548	489	1575	1.00185	0.659076	1728
294	792459	187	363300	429159	100	90	0.0623719	0.827714	52	51.8	172548	489	1575	1.00196	0.686746	1728
295	747509	174	357945	389564	100	90	0.0655612	0.827714	52	51.8	172548	489	1575	1.00204	0.727485	1728
296	840294	161	423065	417229	100	90	0.0788106	0.827714	52	51.8	172548	489	1575	1.0024	0.735369	1728
297	986379	3553	504038	482341	100	90	1.17749	0.827714	52	51.8	172548	489	1575	1.00288	0.744933	1728
298	1.02871e+006	2864	528425	500283	100	90	1.36747	0.827714	52	51.8	172548	489	1575	1.005	0.752541	1728
299	1.03142e+006	2345	535563	495861	100	90	1.43128	0.827714	52	51.8	172548	489	1575	1.00611	0.745966	1728
300	745411	1950	265537	479874	100	90	1.50767	0.827714	47	51.8	172548	489	1575	1.07177	0.857805	1728
301	826992	1574	364695	453431	100	90	0.76785	0.827714	52	51.8	0	489	1575	1.02902	0.714574	1728
302	970156	1320	463140	494573	100	90	0.627186	0.827714	52	51.8	0	489	1575	1.02261	0.705363	1728
303	1.10128e+006	1068	541674	545793	100	90	0.557383	0.827714	52	51.8	0	489	1575	1.02033	0.709047	1728
304	1.16274e+006	903	580508	569174	100	90	0.575458	0.827714	52	51.8	0	489	1575	1.0216	0.731503	1728
305	1.12374e+006	824	572119	540164	100	90	0.644773	0.827714	52	51.8	0	489	1575	1.02392	0.746599	1728
306	1.13065e+006	1952	590425	540228	100	90	1.38413	0.827714	52	51.8	0	489	1575	1.02414	0.741448	1728
307	1.13186e+006	1797	596261	535602	100	90	1.56443	0.827714	52	51.8	0	489	1575	1.02783	0.737113	1728
308	1.11242e+006	1602	590909	521516	100	90	1.69341	0.827714	52	51.8	0	489	1575	1.0263	0.734097	1728
309	1.06585e+006	1316	570063	495788	100	90	1.81219	0.827714	52	51.8	0	489	1575	1.03409	0.73059	1728
310	1.02454e+006	1101	551793	472748	100	90	1.855	0.827714	52	51.8	0	489	1575	1.03983	0.721038	1728
311	947089	924	512877	434212	100	90	1.92039	0.827714	52	51.8	0	489	1575	1.05015	0.719956	1728
312	913771	823	496773	416998	100	90	1.99481	0.827714	52	51.8	0	489	1575	1.05804	0.730864	1728
313	847230	707	461748	385483	100	90	2.03336	0.827714	52	51.8	0	489	1575	1.06796	0.740316	1728
314	789516	623	431092	358424	100	90	2.09525	0.827714	52	51.8	0	489	1575	1.08497	0.754902	1728
315	720932	546	394201	326731	100	90	2.11324	0.827714	52	51.8	0	489	1575	1.1087	0.787194	1728
316	678422	509	367648	303497	100	90	2.15096	0.827714	52	51.8	0	489	1575	1.11478	0.795132	1728
317	651566	478	350454	288747	100	90	2.19776	0.827714	52	51.8	0	489	1575	1.13333	0.807018	1728
318	579433	420	312052	256357	100	90	2.26758	0.827714	52	51.8	0	489	1575	1.13225	0.81407	1728
319	530682	375	285912	234666	100	90	2.28396	0.827714	52	51.8	0	489	1575	1.15467	0.819209	1728
320	512136	359	276085	226464	100	90	2.32648	0.827714	52	51.8	0	489	1575	1.16954	0.833837	1728
321	474745	337	260586	214159	100	90	2.31157	0.827714	52	51.8	0	489	1575	1.18519	0.862745	1728
322	251698	309	48291.2	203407	100	90	0.107491	0.827714	52	51.8	215488	489	1575	1.00327	0.689955	1728
323	617498	275	255593	361905	100	90	0.0818157	0.827714	52	51.8	215488	489	1575	1.00249	0.682621	1728
324	819549	262	370523	449025	100	90	0.0859269	0.827714	52	51.8	215488	489	1575	1.00247	0.708602	1728
325	759787	228	361197	398590	100	90	0.0874843	0.827714	52	51.8	215488	489	1575	1.0024	0.752881	1728
326	853834	216	427601	426233	100	90	0.111307	0.827714	52	51.8	215488	489	1575	1.00338	0.761544	1728
327	964879	3175	492303	472576	100	90	1.18704	0.827714	52	51.8	215488	489	1575	1.0045	0.767222	1728
328	1.02705e+006	2672	527769	499283	100	90	1.39863	0.827714	52	51.8	215488	489	1575	1.00723	0.769496	1728
329	1.03902e+006	2130	539528	499490	100	90	1.40728	0.827714	52	51.8	215488	489	1575	1.00889	0.770925	1728
330	766729	1873	273512	493216	100	90	1.4909	0.827714	47	51.8	215488	489	1575	1.09636	0.931072	1728
331	857088	1551	378538	469266	100	90	0.769376	0.827714	52	51.8	0	489	1575	1.03743	0.750962	1728
332	990261	1335	473724	503127	100	90	0.654442	0.827714	52	51.8	0	489	1575	1.02845	0.733412	1728
333	1.1174e+006	1112	551638	551309	100	90	0.609801	0.827714	52	51.8	0	489	1575	1.02726	0.734568	1728
334	1.16144e+006	943	582995	564813	100	90	0.637591	0.827714	52	51.8	0	489	1575	1.03043	0.757552	1728
335	1.14383e+006	887	584094	548165	100	90	0.728602	0.827714	52	51.8	0	489	1575	1.0321	0.772754	1728
336	1.15326e+006	1847	602763	550497	100	90	1.45929	0.827714	52	51.8	0	489	1575	1.0349	0.77149	1728
337	1.15301e+006	1710	608358	544655	100	90	1.62874	0.827714	52	51.8	0	489	1575	1.04089	0.763897	1728
338	1.12502e+006	1521	600016	525001	100	90	1.76664	0.827714	52	51.8	0	489	1575	1.04653	0.768136	1728
339	1.08016e+006	1249	580407	499750	100	90	1.88831	0.827714	52	51.8	0	489	1575	1.06192	0.77787	1728
340	1.05041e+006	1084	567745	482664	100	90	1.93627	0.827714	52	51.8	0	489	1575	1.06684	0.777884	1728
341	979620	925	532362	447258	100	90	1.98934	0.827714	52	51.8	0	489	1575	1.07171	0.787709	1728
342	949596	836	516942	432654	100	90	2.02652	0.827714	52	51.8	0	489	1575	1.07974	0.790842	1728
343	879499	733	478590	400909	100	90	2.05906	0.827714	52	51.8	0	489	1575	1.08342	0.783784	1728
344	813965	661	444244	369721	100	90	2.11523	0.827714	52	51.8	0	489	1575	1.09427	0.791139	1728
345	732178	574	399998	332180	100	90	2.14206	0.827714	52	51.8	0	489	1575	1.1203	0.821363	1728
346	711734	529	384958	318648	100	90	2.18428	0.827714	52	51.8	0	489	1575	1.13636	0.826962	1728
347	646613	465	347980	285660	100	90	2.18246	0.827714	52	51.8	0	489	1575	1.14563	0.828767	1728
348	612856	425	329582	270431	100	90	2.22455	0.827714	52	51.8	0	489	1575	1.15098	0.813433	1728
349	608877	417	327666	268667	100	90	2.27143	0.827714	52	51.8	0	489	1575	1.16628	0.822165	1728
350	563104	375	303301	248455	100	90	2.28004	0.827714	52	51.8	0	489	1575	1.17021	0.828986	1728
351	522225	352	287308	234917	100	90	2.31866	0.827714	52	51.8	0	489	1575	1.17579	0.826625	1728
352	273943	328	50431.1	223512	100	90	0.115808	0.827714	52	51.8	241158	489	1575	1.00308	0.661993	1728
353	630024	306	253473	376551	100	90	0.091666	0.827714	52	51.8	241158	489	1575	1.00242	0.657471	1728
354	804885	246	361999	442886	100	90	0.0806128	0.827714	52	51.8	241158	489	1575	1.0024	0.686684	1728
355	767719	226	364523	403196	100	90	0.0840868	0.827714	52	51.8	241158	489	1575	1.0027	0.717876	1728
356	860620	204	430485	430135	100	90	0.101647	0.827714	51	51.8	241158	489	1575	1.00403	0.728143	1728
357	966185	3035	491541	474644	100	90	1.10525	0.827714	50	51.8	241158	489	1575	1.00596	0.738113	1728
358	1.01658e+006	2626	522313	494270	100	90	1.29331	0.827714	50	51.8	241158	489	1575	1.00832	0.755501	1728
359	1.02809e+006	2158	534052	494042	100	90	1.34365	0.827714	50	51.8	241158	489	1575	1.01011	0.753262	1728
360	752226	1943	268635	483591	100	90	1.45721	0.827714	46	51.8	241158	489	1575	1.08062	0.887565	1728
361	854549	1620	378418	467590	100	90	0.770583	0.827714	52	51.8	0	489	1575	1.03117	0.733466	1728
362	993755	1357	476520	504628	100	90	0.638576	0.827714	52	51.8	0	489	1575	1.02428	0.725332	1728
363	1.14134e+006	1163	564804	562331	100	90	0.612102	0.827714	52	51.8	0	489	1575	1.0241	0.721483	1728
364	1.16116e+006	984	583462	564428	100	90	0.651348	0.827714	52	51.8	0	489	1575	1.02675	0.736446	1728
365	1.13119e+006	925	579721	539765	100	90	0.747017	0.827714	52	51.8	0	489	1575	1.03077	0.750312	1728
366	1.13542e+006	1835	595639	539783	100	90	1.38269	0.827714	52	51.8	0	489	1575	1.03111	0.74784	1728
367	1.11963e+006	1680	591688	527942	100	90	1.51398	0.827714	52	51.8	0	489	1575	1.03137	0.738397	1728
368	1.10612e+006	1567	589335	516783	100	90	1.70364	0.827714	52	51.8	0	489	1575	1.03614	0.739358	1728
369	1.07106e+006	1282	574620	496441	100	90	1.83837	0.827714	52	51.8	0	489	1575	1.05131	0.744167	1728
370	1.04772e+006	1120	565209	482507	100	90	1.92859	0.827714	52	51.8	0	489	1575	1.06218	0.75	1728
371	991268	964	536127	455141	100	90	1.9959	0.827714	52	51.8	0	489	1575	1.07334	0.75	1728
372	921287	841	499617	421670	100	90	2.04331	0.827714	52	51.8	0	489	1575	1.08531	0.752475	1728
373	863188	754	469361	393826	100	90	2.09799	0.827714	52	51.8	0	489	1575	1.09677	0.771269	1728
374	802328	672	436545	365783	100	90	2.13906	0.827714	52	51.8	0	489	1575	1.11942	0.788401	1728
375	744728	604	405679	339050	100	90	2.17082	0.827714	52	51.8	0	489	1575	1.14242	0.802102	1728
376	705130	552	380403	317415	100	90	2.18385	0.827714	52	51.8	0	489	1575	1.15646	0.818008	1728
377	656911	494	351007	293546	100	90	2.20647	0.827714	52	51.8	0	489	1575	1.16537	0.827214	1728
378	606068	439	324292	270221	100	90	2.26988	0.827714	52	51.8	0	489	1575	1.14758	0.801932	1728
379	570970	413	306116	253958	100	90	2.27781	0.827714	52	51.8	0	489	1575	1.14628	0.793282	1728
380	537249	379	288458	238940	100	90	2.28542	0.827714	52	51.8	0	489	1575	1.16053	0.815341	1728
381	484312	349	265098	219214	100	90	2.24777	0.827714	52	51.8	0	489	1575	1.17101	0.819315	1728
382	258008	323	49918.1	208090	100	90	0.109791	0.827714	52	51.8	219694	489	1575	1.00318	0.654069	1728
383	630395	299	259809	370586	100	90	0.0884113	0.827714	52	51.8	219694	489	1575	1.00249	0.650318	1728
384	821721	277	372251	449469	100	90	0.08826	0.827714	52	51.8	219694	489	1575	1.00249	0.683941	1728
385	774445	258	369812	404633	100	90	0.0955351	0.827714	51	51.8	219694	489	1575	1.0026	0.727928	1728
386	897657	240	452430	445227	100	90	0.117625	0.827714	51	51.8	219694	489	1575	1.00327	0.738563	1728
387	1.01564e+006	3399	519147	496495	100	90	1.21301	0.827714	51	51.8	219694	489	1575	1.00482	0.749374	1728
388	1.03871e+006	2769	534493	504221	100	90	1.38432	0.827714	51	51.8	219694	489	1575	1.0067	0.766127	1728
389	1.0586e+006	2284	550256	508346	100	90	1.45487	0.827714	51	51.8	219694	489	1575	1.00839	0.760684	1728
390	775588	1959	276207	499381	100	90	1.4889	0.827714	47	51.8	219694	489	1575	1.08042	0.894926	1728
391	876048	1611	386807	480253	100	90	0.802506	0.827714	52	51.8	0	489	1575	1.03409	0.715465	1728
392	1.00828e+006	1360	481185	513784	100	90	0.673753	0.827714	52	51.8	0	489	1575	1.02671	0.70732	1728
393	1.12534e+006	1147	555384	555554	100	90	0.626493	0.827714	52	51.8	0	489	1575	1.02533	0.705413	1728
394	1.15816e+006	964	581141	563695	100	90	0.65327	0.827714	52	51.8	0	489	1575	1.02808	0.73033	1728
395	1.14973e+006	899	587101	551130	100	90	0.717421	0.827714	52	51.8	0	489	1575	1.03147	0.747951	1728
396	1.12785e+006	1732	589689	538157	100	90	1.34488	0.827714	52	51.8	0	489	1575	1.03361	0.746709	1728
397	1.12278e+006	1557	592960	529822	100	90	1.55389	0.827714	52	51.8	0	489	1575	1.04071	0.746941	1728
398	1.10717e+006	1515	589939	517230	100	90	1.74493	0.827714	52	51.8	0	489	1575	1.03982	0.743746	1728
399	1.0809e+006	1261	580159	500739	100	90	1.8444	0.827714	52	51.8	0	489	1575	1.04441	0.744508	1728
400	1.00164e+006	1022	540729	460914	100	90	1.89109	0.827714	52	51.8	0	489	1575	1.05485	0.739174	1728
401	971504	910	526143	445361	100	90	1.96865	0.827714	52	51.8	0	489	1575	1.06085	0.726043	1728
402	906243	782	491568	414676	100	90	2.03606	0.827714	52	51.8	0	489	1575	1.06719	0.725594	1728
403	828265	683	450604	377661	100	90	2.05978	0.827714	52	51.8	0	489	1575	1.08333	0.740909	1728
404	758669	605	413232	345436	100	90	2.13229	0.827714	52	51.8	0	489	1575	1.1	0.75	1728
405	723590	561	394572	329018	100	90	2.17683	0.827714	52	51.8	0	489	1575	1.11268	0.760748	1728
406	652303	489	352439	293183	100	90	2.1998	0.827714	52	51.8	0	489	1575	1.13051	0.783262	1728
407	632146	461	338663	281548	100	90	2.21744	0.827714	52	51.8	0	489	1575	1.13718	0.790805	1728
408	595915	417	319193	265121	100	90	2.26032	0.827714	52	51.8	0	489	1575	1.14545	0.78481	1728
409	585277	407	313739	260291	100	90	2.26092	0.827714	52	51.8	0	489	1575	1.15752	0.790026	1728
410	528892	358	283933	234614	100	90	2.26573	0.827714	52	51.8	0	489	1575	1.1708	0.783784	1728
411	467913	314	257251	210662	100	90	2.25867	0.827714	52	51.8	0	489	1575	1.19614	0.813149	1728
412	245779	292	45902	199877	100	90	0.102098	0.827714	52	51.8	216396	489	1575	1.00309	0.674759	1728
413	600436	256	246046	354390	100	90	0.0767579	0.827714	52	51.8	216396	489	1575	1.00239	0.667845	1728
414	809546	239	365174	444372	100	90	0.0781386	0.827714	52	51.8	216396	489	1575	1.00252	0.694143	1728
415	757153	216	358871	398283	100	90	0.0816054	0.827714	52	51.8	216396	489	1575	1.0026	0.738367	1728
416	838247	169	419430	418817	100	90	0.0852709	0.827714	52	51.8	216396	489	1575	1.00313	0.746729	1728
417	987790	3338	502731	485060	100	90	1.16791	0.827714	52	51.8	216396	489	1575	1.00372	0.755592	1728
418	1.0356e+006	2705	529941	505658	100	90	1.34691	0.827714	52	51.8	216396	489	1575	1.00636	0.770103	1728
419	1.03173e+006	2180	533938	497796	100	90	1.36353	0.827714	52	51.8	216396	489	1575	1.00759	0.772797	1728
420	772184	2002	274688	497496	100	90	1.44315	0.827714	47	51.8	216396	489	1575	1.08488	0.928105	1728
421	876026	1663	385869	480921	100	90	0.80812	0.827714	52	51.8	0	489	1575	1.03612	0.735863	1728
422	992545	1375	473763	505709	100	90	0.658097	0.827714	52	51.8	0	489	1575	1.02649	0.722995	1728
423	1.1065e+006	1119	545681	546615	100	90	0.582878	0.827714	52	51.8	0	489	1575	1.02259	0.712042	1728
424	1.13571e+006	930	569583	552779	100	90	0.596417	0.827714	52	51.8	0	489	1575	1.02407	0.736286	1728
425	1.12776e+006	864	576242	539666	100	90	0.68053	0.827714	52	51.8	0	489	1575	1.0269	0.747025	1728
426	1.12046e+006	1768	587446	533013	100	90	1.33509	0.827714	52	51.8	0	489	1575	1.02801	0.749208	1728
427	1.07169e+006	1559	567687	504005	100	90	1.48865	0.827714	52	51.8	0	489	1575	1.03054	0.752062	1728
428	1.02248e+006	1464	545859	476618	100	90	1.68898	0.827714	52	51.8	0	489	1575	1.03552	0.753653	1728
429	1.00485e+006	1239	539405	465449	100	90	1.79443	0.827714	52	51.8	0	489	1575	1.04182	0.750411	1728
430	960455	1059	517873	442582	100	90	1.86018	0.827714	52	51.8	0	489	1575	1.04744	0.761538	1728
431	930281	926	504160	426121	100	90	1.92654	0.827714	52	51.8	0	489	1575	1.05418	0.754655	1728
432	866981	784	471694	395287	100	90	1.98565	0.827714	52	51.8	0	489	1575	1.06107	0.759067	1728
433	811067	690	442364	368704	100	90	2.03313	0.827714	52	51.8	0	489	1575	1.07087	0.762887	1728
434	753625	606	411448	342177	100	90	2.08341	0.827714	52	51.8	0	489	1575	1.07984	0.777778	1728
435	687318	532	375520	311798	100	90	2.1044	0.827714	52	51.8	0	489	1575	1.08989	0.784884	1728
436	649641	478	351632	290928	100	90	2.13529	0.827714	52	51.8	0	489	1575	1.11359	0.793028	1728
437	634324	457	340461	282160	100	90	2.14459	0.827714	52	51.8	0	489	1575	1.14343	0.832184	1728
438	591959	415	317752	262676	100	90	2.18748	0.827714	52	51.8	0	489	1575	1.14088	0.82398	1728
439	561588	386	301829	248975	100	90	2.23663	0.827714	52	51.8	0	489	1575	1.13333	0.808333	1728
440	515896	345	277341	229034	100	90	2.26512	0.827714	52	51.8	0	489	1575	1.14162	0.809969	1728
441	476751	321	261584	215167	100	90	2.26643	0.827714	52	51.8	0	489	1575	1.15924	0.843537	1728
442	252758	296	46673.2	206084	100	90	0.103832	0.827714	52	51.8	219910	489	1575	1.0027	0.676694	1728
443	615695	267	251658	364037	100	90	0.0803558	0.827714	52	51.8	219910	489	1575	1.00208	0.674754	1728
444	806368	231	362408	443960	100	90	0.0756759	0.827714	52	51.8	219910	489	1575	1.00206	0.695412	1728
445	756396	199	359637	396759	100	90	0.0745014	0.827714	52	51.8	219910	489	1575	1.00226	0.730579	1728
446	862896	190	432226	430670	100	90	0.0943269	0.827714	51	51.8	219910	489	1575	1.00326	0.739507	1728
447	972902	3218	495671	477231	100	90	1.15983	0.827714	51	51.8	219910	489	1575	1.00454	0.75061	1728
448	1.04592e+006	2844	537183	508737	100	90	1.3965	0.827714	51	51.8	219910	489	1575	1.00657	0.75382	1728
449	1.04506e+006	2223	542319	502743	100	90	1.43006	0.827714	51	51.8	219910	489	1575	1.00847	0.757649	1728
450	776979	1885	276782	500198	100	90	1.47067	0.827714	49	51.8	219910	489	1575	1.09581	0.919829	1728
451	891947	1580	392967	489654	100	90	0.814214	0.827714	52	51.8	0	489	1575	1.0411	0.743524	1728
452	1.02506e+006	1336	487950	523192	100	90	0.690378	0.827714	52	51.8	0	489	1575	1.03375	0.727039	1728
453	1.13289e+006	1118	557381	560881	100	90	0.642371	0.827714	52	51.8	0	489	1575	1.03042	0.7269	1728
454	1.17695e+006	948	590151	573372	100	90	0.678823	0.827714	52	51.8	0	489	1575	1.03318	0.735507	1728
455	1.13553e+006	839	579408	544938	100	90	0.733419	0.827714	52	51.8	0	489	1575	1.03559	0.741222	1728
456	1.14251e+006	1644	598253	544257	100	90	1.39185	0.827714	52	51.8	0	489	1575	1.03769	0.744595	1728
457	1.16704e+006	1593	616657	550384	100	90	1.56164	0.827714	52	51.8	0	489	1575	1.04041	0.734419	1728
458	1.12413e+006	1495	597783	526344	100	90	1.74777	0.827714	52	51.8	0	489	1575	1.03582	0.728698	1728
459	1.04952e+006	1179	562064	487454	100	90	1.84163	0.827714	52	51.8	0	489	1575	1.04272	0.727979	1728
460	993215	975	535117	458098	100	90	1.9227	0.827714	52	51.8	0	489	1575	1.05405	0.729079	1728
461	977977	885	529175	448802	100	90	1.97972	0.827714	52	51.8	0	489	1575	1.06577	0.73903	1728
462	919612	776	498435	421176	100	90	2.02422	0.827714	52	51.8	0	489	1575	1.07739	0.749671	1728
463	878637	703	477141	401496	100	90	2.07332	0.827714	52	51.8	0	489	1575	1.08837	0.74818	1728
464	794281	618	432005	362276	100	90	2.11792	0.827714	52	51.8	0	489	1575	1.11469	0.78798	1728
465	757603	574	411914	345688	100	90	2.15909	0.827714	52	51.8	0	489	1575	1.12736	0.805054	1728
466	699250	510	376139	315699	100	90	2.17814	0.827714	52	51.8	0	489	1575	1.14519	0.831622	1728
467	663130	481	354016	297138	100	90	2.18201	0.827714	52	51.8	0	489	1575	1.16103	0.844298	1728
468	617083	433	329517	275619	100	90	2.20647	0.827714	52	51.8	0	489	1575	1.1629	0.829268	1728
469	590933	405	315518	263938	100	90	2.21992	0.827714	52	51.8	0	489	1575	1.16184	0.81201	1728
470	549050	371	293721	244748	100	90	2.25303	0.827714	52	51.8	0	489	1575	1.16086	0.799427	1728
471	495017	337	270991	224026	100	90	2.23755	0.827714	52	51.8	0	489	1575	1.1632	0.796178	1728
472	261358	315	48089.8	213268	100	90	0.110341	0.827714	52	51.8	229609	489	1575	1.00303	0.654639	1728
473	628018	306	254202	373817	100	90	0.0902379	0.827714	52	51.8	229609	489	1575	1.00241	0.647017	1728
474	838518	284	377018	461500	100	90	0.0919222	0.827714	52	51.8	229609	489	1575	1.00261	0.669813	1728
475	793083	244	375340	417743	100	90	0.0920336	0.827714	52	51.8	229609	489	1575	1.00287	0.71487	1728
476	865308	221	432468	432840	100	90	0.109627	0.827714	52	51.8	229609	489	1575	1.00415	0.725264	1728
477	970187	3278	494298	475888	100	90	1.16882	0.827714	52	51.8	229609	489	1575	1.00563	0.737572	1728
478	1.02869e+006	2773	528522	500171	100	90	1.36295	0.827714	52	51.8	229609	489	1575	1.0083	0.749788	1728
479	1.01855e+006	2141	528547	490001	100	90	1.38333	0.827714	52	51.8	229609	489	1575	1.00974	0.744458	1728
480	788539	1952	280991	507548	100	90	1.46748	0.827714	46	51.8	229609	489	1575	1.08387	0.881715	1728
481	893222	1625	393581	490335	100	90	0.812977	0.827714	52	51.8	0	489	1575	1.03658	0.712449	1728
482	1.03886e+006	1396	495517	529863	100	90	0.700312	0.827714	52	51.8	0	489	1575	1.02985	0.691876	1728
483	1.13513e+006	1143	560218	560135	100	90	0.635483	0.827714	52	51.8	0	489	1575	1.02647	0.684948	1728
484	1.16873e+006	948	586730	568322	100	90	0.652751	0.827714	52	51.8	0	489	1575	1.02852	0.702978	1728
485	1.13723e+006	829	579998	545982	100	90	0.687772	0.827714	52	51.8	0	489	1575	1.02808	0.708861	1728
486	1.12727e+006	1735	588804	538466	100	90	1.3599	0.827714	52	51.8	0	489	1575	1.02781	0.706486	1728
487	1.0858e+006	1618	572171	513628	100	90	1.5121	0.827714	52	51.8	0	489	1575	1.02948	0.703926	1728
488	1.06229e+006	1450	564979	497307	100	90	1.65669	0.827714	52	51.8	0	489	1575	1.0343	0.707574	1728
489	1.031e+006	1221	552940	478064	100	90	1.73686	0.827714	52	51.8	0	489	1575	1.03807	0.704413	1728
490	951458	984	513201	438257	100	90	1.78245	0.827714	52	51.8	0	489	1575	1.04244	0.715321	1728
491	891932	824	483837	408095	100	90	1.86546	0.827714	52	51.8	0	489	1575	1.05565	0.721332	1728
492	856555	743	466003	390552	100	90	1.94223	0.827714	52	51.8	0	489	1575	1.06619	0.72777	1728
493	804381	661	439099	365283	100	90	1.99914	0.827714	52	51.8	0	489	1575	1.07041	0.725038	1728
494	780336	613	426483	353852	100	90	2.05804	0.827714	52	51.8	0	489	1575	1.08583	0.738333	1728
495	749005	567	409635	339370	100	90	2.12259	0.827714	52	51.8	0	489	1575	1.08992	0.748644	1728
496	729309	536	395620	326102	100	90	2.16047	0.827714	52	51.8	0	489	1575	1.09781	0.757225	1728
497	685090	491	368872	303794	100	90	2.18941	0.827714	52	51.8	0	489	1575	1.11153	0.761702	1728
498	645870	445	347329	286008	100	90	2.20619	0.827714	52	51.8	0	489	1575	1.11702	0.755294	1728
499	608290	412	327175	269002	100	90	2.26142	0.827714	52	51.8	0	489	1575	1.11779	0.750643	1728
500	566888	379	305681	250294	100	90	2.31377	0.827714	52	51.8	0	489	1575	1.12097	0.772727	1728
501	502316	330	276638	225677	100	90	2.27984	0.827714	52	51.8	0	489	1575	1.1148	0.775244	1728
502	260297	311	45885.4	214412	100	90	0.10857	0.827714	52	51.8	234949	489	1575	1.00215	0.651379	1728
503	617416	284	248283	369133	100	90	0.0840784	0.827714	52	51.8	234949	489	1575	1.00165	0.649254	1728
504	817139	262	366769	450370	100	90	0.0839732	0.827714	52	51.8	234949	489	1575	1.00175	0.671092	1728
505	739620	221	350086	389534	100	90	0.0828601	0.827714	52	51.8	234949	489	1575	1.00216	0.707758	1728
506	840178	196	422508	417670	100	90	0.0989115	0.827714	52	51.8	234949	489	1575	1.00276	0.721498	1728
507	996198	3354	509014	487183	100	90	1.20406	0.827714	52	51.8	234949	489	1575	1.00415	0.726791	1728
508	1.03677e+006	2763	531898	504867	100	90	1.37514	0.827714	52	51.8	234949	489	1575	1.0053	0.732698	1728
509	1.01354e+006	2100	525017	488523	100	90	1.39564	0.827714	52	51.8	234949	489	1575	1.0064	0.724602	1728
510	755602	1876	269472	486130	100	90	1.48939	0.827714	49	51.8	234949	489	1575	1.07853	0.854234	1728
511	856924	1525	378966	469034	100	90	0.757984	0.827714	52	51.8	0	489	1575	1.02994	0.708622	1728
512	992182	1269	475536	503705	100	90	0.622112	0.827714	52	51.8	0	489	1575	1.02295	0.695791	1728
513	1.13873e+006	1108	562733	561199	100	90	0.606247	0.827714	52	51.8	0	489	1575	1.02346	0.697857	1728
514	1.14161e+006	921	573448	554684	100	90	0.632719	0.827714	52	51.8	0	489	1575	1.0257	0.715875	1728
515	1.11888e+006	828	571971	535167	100	90	0.677062	0.827714	52	51.8	0	489	1575	1.02731	0.726677	1728
516	1.1167e+006	1755	584486	532211	100	90	1.34636	0.827714	52	51.8	0	489	1575	1.0254	0.733279	1728
517	1.12198e+006	1576	592388	529594	100	90	1.46491	0.827714	52	51.8	0	489	1575	1.0297	0.725146	1728
518	1.08699e+006	1493	579233	507752	100	90	1.68218	0.827714	52	51.8	0	489	1575	1.03214	0.714966	1728
519	1.07139e+006	1238	575557	495830	100	90	1.79715	0.827714	52	51.8	0	489	1575	1.03644	0.714638	1728
520	1.03629e+006	1068	558975	477315	100	90	1.83444	0.827714	52	51.8	0	489	1575	1.04169	0.721108	1728
521	968636	923	524589	444048	100	90	1.91147	0.827714	52	51.8	0	489	1575	1.05122	0.731195	1728
522	922182	810	500685	421497	100	90	1.95294	0.827714	52	51.8	0	489	1575	1.0608	0.726356	1728
523	852631	706	464095	388536	100	90	2.01797	0.827714	52	51.8	0	489	1575	1.06843	0.729651	1728
524	769230	602	419615	349615	100	90	2.09083	0.827714	52	51.8	0	489	1575	1.07555	0.738462	1728
525	730152	548	399229	330923	100	90	2.14912	0.827714	52	51.8	0	489	1575	1.08703	0.745247	1728
526	663505	475	359524	296923	100	90	2.16236	0.827714	52	51.8	0	489	1575	1.11173	0.765487	1728
527	615066	419	331006	272002	100	90	2.15714	0.827714	52	51.8	0	489	1575	1.13147	0.79397	1728
528	554880	364	298920	244930	100	90	2.18669	0.827714	52	51.8	0	489	1575	1.16021	0.812317	1728
529	545546	346	293697	240898	100	90	2.21945	0.827714	52	51.8	0	489	1575	1.16667	0.808642	1728
530	503517	321	272441	221799	100	90	2.21772	0.827714	52	51.8	0	489	1575	1.18098	0.824324	1728
531	448125	285	247831	200295	100	90	2.25159	0.827714	52	51.8	0	489	1575	1.1831	0.807692	1728
532	229155	258	40276.2	188879	100	90	0.0926401	0.827714	52	51.8	213592	489	1575	1.00277	0.642659	1728
533	588442	241	239111	349330	100	90	0.073022	0.827714	52	51.8	213592	489	1575	1.0022	0.641735	1728
534	783318	198	353443	429875	100	90	0.0668499	0.827714	52	51.8	213592	489	1575	1.00236	0.67272	1728
535	737267	174	349223	388045	100	90	0.0670641	0.827714	52	51.8	213592	489	1575	1.00247	0.716203	1728
536	831942	154	416833	415109	100	90	0.0792202	0.827714	52	51.8	213592	489	1575	1.0034	0.721259	1728
537	959276	3142	488124	471151	100	90	1.09841	0.827714	52	51.8	213592	489	1575	1.00456	0.731525	1728
538	1.03385e+006	2759	530331	503514	100	90	1.3239	0.827714	52	51.8	213592	489	1575	1.00647	0.737144	1728
539	1.04375e+006	2184	541344	502403	100	90	1.37021	0.827714	52	51.8	213592	489	1575	1.00973	0.754344	1728
540	787094	1961	279665	507428	100	90	1.46809	0.827714	50	51.8	213592	489	1575	1.08208	0.892324	1728
541	893902	1614	392984	491532	100	90	0.839639	0.827714	52	51.8	0	489	1575	1.03947	0.732912	1728
542	1.03759e+006	1385	493678	530467	100	90	0.720266	0.827714	52	51.8	0	489	1575	1.03296	0.715763	1728
543	1.12767e+006	1144	556333	556616	100	90	0.66673	0.827714	52	51.8	0	489	1575	1.02961	0.711742	1728
544	1.16644e+006	956	584916	568020	100	90	0.693949	0.827714	52	51.8	0	489	1575	1.03344	0.728373	1728
545	1.13516e+006	858	579076	545068	100	90	0.745621	0.827714	52	51.8	0	489	1575	1.03384	0.739827	1728
546	1.14605e+006	1751	598778	547276	100	90	1.45054	0.827714	52	51.8	0	489	1575	1.03418	0.74144	1728
547	1.10631e+006	1511	584381	521926	100	90	1.58497	0.827714	52	51.8	0	489	1575	1.0389	0.734535	1728
548	1.0678e+006	1365	569328	498470	100	90	1.71876	0.827714	52	51.8	0	489	1575	1.04462	0.732036	1728
549	1.07318e+006	1181	576736	496441	100	90	1.81835	0.827714	52	51.8	0	489	1575	1.05127	0.719481	1728
550	1.01278e+006	1005	547765	465014	100	90	1.8345	0.827714	52	51.8	0	489	1575	1.05444	0.730887	1728
551	946863	861	514086	432777	100	90	1.9161	0.827714	52	51.8	0	489	1575	1.06224	0.738975	1728
552	866991	734	472171	394821	100	90	1.98301	0.827714	52	51.8	0	489	1575	1.07188	0.739496	1728
553	802346	650	437327	365019	100	90	2.02838	0.827714	52	51.8	0	489	1575	1.08417	0.733017	1728
554	717632	541	391240	326392	100	90	2.04528	0.827714	52	51.8	0	489	1575	1.10494	0.735632	1728
555	644490	457	352600	291890	100	90	2.0852	0.827714	52	51.8	0	489	1575	1.12642	0.750572	1728
556	610926	417	331334	272782	100	90	2.11493	0.827714	52	51.8	0	489	1575	1.15401	0.769424	1728
557	578917	386	311282	256634	100	90	2.13005	0.827714	52	51.8	0	489	1575	1.18116	0.809264	1728
558	527638	348	284282	232805	100	90	2.1762	0.827714	52	51.8	0	489	1575	1.1768	0.801829	1728
559	513143	330	276053	226710	100	90	2.19171	0.827714	52	51.8	0	489	1575	1.17404	0.794872	1728
560	479781	305	258534	211761	100	90	2.22611	0.827714	52	51.8	0	489	1575	1.17208	0.79021	1728
561	444804	294	245026	199778	100	90	2.27072	0.827714	52	51.8	0	489	1575	1.19164	0.815094	1728
562	237595	280	42137	195458	100	90	0.0989875	0.827714	52	51.8	208934	489	1575	1.00302	0.638736	1728
563	596014	251	243347	352667	100	90	0.074984	0.827714	52	51.8	208934	489	1575	1.00244	0.634653	1728
564	793096	201	357409	435688	100	90	0.0664476	0.827714	52	51.8	208934	489	1575	1.00204	0.658355	1728
565	734911	183	349030	385880	100	90	0.0700211	0.827714	52	51.8	208934	489	1575	1.00249	0.698102	1728
566	835540	162	419031	416510	100	90	0.0812655	0.827714	52	51.8	208934	489	1575	1.00322	0.706747	1728
567	979053	3376	498734	480320	100	90	1.1214	0.827714	52	51.8	208934	489	1575	1.00464	0.718062	1728
568	1.03694e+006	2907	531646	505289	100	90	1.34838	0.827714	52	51.8	208934	489	1575	1.00621	0.739425	1728
569	1.04693e+006	2309	543208	503725	100	90	1.35663	0.827714	52	51.8	208934	489	1575	1.00704	0.740796	1728
570	785843	2059	279716	506127	100	90	1.43888	0.827714	49	51.8	208934	489	1575	1.0801	0.88829	1728
571	874402	1649	384562	480150	100	90	0.814918	0.827714	52	51.8	0	489	1575	1.03663	0.707629	1728
572	1.0009e+006	1392	476934	509447	100	90	0.685918	0.827714	52	51.8	0	489	1575	1.02984	0.695574	1728
573	1.12263e+006	1169	554557	552229	100	90	0.641348	0.827714	52	51.8	0	489	1575	1.02838	0.700282	1728
574	1.16535e+006	987	585286	565280	100	90	0.681	0.827714	52	51.8	0	489	1575	1.03239	0.717938	1728
575	1.14427e+006	915	585875	545433	100	90	0.766975	0.827714	52	51.8	0	489	1575	1.03614	0.718474	1728
576	804190	1626	276064	528127	100	90	1.37243	0.827714	52	51.8	0	489	1575	1.03846	0.723242	1728
577	898809	1615	380888	517921	100	90	1.57449	0.827714	52	51.8	0	489	1575	1.04408	0.736282	1728
578	935216	1451	445593	489623	100	90	1.7353	0.827714	52	51.8	0	489	1575	1.0463	0.730633	1728
579	964154	1211	489356	474798	100	90	1.81069	0.827714	52	51.8	0	489	1575	1.05058	0.732479	1728
580	933446	1000	488913	444533	100	90	1.88484	0.827714	52	51.8	0	489	1575	1.05895	0.734778	1728
581	875848	833	466640	409207	100	90	1.93269	0.827714	52	51.8	0	489	1575	1.06261	0.736712	1728
582	817988	709	439890	378098	100	90	1.96748	0.827714	52	51.8	0	489	1575	1.075	0.717391	1728
583	759812	608	411261	348551	100	90	2.01941	0.827714	52	51.8	0	489	1575	1.08234	0.709244	1728
584	696746	523	378504	318242	100	90	2.01445	0.827714	52	51.8	0	489	1575	1.09561	0.724409	1728
585	685977	498	373691	312286	100	90	2.07736	0.827714	52	51.8	0	489	1575	1.1019	0.732777	1728
586	644626	451	348861	289153	100	90	2.13582	0.827714	52	51.8	0	489	1575	1.12146	0.755814	1728
587	615591	424	330977	273588	100	90	2.19111	0.827714	52	51.8	0	489	1575	1.13034	0.765743	1728
588	594662	398	319696	263719	100	90	2.21063	0.827714	52	51.8	0	489	1575	1.13447	0.774194	1728
589	531118	350	286063	235361	100	90	2.20033	0.827714	52	51.8	0	489	1575	1.14972	0.785276	1728
590	504934	322	271926	223681	100	90	2.19528	0.827714	52	51.8	0	489	1575	1.14724	0.77	1728
591	447586	289	246034	201552	100	90	2.2076	0.827714	52	51.8	0	489	1575	1.15917	0.796226	1728
592	229805	265	39655.9	190150	100	90	0.0922055	0.827714	52	51.8	211479	489	1575	1.00228	0.670964	1728
593	587901	225	241031	346870	100	90	0.0665684	0.827714	52	51.8	211479	489	1575	1.00168	0.659947	1728
594	804972	211	363583	441389	100	90	0.0678448	0.827714	52	51.8	211479	489	1575	1.00174	0.678481	1728
595	768694	204	363870	404824	100	90	0.0758533	0.827714	52	51.8	211479	489	1575	1.00204	0.712982	1728
596	860721	183	430512	430210	100	90	0.0895021	0.827714	52	51.8	211479	489	1575	1.00275	0.725711	1728
597	986101	3264	502613	483488	100	90	1.11597	0.827714	52	51.8	211479	489	1575	1.00376	0.73418	1728
598	1.03056e+006	2778	529637	500919	100	90	1.37705	0.827714	52	51.8	211479	489	1575	1.0063	0.737269	1728
599	1.01267e+006	2111	525884	486784	100	90	1.40118	0.827714	52	51.8	211479	489	1575	1.00836	0.732553	1728
600	759394	1860	271201	488193	100	90	1.46152	0.827714	46	51.8	211479	489	1575	1.08451	0.872491	1728
601	855372	1520	378078	468013	100	90	0.770774	0.827714	52	51.8	0	489	1575	1.03394	0.722265	1728
602	978031	1245	467397	497469	100	90	0.615188	0.827714	52	51.8	0	489	1575	1.02619	0.707377	1728
603	1.11045e+006	1017	547100	549030	100	90	0.555144	0.827714	52	51.8	0	489	1575	1.02396	0.705014	1728
604	1.16661e+006	860	583771	569376	100	90	0.574879	0.827714	52	51.8	0	489	1575	1.02599	0.721819	1728
605	1.15467e+006	814	587566	555242	100	90	0.65299	0.827714	52	51.8	0	489	1575	1.02879	0.734646	1728
606	828934	1819	281065	547869	100	90	1.33792	0.827714	52	51.8	0	489	1575	1.02797	0.727897	1728
607	922894	1679	384081	538813	100	90	1.49642	0.827714	52	51.8	0	489	1575	1.03105	0.72966	1728
608	997441	1635	468689	528752	100	90	1.70805	0.827714	52	51.8	0	489	1575	1.03215	0.720974	1728
609	1.01982e+006	1347	512177	507641	100	90	1.81842	0.827714	52	51.8	0	489	1575	1.03575	0.716781	1728
610	987017	1101	513206	473811	100	90	1.88568	0.827714	52	51.8	0	489	1575	1.03653	0.717209	1728
611	970368	966	514386	455982	100	90	1.90281	0.827714	52	51.8	0	489	1575	1.04259	0.706568	1728
612	904459	833	484044	420415	100	90	1.93942	0.827714	52	51.8	0	489	1575	1.05581	0.708333	1728
613	597083	712	217178	379905	100	90	2.01432	0.827714	52	51.8	0	489	1575	1.06689	0.721664	1728
614	620671	633	272920	347751	100	90	2.05189	0.827714	52	51.8	0	489	1575	1.07703	0.729773	1728
615	485306	585	158094	327212	100	90	2.09646	0.827714	52	51.8	0	489	1575	1.07899	0.732517	1728
616	503085	502	210301	289252	100	90	2.14277	0.827714	52	51.8	0	489	1575	1.08696	0.743381	1728
617	529406	465	253951	268968	100	90	2.14913	0.827714	52	51.8	0	489	1575	1.09289	0.75885	1728
618	518001	408	265412	245672	100	90	2.17144	0.827714	52	51.8	0	489	1575	1.10162	0.75443	1728
619	480100	362	252809	220345	100	90	2.14302	0.827714	52	51.8	0	489	1575	1.09207	0.74359	1728
620	449889	320	239729	203781	100	90	2.13867	0.827714	52	51.8	0	489	1575	1.10951	0.745161	1728
621	419053	292	228304	190749	100	90	2.1525	0.827714	52	51.8	0	489	1575	1.11502	0.748227	1728
622	221421	268	39457.5	181964	100	90	0.0934002	0.827714	52	51.8	194857	489	1575	1.00196	0.661569	1728
623	579928	237	240552	339376	100	90	0.070217	0.827714	52	51.8	194857	489	1575	1.0015	0.65763	1728
624	799261	211	364909	434352	100	90	0.068228	0.827714	52	51.8	194857	489	1575	1.0014	0.683733	1728
625	753842	199	360742	393100	100	90	0.0739519	0.827714	52	51.8	194857	489	1575	1.00146	0.73347	1728
626	861099	177	434704	426395	100	90	0.0868027	0.827714	52	51.8	194857	489	1575	1.00184	0.740274	1728
627	999529	3546	512174	487355	100	90	1.17602	0.827714	52	51.8	194857	489	1575	1.00214	0.745957	1728
628	1.04864e+006	2906	539582	509059	100	90	1.36479	0.827714	51	51.8	194857	489	1575	1.00354	0.749113	1728
629	1.06933e+006	2306	556161	513166	100	90	1.3677	0.827714	51	51.8	194857	489	1575	1.00484	0.741007	1728
630	777426	1918	277387	500039	100	90	1.4204	0.827714	45	51.8	194857	489	1575	1.0785	0.867331	1728
631	878848	1594	389398	478543	100	90	0.803468	0.827714	52	51.8	0	489	1575	1.0324	0.69904	1728
632	1.00181e+006	1334	480037	506140	100	90	0.669855	0.827714	52	51.8	0	489	1575	1.02592	0.685698	1728
633	1.14043e+006	1144	564191	558295	100	90	0.63324	0.827714	52	51.8	0	489	1575	1.02474	0.68593	1728
634	1.14217e+006	920	573626	552700	100	90	0.629334	0.827714	52	51.8	0	489	1575	1.0265	0.699691	1728
635	1.12511e+006	856	575063	536102	100	90	0.711582	0.827714	52	51.8	0	489	1575	1.02948	0.719912	1728
636	1.11813e+006	1737	586929	531203	100	90	1.35259	0.827714	52	51.8	0	489	1575	1.02938	0.708598	1728
637	1.11597e+006	1660	591085	524888	100	90	1.50945	0.827714	52	51.8	0	489	1575	1.03159	0.709783	1728
638	1.08032e+006	1493	577061	503261	100	90	1.61575	0.827714	52	51.8	0	489	1575	1.02945	0.702592	1728
639	1.05942e+006	1264	569636	489787	100	90	1.74921	0.827714	52	51.8	0	489	1575	1.0357	0.697581	1728
640	1.0403e+006	1118	562235	478065	100	90	1.80465	0.827714	52	51.8	0	489	1575	1.04034	0.692727	1728
641	986829	962	535322	451506	100	90	1.8551	0.827714	52	51.8	0	489	1575	1.04734	0.69418	1728
642	940102	864	511996	428106	100	90	1.91646	0.827714	52	51.8	0	489	1575	1.04978	0.696576	1728
643	881478	759	481310	400167	100	90	1.95694	0.827714	52	51.8	0	489	1575	1.06709	0.708725	1728
644	822905	678	449753	373152	100	90	1.99167	0.827714	52	51.8	0	489	1575	1.07579	0.708459	1728
645	769026	603	420711	348314	100	90	2.00415	0.827714	52	51.8	0	489	1575	1.08671	0.70678	1728
646	748563	569	406413	335586	100	90	2.06526	0.827714	52	51.8	0	489	1575	1.10031	0.706522	1728
647	715241	521	385480	318749	100	90	2.06536	0.827714	52	51.8	0	489	1575	1.11632	0.718254	1728
648	675688	488	364141	300414	100	90	2.11138	0.827714	52	51.8	0	489	1575	1.12379	0.72103	1728
649	589537	415	318071	261867	100	90	2.10982	0.827714	52	51.8	0	489	1575	1.12727	0.726131	1728
650	562533	383	303612	249769	100	90	2.12576	0.827714	52	51.8	0	489	1575	1.1325	0.712707	1728
651	495734	336	272821	222913	100	90	2.10395	0.827714	52	51.8	0	489	1575	1.14409	0.722397	1728
652	266397	321	46365.9	220031	100	90	0.108247	0.827714	52	51.8	235053	489	1575	1.00265	0.58673	1728
653	620352	282	250521	369831	100	90	0.080732	0.827714	52	51.8	235053	489	1575	1.00176	0.574091	1728
654	805096	256	360586	444510	100	90	0.0792522	0.827714	52	51.8	235053	489	1575	1.0018	0.613275	1728
655	760331	238	360492	399838	100	90	0.0854588	0.827714	51	51.8	235053	489	1575	1.00211	0.663286	1728
656	877067	213	439749	437317	100	90	0.104597	0.827714	51	51.8	235053	489	1575	1.00307	0.679524	1728
657	1.00776e+006	3269	514385	493376	100	90	1.16693	0.827714	51	51.8	235053	489	1575	1.00455	0.690292	1728
658	1.07957e+006	2800	555356	524215	100	90	1.35904	0.827714	51	51.8	235053	489	1575	1.00632	0.703482	1728
659	1.08934e+006	2253	565511	523832	100	90	1.38579	0.827714	51	51.8	235053	489	1575	1.008	0.698984	1728
660	790998	1910	281130	509868	100	90	1.44709	0.827714	47	51.8	235053	489	1575	1.08322	0.835356	1728
661	896832	1577	394281	492263	100	90	0.761863	0.827714	52	51.8	0	489	1575	1.03429	0.636767	1728
662	1.01151e+006	1287	480658	515835	100	90	0.611812	0.827714	52	51.8	0	489	1575	1.02774	0.626711	1728
663	1.14172e+006	1097	560703	564052	100	90	0.586662	0.827714	52	51.8	0	489	1575	1.02718	0.635785	1728
664	1.14748e+006	921	574059	558130	100	90	0.605045	0.827714	52	51.8	0	489	1575	1.02717	0.661365	1728
665	1.14827e+006	876	586052	548818	100	90	0.682039	0.827714	52	51.8	0	489	1575	1.02937	0.682324	1728
666	1.14002e+006	1697	596844	543176	100	90	1.30842	0.827714	52	51.8	0	489	1575	1.03155	0.68019	1728
667	1.13209e+006	1520	598350	533744	100	90	1.45838	0.827714	52	51.8	0	489	1575	1.0368	0.684299	1728
668	1.12117e+006	1508	596575	524596	100	90	1.6641	0.827714	52	51.8	0	489	1575	1.03758	0.678059	1728
669	1.04788e+006	1204	560934	486946	100	90	1.74987	0.827714	52	51.8	0	489	1575	1.04649	0.672696	1728
670	1.03368e+006	1067	556535	477144	100	90	1.82464	0.827714	52	51.8	0	489	1575	1.04863	0.671875	1728
671	978864	919	529600	449263	100	90	1.83109	0.827714	52	51.8	0	489	1575	1.05189	0.672336	1728
672	920748	808	500310	420439	100	90	1.89361	0.827714	52	51.8	0	489	1575	1.05949	0.669241	1728
673	857539	712	466458	391080	100	90	1.9304	0.827714	52	51.8	0	489	1575	1.07079	0.672515	1728
674	788954	628	430094	358860	100	90	1.96523	0.827714	52	51.8	0	489	1575	1.08166	0.666113	1728
675	716652	556	391624	325029	100	90	2.01947	0.827714	52	51.8	0	489	1575	1.08558	0.661654	1728
676	657957	494	356584	295117	100	90	2.02191	0.827714	52	51.8	0	489	1575	1.1009	0.684435	1728
677	602412	424	323841	267681	100	90	2.05979	0.827714	52	51.8	0	489	1575	1.11497	0.683417	1728
678	559718	388	300999	248468	100	90	2.08044	0.827714	52	51.8	0	489	1575	1.12621	0.668493	1728
679	511899	345	275493	226769	100	90	2.10679	0.827714	52	51.8	0	489	1575	1.12707	0.652308	1728
680	454966	296	245647	200919	100	90	2.08921	0.827714	52	51.8	0	489	1575	1.12903	0.643885	1728
681	434545	284	239489	195055	100	90	2.07668	0.827714	52	51.8	0	489	1575	1.13378	0.635338	1728
682	212821	246	35726.9	177094	100	90	0.0833375	0.827714	52	51.8	203969	489	1575	1.00203	0.593073	1728
683	583162	215	241896	341267	100	90	0.0628571	0.827714	52	51.8	203969	489	1575	1.00129	0.587308	1728
684	776160	195	352502	423658	100	90	0.0619893	0.827714	52	51.8	203969	489	1575	1.00122	0.616586	1728
685	712563	177	341221	371342	100	90	0.0651312	0.827714	52	51.8	203969	489	1575	1.00144	0.66525	1728
686	833910	168	420969	412942	100	90	0.083761	0.827714	52	51.8	203969	489	1575	1.00204	0.679283	1728
687	956546	3314	489512	467034	100	90	1.17333	0.827714	52	51.8	203969	489	1575	1.00308	0.69028	1728
688	1.00194e+006	2784	516573	485367	100	90	1.39873	0.827714	52	51.8	203969	489	1575	1.00524	0.701929	1728
689	1.00733e+006	2152	524668	482657	100	90	1.38585	0.827714	52	51.8	203969	489	1575	1.00598	0.697183	1728
690	727848	1767	260987	466861	100	90	1.43479	0.827714	48	51.8	203969	489	1575	1.07955	0.83893	1728
691	810977	1445	360619	440611	100	90	0.714834	0.827714	52	51.8	0	489	1575	1.02863	0.643753	1728
692	954329	1237	458648	481498	100	90	0.588464	0.827714	52	51.8	0	489	1575	1.02185	0.624623	1728
693	1.09615e+006	1036	541939	538288	100	90	0.550066	0.827714	52	51.8	0	489	1575	1.02054	0.632489	1728
694	1.12184e+006	849	562845	544676	100	90	0.564146	0.827714	52	51.8	0	489	1575	1.02121	0.659516	1728
695	1.11763e+006	806	571620	533290	100	90	0.649531	0.827714	52	51.8	0	489	1575	1.02374	0.688142	1728
696	1.12184e+006	1773	588663	533178	100	90	1.35672	0.827714	52	51.8	0	489	1575	1.02466	0.685398	1728
697	1.11276e+006	1642	589037	523721	100	90	1.51747	0.827714	52	51.8	0	489	1575	1.02597	0.675275	1728
698	1.10624e+006	1522	590094	516146	100	90	1.67644	0.827714	52	51.8	0	489	1575	1.02812	0.663764	1728
699	1.05702e+006	1221	568065	488952	100	90	1.74557	0.827714	52	51.8	0	489	1575	1.02765	0.655259	1728
700	1.01496e+006	1038	548871	466085	100	90	1.77305	0.827714	52	51.8	0	489	1575	1.02839	0.645731	1728
701	957686	889	520292	437394	100	90	1.84878	0.827714	52	51.8	0	489	1575	1.03289	0.637514	1728
702	880283	757	480492	399791	100	90	1.90216	0.827714	52	51.8	0	489	1575	1.03857	0.640646	1728
703	829613	664	454225	375388	100	90	1.98444	0.827714	52	51.8	0	489	1575	1.04486	0.628264	1728
704	774999	590	425040	349959	100	90	2.05668	0.827714	52	51.8	0	489	1575	1.04923	0.62565	1728
705	713283	518	391595	321688	100	90	2.0867	0.827714	52	51.8	0	489	1575	1.0596	0.643564	1728
706	670843	463	365415	298223	100	90	2.12242	0.827714	52	51.8	0	489	1575	1.05472	0.646018	1728
707	640558	425	346677	282173	100	90	2.14952	0.827714	52	51.8	0	489	1575	1.05708	0.649758	1728
708	610207	392	329955	268545	100	90	2.19645	0.827714	52	51.8	0	489	1575	1.05783	0.635171	1728
709	537051	335	291314	235397	100	90	2.183	0.827714	52	51.8	0	489	1575	1.06215	0.642202	1728
710	487978	296	265212	213491	100	90	2.1897	0.827714	52	51.8	0	489	1575	1.05751	0.620209	1728
711	431989	251	239427	192562	100	90	2.16726	0.827714	52	51.8	0	489	1575	1.07576	0.618852	1728
712	212513	227	33278.6	179234	100	90	0.079586	0.827714	52	51.8	210247	489	1575	1.00109	0.587606	1728
713	578432	211	233421	345012	100	90	0.0621417	0.827714	52	51.8	210247	489	1575	1.00088	0.586929	1728
714	769272	187	342978	426294	100	90	0.059834	0.827714	52	51.8	210247	489	1575	1.00086	0.610192	1728
715	712769	158	337137	375632	100	90	0.0584575	0.827714	52	51.8	210247	489	1575	1.00095	0.661378	1728
716	842253	147	423400	418853	100	90	0.0741654	0.827714	52	51.8	210247	489	1575	1.00134	0.674691	1728
717	975896	3329	498607	477289	100	90	1.12979	0.827714	52	51.8	210247	489	1575	1.00197	0.685164	1728
718	1.04261e+006	2794	536082	506524	100	90	1.335	0.827714	52	51.8	210247	489	1575	1.00314	0.691874	1728
719	1.04949e+006	2209	544453	505035	100	90	1.3505	0.827714	52	51.8	210247	489	1575	1.004	0.682088	1728
720	788185	1903	280745	507439	100	90	1.41025	0.827714	47	51.8	210247	489	1575	1.08065	0.81708	1728
721	881955	1543	389295	482866	100	90	0.790321	0.827714	52	51.8	0	489	1575	1.03471	0.658805	1728
722	979416	1279	468742	496552	100	90	0.646548	0.827714	52	51.8	0	489	1575	1.02694	0.6482	1728
723	1.13337e+006	1108	561920	555499	100	90	0.604561	0.827714	52	51.8	0	489	1575	1.02459	0.646914	1728
724	1.13874e+006	902	573634	550822	100	90	0.628024	0.827714	52	51.8	0	489	1575	1.02584	0.668751	1728
725	1.12553e+006	836	576898	536203	100	90	0.700569	0.827714	52	51.8	0	489	1575	1.03028	0.693699	1728
726	1.1165e+006	1600	586203	530300	100	90	1.28169	0.827714	52	51.8	0	489	1575	1.03071	0.691374	1728
727	1.11165e+006	1465	589187	522464	100	90	1.42037	0.827714	52	51.8	0	489	1575	1.0329	0.690763	1728
728	1.1028e+006	1438	589387	513409	100	90	1.64885	0.827714	52	51.8	0	489	1575	1.03732	0.678495	1728
729	1.04604e+006	1164	562418	483620	100	90	1.7497	0.827714	52	51.8	0	489	1575	1.04293	0.680105	1728
730	975521	954	527775	447747	100	90	1.81116	0.827714	52	51.8	0	489	1575	1.04216	0.669882	1728
731	887326	790	482218	405108	100	90	1.85195	0.827714	52	51.8	0	489	1575	1.04737	0.680466	1728
732	854911	709	466905	388006	100	90	1.92442	0.827714	52	51.8	0	489	1575	1.05225	0.681621	1728
733	809600	630	443334	366266	100	90	2.00154	0.827714	52	51.8	0	489	1575	1.05846	0.685155	1728
734	746753	554	409298	337455	100	90	2.0666	0.827714	52	51.8	0	489	1575	1.06538	0.699065	1728
735	712769	513	391345	321424	100	90	2.11792	0.827714	52	51.8	0	489	1575	1.07692	0.719192	1728
736	653372	457	354985	291395	100	90	2.1518	0.827714	52	51.8	0	489	1575	1.09038	0.73516	1728
737	597183	403	322578	263281	100	90	2.17714	0.827714	52	51.8	0	489	1575	1.08667	0.724936	1728
738	580242	379	313496	255559	100	90	2.23074	0.827714	52	51.8	0	489	1575	1.10697	0.756164	1728
739	542909	345	293362	238957	100	90	2.23615	0.827714	52	51.8	0	489	1575	1.11357	0.78012	1728
740	511662	321	276782	225099	100	90	2.24096	0.827714	52	51.8	0	489	1575	1.1303	0.797342	1728
741	444131	272	245442	198688	100	90	2.26119	0.827714	52	51.8	0	489	1575	1.12456	0.777344	1728
742	213046	227	35528.7	177517	100	90	0.0811698	0.827714	52	51.8	210544	489	1575	1.00166	0.625454	1728
743	474666	223	118740	355926	100	90	0.066712	0.827714	52	51.8	210544	489	1575	1.00134	0.617574	1728
744	635930	205	211038	424892	100	90	0.0612404	0.827714	52	51.8	210544	489	1575	1.0012	0.629907	1728
745	672029	173	263982	408047	100	90	0.0620839	0.827714	52	51.8	210544	489	1575	1.00135	0.664048	1728
746	789672	142	356228	433444	100	90	0.0701866	0.827714	51	51.8	210544	489	1575	1.00168	0.686009	1728
747	913364	3026	437832	475531	100	90	1.07174	0.827714	51	51.8	210544	489	1575	1.00216	0.704332	1728
748	967093	2746	480876	486217	100	90	1.30199	0.827714	51	51.8	210544	489	1575	1.00284	0.707743	1728
749	1.00644e+006	2240	513683	492760	100	90	1.39875	0.827714	51	51.8	210544	489	1575	1.0038	0.701031	1728
750	606191	1850	120264	485926	100	90	1.43136	0.827714	48	51.8	210544	489	1575	1.07332	0.828819	1728
751	422372	975	135928	282401	100	90	0.490465	0.827714	52	51.8	0	489	1575	1.02386	0.658712	1728
752	621625	858	270347	345194	100	90	0.405956	0.827714	52	51.8	0	489	1575	1.01339	0.661003	1728
753	899938	780	429342	460607	100	90	0.404638	0.827714	52	51.8	0	489	1575	1.01254	0.659732	1728
754	1.0465e+006	699	514600	520579	100	90	0.458862	0.827714	52	51.8	0	489	1575	1.01478	0.68176	1728
755	1.06951e+006	668	540774	518472	100	90	0.523442	0.827714	52	51.8	0	489	1575	1.01692	0.708046	1728
756	1.08419e+006	1688	565329	518859	100	90	1.28288	0.827714	52	51.8	0	489	1575	1.01829	0.714465	1728
757	1.10276e+006	1610	583531	519233	100	90	1.53171	0.827714	52	51.8	0	489	1575	1.02468	0.719457	1728
758	1.09127e+006	1416	582874	508397	100	90	1.661	0.827714	52	51.8	0	489	1575	1.02962	0.708124	1728
759	1.05788e+006	1146	569797	488083	100	90	1.78352	0.827714	52	51.8	0	489	1575	1.03716	0.690053	1728
760	980462	950	532651	447811	100	90	1.8356	0.827714	52	51.8	0	489	1575	1.03994	0.693376	1728
761	970342	859	529262	441080	100	90	1.8983	0.827714	52	51.8	0	489	1575	1.04312	0.693491	1728
762	940698	773	513786	426912	100	90	1.94784	0.827714	52	51.8	0	489	1575	1.04924	0.688158	1728
763	866587	667	474203	392384	100	90	2.04563	0.827714	52	51.8	0	489	1575	1.05931	0.696319	1728
764	818915	600	448100	370814	100	90	2.11317	0.827714	52	51.8	0	489	1575	1.05972	0.694017	1728
765	776362	552	425659	350703	100	90	2.17351	0.827714	52	51.8	0	489	1575	1.07143	0.705993	1728
766	675905	468	366940	302303	100	90	2.1216	0.827714	52	51.8	0	489	1575	1.09551	0.721854	1728
767	610715	404	329516	270515	100	90	2.14446	0.827714	52	51.8	0	489	1575	1.09956	0.739796	1728
768	573436	371	309125	254132	100	90	2.18329	0.827714	52	51.8	0	489	1575	1.09901	0.745098	1728
769	548687	344	296158	242507	100	90	2.19038	0.827714	52	51.8	0	489	1575	1.10541	0.746224	1728
770	517431	325	279911	228527	100	90	2.22723	0.827714	52	51.8	0	489	1575	1.10264	0.732258	1728
771	469566	300	258397	211169	100	90	2.19502	0.827714	52	51.8	0	489	1575	1.12621	0.764085	1728
772	231874	268	39665.9	192208	100	90	0.0997897	0.827714	52	51.8	221437	489	1575	1.00199	0.705353	1728
773	561990	244	227838	334152	100	90	0.0748726	0.827714	51	51.8	221437	489	1575	1.00165	0.690537	1728
774	847851	212	385543	462307	100	90	0.0705621	0.827714	51	51.8	221437	489	1575	1.00149	0.699783	1728
775	811021	175	382765	428256	100	90	0.0674132	0.827714	50	51.8	221437	489	1575	1.00155	0.711874	1728
776	824328	164	408660	415668	100	90	0.078422	0.827714	49	51.8	221437	489	1575	1.00205	0.71706	1728
777	953295	3146	484150	469145	100	90	1.03993	0.827714	49	51.8	221437	489	1575	1.00286	0.722029	1728
778	1.02941e+006	2719	527937	501474	100	90	1.26295	0.827714	49	51.8	221437	489	1575	1.00447	0.724001	1728
779	1.03629e+006	2138	536295	499990	100	90	1.3592	0.827714	49	51.8	221437	489	1575	1.00665	0.735688	1728
780	765065	1859	271748	493316	100	90	1.49547	0.827714	46	51.8	221437	489	1575	1.08945	0.886721	1728
781	846621	1521	372699	464615	100	90	0.82867	0.827714	52	51.8	0	489	1575	1.03645	0.744565	1728
782	968499	1279	463496	491382	100	90	0.684743	0.827714	52	51.8	0	489	1575	1.02828	0.734467	1728
783	1.09817e+006	1070	544536	538251	100	90	0.632818	0.827714	52	51.8	0	489	1575	1.02612	0.734605	1728
784	1.18037e+006	937	593798	571660	100	90	0.689648	0.827714	52	51.8	0	489	1575	1.02993	0.740249	1728
785	1.16718e+006	866	595321	559263	100	90	0.781466	0.827714	52	51.8	0	489	1575	1.03396	0.74695	1728
786	1.14296e+006	1591	597202	545762	100	90	1.40758	0.827714	52	51.8	0	489	1575	1.03661	0.748211	1728
787	1.10648e+006	1514	583427	523049	100	90	1.57925	0.827714	52	51.8	0	489	1575	1.0409	0.752969	1728
788	1.08727e+006	1400	578844	508428	100	90	1.7266	0.827714	52	51.8	0	489	1575	1.0434	0.752199	1728
789	1.06849e+006	1171	573532	494958	100	90	1.81434	0.827714	52	51.8	0	489	1575	1.05014	0.749561	1728
790	986867	963	532427	454440	100	90	1.8564	0.827714	52	51.8	0	489	1575	1.05245	0.728145	1728
791	948019	845	514266	433753	100	90	1.92158	0.827714	52	51.8	0	489	1575	1.06089	0.731707	1728
792	887953	752	482889	405064	100	90	1.97952	0.827714	52	51.8	0	489	1575	1.06377	0.740385	1728
793	818612	650	446170	372442	100	90	2.03312	0.827714	52	51.8	0	489	1575	1.08189	0.754386	1728
794	772368	585	422114	350254	100	90	2.07763	0.827714	52	51.8	0	489	1575	1.09829	0.772809	1728
795	722728	522	396191	326537	100	90	2.15756	0.827714	52	51.8	0	489	1575	1.09883	0.766467	1728
796	650114	457	353380	290103	100	90	2.1882	0.827714	52	51.8	0	489	1575	1.11155	0.78032	1728
797	617899	424	334077	272858	100	90	2.18477	0.827714	52	51.8	0	489	1575	1.12691	0.804938	1728
798	593380	404	321145	261488	100	90	2.19978	0.827714	52	51.8	0	489	1575	1.13948	0.813648	1728
799	504649	332	274058	220891	100	90	2.21576	0.827714	52	51.8	0	489	1575	1.1462	0.789809	1728
800	464207	288	252573	202965	100	90	2.23832	0.827714	52	51.8	0	489	1575	1.15932	0.790441	1728
801	433645	270	240360	193285	100	90	2.25261	0.827714	52	51.8	0	489	1575	1.17582	0.798419	1728
802	221264	247	37864.2	183400	100	90	0.0857348	0.827714	52	51.8	206577	489	1575	1.00239	0.680363	1728
803	601757	239	244438	357319	100	90	0.0709116	0.827714	52	51.8	206577	489	1575	1.0019	0.673175	1728
804	819411	215	367747	451664	100	90	0.0694603	0.827714	52	51.8	206577	489	1575	1.00183	0.694409	1728
805	764892	195	359526	405365	100	90	0.0732944	0.827714	52	51.8	206577	489	1575	1.00215	0.729697	1728
806	862018	181	429971	432047	100	90	0.089241	0.827714	52	51.8	206577	489	1575	1.00278	0.743245	1728
807	1.00115e+006	3447	508102	493047	100	90	1.17494	0.827714	52	51.8	206577	489	1575	1.00418	0.746831	1728
808	1.02364e+006	2797	524050	499588	100	90	1.33681	0.827714	52	51.8	206577	489	1575	1.00576	0.753817	1728
809	1.04408e+006	2228	542141	501934	100	90	1.37763	0.827714	52	51.8	206577	489	1575	1.00807	0.750197	1728
810	744026	1890	265729	478297	100	90	1.4432	0.827714	47	51.8	206577	489	1575	1.08408	0.897286	1728
811	846659	1563	373816	463326	100	90	0.76505	0.827714	52	51.8	0	489	1575	1.03355	0.723521	1728
812	954782	1275	456407	485101	100	90	0.619806	0.827714	52	51.8	0	489	1575	1.02406	0.712502	1728
813	1.11523e+006	1092	550504	548939	100	90	0.584273	0.827714	52	51.8	0	489	1575	1.02306	0.719081	1728
814	1.16514e+006	907	583533	567295	100	90	0.605148	0.827714	52	51.8	0	489	1575	1.02379	0.733169	1728
815	1.16816e+006	861	594777	560707	100	90	0.668438	0.827714	52	51.8	0	489	1575	1.02515	0.747687	1728
816	1.17864e+006	1888	614617	564023	100	90	1.3824	0.827714	52	51.8	0	489	1575	1.02753	0.742276	1728
817	1.15655e+006	1706	608500	548055	100	90	1.50041	0.827714	52	51.8	0	489	1575	1.02778	0.733367	1728
818	1.14654e+006	1593	609564	536976	100	90	1.6756	0.827714	52	51.8	0	489	1575	1.03179	0.728727	1728
819	1.13357e+006	1351	606840	526732	100	90	1.7845	0.827714	52	51.8	0	489	1575	1.03787	0.731377	1728
820	1.06458e+006	1143	573928	490651	100	90	1.81968	0.827714	52	51.8	0	489	1575	1.03519	0.719469	1728
821	1.02119e+006	1003	552893	468301	100	90	1.91252	0.827714	52	51.8	0	489	1575	1.04427	0.723512	1728
822	991820	909	539323	452497	100	90	1.96184	0.827714	52	51.8	0	489	1575	1.05506	0.728285	1728
823	927358	799	504855	422502	100	90	2.01723	0.827714	52	51.8	0	489	1575	1.06262	0.733503	1728
824	853280	696	465410	387871	100	90	2.09738	0.827714	52	51.8	0	489	1575	1.07647	0.739447	1728
825	798672	647	437048	361624	100	90	2.13141	0.827714	52	51.8	0	489	1575	1.07853	0.740625	1728
826	735699	577	399183	329367	100	90	2.18127	0.827714	52	51.8	0	489	1575	1.08485	0.751761	1728
827	692731	525	373230	307232	100	90	2.20624	0.827714	52	51.8	0	489	1575	1.10381	0.764706	1728
828	654162	479	352808	289284	100	90	2.24496	0.827714	52	51.8	0	489	1575	1.1068	0.776573	1728
829	597087	427	322691	262917	100	90	2.2436	0.827714	52	51.8	0	489	1575	1.0974	0.760976	1728
830	538532	371	291472	237002	100	90	2.27394	0.827714	52	51.8	0	489	1575	1.09596	0.755618	1728
831	349992	335	133531	216461	100	90	2.34074	0.827714	52	51.8	0	489	1575	1.10375	0.753943	1728
832	248859	306	46253.9	202605	100	90	0.0956293	0.827714	52	51.8	136903	489	1575	1.00196	0.641476	1728
833	630379	266	258354	372026	100	90	0.0788528	0.827714	52	51.8	136903	489	1575	1.00175	0.640592	1728
834	799581	231	361187	438394	100	90	0.0738073	0.827714	52	51.8	136903	489	1575	1.00169	0.673582	1728
835	712476	183	341563	370913	100	90	0.0685958	0.827714	52	51.8	136903	489	1575	1.00197	0.721791	1728
836	844245	169	427219	417026	100	90	0.0831563	0.827714	52	51.8	136903	489	1575	1.00274	0.728125	1728
837	954360	3421	488061	466299	100	90	1.1724	0.827714	52	51.8	136903	489	1575	1.00332	0.739699	1728
838	986119	2680	507760	478359	100	90	1.29202	0.827714	52	51.8	136903	489	1575	1.00408	0.745513	1728
839	1.02669e+006	2290	534169	492524	100	90	1.36873	0.827714	52	51.8	136903	489	1575	1.00531	0.745461	1728
840	783614	2127	279976	503637	100	90	1.48098	0.827714	48	51.8	136903	489	1575	1.07228	0.870222	1728
841	878419	1723	386537	482739	100	90	0.810033	0.827714	52	51.8	0	489	1575	1.02983	0.69647	1728
842	1.02019e+006	1452	485891	520837	100	90	0.677973	0.827714	52	51.8	0	489	1575	1.02228	0.692298	1728
843	1.15806e+006	1241	570558	572288	100	90	0.651751	0.827714	52	51.8	0	489	1575	1.02239	0.698792	1728
844	1.19147e+006	1052	597807	579179	100	90	0.685974	0.827714	52	51.8	0	489	1575	1.02256	0.722098	1728
845	1.17057e+006	960	598484	559644	100	90	0.742092	0.827714	52	51.8	0	489	1575	1.02488	0.736231	1728
846	1.17687e+006	1794	617332	559540	100	90	1.36283	0.827714	52	51.8	0	489	1575	1.02525	0.7262	1728
847	1.16503e+006	1691	616056	548969	100	90	1.5578	0.827714	52	51.8	0	489	1575	1.02636	0.727467	1728
848	1.16292e+006	1596	619081	543837	100	90	1.71703	0.827714	52	51.8	0	489	1575	1.02994	0.72473	1728
849	1.11619e+006	1304	597402	518784	100	90	1.8169	0.827714	52	51.8	0	489	1575	1.03854	0.724084	1728
850	1.07874e+006	1131	580649	498091	100	90	1.88672	0.827714	52	51.8	0	489	1575	1.03719	0.732975	1728
851	1.04201e+006	1008	563516	478491	100	90	1.93563	0.827714	52	51.8	0	489	1575	1.03774	0.732125	1728
852	960482	873	520686	439796	100	90	2.0058	0.827714	52	51.8	0	489	1575	1.0475	0.743619	1728
853	880686	756	479015	401670	100	90	2.05507	0.827714	52	51.8	0	489	1575	1.07029	0.763441	1728
854	834806	681	454474	380332	100	90	2.10422	0.827714	52	51.8	0	489	1575	1.07522	0.769806	1728
855	798011	633	434916	363095	100	90	2.14514	0.827714	52	51.8	0	489	1575	1.0823	0.773829	1728
856	727147	563	392386	327844	100	90	2.17231	0.827714	52	51.8	0	489	1575	1.08531	0.769091	1728
857	671409	504	359905	300081	100	90	2.18299	0.827714	52	51.8	0	489	1575	1.09302	0.782077	1728
858	588001	428	315192	262442	100	90	2.19525	0.827714	52	51.8	0	489	1575	1.1039	0.793689	1728
859	521719	357	279757	232299	100	90	2.22458	0.827714	52	51.8	0	489	1575	1.11141	0.788856	1728
860	496613	330	266845	220608	100	90	2.24472	0.827714	52	51.8	0	489	1575	1.10632	0.785942	1728
861	472302	314	258735	213567	100	90	2.26314	0.827714	52	51.8	0	489	1575	1.12422	0.79661	1728
862	255610	301	46805	208805	100	90	0.103733	0.827714	52	51.8	216805	489	1575	1.0023	0.680295	1728
863	630135	278	258906	371229	100	90	0.0812031	0.827714	52	51.8	216805	489	1575	1.00174	0.674238	1728
864	837872	243	379718	458155	100	90	0.0778391	0.827714	52	51.8	216805	489	1575	1.00176	0.701069	1728
865	773937	216	368144	405792	100	90	0.0803206	0.827714	52	51.8	216805	489	1575	1.00211	0.742222	1728
866	859468	196	432159	427308	100	90	0.094919	0.827714	52	51.8	216805	489	1575	1.00262	0.747911	1728
867	994213	3514	508415	485798	100	90	1.20309	0.827714	52	51.8	216805	489	1575	1.00379	0.746169	1728
868	1.03655e+006	2857	534238	502316	100	90	1.42136	0.827714	52	51.8	216805	489	1575	1.00547	0.759681	1728
869	1.03102e+006	2193	537180	493844	100	90	1.44062	0.827714	52	51.8	216805	489	1575	1.00713	0.755217	1728
870	746719	1864	267163	479556	100	90	1.4862	0.827714	48	51.8	216805	489	1575	1.08487	0.898433	1728
871	834491	1516	370360	455085	100	90	0.742677	0.827714	52	51.8	0	489	1575	1.03172	0.732083	1728
872	731653	1276	233956	495893	100	90	0.611035	0.827714	52	51.8	0	489	1575	1.02421	0.717538	1728
873	953944	1109	391454	555122	100	90	0.520694	0.827714	52	51.8	0	489	1575	1.01988	0.711868	1728
874	1.07026e+006	933	485637	575034	100	90	0.537395	0.827714	52	51.8	0	489	1575	1.02225	0.724079	1728
875	1.07087e+006	870	516129	546316	100	90	0.621678	0.827714	52	51.8	0	489	1575	1.02542	0.755061	1728
876	1.11535e+006	1867	564451	550898	100	90	1.30399	0.827714	52	51.8	0	489	1575	1.02831	0.753213	1728
877	1.09835e+006	1689	568646	529703	100	90	1.45352	0.827714	52	51.8	0	489	1575	1.02931	0.752505	1728
878	1.07965e+006	1616	567672	511977	100	90	1.683	0.827714	52	51.8	0	489	1575	1.03023	0.749685	1728
879	1.04777e+006	1327	556763	491005	100	90	1.79003	0.827714	52	51.8	0	489	1575	1.03842	0.756173	1728
880	1.00903e+006	1117	540581	468454	100	90	1.80668	0.827714	52	51.8	0	489	1575	1.04494	0.752294	1728
881	1.00874e+006	1016	543076	465664	100	90	1.85375	0.827714	52	51.8	0	489	1575	1.05339	0.755308	1728
882	959691	894	518068	441623	100	90	1.92621	0.827714	52	51.8	0	489	1575	1.05941	0.755734	1728
883	920350	818	498302	422048	100	90	2.0211	0.827714	52	51.8	0	489	1575	1.06524	0.762203	1728
884	862207	741	467284	394923	100	90	2.08289	0.827714	52	51.8	0	489	1575	1.07345	0.768056	1728
885	823375	681	446235	377140	100	90	2.12181	0.827714	52	51.8	0	489	1575	1.08974	0.782805	1728
886	731262	575	393009	331173	100	90	2.14645	0.827714	52	51.8	0	489	1575	1.09813	0.786738	1728
887	715973	533	381826	321311	100	90	2.17793	0.827714	52	51.8	0	489	1575	1.10671	0.767308	1728
888	670697	491	358397	300002	100	90	2.2036	0.827714	52	51.8	0	489	1575	1.11708	0.783613	1728
889	623491	443	333561	278047	100	90	2.23065	0.827714	52	51.8	0	489	1575	1.10448	0.755814	1728
890	560317	393	300120	249562	100	90	2.27348	0.827714	52	51.8	0	489	1575	1.11491	0.764706	1728
891	523169	362	286103	237066	100	90	2.29635	0.827714	52	51.8	0	489	1575	1.12869	0.791789	1728
892	284156	337	52887.1	231269	100	90	0.128094	0.827714	52	51.8	238333	489	1575	1.00321	0.688259	1728
893	602430	304	243628	358802	100	90	0.0938825	0.827714	52	51.8	238333	489	1575	1.00198	0.677749	1728
894	859167	280	389731	469436	100	90	0.0945482	0.827714	52	51.8	238333	489	1575	1.00232	0.696927	1728
895	844274	262	400105	444169	100	90	0.101788	0.827714	52	51.8	238333	489	1575	1.00283	0.715358	1728
896	859322	237	427091	432231	100	90	0.118597	0.827714	52	51.8	238333	489	1575	1.00304	0.728397	1728
897	959807	3015	488101	471706	100	90	1.09238	0.827714	52	51.8	238333	489	1575	1.00319	0.728586	1728
898	1.02425e+006	2636	525256	498998	100	90	1.31759	0.827714	52	51.8	238333	489	1575	1.00504	0.729084	1728
899	1.05328e+006	2174	545767	507511	100	90	1.40311	0.827714	52	51.8	238333	489	1575	1.0064	0.736349	1728
900	772507	1895	274709	497799	100	90	1.50885	0.827714	47	51.8	238333	489	1575	1.08584	0.872284	1728
901	872534	1562	384785	478946	100	90	0.833785	0.827714	52	51.8	0	489	1575	1.03632	0.729863	1728
902	992030	1295	474776	504394	100	90	0.677644	0.827714	52	51.8	0	489	1575	1.02439	0.717074	1728
903	1.10971e+006	1065	550296	545679	100	90	0.612458	0.827714	52	51.8	0	489	1575	1.02173	0.711108	1728
904	1.15526e+006	900	581919	560685	100	90	0.636893	0.827714	52	51.8	0	489	1575	1.0223	0.717343	1728
905	1.14949e+006	837	588652	549654	100	90	0.700301	0.827714	52	51.8	0	489	1575	1.02475	0.734627	1728
906	1.13025e+006	1797	592210	538036	100	90	1.44051	0.827714	52	51.8	0	489	1575	1.02414	0.736402	1728
907	1.11909e+006	1594	590999	528089	100	90	1.54407	0.827714	52	51.8	0	489	1575	1.0251	0.732892	1728
908	1.10299e+006	1471	586638	516351	100	90	1.71617	0.827714	52	51.8	0	489	1575	1.02286	0.727648	1728
909	1.05393e+006	1218	564288	489641	100	90	1.8361	0.827714	52	51.8	0	489	1575	1.02932	0.732558	1728
910	992367	1021	534687	457680	100	90	1.87874	0.827714	52	51.8	0	489	1575	1.02794	0.728261	1728
911	970502	904	525991	444511	100	90	1.9807	0.827714	52	51.8	0	489	1575	1.03837	0.733184	1728
912	893105	775	485352	407752	100	90	2.0447	0.827714	52	51.8	0	489	1575	1.0436	0.742782	1728
913	853540	703	465209	388331	100	90	2.10444	0.827714	52	51.8	0	489	1575	1.04938	0.738817	1728
914	810194	645	442183	368011	100	90	2.14085	0.827714	52	51.8	0	489	1575	1.05815	0.742902	1728
915	717537	546	392319	325218	100	90	2.15699	0.827714	52	51.8	0	489	1575	1.07939	0.750466	1728
916	654630	477	354294	292788	100	90	2.2086	0.827714	52	51.8	0	489	1575	1.10036	0.796574	1728
917	622665	437	334282	275791	100	90	2.24903	0.827714	52	51.8	0	489	1575	1.09369	0.795775	1728
918	591688	413	317928	261812	100	90	2.27539	0.827714	52	51.8	0	489	1575	1.09272	0.785536	1728
919	570329	384	306951	251650	100	90	2.29746	0.827714	52	51.8	0	489	1575	1.10269	0.788043	1728
920	534519	358	287926	235928	100	90	2.33127	0.827714	52	51.8	0	489	1575	1.10372	0.781711	1728
921	513359	340	282088	231271	100	90	2.35948	0.827714	52	51.8	0	489	1575	1.11748	0.794393	1728
922	267206	304	49929	217277	100	90	0.110457	0.827714	52	51.8	236221	489	1575	1.00213	0.674002	1728
923	627518	288	254897	372621	100	90	0.0884849	0.827714	52	51.8	236221	489	1575	1.00173	0.661062	1728
924	812357	253	365674	446683	100	90	0.0850709	0.827714	52	51.8	236221	489	1575	1.00183	0.68952	1728
925	742093	212	352734	389360	100	90	0.0824822	0.827714	52	51.8	236221	489	1575	1.00212	0.721504	1728
926	855867	196	430831	425036	100	90	0.102771	0.827714	52	51.8	236221	489	1575	1.0025	0.732854	1728
927	985080	3098	502516	482564	100	90	1.19983	0.827714	52	51.8	236221	489	1575	1.00425	0.733711	1728
928	999192	2499	513946	485246	100	90	1.3859	0.827714	52	51.8	236221	489	1575	1.00614	0.736714	1728
929	1.00256e+006	1936	522359	480200	100	90	1.38031	0.827714	52	51.8	236221	489	1575	1.00737	0.735972	1728
930	734723	1736	263090	471633	100	90	1.48235	0.827714	50	51.8	236221	489	1575	1.09862	0.911458	1728
