Time	totMass	NInd	abovemass	belowmass	mean_ares	mean_bres	shannon	meanShannon	NPFT	meanNPFT	Cutted	NNonClonal	NClonal	mean_generation	mean_genet_size	NGenets
1	569.2	0	284.6	284.6	100	90	0	1.01372	52	51.9	0	473	1838	1	0.775665	1963
2	16805.6	0	8164.61	8640.94	100	90	0	1.01372	52	51.9	0	473	1838	1	0.772844	1963
3	76638.7	0	40980.2	35658.6	100	90	0	1.01372	52	51.9	0	473	1838	1	0.767994	1963
4	229558	0	122039	107519	100	90	0	1.01372	52	51.9	0	473	1838	1	0.764937	1963
5	499813	0	264587	235226	100	90	0	1.01372	52	51.9	0	473	1838	1	0.764659	1963
6	833330	755	440522	392808	100	90	2.65586	1.01372	52	51.9	0	473	1838	1.00717	0.773266	1963
7	1.12944e+006	1022	600304	529137	100	90	3.37431	1.01372	52	51.9	0	473	1838	1.01535	0.774194	1963
8	1.33788e+006	1037	716667	621214	100	90	3.43628	1.01372	52	51.9	0	473	1838	1.02556	0.783992	1963
9	1.4816e+006	968	798472	683127	100	90	3.29622	1.01372	52	51.9	0	473	1838	1.03475	0.794421	1963
10	1.57673e+006	914	854383	722345	100	90	3.16627	1.01372	52	51.9	0	473	1838	1.05391	0.815098	1963
11	1.66017e+006	891	903076	757090	100	90	3.12523	1.01372	52	51.9	0	473	1838	1.07073	0.833145	1963
12	1.6928e+006	851	922119	770677	100	90	3.08961	1.01372	52	51.9	0	473	1838	1.08161	0.847981	1963
13	1.72996e+006	825	944599	785357	100	90	3.08339	1.01372	52	51.9	0	473	1838	1.0944	0.859779	1963
14	1.76988e+006	819	967839	802036	100	90	3.15774	1.01372	52	51.9	0	473	1838	1.09436	0.858926	1963
15	1.78845e+006	810	980023	808427	100	90	3.14887	1.01372	52	51.9	0	473	1838	1.1238	0.89433	1963
16	1.83582e+006	821	993581	816024	100	90	3.19975	1.01372	52	51.9	0	473	1838	1.14872	0.920676	1963
17	1.87275e+006	809	1.00128e+006	820435	100	90	3.17827	1.01372	52	51.9	0	473	1838	1.17222	0.939314	1963
18	1.89114e+006	801	1.00841e+006	826138	100	90	3.24326	1.01372	52	51.9	0	473	1838	1.16133	0.920912	1963
19	1.91631e+006	794	1.02223e+006	835922	100	90	3.29475	1.01372	52	51.9	0	473	1838	1.16157	0.912807	1963
20	1.93183e+006	801	1.03174e+006	842755	100	90	3.3494	1.01372	52	51.9	0	473	1838	1.16273	0.914246	1963
21	1.88895e+006	809	1.0404e+006	848543	100	90	3.40007	1.01372	52	51.9	0	473	1838	1.17662	0.918881	1963
22	1.8785e+006	801	1.03629e+006	842208	100	90	1.58492	1.01372	52	51.9	0	473	1838	1.0641	0.772747	1963
23	1.89137e+006	794	1.04142e+006	849955	100	90	1.56331	1.01372	52	51.9	0	473	1838	1.06553	0.771991	1963
24	1.91017e+006	784	1.05041e+006	859754	100	90	1.5401	1.01372	52	51.9	0	473	1838	1.06602	0.776204	1963
25	1.90101e+006	769	1.04576e+006	855248	100	90	1.62291	1.01372	52	51.9	0	473	1838	1.08118	0.804184	1963
26	1.91058e+006	757	1.05114e+006	859441	100	90	1.73322	1.01372	52	51.9	0	473	1838	1.10016	0.837259	1963
27	1.93506e+006	1200	1.06484e+006	870217	100	90	2.70272	1.01372	52	51.9	0	473	1838	1.11729	0.861782	1963
28	1.96179e+006	1143	1.07914e+006	882650	100	90	2.84827	1.01372	52	51.9	0	473	1838	1.13182	0.879852	1963
29	1.97741e+006	1094	1.08777e+006	889639	100	90	2.91063	1.01372	52	51.9	0	473	1838	1.15326	0.909543	1963
30	1.45361e+006	1060	551669	901942	100	90	2.36634	1.01372	52	51.9	0	473	1838	1.50458	1.49578	1963
31	1.46499e+006	951	624879	837803	100	90	1.30646	1.01372	52	51.9	0	473	1838	1.15738	0.904444	1963
32	1.48243e+006	832	689374	789915	100	90	1.03115	1.01372	52	51.9	0	473	1838	1.09741	0.805665	1963
33	1.46074e+006	720	709494	747773	100	90	0.827964	1.01372	52	51.9	0	473	1838	1.07157	0.763205	1963
34	1.48771e+006	662	739020	745197	100	90	0.957349	1.01372	52	51.9	0	473	1838	1.08593	0.790123	1963
35	1.42146e+006	739	718377	699728	100	90	1.26325	1.01372	52	51.9	0	473	1838	1.10583	0.824298	1963
36	1.37847e+006	782	711412	667059	100	90	1.6177	1.01372	52	51.9	0	473	1838	1.12225	0.861215	1963
37	1.33246e+006	886	697649	634814	100	90	2.08929	1.01372	52	51.9	0	473	1838	1.13149	0.86444	1963
38	1.29301e+006	946	685151	607861	100	90	2.59773	1.01372	52	51.9	0	473	1838	1.15539	0.893541	1963
39	1.2098e+006	781	647813	561983	100	90	2.73313	1.01372	52	51.9	0	473	1838	1.18818	0.914369	1963
40	1.15068e+006	654	622474	528201	100	90	2.69588	1.01372	52	51.9	0	473	1838	1.20233	0.942808	1963
41	1.07565e+006	544	584972	490674	100	90	2.64092	1.01372	52	51.9	0	473	1838	1.21588	0.985169	1963
42	1.0428e+006	485	570356	472447	100	90	2.65721	1.01372	52	51.9	0	473	1838	1.23065	1.01432	1963
43	989364	432	544307	445058	100	90	2.77689	1.01372	52	51.9	0	473	1838	1.2613	1.0327	1963
44	870266	370	481711	388555	100	90	2.82824	1.01372	52	51.9	0	473	1838	1.31421	1.09355	1963
45	772943	311	429508	343435	100	90	2.88453	1.01372	52	51.9	0	473	1838	1.3738	1.14122	1963
46	721499	271	394819	314119	100	90	2.91752	1.01372	52	51.9	0	473	1838	1.4023	1.17316	1963
47	682331	257	365242	295937	100	90	2.87824	1.01372	52	51.9	0	473	1838	1.46186	1.23474	1963
48	654058	239	349992	282981	100	90	2.91714	1.01372	52	51.9	0	473	1838	1.45833	1.2228	1963
49	624087	225	335042	268992	100	90	2.95881	1.01372	52	51.9	0	473	1838	1.48	1.19209	1963
50	573369	208	308947	246957	100	90	2.9768	1.01372	52	51.9	0	473	1838	1.48619	1.18354	1963
51	551340	201	306780	244559	100	90	2.99164	1.01372	52	51.9	0	473	1838	1.50292	1.2053	1963
52	276963	183	48661	228303	100	90	0.106045	1.01372	52	51.9	264222	473	1838	1.00568	0.767424	1963
53	515280	160	193623	321657	100	90	0.067578	1.01372	52	51.9	264222	473	1838	1.00321	0.77323	1963
54	811914	137	356759	455154	100	90	0.0638221	1.01372	52	51.9	264222	473	1838	1.00321	0.773242	1963
55	805697	113	372132	433565	100	90	0.0618483	1.01372	52	51.9	264222	473	1838	1.00377	0.783747	1963
56	793545	100	385811	407734	100	90	0.0682519	1.01372	52	51.9	264222	473	1838	1.00485	0.785095	1963
57	905555	2519	457264	448290	100	90	1.35195	1.01372	52	51.9	264222	473	1838	1.00573	0.776212	1963
58	997410	2342	510428	486982	100	90	1.72054	1.01372	52	51.9	264222	473	1838	1.00811	0.772851	1963
59	1.01495e+006	1905	524562	490392	100	90	1.86327	1.01372	52	51.9	264222	473	1838	1.01068	0.774884	1963
60	754197	1641	268221	485976	100	90	2.00813	1.01372	50	51.9	264222	473	1838	1.12393	0.988964	1963
61	859950	1360	379983	474490	100	90	1.18204	1.01372	52	51.9	0	473	1838	1.05814	0.838472	1963
62	933982	1098	449106	477473	100	90	0.953552	1.01372	52	51.9	0	473	1838	1.04001	0.809552	1963
63	1.05759e+006	925	528573	520556	100	90	0.893062	1.01372	52	51.9	0	473	1838	1.03963	0.803011	1963
64	1.13022e+006	776	573900	548145	100	90	0.934062	1.01372	52	51.9	0	473	1838	1.04455	0.797971	1963
65	1.14695e+006	686	588341	551645	100	90	0.972931	1.01372	52	51.9	0	473	1838	1.04602	0.788046	1963
66	1.15011e+006	1412	599541	550572	100	90	1.9936	1.01372	52	51.9	0	473	1838	1.04525	0.788947	1963
67	1.17697e+006	1315	619451	557522	100	90	2.16672	1.01372	52	51.9	0	473	1838	1.04641	0.783946	1963
68	1.18231e+006	1257	627567	554745	100	90	2.33108	1.01372	52	51.9	0	473	1838	1.04757	0.786699	1963
69	1.16373e+006	1081	621692	542042	100	90	2.41596	1.01372	52	51.9	0	473	1838	1.05461	0.804901	1963
70	1.11383e+006	944	598979	514848	100	90	2.50966	1.01372	52	51.9	0	473	1838	1.06456	0.822511	1963
71	1.05656e+006	798	570169	486388	100	90	2.58534	1.01372	52	51.9	0	473	1838	1.07892	0.841902	1963
72	984250	694	533825	450425	100	90	2.63959	1.01372	52	51.9	0	473	1838	1.09709	0.852941	1963
73	667132	611	245261	421870	100	90	2.66283	1.01372	52	51.9	0	473	1838	1.12214	0.889262	1963
74	700133	547	306383	393750	100	90	2.76386	1.01372	52	51.9	0	473	1838	1.13876	0.897533	1963
75	706390	486	345958	360432	100	90	2.79875	1.01372	52	51.9	0	473	1838	1.15505	0.907527	1963
76	727301	451	370355	346238	100	90	2.90887	1.01372	52	51.9	0	473	1838	1.17063	0.913753	1963
77	722251	418	373579	330352	100	90	2.94313	1.01372	52	51.9	0	473	1838	1.18543	0.925641	1963
78	688521	374	361783	308637	100	90	3.00156	1.01372	52	51.9	0	473	1838	1.1867	0.909884	1963
79	618526	317	328432	272668	100	90	2.99317	1.01372	52	51.9	0	473	1838	1.20365	0.899654	1963
80	557073	274	299333	242781	100	90	3.0469	1.01372	52	51.9	0	473	1838	1.19718	0.9	1963
81	485364	235	270539	214825	100	90	3.03852	1.01372	52	51.9	0	473	1838	1.20576	0.898148	1963
82	246071	207	46663.8	199407	100	90	0.0968075	1.01372	52	51.9	230923	473	1838	1.00365	0.740222	1963
83	553480	174	223125	330355	100	90	0.0650042	1.01372	52	51.9	230923	473	1838	1.00227	0.740862	1963
84	782788	141	348655	434133	100	90	0.0580886	1.01372	52	51.9	230923	473	1838	1.00229	0.75249	1963
85	740364	127	344843	395520	100	90	0.0599871	1.01372	52	51.9	230923	473	1838	1.00237	0.769745	1963
86	804143	116	397442	406702	100	90	0.0722066	1.01372	52	51.9	230923	473	1838	1.00321	0.768101	1963
87	957426	3000	485426	472000	100	90	1.3542	1.01372	52	51.9	230923	473	1838	1.00384	0.767344	1963
88	747169	2610	240793	506376	100	90	1.66592	1.01372	52	51.9	230923	473	1838	1.00505	0.766505	1963
89	804655	2114	321873	482782	100	90	1.75782	1.01372	52	51.9	230923	473	1838	1.00645	0.773289	1963
90	720597	1977	212537	508061	100	90	1.96866	1.01372	51	51.9	230923	473	1838	1.09752	0.936322	1963
