Time	totMass	NInd	abovemass	belowmass	mean_ares	mean_bres	shannon	meanShannon	NPFT	meanNPFT	Cutted	NNonClonal	NClonal	mean_generation	mean_genet_size	NGenets
1	407.6	0	203.8	203.8	100	90	0	0.810475	40	39.9	0	295	1963	1	0.800971	1968
2	12919.8	0	6296.29	6623.53	100	90	0	0.810475	40	39.9	0	295	1963	1	0.8	1968
3	62348.1	0	32817	29531.1	100	90	0	0.810475	40	39.9	0	295	1963	1	0.799804	1968
4	194083	0	100988	93095.2	100	90	0	0.810475	40	39.9	0	295	1963	1	0.802605	1968
5	437589	0	227552	210036	100	90	0	0.810475	40	39.9	0	295	1963	1.00302	0.808989	1968
6	740658	592	386376	354282	100	90	2.50184	0.810475	40	39.9	0	295	1963	1.01018	0.817125	1968
7	1.00939e+006	829	531283	478105	100	90	3.18629	0.810475	40	39.9	0	295	1963	1.03061	0.836084	1968
8	1.19837e+006	863	636078	562291	100	90	3.25198	0.810475	40	39.9	0	295	1963	1.05149	0.857474	1968
9	1.31946e+006	821	704409	615054	100	90	3.15335	0.810475	40	39.9	0	295	1963	1.05771	0.866017	1968
10	1.40601e+006	787	753301	652707	100	90	3.03395	0.810475	40	39.9	0	295	1963	1.08672	0.896947	1968
11	1.46056e+006	757	784065	676495	100	90	2.93981	0.810475	40	39.9	0	295	1963	1.10405	0.926667	1968
12	1.49817e+006	746	805894	692277	100	90	2.91985	0.810475	40	39.9	0	295	1963	1.13098	0.956044	1968
13	1.52295e+006	722	820263	702687	100	90	2.86476	0.810475	40	39.9	0	295	1963	1.1543	0.974359	1968
14	1.55742e+006	718	839086	718334	100	90	2.82788	0.810475	40	39.9	0	295	1963	1.18932	1.03198	1968
15	1.58464e+006	718	854135	730504	100	90	2.82024	0.810475	40	39.9	0	295	1963	1.20974	1.06231	1968
16	1.62448e+006	715	861386	735510	100	90	2.81309	0.810475	40	39.9	0	295	1963	1.2261	1.08967	1968
17	1.66973e+006	722	873412	745427	100	90	2.86962	0.810475	40	39.9	0	295	1963	1.23262	1.09091	1968
18	1.70631e+006	730	890931	759684	100	90	2.93768	0.810475	40	39.9	0	295	1963	1.22647	1.08709	1968
19	1.73012e+006	742	903863	769712	100	90	3.04265	0.810475	40	39.9	0	295	1963	1.22849	1.07199	1968
20	1.73374e+006	737	907359	770710	100	90	3.08317	0.810475	40	39.9	0	295	1963	1.23692	1.0622	1968
21	1.68108e+006	744	910579	770496	100	90	3.12893	0.810475	40	39.9	0	295	1963	1.24006	1.04693	1968
22	1.69175e+006	746	918079	773673	100	90	1.18325	0.810475	40	39.9	0	295	1963	1.06363	0.86669	1968
23	1.71699e+006	741	928070	788916	100	90	1.16442	0.810475	40	39.9	0	295	1963	1.06646	0.882637	1968
24	1.73948e+006	728	939267	800217	100	90	1.16704	0.810475	40	39.9	0	295	1963	1.07389	0.898947	1968
25	1.74969e+006	714	945202	804484	100	90	1.21883	0.810475	40	39.9	0	295	1963	1.08838	0.935753	1968
26	1.77149e+006	705	957808	813687	100	90	1.31918	0.810475	40	39.9	0	295	1963	1.10073	0.96475	1968
27	1.79117e+006	1361	969014	822154	100	90	2.43518	0.810475	40	39.9	0	295	1963	1.11958	1.00617	1968
28	1.80109e+006	1220	974331	826760	100	90	2.46988	0.810475	40	39.9	0	295	1963	1.13881	1.01978	1968
29	1.85235e+006	1154	1.0027e+006	849651	100	90	2.56215	0.810475	40	39.9	0	295	1963	1.17376	1.0625	1968
30	1.37359e+006	1106	510004	863589	100	90	2.10839	0.810475	40	39.9	0	295	1963	1.51389	1.71215	1968
31	1.43372e+006	994	624287	808833	100	90	1.25805	0.810475	40	39.9	0	295	1963	1.17764	1.02451	1968
32	1.445e+006	890	672695	771286	100	90	0.99395	0.810475	40	39.9	0	295	1963	1.11133	0.923763	1968
33	1.42271e+006	784	685096	736718	100	90	0.806972	0.810475	40	39.9	0	295	1963	1.08518	0.889152	1968
34	1.38748e+006	702	681545	704983	100	90	0.911609	0.810475	40	39.9	0	295	1963	1.10398	0.915057	1968
35	976228	795	321031	654848	100	90	1.1604	0.810475	40	39.9	0	295	1963	1.11413	0.930988	1968
36	1.02537e+006	829	411576	613792	100	90	1.40186	0.810475	40	39.9	0	295	1963	1.12403	0.975456	1968
37	1.06957e+006	966	484306	585264	100	90	1.82342	0.810475	40	39.9	0	295	1963	1.13654	1.00673	1968
38	1.0948e+006	1075	529663	565142	100	90	2.45159	0.810475	40	39.9	0	295	1963	1.17147	1.02854	1968
39	1.06373e+006	887	531163	532570	100	90	2.53097	0.810475	40	39.9	0	295	1963	1.19861	1.03872	1968
40	690858	757	175645	515213	100	90	2.5625	0.810475	40	39.9	389070	295	1963	1.22447	1.06583	1968
41	767215	701	267234	499981	100	90	2.67483	0.810475	40	39.9	389070	295	1963	1.25434	1.0678	1968
42	837162	640	349963	487199	100	90	2.74253	0.810475	40	39.9	389070	295	1963	1.28205	1.08411	1968
43	859249	573	398941	460308	100	90	2.71829	0.810475	40	39.9	389070	295	1963	1.32305	1.13485	1968
44	847042	496	414346	432696	100	90	2.69929	0.810475	40	39.9	389070	295	1963	1.35577	1.17762	1968
45	793357	428	402150	391207	100	90	2.75308	0.810475	40	39.9	389070	295	1963	1.37617	1.17192	1968
46	446231	368	94947.2	351091	100	90	2.72925	0.810475	40	39.9	721951	295	1963	1.40278	1.20067	1968
47	494012	349	155275	331966	100	90	2.78905	0.810475	40	39.9	721951	295	1963	1.39939	1.20641	1968
48	548443	341	215674	321528	100	90	2.84994	0.810475	40	39.9	721951	295	1963	1.42295	1.22472	1968
49	594038	332	266177	313645	100	90	2.91079	0.810475	40	39.9	721951	295	1963	1.45907	1.23438	1968
50	580085	295	279527	288087	100	90	2.94631	0.810475	40	39.9	721951	295	1963	1.50826	1.24444	1968
51	564450	276	288765	275685	100	90	2.93475	0.810475	40	39.9	721951	295	1963	1.51598	1.24155	1968
52	321771	246	65854.1	255917	100	90	0.162261	0.810475	40	39.9	959251	295	1963	1.00932	0.865385	1968
53	528284	225	195004	333281	100	90	0.109693	0.810475	40	39.9	959251	295	1963	1.00655	0.859777	1968
54	653687	196	183901	469786	100	90	0.105098	0.810475	40	39.9	959251	295	1963	1.00649	0.861585	1968
55	784432	176	274485	509947	100	90	0.0946775	0.810475	40	39.9	959251	295	1963	1.00621	0.866144	1968
56	649607	160	151864	497743	100	90	0.105404	0.810475	40	39.9	959251	295	1963	1.00766	0.880699	1968
57	616069	2636	115902	500168	100	90	1.37069	0.810475	40	39.9	959251	295	1963	1.00883	0.878058	1968
58	728174	2770	230981	497193	100	90	1.81723	0.810475	40	39.9	959251	295	1963	1.01017	0.8713	1968
59	909401	2449	360496	548905	100	90	2.10335	0.810475	40	39.9	959251	295	1963	1.01309	0.879299	1968
60	787260	2331	223727	563533	100	90	2.29285	0.810475	40	39.9	959251	295	1963	1.11155	1.03368	1968
61	867291	1793	338245	528225	100	90	1.58691	0.810475	40	39.9	0	295	1963	1.07328	0.947705	1968
62	965009	1475	435648	528256	100	90	1.35871	0.810475	40	39.9	0	295	1963	1.0528	0.921685	1968
63	811123	1234	252173	558310	100	90	1.23422	0.810475	40	39.9	0	295	1963	1.04758	0.906434	1968
64	942668	1016	374347	567332	100	90	1.2082	0.810475	40	39.9	0	295	1963	1.04772	0.900286	1968
65	814280	903	233271	580695	100	90	1.27964	0.810475	40	39.9	0	295	1963	1.04793	0.894758	1968
66	920422	1461	348291	572131	100	90	2.15964	0.810475	40	39.9	0	295	1963	1.05347	0.898974	1968
67	1.02207e+006	1413	452583	569491	100	90	2.36224	0.810475	40	39.9	0	295	1963	1.05191	0.896209	1968
68	1.05985e+006	1328	508934	550914	100	90	2.53558	0.810475	40	39.9	0	295	1963	1.06015	0.902365	1968
69	1.0758e+006	1103	539144	536651	100	90	2.47232	0.810475	40	39.9	0	295	1963	1.07614	0.911091	1968
70	750192	932	239705	510487	100	90	2.48878	0.810475	40	39.9	326159	295	1963	1.0848	0.922742	1968
71	812609	842	327393	485216	100	90	2.55343	0.810475	40	39.9	326159	295	1963	1.08826	0.932285	1968
72	827693	736	382766	444927	100	90	2.59592	0.810475	40	39.9	326159	295	1963	1.10168	0.955679	1968
73	616221	652	201818	414403	100	90	2.697	0.810475	40	39.9	326159	295	1963	1.12628	0.985804	1968
74	675523	612	280062	395461	100	90	2.779	0.810475	40	39.9	326159	295	1963	1.14245	0.99661	1968
75	679551	541	319825	359727	100	90	2.80741	0.810475	40	39.9	326159	295	1963	1.16667	1.00969	1968
76	475691	497	135680	339601	100	90	2.77242	0.810475	40	39.9	557313	295	1963	1.18692	1.02972	1968
77	527035	462	199745	318650	100	90	2.81877	0.810475	40	39.9	557313	295	1963	1.20042	1.03687	1968
78	552918	418	244717	295108	100	90	2.84505	0.810475	40	39.9	557313	295	1963	1.2148	1.0544	1968
79	555849	378	264729	275580	100	90	2.83811	0.810475	40	39.9	557313	295	1963	1.22812	1.0578	1968
80	415962	355	144555	269059	100	90	2.81195	0.810475	40	39.9	557313	295	1963	1.24294	1.06811	1968
81	400157	294	172544	227613	100	90	2.78523	0.810475	40	39.9	557313	295	1963	1.29181	1.12891	1968
82	300606	275	80072.3	220533	100	90	0.293007	0.810475	40	39.9	692353	295	1963	1.01334	0.961367	1968
83	440308	271	176039	264269	100	90	0.218386	0.810475	40	39.9	692353	295	1963	1.00918	0.957512	1968
84	688470	253	320616	367854	100	90	0.208041	0.810475	40	39.9	692353	295	1963	1.01023	0.960282	1968
85	698847	236	220358	478489	100	90	0.224817	0.810475	40	39.9	692353	295	1963	1.01241	0.965412	1968
86	866278	215	335666	530612	100	90	0.245125	0.810475	40	39.9	692353	295	1963	1.01406	0.96919	1968
87	988443	2443	432502	555941	100	90	1.76267	0.810475	40	39.9	692353	295	1963	1.01571	0.972253	1968
88	1.0282e+006	2221	482780	545424	100	90	1.88791	0.810475	40	39.9	692353	295	1963	1.01826	0.973465	1968
89	1.09461e+006	1921	538990	555617	100	90	1.88781	0.810475	40	39.9	692353	295	1963	1.02269	0.978532	1968
90	837460	1653	284250	553211	100	90	1.67646	0.810475	37	39.9	692353	295	1963	1.23922	1.38304	1968
91	913302	1420	393157	518968	100	90	1.55071	0.810475	40	39.9	0	295	1963	1.2035	1.21382	1968
92	959755	1220	454959	503089	100	90	1.48659	0.810475	40	39.9	0	295	1963	1.17176	1.13226	1968
93	1.01949e+006	1084	505083	512501	100	90	1.45006	0.810475	40	39.9	0	295	1963	1.16139	1.09307	1968
94	1.02624e+006	909	519926	504620	100	90	1.44156	0.810475	40	39.9	0	295	1963	1.16237	1.06376	1968
95	1.0781e+006	994	553964	522678	100	90	1.71244	0.810475	40	39.9	0	295	1963	1.16904	1.05534	1968
96	795445	1161	277172	518273	100	90	2.13227	0.810475	40	39.9	0	295	1963	1.16698	1.0406	1968
97	876335	1153	370089	506246	100	90	2.33582	0.810475	40	39.9	0	295	1963	1.16845	1.04299	1968
98	925502	1090	437147	488354	100	90	2.51249	0.810475	40	39.9	0	295	1963	1.17785	1.04391	1968
99	947969	970	476411	471558	100	90	2.4985	0.810475	40	39.9	0	295	1963	1.18856	1.04566	1968
100	692769	834	257926	434842	100	90	2.47259	0.810475	40	39.9	237531	295	1963	1.20415	1.06555	1968
101	757607	779	333086	424521	100	90	2.49842	0.810475	40	39.9	237531	295	1963	1.21446	1.09053	1968
102	581077	710	186834	394243	100	90	2.50348	0.810475	40	39.9	237531	295	1963	1.22642	1.1055	1968
103	626134	646	254750	371384	100	90	2.51955	0.810475	40	39.9	237531	295	1963	1.24848	1.11953	1968
104	669431	603	312515	356916	100	90	2.55131	0.810475	40	39.9	237531	295	1963	1.28302	1.15934	1968
105	691247	580	345348	345898	100	90	2.54659	0.810475	40	39.9	237531	295	1963	1.32037	1.20312	1968
106	499019	538	175932	321893	100	90	2.53875	0.810475	40	39.9	427768	295	1963	1.32591	1.20469	1968
107	507345	484	212964	285335	100	90	2.50449	0.810475	40	39.9	427768	295	1963	1.35484	1.24038	1968
108	511597	435	237986	261087	100	90	2.50879	0.810475	40	39.9	427768	295	1963	1.35294	1.24661	1968
109	513469	404	252508	246846	100	90	2.55	0.810475	40	39.9	427768	295	1963	1.36056	1.24405	1968
110	504476	380	255187	236442	100	90	2.57921	0.810475	40	39.9	427768	295	1963	1.38889	1.24839	1968
111	482485	357	253419	229066	100	90	2.57948	0.810475	40	39.9	427768	295	1963	1.39803	1.26042	1968
112	304400	323	92094.4	212305	100	90	0.133398	0.810475	40	39.9	457075	295	1963	1.00682	0.910664	1968
113	610053	294	268334	341719	100	90	0.102687	0.810475	40	39.9	457075	295	1963	1.00498	0.909199	1968
114	899646	257	421572	478074	100	90	0.0973314	0.810475	40	39.9	457075	295	1963	1.00503	0.915992	1968
115	923406	236	442435	480971	100	90	0.0987271	0.810475	40	39.9	457075	295	1963	1.0057	0.939991	1968
116	862096	201	425880	436217	100	90	0.0997851	0.810475	40	39.9	457075	295	1963	1.00621	0.954304	1968
117	916084	3131	460197	455887	100	90	1.21617	0.810475	40	39.9	457075	295	1963	1.00787	0.951043	1968
118	1.01898e+006	2710	516535	502443	100	90	1.43	0.810475	40	39.9	457075	295	1963	1.01129	0.9547	1968
119	1.09247e+006	2296	556238	536232	100	90	1.63497	0.810475	40	39.9	457075	295	1963	1.01733	0.959383	1968
120	668987	2053	131148	537839	100	90	1.81411	0.810475	38	39.9	457075	295	1963	1.12681	1.16634	1968
121	756906	1719	241100	514817	100	90	0.951859	0.810475	40	39.9	0	295	1963	1.05163	0.975048	1968
122	903884	1469	368303	534102	100	90	0.819201	0.810475	40	39.9	0	295	1963	1.04065	0.954576	1968
123	1.0439e+006	1216	475215	567086	100	90	0.782433	0.810475	40	39.9	0	295	1963	1.03825	0.948424	1968
124	1.18391e+006	1100	566165	616069	100	90	0.876197	0.810475	40	39.9	0	295	1963	1.04656	0.960708	1968
125	1.19906e+006	1091	590263	607331	100	90	1.04439	0.810475	40	39.9	0	295	1963	1.0548	0.967653	1968
126	1.17416e+006	1900	591295	582864	100	90	1.83959	0.810475	40	39.9	0	295	1963	1.06209	0.972795	1968
127	1.14709e+006	1661	584960	562129	100	90	1.92818	0.810475	40	39.9	0	295	1963	1.06678	0.977104	1968
128	1.11882e+006	1461	576384	542434	100	90	2.07225	0.810475	40	39.9	0	295	1963	1.07381	0.988497	1968
129	1.06313e+006	1193	552025	511107	100	90	2.14298	0.810475	40	39.9	0	295	1963	1.08951	1.00176	1968
130	735640	994	269131	466509	100	90	2.2393	0.810475	40	39.9	275672	295	1963	1.10262	1.00841	1968
131	777144	880	336127	441017	100	90	2.31381	0.810475	40	39.9	275672	295	1963	1.11238	1.0179	1968
132	782428	777	376503	405925	100	90	2.37054	0.810475	40	39.9	275672	295	1963	1.13622	1.03533	1968
133	765177	692	387261	377916	100	90	2.42588	0.810475	40	39.9	275672	295	1963	1.15031	1.05207	1968
134	744493	629	385015	359478	100	90	2.46288	0.810475	40	39.9	275672	295	1963	1.18417	1.07239	1968
135	678222	549	353701	324521	100	90	2.50808	0.810475	40	39.9	275672	295	1963	1.2128	1.09216	1968
136	430391	477	142066	287875	100	90	2.47886	0.810475	40	39.9	486077	295	1963	1.25051	1.13825	1968
137	461496	431	187113	266490	100	90	2.4978	0.810475	40	39.9	486077	295	1963	1.25792	1.13882	1968
138	493830	406	226500	255329	100	90	2.4983	0.810475	40	39.9	486077	295	1963	1.26764	1.1456	1968
139	523075	399	255999	252893	100	90	2.55918	0.810475	40	39.9	486077	295	1963	1.27436	1.13031	1968
140	534023	393	268363	252251	100	90	2.60454	0.810475	40	39.9	486077	295	1963	1.27346	1.13864	1968
141	508781	378	265056	243725	100	90	2.6526	0.810475	40	39.9	486077	295	1963	1.28242	1.12654	1968
142	338295	343	109789	228506	100	90	0.144648	0.810475	40	39.9	641062	295	1963	1.00623	0.891531	1968
143	655717	331	289999	365718	100	90	0.119771	0.810475	40	39.9	641062	295	1963	1.00538	0.88827	1968
144	706999	279	218405	488594	100	90	0.110962	0.810475	40	39.9	641062	295	1963	1.00498	0.899832	1968
145	761384	254	279552	481832	100	90	0.0961529	0.810475	40	39.9	641062	295	1963	1.00432	0.920018	1968
146	795914	228	334424	461490	100	90	0.104927	0.810475	40	39.9	641062	295	1963	1.0052	0.935977	1968
147	674919	3130	187189	487730	100	90	1.14436	0.810475	40	39.9	641062	295	1963	1.00633	0.94495	1968
148	782571	2969	290548	492023	100	90	1.40647	0.810475	40	39.9	641062	295	1963	1.00827	0.951442	1968
149	956237	2744	411400	544837	100	90	1.74762	0.810475	40	39.9	641062	295	1963	1.01239	0.949489	1968
150	806669	2697	244626	562043	100	90	2.01818	0.810475	39	39.9	641062	295	1963	1.07432	1.05088	1968
151	877825	2088	354145	522294	100	90	1.22314	0.810475	40	39.9	0	295	1963	1.03682	0.93817	1968
152	953235	1635	433008	518425	100	90	0.966236	0.810475	40	39.9	0	295	1963	1.02926	0.91575	1968
153	1.06932e+006	1309	512610	554622	100	90	0.844274	0.810475	40	39.9	0	295	1963	1.02601	0.910983	1968
154	1.15574e+006	1088	567445	586295	100	90	0.877938	0.810475	40	39.9	0	295	1963	1.02941	0.916899	1968
155	1.17989e+006	983	588542	589738	100	90	0.952721	0.810475	40	39.9	0	295	1963	1.03226	0.925109	1968
156	1.17285e+006	1794	592441	580408	100	90	1.73571	0.810475	40	39.9	0	295	1963	1.03459	0.933713	1968
157	1.12657e+006	1593	575473	551096	100	90	1.86603	0.810475	40	39.9	0	295	1963	1.03884	0.9316	1968
158	1.09572e+006	1459	565642	530083	100	90	2.03371	0.810475	40	39.9	0	295	1963	1.04786	0.936575	1968
159	1.03335e+006	1209	537624	495728	100	90	2.08389	0.810475	40	39.9	0	295	1963	1.05573	0.933786	1968
160	748261	1052	270400	477861	100	90	2.16011	0.810475	40	39.9	273264	295	1963	1.06513	0.93586	1968
161	800606	949	345054	455552	100	90	2.2918	0.810475	40	39.9	273264	295	1963	1.0768	0.937701	1968
162	813559	855	387908	425651	100	90	2.38036	0.810475	40	39.9	273264	295	1963	1.08754	0.945042	1968
163	817948	781	410434	407515	100	90	2.44967	0.810475	40	39.9	273264	295	1963	1.10613	0.968379	1968
164	783207	707	400570	382637	100	90	2.49775	0.810475	40	39.9	273264	295	1963	1.12405	0.982379	1968
165	746790	645	385910	360880	100	90	2.4929	0.810475	40	39.9	273264	295	1963	1.15242	1.00813	1968
166	452719	556	130220	322144	100	90	2.48611	0.810475	40	39.9	326718	295	1963	1.17304	1.03048	1968
167	499198	506	189843	300703	100	90	2.47858	0.810475	40	39.9	326718	295	1963	1.18484	1.02101	1968
168	516935	450	230942	273713	100	90	2.49821	0.810475	40	39.9	326718	295	1963	1.20426	1.03357	1968
169	477268	376	230494	232741	100	90	2.49023	0.810475	40	39.9	326718	295	1963	1.19481	1.04058	1968
170	482038	364	241474	227408	100	90	2.54469	0.810475	40	39.9	326718	295	1963	1.20225	1.04308	1968
171	433164	328	225294	207870	100	90	2.55427	0.810475	40	39.9	326718	295	1963	1.22078	1.05965	1968
172	265661	292	74686.9	190975	100	90	0.115642	0.810475	40	39.9	360635	295	1963	1.00393	0.843728	1968
173	599663	273	265670	333993	100	90	0.091916	0.810475	40	39.9	360635	295	1963	1.00309	0.844331	1968
174	883955	252	412968	470987	100	90	0.0932869	0.810475	40	39.9	360635	295	1963	1.00367	0.863543	1968
175	886859	225	422967	463892	100	90	0.0936639	0.810475	40	39.9	360635	295	1963	1.0035	0.909775	1968
176	839134	214	411326	427807	100	90	0.107781	0.810475	40	39.9	360635	295	1963	1.00442	0.927132	1968
177	897000	2972	447993	449007	100	90	1.17927	0.810475	40	39.9	360635	295	1963	1.00617	0.922526	1968
178	715440	2566	224531	490909	100	90	1.37084	0.810475	40	39.9	360635	295	1963	1.00773	0.927203	1968
179	808468	2216	317391	491076	100	90	1.65383	0.810475	40	39.9	360635	295	1963	1.01118	0.932136	1968
180	715364	2031	206098	509265	100	90	1.90385	0.810475	39	39.9	360635	295	1963	1.10813	1.08229	1968
181	821034	1710	328948	491155	100	90	0.989207	0.810475	40	39.9	0	295	1963	1.04167	0.899636	1968
182	951056	1473	432093	517687	100	90	0.837693	0.810475	40	39.9	0	295	1963	1.02886	0.880542	1968
183	802180	1185	251575	550139	100	90	0.732691	0.810475	40	39.9	0	295	1963	1.02488	0.873577	1968
184	976982	1021	390516	585378	100	90	0.75494	0.810475	40	39.9	0	295	1963	1.02575	0.884226	1968
185	1.06891e+006	926	480756	587276	100	90	0.794145	0.810475	40	39.9	0	295	1963	1.0265	0.898985	1968
186	1.10651e+006	1968	528594	577915	100	90	1.60938	0.810475	40	39.9	0	295	1963	1.03248	0.914017	1968
187	1.10736e+006	1817	548583	558772	100	90	1.71164	0.810475	40	39.9	0	295	1963	1.03733	0.926619	1968
188	1.10293e+006	1698	557595	545338	100	90	1.90382	0.810475	40	39.9	0	295	1963	1.04414	0.922188	1968
189	1.0317e+006	1356	528920	502782	100	90	1.95107	0.810475	40	39.9	0	295	1963	1.04879	0.912614	1968
190	747249	1117	276556	470692	100	90	2.01901	0.810475	40	39.9	253170	295	1963	1.06022	0.911846	1968
191	623634	995	169123	454510	100	90	2.13691	0.810475	40	39.9	253170	295	1963	1.07245	0.922601	1968
192	690731	901	263137	427594	100	90	2.2735	0.810475	40	39.9	253170	295	1963	1.08501	0.938215	1968
193	729648	810	329237	400410	100	90	2.30127	0.810475	40	39.9	253170	295	1963	1.1007	0.949045	1968
194	720803	712	351447	369356	100	90	2.36909	0.810475	40	39.9	253170	295	1963	1.12198	0.976608	1968
195	686172	621	346786	339386	100	90	2.37553	0.810475	40	39.9	253170	295	1963	1.15418	1.00847	1968
196	473890	561	155621	317350	100	90	2.36462	0.810475	40	39.9	460741	295	1963	1.17129	1.02457	1968
197	526527	530	214313	302787	100	90	2.38681	0.810475	40	39.9	460741	295	1963	1.18375	1.03226	1968
198	413082	483	128187	282555	100	90	2.46304	0.810475	40	39.9	460741	295	1963	1.2004	1.03604	1968
199	464194	458	185683	269594	100	90	2.52555	0.810475	40	39.9	460741	295	1963	1.20264	1.01442	1968
200	477879	420	222125	247744	100	90	2.55144	0.810475	40	39.9	460741	295	1963	1.21078	1.00796	1968
201	451877	367	226419	225457	100	90	2.53132	0.810475	40	39.9	460741	295	1963	1.23729	1.02128	1968
202	281219	310	76734.8	204484	100	90	0.148451	0.810475	40	39.9	494093	295	1963	1.00639	0.820269	1968
203	537656	268	233128	304528	100	90	0.103682	0.810475	40	39.9	494093	295	1963	1.00463	0.823582	1968
204	848727	237	395495	453233	100	90	0.102019	0.810475	40	39.9	494093	295	1963	1.00463	0.83178	1968
205	926163	222	440160	486003	100	90	0.106958	0.810475	40	39.9	494093	295	1963	1.00522	0.869607	1968
206	859592	210	419219	440373	100	90	0.122583	0.810475	39	39.9	494093	295	1963	1.00656	0.905556	1968
207	938975	2780	468267	470709	100	90	1.20074	0.810475	39	39.9	494093	295	1963	1.00802	0.899906	1968
208	1.01216e+006	2336	509659	502497	100	90	1.36166	0.810475	39	39.9	494093	295	1963	1.01157	0.893767	1968
209	1.05147e+006	1931	532437	519028	100	90	1.55895	0.810475	39	39.9	494093	295	1963	1.01636	0.894785	1968
210	782696	1742	268241	514455	100	90	1.72518	0.810475	38	39.9	494093	295	1963	1.1445	1.1196	1968
211	865177	1457	377552	486856	100	90	1.14662	0.810475	40	39.9	0	295	1963	1.07079	0.923214	1968
212	707266	1232	216873	489959	100	90	0.964705	0.810475	40	39.9	0	295	1963	1.05124	0.889912	1968
213	882596	1073	356801	524830	100	90	0.835166	0.810475	40	39.9	0	295	1963	1.0414	0.875521	1968
214	1.06184e+006	958	482059	578584	100	90	0.881658	0.810475	40	39.9	0	295	1963	1.04421	0.884848	1968
215	1.1377e+006	951	544161	592470	100	90	1.04196	0.810475	40	39.9	0	295	1963	1.049	0.893373	1968
216	1.164e+006	1636	573543	590455	100	90	1.82223	0.810475	40	39.9	0	295	1963	1.05552	0.89407	1968
217	1.10498e+006	1467	554569	550411	100	90	1.91204	0.810475	40	39.9	0	295	1963	1.06473	0.896341	1968
218	1.07827e+006	1397	549166	529104	100	90	2.06014	0.810475	40	39.9	0	295	1963	1.07355	0.907588	1968
219	1.0459e+006	1181	537576	508327	100	90	2.08474	0.810475	40	39.9	0	295	1963	1.07887	0.89698	1968
220	742640	1025	264494	478146	100	90	2.11663	0.810475	40	39.9	276450	295	1963	1.08485	0.911975	1968
221	777371	904	331638	445733	100	90	2.24564	0.810475	40	39.9	276450	295	1963	1.09652	0.919861	1968
222	807683	831	383192	424491	100	90	2.34395	0.810475	40	39.9	276450	295	1963	1.10816	0.934094	1968
223	780849	743	388429	392419	100	90	2.38971	0.810475	40	39.9	276450	295	1963	1.13527	0.969914	1968
224	725581	643	369165	356416	100	90	2.41987	0.810475	40	39.9	276450	295	1963	1.16035	0.995017	1968
225	665509	568	342524	322985	100	90	2.46484	0.810475	40	39.9	276450	295	1963	1.17747	1.0057	1968
226	442527	517	140700	301257	100	90	2.41773	0.810475	40	39.9	489210	295	1963	1.20298	1.01667	1968
227	497988	486	199955	289203	100	90	2.4269	0.810475	40	39.9	489210	295	1963	1.21545	1.04933	1968
228	533372	464	242410	277683	100	90	2.43694	0.810475	40	39.9	489210	295	1963	1.23144	1.05238	1968
229	532915	430	257178	260781	100	90	2.40752	0.810475	40	39.9	489210	295	1963	1.27273	1.07552	1968
230	535062	413	265553	255499	100	90	2.46088	0.810475	40	39.9	489210	295	1963	1.26972	1.06319	1968
231	494878	387	255661	239217	100	90	2.51997	0.810475	40	39.9	489210	295	1963	1.28652	1.06024	1968
232	319789	347	98767.1	221022	100	90	0.139102	0.810475	40	39.9	644142	295	1963	1.00614	0.834926	1968
233	619924	302	275999	343926	100	90	0.104748	0.810475	40	39.9	644142	295	1963	1.00492	0.83187	1968
234	895276	268	420480	474796	100	90	0.0999105	0.810475	40	39.9	644142	295	1963	1.0049	0.851903	1968
235	909677	243	435904	473773	100	90	0.100687	0.810475	40	39.9	644142	295	1963	1.00498	0.891807	1968
236	594004	219	172810	421194	100	90	0.110278	0.810475	40	39.9	644142	295	1963	1.00585	0.911227	1968
237	693595	2985	266932	426663	100	90	1.16737	0.810475	40	39.9	644142	295	1963	1.00752	0.904502	1968
238	888308	2750	395744	492564	100	90	1.4281	0.810475	40	39.9	644142	295	1963	1.0094	0.906184	1968
239	1.01505e+006	2432	480945	534102	100	90	1.70319	0.810475	40	39.9	644142	295	1963	1.01317	0.905977	1968
240	781222	2119	254167	527056	100	90	1.81515	0.810475	40	39.9	644142	295	1963	1.1103	1.06498	1968
241	878002	1726	372747	504348	100	90	1.0251	0.810475	40	39.9	0	295	1963	1.04692	0.901971	1968
242	987614	1453	461631	524664	100	90	0.853906	0.810475	40	39.9	0	295	1963	1.03641	0.87914	1968
243	1.1128e+006	1236	541291	570175	100	90	0.783725	0.810475	40	39.9	0	295	1963	1.03295	0.874738	1968
244	1.18144e+006	1043	583439	596660	100	90	0.815367	0.810475	40	39.9	0	295	1963	1.0384	0.888695	1968
245	1.18558e+006	1008	593325	590999	100	90	0.924176	0.810475	40	39.9	0	295	1963	1.03911	0.89969	1968
246	1.17853e+006	1757	597033	581501	100	90	1.62593	0.810475	40	39.9	0	295	1963	1.04259	0.89083	1968
247	856116	1631	285502	570613	100	90	1.7297	0.810475	40	39.9	0	295	1963	1.04609	0.883539	1968
248	928293	1552	382752	545541	100	90	1.9332	0.810475	40	39.9	0	295	1963	1.04796	0.880478	1968
249	965445	1318	448201	517244	100	90	2.07803	0.810475	40	39.9	0	295	1963	1.05798	0.882399	1968
250	751037	1116	264665	486373	100	90	2.17156	0.810475	40	39.9	231794	295	1963	1.07291	0.881215	1968
251	790455	976	335626	454830	100	90	2.31093	0.810475	40	39.9	231794	295	1963	1.07731	0.878279	1968
252	787119	839	372704	414415	100	90	2.37722	0.810475	40	39.9	231794	295	1963	1.08999	0.883212	1968
253	783539	755	391171	392368	100	90	2.36651	0.810475	40	39.9	231794	295	1963	1.10364	0.894452	1968
254	747074	686	381866	365207	100	90	2.35274	0.810475	40	39.9	231794	295	1963	1.1148	0.904478	1968
255	694408	605	358335	336073	100	90	2.37487	0.810475	40	39.9	231794	295	1963	1.12703	0.914966	1968
256	412888	518	112435	300308	100	90	2.39033	0.810475	40	39.9	291153	295	1963	1.12807	0.904382	1968
257	468568	488	177774	282488	100	90	2.43542	0.810475	40	39.9	291153	295	1963	1.12984	0.907923	1968
258	513877	459	230720	271492	100	90	2.47818	0.810475	40	39.9	291153	295	1963	1.13704	0.923611	1968
259	508258	408	244954	247626	100	90	2.51276	0.810475	40	39.9	291153	295	1963	1.1608	0.93883	1968
260	501932	373	249520	238030	100	90	2.50755	0.810475	40	39.9	291153	295	1963	1.18283	0.961765	1968
261	432434	321	224392	208043	100	90	2.52434	0.810475	40	39.9	291153	295	1963	1.18874	0.968641	1968
262	281372	310	72672.2	208699	100	90	0.121745	0.810475	40	39.9	334189	295	1963	1.00339	0.801042	1968
263	611242	283	265083	346159	100	90	0.0963992	0.810475	40	39.9	334189	295	1963	1.00264	0.801456	1968
264	914449	276	423744	490705	100	90	0.101399	0.810475	40	39.9	334189	295	1963	1.00283	0.820434	1968
265	886393	251	420487	465906	100	90	0.108016	0.810475	40	39.9	334189	295	1963	1.00334	0.862749	1968
266	860172	227	422013	438160	100	90	0.120374	0.810475	40	39.9	334189	295	1963	1.00387	0.877758	1968
267	937522	3011	469181	468341	100	90	1.23252	0.810475	40	39.9	334189	295	1963	1.00539	0.873471	1968
268	1.02551e+006	2528	516487	509018	100	90	1.40029	0.810475	40	39.9	334189	295	1963	1.00797	0.879376	1968
269	1.05502e+006	2138	535087	519937	100	90	1.60145	0.810475	40	39.9	334189	295	1963	1.0103	0.877293	1968
270	791384	1840	271335	520048	100	90	1.65686	0.810475	37	39.9	334189	295	1963	1.11362	1.06381	1968
271	913521	1584	397641	515278	100	90	0.958872	0.810475	40	39.9	0	295	1963	1.05139	0.857403	1968
272	762864	1352	231370	531265	100	90	0.823924	0.810475	40	39.9	0	295	1963	1.04015	0.840086	1968
273	936011	1158	373740	561674	100	90	0.711418	0.810475	40	39.9	0	295	1963	1.03238	0.824985	1968
274	1.05153e+006	950	471734	579002	100	90	0.713208	0.810475	40	39.9	0	295	1963	1.03357	0.837981	1968
275	1.12398e+006	959	532516	590688	100	90	0.854489	0.810475	40	39.9	0	295	1963	1.03894	0.865925	1968
276	1.13531e+006	1802	557279	578036	100	90	1.58934	0.810475	40	39.9	0	295	1963	1.04406	0.873169	1968
277	837908	1683	271317	566591	100	90	1.73973	0.810475	40	39.9	0	295	1963	1.04848	0.864776	1968
278	926727	1587	377839	548888	100	90	1.92826	0.810475	40	39.9	0	295	1963	1.05398	0.863014	1968
279	973079	1333	447777	525302	100	90	2.0643	0.810475	40	39.9	0	295	1963	1.0536	0.864656	1968
280	769795	1151	264705	505090	100	90	2.12627	0.810475	40	39.9	240414	295	1963	1.06242	0.870736	1968
281	802989	983	336109	466880	100	90	2.21318	0.810475	40	39.9	240414	295	1963	1.07842	0.88959	1968
282	837575	896	393305	444270	100	90	2.28855	0.810475	40	39.9	240414	295	1963	1.08655	0.898383	1968
283	848114	822	420601	427513	100	90	2.3206	0.810475	40	39.9	240414	295	1963	1.09905	0.909434	1968
284	800164	721	405753	394412	100	90	2.35297	0.810475	40	39.9	240414	295	1963	1.11248	0.916427	1968
285	764012	652	392544	371468	100	90	2.38432	0.810475	40	39.9	240414	295	1963	1.13062	0.9264	1968
286	473359	568	141429	331722	100	90	2.35699	0.810475	40	39.9	497939	295	1963	1.14587	0.945055	1968
287	536056	538	208271	318904	100	90	2.35482	0.810475	40	39.9	497939	295	1963	1.14114	0.950884	1968
288	563477	494	251786	298415	100	90	2.39349	0.810475	40	39.9	497939	295	1963	1.1528	0.958696	1968
289	566131	456	271168	278905	100	90	2.40941	0.810475	40	39.9	497939	295	1963	1.17063	0.971429	1968
290	557452	426	275897	266708	100	90	2.44804	0.810475	40	39.9	497939	295	1963	1.17136	0.959288	1968
291	514744	390	264788	249956	100	90	2.51777	0.810475	40	39.9	497939	295	1963	1.18302	0.957627	1968
292	311853	345	88803.9	223049	100	90	0.138271	0.810475	40	39.9	672157	295	1963	1.00355	0.81605	1968
293	634542	319	277473	357069	100	90	0.107238	0.810475	40	39.9	672157	295	1963	1.0029	0.815272	1968
294	911111	307	423676	487435	100	90	0.115	0.810475	40	39.9	672157	295	1963	1.00338	0.836493	1968
295	901497	281	428951	472547	100	90	0.121194	0.810475	40	39.9	672157	295	1963	1.00386	0.876433	1968
296	873906	266	429142	444764	100	90	0.139857	0.810475	40	39.9	672157	295	1963	1.00481	0.893391	1968
297	694559	2733	209152	485408	100	90	1.13024	0.810475	40	39.9	672157	295	1963	1.00693	0.884171	1968
298	794975	2453	308968	486007	100	90	1.38122	0.810475	40	39.9	672157	295	1963	1.00994	0.882754	1968
299	706016	2083	190610	515406	100	90	1.59011	0.810475	40	39.9	672157	295	1963	1.01405	0.886551	1968
300	672774	2050	155014	517760	100	90	1.8271	0.810475	40	39.9	672157	295	1963	1.10439	1.03559	1968
301	768476	1667	281115	486684	100	90	0.907694	0.810475	40	39.9	0	295	1963	1.03732	0.857294	1968
302	908535	1412	396366	511342	100	90	0.768931	0.810475	40	39.9	0	295	1963	1.02936	0.852774	1968
303	1.05863e+006	1193	496738	560718	100	90	0.715097	0.810475	40	39.9	0	295	1963	1.0264	0.851349	1968
304	1.13769e+006	988	550029	586554	100	90	0.746453	0.810475	40	39.9	0	295	1963	1.0291	0.86533	1968
305	1.16249e+006	955	573399	588155	100	90	0.845842	0.810475	40	39.9	0	295	1963	1.03017	0.882982	1968
306	1.13559e+006	1655	570037	565552	100	90	1.47939	0.810475	40	39.9	0	295	1963	1.03347	0.884388	1968
307	1.12574e+006	1565	571512	554225	100	90	1.64534	0.810475	40	39.9	0	295	1963	1.03585	0.886286	1968
308	1.09469e+006	1488	561030	533658	100	90	1.8271	0.810475	40	39.9	0	295	1963	1.03954	0.881215	1968
309	1.05197e+006	1245	542040	509927	100	90	1.91311	0.810475	40	39.9	0	295	1963	1.04984	0.881623	1968
310	730410	1055	243131	487279	100	90	1.97267	0.810475	40	39.9	304372	295	1963	1.05792	0.888345	1968
311	773430	927	320923	452507	100	90	2.08948	0.810475	40	39.9	304372	295	1963	1.07236	0.889385	1968
312	621353	842	186709	434645	100	90	2.15107	0.810475	40	39.9	304372	295	1963	1.08874	0.904938	1968
313	651994	741	261848	390146	100	90	2.18176	0.810475	40	39.9	304372	295	1963	1.10045	0.914446	1968
314	686182	674	319203	366979	100	90	2.24484	0.810475	40	39.9	304372	295	1963	1.11399	0.927132	1968
315	692395	620	341398	350997	100	90	2.33716	0.810475	40	39.9	304372	295	1963	1.1209	0.928328	1968
316	451255	549	133619	317232	100	90	2.32841	0.810475	40	39.9	530044	295	1963	1.15017	0.951362	1968
317	405085	509	101713	302039	100	90	2.35755	0.810475	40	39.9	530044	295	1963	1.15819	0.970464	1968
318	453793	466	166468	278668	100	90	2.37014	0.810475	40	39.9	530044	295	1963	1.16075	0.965197	1968
319	459928	399	203489	246109	100	90	2.4089	0.810475	40	39.9	530044	295	1963	1.17085	0.958678	1968
320	470039	370	225894	234761	100	90	2.44207	0.810475	40	39.9	530044	295	1963	1.18436	0.967066	1968
321	441071	340	222793	218278	100	90	2.44602	0.810475	40	39.9	530044	295	1963	1.18827	0.960526	1968
322	277885	310	77006.4	200879	100	90	0.141176	0.810475	40	39.9	678176	295	1963	1.00434	0.750446	1968
323	552266	278	240116	312149	100	90	0.105187	0.810475	40	39.9	678176	295	1963	1.00321	0.742954	1968
324	859300	247	400501	458799	100	90	0.103565	0.810475	40	39.9	678176	295	1963	1.00331	0.76705	1968
325	899102	212	428593	470509	100	90	0.100627	0.810475	40	39.9	678176	295	1963	1.00359	0.819814	1968
326	603225	178	178437	424788	100	90	0.102133	0.810475	40	39.9	678176	295	1963	1.00375	0.851511	1968
327	705015	2816	274194	430822	100	90	1.19117	0.810475	40	39.9	678176	295	1963	1.00423	0.839972	1968
328	875485	2652	393712	481773	100	90	1.46133	0.810475	40	39.9	678176	295	1963	1.00497	0.846225	1968
329	1.00593e+006	2256	480123	525809	100	90	1.69657	0.810475	40	39.9	678176	295	1963	1.00771	0.847835	1968
330	770185	1923	252186	517999	100	90	1.78699	0.810475	38	39.9	678176	295	1963	1.11672	1.02679	1968
331	846211	1549	361683	483598	100	90	1.08837	0.810475	40	39.9	0	295	1963	1.05508	0.844279	1968
332	952498	1330	447773	503112	100	90	0.91955	0.810475	40	39.9	0	295	1963	1.04172	0.816209	1968
333	1.0256e+006	1097	502405	521710	100	90	0.852355	0.810475	40	39.9	0	295	1963	1.03579	0.804961	1968
334	825889	944	267766	558005	100	90	0.895962	0.810475	40	39.9	0	295	1963	1.03948	0.821073	1968
335	748662	923	184408	564219	100	90	1.02826	0.810475	40	39.9	0	295	1963	1.04287	0.827522	1968
336	875454	1650	317518	557935	100	90	1.77217	0.810475	40	39.9	0	295	1963	1.04566	0.833178	1968
337	986489	1668	428442	558047	100	90	2.00177	0.810475	40	39.9	0	295	1963	1.04681	0.835946	1968
338	1.00362e+006	1496	475090	528531	100	90	2.09533	0.810475	40	39.9	0	295	1963	1.05119	0.84011	1968
339	1.00023e+006	1239	495120	505108	100	90	2.06831	0.810475	40	39.9	0	295	1963	1.05726	0.834437	1968
340	737157	1063	254555	482602	100	90	2.03962	0.810475	40	39.9	259194	295	1963	1.06246	0.839768	1968
341	755528	897	315673	439855	100	90	2.12769	0.810475	40	39.9	259194	295	1963	1.0701	0.852234	1968
342	819221	848	384010	435211	100	90	2.20331	0.810475	40	39.9	259194	295	1963	1.08223	0.868293	1968
343	797586	758	394824	402762	100	90	2.31044	0.810475	40	39.9	259194	295	1963	1.09896	0.871585	1968
344	552592	662	185550	367043	100	90	2.35708	0.810475	40	39.9	259194	295	1963	1.11692	0.877358	1968
345	579636	588	244039	335597	100	90	2.38542	0.810475	40	39.9	259194	295	1963	1.12401	0.886323	1968
346	455377	544	136725	318063	100	90	2.39669	0.810475	40	39.9	426424	295	1963	1.12803	0.891473	1968
347	487873	490	191770	287448	100	90	2.39749	0.810475	40	39.9	426424	295	1963	1.13981	0.896328	1968
348	476676	421	216150	249384	100	90	2.41855	0.810475	40	39.9	426424	295	1963	1.14123	0.874372	1968
349	482061	386	233591	234420	100	90	2.44914	0.810475	40	39.9	426424	295	1963	1.13671	0.876712	1968
350	479682	355	238344	228276	100	90	2.43188	0.810475	40	39.9	426424	295	1963	1.13889	0.875371	1968
351	465658	340	240319	225339	100	90	2.44968	0.810475	40	39.9	426424	295	1963	1.14243	0.883281	1968
352	277578	294	74559.6	203018	100	90	0.122568	0.810475	40	39.9	589828	295	1963	1.00289	0.737539	1968
353	580583	256	252168	328416	100	90	0.0896276	0.810475	40	39.9	589828	295	1963	1.00219	0.736095	1968
354	892050	247	413895	478154	100	90	0.0938126	0.810475	40	39.9	589828	295	1963	1.00239	0.768756	1968
355	669889	231	193790	476098	100	90	0.0984626	0.810475	40	39.9	589828	295	1963	1.00295	0.831321	1968
356	673184	199	248456	424728	100	90	0.102648	0.810475	40	39.9	589828	295	1963	1.00306	0.856102	1968
357	861530	3112	374535	486995	100	90	1.16913	0.810475	40	39.9	589828	295	1963	1.00403	0.850947	1968
358	1.03261e+006	3012	483728	548881	100	90	1.51151	0.810475	40	39.9	589828	295	1963	1.00687	0.856153	1968
359	1.07953e+006	2411	525017	554517	100	90	1.68757	0.810475	40	39.9	589828	295	1963	1.01117	0.859962	1968
360	800860	1997	265763	535097	100	90	1.69265	0.810475	37	39.9	589828	295	1963	1.09489	1.00354	1968
361	917873	1658	395561	522057	100	90	1.02706	0.810475	40	39.9	0	295	1963	1.04327	0.822358	1968
362	1.01088e+006	1407	476448	534002	100	90	0.870104	0.810475	40	39.9	0	295	1963	1.03105	0.798732	1968
363	1.13621e+006	1224	556162	579640	100	90	0.810948	0.810475	40	39.9	0	295	1963	1.026	0.792282	1968
364	1.19037e+006	1035	590837	599148	100	90	0.845429	0.810475	40	39.9	0	295	1963	1.03006	0.801649	1968
365	1.20432e+006	988	603065	600881	100	90	0.930457	0.810475	40	39.9	0	295	1963	1.03206	0.812741	1968
366	1.17174e+006	1705	593579	578163	100	90	1.60268	0.810475	40	39.9	0	295	1963	1.03665	0.826345	1968
367	1.15209e+006	1633	588727	563363	100	90	1.74461	0.810475	40	39.9	0	295	1963	1.03895	0.814368	1968
368	1.15193e+006	1520	592642	559292	100	90	1.84195	0.810475	40	39.9	0	295	1963	1.04476	0.813732	1968
369	1.08998e+006	1292	563498	526480	100	90	1.89273	0.810475	40	39.9	0	295	1963	1.04979	0.806065	1968
370	737101	1104	244579	492522	100	90	1.93846	0.810475	40	39.9	317764	295	1963	1.05712	0.81367	1968
371	641452	1009	164208	477244	100	90	2.03996	0.810475	40	39.9	317764	295	1963	1.05975	0.816139	1968
372	709377	905	266357	443019	100	90	2.14841	0.810475	40	39.9	317764	295	1963	1.06981	0.820896	1968
373	760490	830	341896	418594	100	90	2.21506	0.810475	40	39.9	317764	295	1963	1.07084	0.813433	1968
374	763985	732	372987	390998	100	90	2.24678	0.810475	40	39.9	317764	295	1963	1.08014	0.81294	1968
375	755677	672	381947	373730	100	90	2.32967	0.810475	40	39.9	317764	295	1963	1.08575	0.810107	1968
376	479102	591	135417	343513	100	90	2.34888	0.810475	40	39.9	578472	295	1963	1.1024	0.829825	1968
377	519530	521	199932	309827	100	90	2.33114	0.810475	40	39.9	578472	295	1963	1.1211	0.857715	1968
378	534387	456	240880	280406	100	90	2.3269	0.810475	40	39.9	578472	295	1963	1.13136	0.868056	1968
379	383250	400	129369	251018	100	90	2.38486	0.810475	40	39.9	578472	295	1963	1.12562	0.852632	1968
380	419023	370	179645	236587	100	90	2.38474	0.810475	40	39.9	578472	295	1963	1.13243	0.862464	1968
381	443158	351	214233	228926	100	90	2.36306	0.810475	40	39.9	578472	295	1963	1.15714	0.886503	1968
382	299384	332	79431.2	219952	100	90	0.279257	0.810475	40	39.9	734187	295	1963	1.0082	0.763711	1968
383	353979	307	90575.5	263404	100	90	0.196264	0.810475	40	39.9	734187	295	1963	1.00566	0.756635	1968
384	647513	280	261368	386146	100	90	0.175516	0.810475	40	39.9	734187	295	1963	1.00533	0.757973	1968
385	702372	257	201554	500818	100	90	0.188688	0.810475	40	39.9	734187	295	1963	1.00582	0.784483	1968
386	672074	245	144220	527854	100	90	0.213114	0.810475	40	39.9	734187	295	1963	1.00689	0.820826	1968
387	777237	2384	256914	520323	100	90	1.41653	0.810475	40	39.9	734187	295	1963	1.00816	0.829516	1968
388	947539	2423	388313	559226	100	90	1.63741	0.810475	40	39.9	734187	295	1963	1.0096	0.818426	1968
389	1.0277e+006	2118	466744	560952	100	90	1.75338	0.810475	40	39.9	734187	295	1963	1.0116	0.818664	1968
390	786088	1744	249224	536864	100	90	1.67133	0.810475	39	39.9	734187	295	1963	1.16585	1.08009	1968
391	861926	1422	366503	494385	100	90	1.46186	0.810475	40	39.9	0	295	1963	1.13508	0.957361	1968
392	915107	1208	430475	483050	100	90	1.37329	0.810475	40	39.9	0	295	1963	1.10654	0.89492	1968
393	980361	1078	481952	496697	100	90	1.34799	0.810475	40	39.9	0	295	1963	1.09144	0.86456	1968
394	983296	886	491650	490004	100	90	1.34819	0.810475	40	39.9	0	295	1963	1.0947	0.855526	1968
395	787001	929	263807	523040	100	90	1.54584	0.810475	40	39.9	0	295	1963	1.10261	0.852866	1968
396	883020	1111	370151	512869	100	90	1.97549	0.810475	40	39.9	0	295	1963	1.1049	0.842975	1968
397	944822	1077	441166	503657	100	90	2.1668	0.810475	40	39.9	0	295	1963	1.10378	0.840211	1968
398	713991	1031	228870	485121	100	90	2.30174	0.810475	40	39.9	0	295	1963	1.10594	0.84248	1968
399	761328	894	313929	447400	100	90	2.31443	0.810475	40	39.9	0	295	1963	1.10159	0.838785	1968
400	548177	758	143093	405084	100	90	2.295	0.810475	40	39.9	37739.7	295	1963	1.10811	0.84573	1968
401	626993	704	242943	384050	100	90	2.35531	0.810475	40	39.9	37739.7	295	1963	1.11656	0.853513	1968
402	668116	632	306793	361323	100	90	2.40117	0.810475	40	39.9	37739.7	295	1963	1.12844	0.861436	1968
403	648957	557	320658	328299	100	90	2.43568	0.810475	40	39.9	37739.7	295	1963	1.12589	0.857414	1968
404	620164	493	314337	305827	100	90	2.42799	0.810475	40	39.9	37739.7	295	1963	1.13911	0.873391	1968
405	441167	448	151559	289608	100	90	2.40237	0.810475	40	39.9	37739.7	295	1963	1.1488	0.88361	1968
406	356998	385	98939.2	257510	100	90	2.40664	0.810475	40	39.9	153115	295	1963	1.14937	0.903846	1968
407	400961	358	153135	240475	100	90	2.43565	0.810475	40	39.9	153115	295	1963	1.15385	0.910979	1968
408	430495	331	192071	228372	100	90	2.39836	0.810475	40	39.9	153115	295	1963	1.18263	0.948052	1968
409	449007	318	215792	220478	100	90	2.42907	0.810475	40	39.9	153115	295	1963	1.18809	0.942177	1968
410	320026	291	110201	207994	100	90	2.51146	0.810475	40	39.9	153115	295	1963	1.17921	0.943182	1968
411	311489	250	134150	177339	100	90	2.47079	0.810475	40	39.9	153115	295	1963	1.19917	0.977974	1968
412	233301	230	62254.8	171046	100	90	0.254376	0.810475	40	39.9	255517	295	1963	1.01084	0.694951	1968
413	328791	199	136061	192730	100	90	0.171339	0.810475	40	39.9	255517	295	1963	1.00747	0.695326	1968
414	578265	173	274563	303702	100	90	0.157817	0.810475	40	39.9	255517	295	1963	1.00665	0.708848	1968
415	870831	166	422045	448786	100	90	0.17004	0.810475	40	39.9	255517	295	1963	1.00757	0.730327	1968
416	986876	135	482048	504828	100	90	0.165982	0.810475	40	39.9	255517	295	1963	1.00773	0.753504	1968
417	1.03709e+006	1999	515436	521650	100	90	1.56065	0.810475	40	39.9	255517	295	1963	1.00935	0.772015	1968
418	1.05659e+006	1794	535290	521304	100	90	1.63933	0.810475	40	39.9	255517	295	1963	1.01099	0.766874	1968
419	1.06598e+006	1527	546743	519237	100	90	1.65169	0.810475	40	39.9	255517	295	1963	1.01349	0.755772	1968
420	774678	1361	270560	504118	100	90	1.53474	0.810475	39	39.9	255517	295	1963	1.25096	1.16369	1968
421	657611	1180	187645	469794	100	90	1.44565	0.810475	40	39.9	0	295	1963	1.21735	0.984866	1968
422	733389	1015	289450	443137	100	90	1.31854	0.810475	40	39.9	0	295	1963	1.16601	0.876399	1968
423	797718	862	366407	430192	100	90	1.27282	0.810475	40	39.9	0	295	1963	1.13947	0.826133	1968
424	900509	783	439221	459965	100	90	1.3221	0.810475	40	39.9	0	295	1963	1.14499	0.82145	1968
425	942853	837	472685	469021	100	90	1.55729	0.810475	40	39.9	0	295	1963	1.15108	0.817849	1968
426	949514	965	484964	464550	100	90	2.01409	0.810475	40	39.9	0	295	1963	1.15361	0.80108	1968
427	928296	948	479156	449140	100	90	2.16951	0.810475	40	39.9	0	295	1963	1.14693	0.780693	1968
428	914381	902	475292	439089	100	90	2.28463	0.810475	40	39.9	0	295	1963	1.151	0.786477	1968
429	877799	805	458695	419104	100	90	2.29912	0.810475	40	39.9	0	295	1963	1.14173	0.781167	1968
430	592280	726	192032	400249	100	90	2.30674	0.810475	40	39.9	266216	295	1963	1.1391	0.775	1968
431	656838	668	275617	381221	100	90	2.33058	0.810475	40	39.9	266216	295	1963	1.1507	0.780096	1968
432	649862	588	307068	342793	100	90	2.34546	0.810475	40	39.9	266216	295	1963	1.15548	0.794918	1968
433	643909	541	321875	322034	100	90	2.41105	0.810475	40	39.9	266216	295	1963	1.16147	0.806324	1968
434	437381	466	149149	288233	100	90	2.41214	0.810475	40	39.9	266216	295	1963	1.18777	0.830664	1968
435	448495	404	193628	254867	100	90	2.451	0.810475	40	39.9	266216	295	1963	1.20672	0.856	1968
436	311488	354	82174.1	229201	100	90	2.40911	0.810475	40	39.9	297949	295	1963	1.23145	0.891641	1968
437	360506	328	138426	215517	100	90	2.43348	0.810475	40	39.9	297949	295	1963	1.24351	0.908475	1968
438	381953	295	173171	200605	100	90	2.41103	0.810475	40	39.9	297949	295	1963	1.25448	0.920152	1968
439	393365	280	188095	193563	100	90	2.42151	0.810475	40	39.9	297949	295	1963	1.25483	0.934156	1968
440	387316	266	190479	186095	100	90	2.38866	0.810475	40	39.9	297949	295	1963	1.2753	0.943231	1968
441	330474	224	169842	160632	100	90	2.47226	0.810475	40	39.9	297949	295	1963	1.28431	0.978723	1968
442	196076	193	50917.6	145159	100	90	0.080985	0.810475	40	39.9	327632	295	1963	1.00324	0.684659	1968
443	531364	178	235327	296037	100	90	0.0637322	0.810475	40	39.9	327632	295	1963	1.00266	0.686357	1968
444	636395	167	189789	446606	100	90	0.0648497	0.810475	40	39.9	327632	295	1963	1.00275	0.724192	1968
445	655175	145	239456	415719	100	90	0.0580192	0.810475	40	39.9	327632	295	1963	1.00215	0.781839	1968
446	748981	128	321353	427627	100	90	0.0637077	0.810475	40	39.9	327632	295	1963	1.00252	0.812254	1968
447	895890	3373	417274	478616	100	90	1.2182	0.810475	40	39.9	327632	295	1963	1.00312	0.830135	1968
448	994956	2998	480619	514337	100	90	1.43758	0.810475	40	39.9	327632	295	1963	1.00452	0.847315	1968
449	1.04786e+006	2407	518442	529421	100	90	1.53255	0.810475	39	39.9	327632	295	1963	1.00658	0.838663	1968
450	785902	2054	264439	521463	100	90	1.60556	0.810475	36	39.9	327632	295	1963	1.06786	0.933399	1968
451	690170	1706	186797	503132	100	90	1.10632	0.810475	40	39.9	0	295	1963	1.04038	0.768876	1968
452	819892	1468	314844	504068	100	90	0.881806	0.810475	40	39.9	0	295	1963	1.02736	0.735906	1968
453	1.0154e+006	1321	454920	559144	100	90	0.865578	0.810475	40	39.9	0	295	1963	1.02447	0.737828	1968
454	1.12409e+006	1154	535676	586889	100	90	0.957151	0.810475	40	39.9	0	295	1963	1.02937	0.767173	1968
455	1.15679e+006	1067	569004	586436	100	90	1.04889	0.810475	40	39.9	0	295	1963	1.03261	0.794207	1968
456	1.12954e+006	1619	567042	562497	100	90	1.63223	0.810475	40	39.9	0	295	1963	1.03824	0.794811	1968
457	1.10699e+006	1540	563002	543989	100	90	1.82062	0.810475	40	39.9	0	295	1963	1.0427	0.8	1968
458	1.05721e+006	1371	543342	513873	100	90	1.94214	0.810475	40	39.9	0	295	1963	1.04314	0.794337	1968
459	1.03614e+006	1185	535766	500372	100	90	1.96691	0.810475	40	39.9	0	295	1963	1.04592	0.778929	1968
460	710215	1002	249451	460764	100	90	2.04454	0.810475	40	39.9	276607	295	1963	1.05499	0.786735	1968
461	590972	887	157353	433619	100	90	2.13033	0.810475	40	39.9	276607	295	1963	1.06514	0.798165	1968
462	678478	837	262459	416018	100	90	2.20885	0.810475	40	39.9	276607	295	1963	1.07426	0.797084	1968
463	720381	758	328185	392197	100	90	2.27079	0.810475	40	39.9	276607	295	1963	1.0881	0.808108	1968
464	518527	655	167252	351275	100	90	2.3261	0.810475	40	39.9	276607	295	1963	1.10497	0.807874	1968
465	556879	594	233360	323519	100	90	2.33837	0.810475	40	39.9	276607	295	1963	1.11321	0.809773	1968
466	433293	534	135671	297091	100	90	2.31425	0.810475	40	39.9	432501	295	1963	1.12522	0.822612	1968
467	484825	493	196395	279203	100	90	2.33981	0.810475	40	39.9	432501	295	1963	1.13244	0.828326	1968
468	513760	454	236810	264948	100	90	2.35083	0.810475	40	39.9	432501	295	1963	1.14799	0.822844	1968
469	467912	369	226860	227094	100	90	2.35431	0.810475	40	39.9	432501	295	1963	1.16887	0.847262	1968
470	436309	323	217017	207286	100	90	2.41661	0.810475	40	39.9	432501	295	1963	1.16718	0.848185	1968
471	386348	284	199588	186760	100	90	2.41115	0.810475	40	39.9	432501	295	1963	1.18978	0.888031	1968
472	255680	263	73653.7	182026	100	90	0.102263	0.810475	40	39.9	564116	295	1963	1.00323	0.716969	1968
473	461561	243	131503	330058	100	90	0.0821007	0.810475	40	39.9	564116	295	1963	1.00275	0.716693	1968
474	725039	218	270966	454073	100	90	0.0697167	0.810475	40	39.9	564116	295	1963	1.00236	0.747936	1968
475	792392	198	330032	462360	100	90	0.0735748	0.810475	40	39.9	564116	295	1963	1.00272	0.814381	1968
476	801495	174	363678	437816	100	90	0.083184	0.810475	40	39.9	564116	295	1963	1.00344	0.853399	1968
477	668258	3152	190030	478228	100	90	1.13507	0.810475	40	39.9	564116	295	1963	1.00462	0.846923	1968
478	780452	2970	295336	485116	100	90	1.43947	0.810475	40	39.9	564116	295	1963	1.00652	0.854966	1968
479	715586	2713	192292	523293	100	90	1.72384	0.810475	40	39.9	564116	295	1963	1.00804	0.851711	1968
480	675642	2383	154225	521417	100	90	1.8991	0.810475	38	39.9	564116	295	1963	1.05851	0.932627	1968
481	794564	1963	291734	501699	100	90	1.09641	0.810475	40	39.9	0	295	1963	1.02644	0.790525	1968
482	912018	1628	397188	513649	100	90	0.904901	0.810475	40	39.9	0	295	1963	1.01937	0.782681	1968
483	1.05388e+006	1347	495619	556271	100	90	0.831645	0.810475	40	39.9	0	295	1963	1.01548	0.781245	1968
484	1.13699e+006	1124	551098	583991	100	90	0.85795	0.810475	40	39.9	0	295	1963	1.01646	0.797449	1968
485	1.15772e+006	1017	572226	583764	100	90	0.940529	0.810475	40	39.9	0	295	1963	1.01848	0.81159	1968
486	1.12445e+006	1727	564113	560342	100	90	1.55125	0.810475	40	39.9	0	295	1963	1.02055	0.809137	1968
487	1.09876e+006	1577	557552	541204	100	90	1.66584	0.810475	40	39.9	0	295	1963	1.02497	0.815512	1968
488	1.05532e+006	1478	540421	514900	100	90	1.8862	0.810475	40	39.9	0	295	1963	1.0278	0.80069	1968
489	1.00379e+006	1226	516790	486996	100	90	1.91395	0.810475	40	39.9	0	295	1963	1.03342	0.796836	1968
490	714442	1060	250698	463744	100	90	1.95618	0.810475	40	39.9	266924	295	1963	1.03987	0.800386	1968
491	615586	975	162220	453366	100	90	2.08236	0.810475	40	39.9	266924	295	1963	1.04788	0.80608	1968
492	678947	871	258508	420439	100	90	2.18491	0.810475	40	39.9	266924	295	1963	1.04977	0.813599	1968
493	562378	792	164186	398192	100	90	2.23964	0.810475	40	39.9	266924	295	1963	1.07617	0.843953	1968
494	471804	689	115957	355847	100	90	2.29378	0.810475	40	39.9	266924	295	1963	1.08443	0.856928	1968
495	516353	615	193347	323005	100	90	2.33069	0.810475	40	39.9	266924	295	1963	1.09217	0.855688	1968
496	450861	574	140347	309716	100	90	2.33004	0.810475	40	39.9	397816	295	1963	1.10744	0.869725	1968
497	478244	503	193572	275963	100	90	2.33209	0.810475	40	39.9	397816	295	1963	1.12139	0.886316	1968
498	497324	456	227650	258381	100	90	2.35865	0.810475	40	39.9	397816	295	1963	1.13449	0.905437	1968
499	494406	416	238644	242252	100	90	2.41235	0.810475	40	39.9	397816	295	1963	1.13869	0.885417	1968
500	485482	383	240316	232688	100	90	2.43695	0.810475	40	39.9	397816	295	1963	1.13298	0.863128	1968
501	430246	335	221049	209197	100	90	2.36372	0.810475	40	39.9	397816	295	1963	1.12874	0.855769	1968
502	268704	296	77381.4	191322	100	90	0.112702	0.810475	40	39.9	537808	295	1963	1.00277	0.742014	1968
503	602851	273	267979	334872	100	90	0.0918301	0.810475	40	39.9	537808	295	1963	1.00241	0.738728	1968
504	882797	258	411971	470826	100	90	0.0934695	0.810475	40	39.9	537808	295	1963	1.0025	0.775875	1968
505	875917	242	417221	458695	100	90	0.0983242	0.810475	40	39.9	537808	295	1963	1.00303	0.834848	1968
506	850589	232	417386	433203	100	90	0.114936	0.810475	40	39.9	537808	295	1963	1.00366	0.851553	1968
507	657048	2798	196805	460243	100	90	1.08222	0.810475	40	39.9	537808	295	1963	1.00509	0.835216	1968
508	765753	2519	297990	467763	100	90	1.32843	0.810475	40	39.9	537808	295	1963	1.008	0.850219	1968
509	907462	2244	404425	503037	100	90	1.58674	0.810475	40	39.9	537808	295	1963	1.01044	0.841497	1968
510	739413	1997	231990	507422	100	90	1.81407	0.810475	39	39.9	537808	295	1963	1.09399	0.961655	1968
511	828755	1637	349815	477968	100	90	0.94734	0.810475	40	39.9	0	295	1963	1.03488	0.795852	1968
512	928274	1344	434323	492551	100	90	0.761791	0.810475	40	39.9	0	295	1963	1.0245	0.784209	1968
513	1.06193e+006	1127	516006	544178	100	90	0.702138	0.810475	40	39.9	0	295	1963	1.02155	0.786028	1968
514	1.14781e+006	981	566120	579859	100	90	0.754073	0.810475	40	39.9	0	295	1963	1.02488	0.813548	1968
515	1.18578e+006	954	590585	593522	100	90	0.852063	0.810475	40	39.9	0	295	1963	1.02888	0.831759	1968
516	1.15449e+006	1768	581272	573216	100	90	1.5528	0.810475	40	39.9	0	295	1963	1.03148	0.837291	1968
517	1.12782e+006	1544	574396	553428	100	90	1.65988	0.810475	40	39.9	0	295	1963	1.03865	0.83148	1968
518	1.09417e+006	1445	561072	533103	100	90	1.81164	0.810475	40	39.9	0	295	1963	1.04567	0.831187	1968
519	1.01615e+006	1190	524340	491811	100	90	1.8592	0.810475	40	39.9	0	295	1963	1.05583	0.830435	1968
520	715316	1052	242044	473272	100	90	1.94725	0.810475	40	39.9	293794	295	1963	1.0587	0.831207	1968
521	766279	941	319038	447241	100	90	2.05014	0.810475	40	39.9	293794	295	1963	1.06068	0.830416	1968
522	823310	894	385427	437882	100	90	2.11849	0.810475	40	39.9	293794	295	1963	1.06611	0.831603	1968
523	814072	812	402126	411946	100	90	2.16934	0.810475	40	39.9	293794	295	1963	1.08378	0.849682	1968
524	773883	737	392161	381721	100	90	2.2148	0.810475	40	39.9	293794	295	1963	1.09606	0.860563	1968
525	739574	677	379654	359920	100	90	2.2513	0.810475	40	39.9	293794	295	1963	1.10388	0.87057	1968
526	429810	569	116703	313013	100	90	2.19693	0.810475	40	39.9	357096	295	1963	1.12151	0.888073	1968
527	495246	531	188463	298317	100	90	2.21573	0.810475	40	39.9	357096	295	1963	1.12903	0.885375	1968
528	539604	498	241001	286761	100	90	2.24227	0.810475	40	39.9	357096	295	1963	1.12984	0.891258	1968
529	553291	466	263945	274129	100	90	2.25241	0.810475	40	39.9	357096	295	1963	1.14862	0.902326	1968
530	528321	411	260924	254016	100	90	2.29202	0.810475	40	39.9	357096	295	1963	1.16502	0.91129	1968
531	474900	368	243722	231178	100	90	2.31778	0.810475	40	39.9	357096	295	1963	1.18519	0.929012	1968
532	305796	331	87375.6	218421	100	90	0.126118	0.810475	40	39.9	517664	295	1963	1.00424	0.714149	1968
533	631998	297	275925	356073	100	90	0.0979785	0.810475	40	39.9	517664	295	1963	1.00345	0.71176	1968
534	890317	279	412230	478087	100	90	0.0998825	0.810475	40	39.9	517664	295	1963	1.0035	0.753245	1968
535	867561	264	411451	456110	100	90	0.10763	0.810475	40	39.9	517664	295	1963	1.00385	0.825956	1968
536	876289	259	430334	445955	100	90	0.131776	0.810475	40	39.9	517664	295	1963	1.00482	0.835232	1968
537	942093	2777	471069	471024	100	90	1.1337	0.810475	40	39.9	517664	295	1963	1.00687	0.827309	1968
538	750508	2412	235867	514642	100	90	1.34117	0.810475	40	39.9	517664	295	1963	1.01088	0.828323	1968
539	846745	2050	337171	509574	100	90	1.50552	0.810475	40	39.9	517664	295	1963	1.01485	0.835188	1968
540	727400	1894	213336	514064	100	90	1.73259	0.810475	40	39.9	517664	295	1963	1.09332	0.968834	1968
541	852124	1624	350281	500676	100	90	0.911804	0.810475	40	39.9	0	295	1963	1.03468	0.765838	1968
542	967463	1363	445299	520787	100	90	0.763934	0.810475	40	39.9	0	295	1963	1.02603	0.76003	1968
543	1.09968e+006	1164	530295	567471	100	90	0.732196	0.810475	40	39.9	0	295	1963	1.02462	0.762897	1968
544	1.14885e+006	993	563920	583085	100	90	0.772961	0.810475	40	39.9	0	295	1963	1.02776	0.790661	1968
545	1.14587e+006	953	572049	572198	100	90	0.869332	0.810475	40	39.9	0	295	1963	1.0328	0.815968	1968
546	1.13893e+006	1766	577539	561395	100	90	1.54777	0.810475	40	39.9	0	295	1963	1.03725	0.81989	1968
547	818151	1563	274740	543411	100	90	1.62377	0.810475	40	39.9	0	295	1963	1.04358	0.811509	1968
548	913505	1521	383514	529991	100	90	1.83387	0.810475	40	39.9	0	295	1963	1.0513	0.824658	1968
549	989404	1343	463499	525905	100	90	1.94499	0.810475	40	39.9	0	295	1963	1.06056	0.822067	1968
550	768692	1186	266155	502537	100	90	2.00497	0.810475	40	39.9	243790	295	1963	1.07483	0.828042	1968
551	835364	1071	352870	482494	100	90	2.088	0.810475	40	39.9	243790	295	1963	1.0896	0.842927	1968
552	875744	994	412156	463588	100	90	2.16316	0.810475	40	39.9	243790	295	1963	1.09511	0.852165	1968
553	653543	901	212386	441157	100	90	2.17052	0.810475	40	39.9	243790	295	1963	1.1049	0.852804	1968
554	713997	829	295738	418260	100	90	2.20811	0.810475	40	39.9	243790	295	1963	1.12018	0.866242	1968
555	711042	733	332329	378713	100	90	2.20623	0.810475	40	39.9	243790	295	1963	1.12531	0.855714	1968
556	517172	678	162442	354391	100	90	2.19954	0.810475	40	39.9	454735	295	1963	1.14052	0.884735	1968
557	544525	589	218388	316382	100	90	2.19292	0.810475	40	39.9	454735	295	1963	1.16352	0.882353	1968
558	563394	540	255234	294352	100	90	2.21917	0.810475	40	39.9	454735	295	1963	1.17668	0.910156	1968
559	577130	506	276444	284143	100	90	2.25155	0.810475	40	39.9	454735	295	1963	1.19261	0.927966	1968
560	545680	451	268722	262498	100	90	2.30014	0.810475	40	39.9	454735	295	1963	1.1929	0.911271	1968
561	505702	411	259022	246680	100	90	2.37363	0.810475	40	39.9	454735	295	1963	1.18228	0.903743	1968
562	320649	368	93160.1	227489	100	90	0.138184	0.810475	40	39.9	620433	295	1963	1.00426	0.754755	1968
563	646102	331	283782	362321	100	90	0.106808	0.810475	40	39.9	620433	295	1963	1.00341	0.754813	1968
564	905491	314	420599	484892	100	90	0.111215	0.810475	40	39.9	620433	295	1963	1.00393	0.787675	1968
565	883674	295	420816	462858	100	90	0.120374	0.810475	40	39.9	620433	295	1963	1.00458	0.842091	1968
566	866627	281	426163	440464	100	90	0.139435	0.810475	40	39.9	620433	295	1963	1.0062	0.859771	1968
567	963912	2730	482276	481637	100	90	1.0789	0.810475	40	39.9	620433	295	1963	1.00885	0.852193	1968
568	1.0269e+006	2474	517874	509021	100	90	1.26316	0.810475	40	39.9	620433	295	1963	1.01015	0.857488	1968
569	769869	2081	246866	523003	100	90	1.41108	0.810475	40	39.9	620433	295	1963	1.01515	0.865672	1968
570	683609	1951	172254	511356	100	90	1.65272	0.810475	39	39.9	620433	295	1963	1.09678	1.00835	1968
571	655980	1693	150887	504872	100	90	0.841833	0.810475	40	39.9	0	295	1963	1.034	0.813339	1968
572	667021	1440	144203	522735	100	90	0.663516	0.810475	40	39.9	0	295	1963	1.02392	0.792184	1968
573	866208	1226	309686	555936	100	90	0.583257	0.810475	40	39.9	0	295	1963	1.01843	0.794921	1968
574	1.00964e+006	1066	429068	579975	100	90	0.630956	0.810475	40	39.9	0	295	1963	1.02136	0.831997	1968
575	1.047e+006	992	484130	562317	100	90	0.723612	0.810475	40	39.9	0	295	1963	1.02455	0.853597	1968
576	1.07226e+006	1971	521264	550993	100	90	1.44405	0.810475	40	39.9	0	295	1963	1.02865	0.844612	1968
577	1.09412e+006	1758	546225	547896	100	90	1.55399	0.810475	40	39.9	0	295	1963	1.03375	0.850739	1968
578	1.08267e+006	1598	548360	534315	100	90	1.75486	0.810475	40	39.9	0	295	1963	1.03996	0.838585	1968
579	1.02679e+006	1295	525446	501345	100	90	1.8545	0.810475	40	39.9	0	295	1963	1.0516	0.843106	1968
580	733175	1107	255261	477914	100	90	1.92149	0.810475	40	39.9	277845	295	1963	1.06199	0.851715	1968
581	794137	988	336436	457701	100	90	2.04241	0.810475	40	39.9	277845	295	1963	1.07104	0.863825	1968
582	832493	893	391953	440539	100	90	2.11979	0.810475	40	39.9	277845	295	1963	1.08091	0.879032	1968
583	808812	799	400077	408735	100	90	2.18233	0.810475	40	39.9	277845	295	1963	1.0859	0.866496	1968
584	595036	746	199253	395782	100	90	2.24247	0.810475	40	39.9	277845	295	1963	1.10084	0.867769	1968
585	645362	692	271005	374357	100	90	2.26424	0.810475	40	39.9	277845	295	1963	1.11828	0.88024	1968
586	514923	650	156595	357895	100	90	2.26495	0.810475	40	39.9	454803	295	1963	1.12751	0.888889	1968
587	545323	570	216362	319041	100	90	2.23831	0.810475	40	39.9	454803	295	1963	1.14073	0.914339	1968
588	570950	519	259746	297866	100	90	2.26532	0.810475	40	39.9	454803	295	1963	1.14312	0.916155	1968
589	577351	480	277188	283232	100	90	2.2692	0.810475	40	39.9	454803	295	1963	1.15587	0.93018	1968
590	553126	433	272364	265654	100	90	2.32408	0.810475	40	39.9	454803	295	1963	1.14747	0.921914	1968
591	507038	396	259002	248035	100	90	2.35307	0.810475	40	39.9	454803	295	1963	1.14433	0.919668	1968
592	330149	368	92518	237631	100	90	0.138868	0.810475	40	39.9	621967	295	1963	1.00309	0.779365	1968
593	659436	342	286884	372552	100	90	0.113429	0.810475	40	39.9	621967	295	1963	1.00271	0.77831	1968
594	918085	329	425019	493067	100	90	0.117711	0.810475	40	39.9	621967	295	1963	1.00289	0.809712	1968
595	888913	289	422690	466223	100	90	0.118731	0.810475	40	39.9	621967	295	1963	1.00352	0.859863	1968
596	869343	276	427480	441863	100	90	0.137382	0.810475	40	39.9	621967	295	1963	1.00446	0.872914	1968
597	954371	2688	477498	476873	100	90	1.07371	0.810475	40	39.9	621967	295	1963	1.00699	0.863064	1968
598	1.04453e+006	2414	527405	517120	100	90	1.27803	0.810475	40	39.9	621967	295	1963	1.00958	0.860133	1968
599	1.0939e+006	2083	555032	538863	100	90	1.454	0.810475	40	39.9	621967	295	1963	1.01235	0.861702	1968
600	811841	1829	278478	533363	100	90	1.6169	0.810475	40	39.9	621967	295	1963	1.11887	1.03887	1968
601	907590	1531	396196	510710	100	90	0.905155	0.810475	40	39.9	0	295	1963	1.04699	0.842548	1968
602	1.01172e+006	1336	480443	530188	100	90	0.765956	0.810475	40	39.9	0	295	1963	1.03286	0.819356	1968
603	1.11078e+006	1133	543255	566330	100	90	0.709576	0.810475	40	39.9	0	295	1963	1.02981	0.817858	1968
604	1.16548e+006	977	576953	587338	100	90	0.736633	0.810475	40	39.9	0	295	1963	1.03284	0.840213	1968
605	855325	966	275960	579282	100	90	0.863636	0.810475	40	39.9	0	295	1963	1.03663	0.850755	1968
606	729614	1648	178351	551263	100	90	1.43963	0.810475	40	39.9	0	295	1963	1.03747	0.855285	1968
607	661347	1596	137282	524065	100	90	1.63911	0.810475	40	39.9	0	295	1963	1.04132	0.858233	1968
608	760341	1600	261210	499130	100	90	1.89041	0.810475	40	39.9	0	295	1963	1.04659	0.852564	1968
609	888246	1386	380186	508060	100	90	2.0606	0.810475	40	39.9	0	295	1963	1.06181	0.85089	1968
610	761177	1212	267445	493732	100	90	2.10229	0.810475	40	39.9	188477	295	1963	1.07376	0.85339	1968
611	802454	1056	344689	457765	100	90	2.16963	0.810475	40	39.9	188477	295	1963	1.0863	0.869013	1968
612	828292	940	394206	434086	100	90	2.18224	0.810475	40	39.9	188477	295	1963	1.09873	0.881319	1968
613	798903	819	399108	399795	100	90	2.17567	0.810475	40	39.9	188477	295	1963	1.10714	0.880952	1968
614	765735	730	389471	376265	100	90	2.22667	0.810475	40	39.9	188477	295	1963	1.12763	0.90085	1968
615	700420	637	360109	340312	100	90	2.20413	0.810475	40	39.9	188477	295	1963	1.14511	0.91354	1968
616	458703	576	139290	319199	100	90	2.20056	0.810475	40	39.9	420449	295	1963	1.16827	0.940217	1968
617	512365	532	203228	300315	100	90	2.2266	0.810475	40	39.9	420449	295	1963	1.17699	0.943026	1968
618	533310	482	242079	278383	100	90	2.24294	0.810475	40	39.9	420449	295	1963	1.18182	0.945887	1968
619	558319	463	268253	273896	100	90	2.28572	0.810475	40	39.9	420449	295	1963	1.18008	0.947248	1968
620	523239	410	258589	250397	100	90	2.31737	0.810475	40	39.9	420449	295	1963	1.17788	0.924675	1968
621	469798	366	241157	228641	100	90	2.35146	0.810475	40	39.9	420449	295	1963	1.18006	0.911243	1968
622	313187	347	87948	225239	100	90	0.132552	0.810475	40	39.9	577448	295	1963	1.0043	0.765466	1968
623	647475	325	283183	364292	100	90	0.108775	0.810475	40	39.9	577448	295	1963	1.00354	0.767929	1968
624	881773	268	410928	470845	100	90	0.0972382	0.810475	40	39.9	577448	295	1963	1.00358	0.802044	1968
625	629062	256	178418	450644	100	90	0.104877	0.810475	40	39.9	577448	295	1963	1.00396	0.845719	1968
626	673339	238	247797	425542	100	90	0.120959	0.810475	40	39.9	577448	295	1963	1.00507	0.858093	1968
627	635760	3016	167381	468379	100	90	1.18878	0.810475	40	39.9	577448	295	1963	1.00689	0.854613	1968
628	755453	2733	275045	480408	100	90	1.43228	0.810475	40	39.9	577448	295	1963	1.01052	0.873323	1968
629	894261	2352	383202	511060	100	90	1.6015	0.810475	40	39.9	577448	295	1963	1.01342	0.876698	1968
630	765519	2234	233046	532473	100	90	1.71277	0.810475	40	39.9	577448	295	1963	1.08893	0.999097	1968
631	890441	1862	368769	521303	100	90	1.01602	0.810475	40	39.9	0	295	1963	1.03955	0.825981	1968
632	749842	1548	221076	528745	100	90	0.864915	0.810475	40	39.9	0	295	1963	1.02917	0.813275	1968
633	949694	1342	378405	571031	100	90	0.74684	0.810475	40	39.9	0	295	1963	1.02294	0.799061	1968
634	1.09547e+006	1139	492165	603075	100	90	0.775903	0.810475	40	39.9	0	295	1963	1.02536	0.820942	1968
635	1.13503e+006	1067	539471	595338	100	90	0.874505	0.810475	40	39.9	0	295	1963	1.02894	0.84828	1968
636	1.12427e+006	1842	553431	570835	100	90	1.56695	0.810475	40	39.9	0	295	1963	1.0355	0.841858	1968
637	810945	1617	263050	547894	100	90	1.65923	0.810475	40	39.9	0	295	1963	1.0419	0.832678	1968
638	684888	1485	169467	515421	100	90	1.8436	0.810475	40	39.9	0	295	1963	1.05353	0.845041	1968
639	763273	1266	281789	481484	100	90	1.95728	0.810475	40	39.9	0	295	1963	1.06593	0.845843	1968
640	693071	1096	239323	453748	100	90	2.0766	0.810475	40	39.9	139188	295	1963	1.07173	0.844715	1968
641	744237	964	320816	423422	100	90	2.18872	0.810475	40	39.9	139188	295	1963	1.08224	0.847548	1968
642	770714	857	366938	403776	100	90	2.26262	0.810475	40	39.9	139188	295	1963	1.09339	0.865617	1968
643	713999	720	355428	358571	100	90	2.2285	0.810475	40	39.9	139188	295	1963	1.11389	0.873199	1968
644	691148	645	350998	340150	100	90	2.22693	0.810475	40	39.9	139188	295	1963	1.14003	0.891935	1968
645	653426	579	335386	318040	100	90	2.18013	0.810475	40	39.9	139188	295	1963	1.16144	0.914286	1968
646	408435	526	110450	297960	100	90	2.13691	0.810475	40	39.9	195971	295	1963	1.17526	0.939216	1968
647	460966	486	176679	275566	100	90	2.1294	0.810475	40	39.9	195971	295	1963	1.1791	0.955032	1968
648	527699	481	238519	277119	100	90	2.17819	0.810475	40	39.9	195971	295	1963	1.17647	0.949451	1968
649	533295	446	255131	261068	100	90	2.17813	0.810475	40	39.9	195971	295	1963	1.2	0.97343	1968
650	514979	410	253323	246378	100	90	2.21584	0.810475	40	39.9	195971	295	1963	1.21859	0.98374	1968
651	487559	389	249812	237747	100	90	2.21905	0.810475	40	39.9	195971	295	1963	1.22193	0.959654	1968
652	304698	354	86090	218608	100	90	0.13214	0.810475	40	39.9	357241	295	1963	1.00511	0.754879	1968
653	628439	305	276617	351822	100	90	0.0975013	0.810475	40	39.9	357241	295	1963	1.00328	0.755728	1968
654	881708	261	411305	470403	100	90	0.0903058	0.810475	40	39.9	357241	295	1963	1.00319	0.794033	1968
655	849245	242	406022	443223	100	90	0.0941774	0.810475	40	39.9	357241	295	1963	1.00336	0.85268	1968
656	836471	231	414877	421595	100	90	0.112594	0.810475	40	39.9	357241	295	1963	1.0045	0.864881	1968
657	946366	2968	476199	470167	100	90	1.10962	0.810475	40	39.9	357241	295	1963	1.00614	0.854312	1968
658	1.065e+006	2644	538533	526462	100	90	1.35716	0.810475	40	39.9	357241	295	1963	1.00897	0.869164	1968
659	1.07333e+006	2164	546445	526884	100	90	1.45441	0.810475	40	39.9	357241	295	1963	1.01066	0.86986	1968
660	794333	1932	274175	520159	100	90	1.61756	0.810475	39	39.9	357241	295	1963	1.09605	1.01417	1968
661	677212	1588	186829	490321	100	90	0.936986	0.810475	40	39.9	0	295	1963	1.04337	0.824144	1968
662	842318	1403	325285	516847	100	90	0.726754	0.810475	40	39.9	0	295	1963	1.02673	0.797028	1968
663	1.01689e+006	1233	454431	562239	100	90	0.714386	0.810475	40	39.9	0	295	1963	1.02488	0.797614	1968
664	1.12038e+006	1082	532043	588040	100	90	0.787129	0.810475	40	39.9	0	295	1963	1.02961	0.822544	1968
665	1.13059e+006	999	554365	576005	100	90	0.867039	0.810475	40	39.9	0	295	1963	1.03454	0.841851	1968
666	1.11135e+006	1706	557580	553767	100	90	1.47645	0.810475	40	39.9	0	295	1963	1.0366	0.838375	1968
667	1.08957e+006	1630	553710	535860	100	90	1.64595	0.810475	40	39.9	0	295	1963	1.03845	0.824859	1968
668	1.06602e+006	1460	546463	519557	100	90	1.75768	0.810475	40	39.9	0	295	1963	1.04575	0.82761	1968
669	1.01317e+006	1202	523741	489431	100	90	1.87162	0.810475	40	39.9	0	295	1963	1.05924	0.844652	1968
670	686017	1016	225723	460294	100	90	1.92992	0.810475	40	39.9	300027	295	1963	1.07378	0.866801	1968
671	589000	917	153118	435882	100	90	2.04595	0.810475	40	39.9	300027	295	1963	1.09083	0.887514	1968
672	666267	838	253420	412847	100	90	2.1422	0.810475	40	39.9	300027	295	1963	1.10439	0.891759	1968
673	704673	756	318175	386497	100	90	2.19704	0.810475	40	39.9	300027	295	1963	1.12145	0.901907	1968
674	731679	703	356078	375601	100	90	2.24531	0.810475	40	39.9	300027	295	1963	1.13793	0.91543	1968
675	721110	651	362675	358435	100	90	2.26379	0.810475	40	39.9	300027	295	1963	1.15286	0.935065	1968
676	454584	563	132201	322234	100	90	2.26898	0.810475	40	39.9	543323	295	1963	1.17677	0.975332	1968
677	501518	508	195024	296900	100	90	2.27141	0.810475	40	39.9	543323	295	1963	1.19471	0.993684	1968
678	536781	465	241826	281811	100	90	2.28756	0.810475	40	39.9	543323	295	1963	1.1858	0.993056	1968
679	519083	409	248806	253905	100	90	2.30449	0.810475	40	39.9	543323	295	1963	1.18705	0.976316	1968
680	515976	383	254592	246349	100	90	2.36027	0.810475	40	39.9	543323	295	1963	1.19086	0.97971	1968
681	489889	364	251456	238433	100	90	2.37263	0.810475	40	39.9	543323	295	1963	1.19653	0.990596	1968
682	319506	347	86107.3	233399	100	90	0.138517	0.810475	40	39.9	713823	295	1963	1.00529	0.810302	1968
683	634203	314	272791	361412	100	90	0.106907	0.810475	40	39.9	713823	295	1963	1.00406	0.805558	1968
684	896472	268	415282	481190	100	90	0.100483	0.810475	40	39.9	713823	295	1963	1.00398	0.83013	1968
685	887338	251	421693	465645	100	90	0.104166	0.810475	40	39.9	713823	295	1963	1.00449	0.871718	1968
686	851867	235	417478	434389	100	90	0.120529	0.810475	40	39.9	713823	295	1963	1.00469	0.877391	1968
687	923945	2704	462397	461549	100	90	1.08667	0.810475	40	39.9	713823	295	1963	1.00549	0.868624	1968
688	1.00403e+006	2292	507288	496746	100	90	1.25089	0.810475	40	39.9	713823	295	1963	1.00781	0.88038	1968
689	1.05807e+006	1954	537616	520457	100	90	1.43313	0.810475	40	39.9	713823	295	1963	1.01108	0.878295	1968
690	763912	1716	262768	501143	100	90	1.61394	0.810475	37	39.9	713823	295	1963	1.11136	1.06209	1968
691	869467	1461	382170	487095	100	90	0.945645	0.810475	40	39.9	0	295	1963	1.04652	0.868303	1968
692	942541	1213	448652	493587	100	90	0.745889	0.810475	40	39.9	0	295	1963	1.03102	0.839735	1968
693	1.06491e+006	1065	522740	541790	100	90	0.733779	0.810475	40	39.9	0	295	1963	1.02891	0.845513	1968
694	1.13503e+006	927	565050	569633	100	90	0.776931	0.810475	40	39.9	0	295	1963	1.03193	0.859285	1968
695	1.14307e+006	860	573380	569436	100	90	0.861713	0.810475	40	39.9	0	295	1963	1.0367	0.87446	1968
696	1.1479e+006	1639	580351	567545	100	90	1.54599	0.810475	40	39.9	0	295	1963	1.03973	0.868059	1968
697	1.12825e+006	1538	574273	553977	100	90	1.69861	0.810475	40	39.9	0	295	1963	1.04608	0.857143	1968
698	795799	1394	266077	529722	100	90	1.81941	0.810475	40	39.9	0	295	1963	1.05096	0.857675	1968
699	863656	1209	361111	502544	100	90	1.89603	0.810475	40	39.9	0	295	1963	1.05523	0.843456	1968
700	647386	1057	175991	471395	100	90	1.96276	0.810475	40	39.9	31156.8	295	1963	1.05722	0.844811	1968
701	723564	940	282548	441016	100	90	2.11266	0.810475	40	39.9	31156.8	295	1963	1.07007	0.855738	1968
702	757889	824	347596	410293	100	90	2.19646	0.810475	40	39.9	31156.8	295	1963	1.09704	0.886108	1968
703	749390	730	368390	381000	100	90	2.25239	0.810475	40	39.9	31156.8	295	1963	1.10788	0.893466	1968
704	720120	649	364842	355278	100	90	2.24679	0.810475	40	39.9	31156.8	295	1963	1.12397	0.896166	1968
705	662500	563	340424	322076	100	90	2.23859	0.810475	40	39.9	31156.8	295	1963	1.1561	0.929104	1968
706	411573	499	118156	293313	100	90	2.24649	0.810475	40	39.9	262856	295	1963	1.16111	0.941176	1968
707	349099	434	88204.3	259812	100	90	2.27292	0.810475	40	39.9	262856	295	1963	1.17609	0.958333	1968
708	407829	407	153423	246362	100	90	2.25932	0.810475	40	39.9	262856	295	1963	1.18329	0.958225	1968
709	432045	368	194108	228190	100	90	2.29801	0.810475	40	39.9	262856	295	1963	1.20321	0.970238	1968
710	467577	360	226031	232074	100	90	2.29399	0.810475	40	39.9	262856	295	1963	1.22067	0.984472	1968
711	451037	342	227592	223445	100	90	2.32379	0.810475	40	39.9	262856	295	1963	1.25545	1.0378	1968
712	304006	324	82454.2	221552	100	90	0.151732	0.810475	40	39.9	417578	295	1963	1.00649	0.709352	1968
713	573558	302	247791	325767	100	90	0.115624	0.810475	40	39.9	417578	295	1963	1.00479	0.71125	1968
714	866413	275	403492	462920	100	90	0.118237	0.810475	40	39.9	417578	295	1963	1.00449	0.733907	1968
715	875142	237	416767	458375	100	90	0.116441	0.810475	40	39.9	417578	295	1963	1.00468	0.800338	1968
716	830947	215	408334	422613	100	90	0.130365	0.810475	40	39.9	417578	295	1963	1.00571	0.842285	1968
717	918465	2558	460948	457517	100	90	1.1455	0.810475	40	39.9	417578	295	1963	1.00682	0.83675	1968
718	994510	2214	503346	491164	100	90	1.32722	0.810475	40	39.9	417578	295	1963	1.0097	0.835439	1968
719	1.00173e+006	1787	511241	490493	100	90	1.43705	0.810475	40	39.9	417578	295	1963	1.01149	0.831594	1968
720	738610	1633	255898	482712	100	90	1.61119	0.810475	36	39.9	417578	295	1963	1.12106	1.02615	1968
721	836304	1373	371438	464672	100	90	0.988161	0.810475	40	39.9	0	295	1963	1.05452	0.792627	1968
722	909014	1167	437269	471391	100	90	0.85394	0.810475	40	39.9	0	295	1963	1.03676	0.767355	1968
723	1.00772e+006	1004	498916	508438	100	90	0.826889	0.810475	40	39.9	0	295	1963	1.03616	0.775441	1968
724	1.0926e+006	877	546382	545888	100	90	0.863928	0.810475	40	39.9	0	295	1963	1.04054	0.788306	1968
725	1.0972e+006	853	553371	543535	100	90	1.00211	0.810475	40	39.9	0	295	1963	1.04853	0.814379	1968
726	1.09185e+006	1453	556366	535481	100	90	1.71009	0.810475	40	39.9	0	295	1963	1.05251	0.810885	1968
727	1.07187e+006	1359	549891	521983	100	90	1.815	0.810475	40	39.9	0	295	1963	1.05848	0.816872	1968
728	1.04235e+006	1258	538239	504115	100	90	1.92364	0.810475	40	39.9	0	295	1963	1.06674	0.81893	1968
729	732897	1073	251271	481626	100	90	1.95709	0.810475	40	39.9	0	295	1963	1.07872	0.828185	1968
730	630496	919	195566	434930	100	90	2.01301	0.810475	40	39.9	144517	295	1963	1.08699	0.839773	1968
731	694437	826	288866	405570	100	90	2.09633	0.810475	40	39.9	144517	295	1963	1.10348	0.844893	1968
732	741948	758	349495	392453	100	90	2.16359	0.810475	40	39.9	144517	295	1963	1.11894	0.858921	1968
733	739370	687	367251	372119	100	90	2.18332	0.810475	40	39.9	144517	295	1963	1.14118	0.883792	1968
734	689345	594	349805	339540	100	90	2.23484	0.810475	40	39.9	144517	295	1963	1.15714	0.907308	1968
735	674115	559	345137	328977	100	90	2.24007	0.810475	40	39.9	144517	295	1963	1.17739	0.945736	1968
736	427527	510	121445	306067	100	90	2.23004	0.810475	40	39.9	381720	295	1963	1.19231	0.961373	1968
737	435027	421	169733	257214	100	90	2.25789	0.810475	40	39.9	381720	295	1963	1.20665	0.953846	1968
738	461006	384	209593	240515	100	90	2.28069	0.810475	40	39.9	381720	295	1963	1.2168	0.95977	1968
739	334913	340	113401	219304	100	90	2.29002	0.810475	40	39.9	381720	295	1963	1.20795	0.941368	1968
740	370365	315	160880	207318	100	90	2.24056	0.810475	40	39.9	381720	295	1963	1.25084	1	1968
741	370313	283	179172	191142	100	90	2.25636	0.810475	40	39.9	381720	295	1963	1.28077	1.02041	1968
742	251741	267	66376	185365	100	90	0.273584	0.810475	40	39.9	509205	295	1963	1.01307	0.645192	1968
743	390404	260	160933	229472	100	90	0.195255	0.810475	40	39.9	509205	295	1963	1.0084	0.639044	1968
744	665124	249	314987	350137	100	90	0.200958	0.810475	40	39.9	509205	295	1963	1.00939	0.64988	1968
745	900224	236	434774	465449	100	90	0.219429	0.810475	40	39.9	509205	295	1963	1.01179	0.686285	1968
746	733448	213	228476	504972	100	90	0.235965	0.810475	40	39.9	509205	295	1963	1.01405	0.73127	1968
747	825470	1898	331574	493896	100	90	1.49596	0.810475	40	39.9	509205	295	1963	1.01669	0.73361	1968
748	975579	1910	446985	528594	100	90	1.71257	0.810475	40	39.9	509205	295	1963	1.02011	0.730841	1968
749	1.01122e+006	1592	492225	518995	100	90	1.74905	0.810475	40	39.9	509205	295	1963	1.02663	0.737404	1968
750	755131	1407	253090	502040	100	90	1.68335	0.810475	39	39.9	509205	295	1963	1.23755	1.09018	1968
751	483382	938	131861	351487	100	90	1.22032	0.810475	40	39.9	0	295	1963	1.15733	0.818727	1968
752	567358	816	230565	336626	100	90	1.08988	0.810475	40	39.9	0	295	1963	1.08226	0.74148	1968
753	683479	729	324741	358522	100	90	1.03389	0.810475	40	39.9	0	295	1963	1.06383	0.7228	1968
754	779630	634	390233	389177	100	90	1.06705	0.810475	40	39.9	0	295	1963	1.06361	0.722973	1968
755	864786	619	439777	424789	100	90	1.19207	0.810475	40	39.9	0	295	1963	1.06949	0.731058	1968
756	913093	889	468648	444445	100	90	1.81752	0.810475	40	39.9	0	295	1963	1.08322	0.736842	1968
757	935119	930	484154	450965	100	90	2.12026	0.810475	40	39.9	0	295	1963	1.08759	0.738262	1968
758	928763	909	483083	445681	100	90	2.25641	0.810475	40	39.9	0	295	1963	1.09241	0.746319	1968
759	882837	796	460934	421903	100	90	2.2545	0.810475	40	39.9	0	295	1963	1.09119	0.747409	1968
760	593025	745	178743	414282	100	90	2.28033	0.810475	40	39.9	292158	295	1963	1.09677	0.758669	1968
761	649820	668	268069	381751	100	90	2.31281	0.810475	40	39.9	292158	295	1963	1.11733	0.780031	1968
762	636589	559	302096	334493	100	90	2.31226	0.810475	40	39.9	292158	295	1963	1.15057	0.818352	1968
763	637882	510	319061	318821	100	90	2.31128	0.810475	40	39.9	292158	295	1963	1.18199	0.850622	1968
764	584225	448	298526	285699	100	90	2.32672	0.810475	40	39.9	292158	295	1963	1.18026	0.834515	1968
765	558953	418	287778	271175	100	90	2.33544	0.810475	40	39.9	292158	295	1963	1.20561	0.864796	1968
766	353250	386	95253.8	257980	100	90	2.32338	0.810475	40	39.9	498548	295	1963	1.19395	0.845304	1968
767	383501	336	149457	226683	100	90	2.33219	0.810475	40	39.9	498548	295	1963	1.21557	0.852564	1968
768	396855	298	182482	205245	100	90	2.38234	0.810475	40	39.9	498548	295	1963	1.22378	0.864469	1968
769	297618	277	100268	195308	100	90	2.39188	0.810475	40	39.9	498548	295	1963	1.25856	0.853755	1968
770	246595	247	71087.6	175246	100	90	2.30246	0.810475	40	39.9	498548	295	1963	1.27273	0.867841	1968
771	280830	232	116444	164386	100	90	2.3416	0.810475	40	39.9	498548	295	1963	1.3	0.885714	1968
772	217109	226	56174.5	160935	100	90	0.716737	0.810475	40	39.9	596132	295	1963	1.04733	0.881908	1968
773	206901	195	53526.7	153375	100	90	0.498273	0.810475	40	39.9	596132	295	1963	1.03229	0.880152	1968
774	288814	170	120633	168181	100	90	0.417417	0.810475	40	39.9	596132	295	1963	1.02652	0.877844	1968
775	444888	155	213876	231012	100	90	0.40223	0.810475	40	39.9	596132	295	1963	1.02649	0.879011	1968
776	627971	138	311066	316905	100	90	0.409744	0.810475	40	39.9	596132	295	1963	1.02982	0.887405	1968
777	757446	734	380502	376945	100	90	1.44606	0.810475	40	39.9	596132	295	1963	1.04203	0.9024	1968
778	842549	870	430751	411798	100	90	1.67282	0.810475	40	39.9	596132	295	1963	1.05452	0.903195	1968
779	633771	822	220523	413249	100	90	1.7721	0.810475	39	39.9	596132	295	1963	1.05629	0.900677	1968
780	577020	814	161578	415443	100	90	1.47983	0.810475	36	39.9	596132	295	1963	1.54876	1.50873	1968
781	647428	709	264207	380600	100	90	1.41975	0.810475	40	39.9	0	295	1963	1.39843	1.27381	1968
782	680642	611	319454	357369	100	90	1.40557	0.810475	40	39.9	0	295	1963	1.28527	1.13348	1968
783	692763	532	340742	347425	100	90	1.37273	0.810475	40	39.9	0	295	1963	1.22198	1.06043	1968
784	729312	478	367085	357825	100	90	1.38708	0.810475	40	39.9	0	295	1963	1.20507	1.02806	1968
785	768099	547	391990	372266	100	90	1.60304	0.810475	40	39.9	0	295	1963	1.21711	1.02528	1968
786	780916	591	403104	377812	100	90	1.97522	0.810475	40	39.9	0	295	1963	1.23169	1.0311	1968
787	808657	596	419638	389019	100	90	2.15152	0.810475	40	39.9	0	295	1963	1.22742	1.01616	1968
788	789492	565	411291	378201	100	90	2.27607	0.810475	40	39.9	0	295	1963	1.25136	1.05691	1968
789	764128	503	401578	362550	100	90	2.28096	0.810475	40	39.9	0	295	1963	1.23279	1.02889	1968
790	472207	449	133381	338827	100	90	2.239	0.810475	40	39.9	276149	295	1963	1.25225	1.04703	1968
791	417180	404	102475	314705	100	90	2.24044	0.810475	40	39.9	276149	295	1963	1.29049	1.0884	1968
792	474120	379	175787	298332	100	90	2.19097	0.810475	40	39.9	276149	295	1963	1.31044	1.12941	1968
793	527105	359	240178	286928	100	90	2.19665	0.810475	40	39.9	276149	295	1963	1.35015	1.16562	1968
794	516074	321	254386	261688	100	90	2.2006	0.810475	40	39.9	276149	295	1963	1.35714	1.18505	1968
795	501278	300	254863	246415	100	90	2.20237	0.810475	40	39.9	276149	295	1963	1.35662	1.1673	1968
796	322166	279	86763.6	235354	100	90	2.14959	0.810475	40	39.9	458698	295	1963	1.37795	1.19592	1968
797	353741	253	134449	214739	100	90	2.16513	0.810475	40	39.9	458698	295	1963	1.35965	1.17117	1968
798	375123	232	169828	199009	100	90	2.18838	0.810475	40	39.9	458698	295	1963	1.31754	1.12195	1968
799	352700	198	169628	175276	100	90	2.14637	0.810475	40	39.9	458698	295	1963	1.33333	1.15029	1968
800	350202	187	174458	168575	100	90	2.15627	0.810475	40	39.9	458698	295	1963	1.35294	1.17391	1968
801	327275	175	169068	158207	100	90	2.18648	0.810475	40	39.9	458698	295	1963	1.36076	1.18667	1968
802	196881	157	52214	144667	100	90	0.0744586	0.810475	40	39.9	576581	295	1963	1.00402	0.880055	1968
803	474946	146	210033	264912	100	90	0.0566917	0.810475	40	39.9	576581	295	1963	1.00337	0.879254	1968
804	827836	141	386315	441521	100	90	0.0595434	0.810475	40	39.9	576581	295	1963	1.00309	0.885716	1968
805	941073	118	445521	495552	100	90	0.0569911	0.810475	40	39.9	576581	295	1963	1.00321	0.911013	1968
806	879884	100	425278	454606	100	90	0.0595513	0.810475	40	39.9	576581	295	1963	1.00361	0.92409	1968
807	914036	2724	450922	463113	100	90	1.03084	0.810475	39	39.9	576581	295	1963	1.00479	0.905474	1968
808	978006	2197	488789	489217	100	90	1.15107	0.810475	39	39.9	576581	295	1963	1.00589	0.887902	1968
809	766189	1950	246319	519870	100	90	1.36063	0.810475	39	39.9	576581	295	1963	1.00701	0.879279	1968
810	680189	1800	171576	508613	100	90	1.58107	0.810475	39	39.9	576581	295	1963	1.11536	1.07692	1968
811	790771	1525	301781	486430	100	90	1.0108	0.810475	40	39.9	0	295	1963	1.05772	0.941865	1968
812	934860	1337	417919	513842	100	90	0.882927	0.810475	40	39.9	0	295	1963	1.04454	0.92379	1968
813	1.04514e+006	1126	498800	541694	100	90	0.830276	0.810475	40	39.9	0	295	1963	1.03995	0.913675	1968
814	1.14509e+006	970	561638	579134	100	90	0.87989	0.810475	40	39.9	0	295	1963	1.04528	0.914361	1968
815	1.18622e+006	925	590106	592317	100	90	0.986239	0.810475	40	39.9	0	295	1963	1.04991	0.913836	1968
816	871725	1687	285835	585890	100	90	1.66102	0.810475	40	39.9	0	295	1963	1.05204	0.906977	1968
817	962594	1583	393273	569321	100	90	1.75177	0.810475	40	39.9	0	295	1963	1.04781	0.89402	1968
818	1.04428e+006	1470	481721	562554	100	90	1.90304	0.810475	40	39.9	0	295	1963	1.05634	0.896479	1968
819	1.02774e+006	1235	503159	524585	100	90	1.92095	0.810475	40	39.9	0	295	1963	1.06218	0.903091	1968
820	771275	1045	281324	489951	100	90	1.99577	0.810475	40	39.9	246286	295	1963	1.07426	0.907206	1968
821	815882	931	350622	465260	100	90	2.0985	0.810475	40	39.9	246286	295	1963	1.08326	0.912514	1968
822	862558	866	409418	453140	100	90	2.1573	0.810475	40	39.9	246286	295	1963	1.09561	0.925	1968
823	834471	766	415977	418494	100	90	2.17972	0.810475	40	39.9	246286	295	1963	1.10268	0.928668	1968
824	595400	691	201628	393772	100	90	2.19815	0.810475	40	39.9	246286	295	1963	1.11825	0.938438	1968
825	646926	637	274678	372248	100	90	2.27097	0.810475	40	39.9	246286	295	1963	1.11143	0.939542	1968
826	502097	569	158781	342906	100	90	2.22145	0.810475	40	39.9	419972	295	1963	1.13474	0.972527	1968
827	555137	532	223237	324346	100	90	2.24016	0.810475	40	39.9	419972	295	1963	1.15398	0.992126	1968
828	564412	482	256481	297157	100	90	2.30489	0.810475	40	39.9	419972	295	1963	1.144	0.964758	1968
829	531120	403	254629	264174	100	90	2.33901	0.810475	40	39.9	419972	295	1963	1.16625	0.994695	1968
830	479497	346	237145	232107	100	90	2.32841	0.810475	40	39.9	419972	295	1963	1.16279	0.966049	1968
831	333088	316	114602	218485	100	90	2.37904	0.810475	40	39.9	419972	295	1963	1.14744	0.952381	1968
832	273779	275	78452.4	195326	100	90	0.103082	0.810475	40	39.9	498268	295	1963	1.00256	0.819881	1968
833	607064	261	264669	342395	100	90	0.0896197	0.810475	40	39.9	498268	295	1963	1.00219	0.820026	1968
834	905071	239	418133	486938	100	90	0.0904768	0.810475	40	39.9	498268	295	1963	1.00286	0.839205	1968
835	929283	225	438776	490507	100	90	0.0951284	0.810475	40	39.9	498268	295	1963	1.00278	0.88227	1968
836	863168	214	420375	442794	100	90	0.10774	0.810475	40	39.9	498268	295	1963	1.00347	0.901456	1968
837	932117	2832	463706	468411	100	90	1.08334	0.810475	40	39.9	498268	295	1963	1.00498	0.881895	1968
838	1.0306e+006	2352	517682	512921	100	90	1.23916	0.810475	40	39.9	498268	295	1963	1.00697	0.877815	1968
839	1.08481e+006	1973	548969	535841	100	90	1.4409	0.810475	40	39.9	498268	295	1963	1.01096	0.874447	1968
840	821219	1784	281165	540054	100	90	1.65667	0.810475	39	39.9	498268	295	1963	1.13454	1.07819	1968
841	901138	1470	392864	506219	100	90	1.02233	0.810475	40	39.9	0	295	1963	1.06344	0.888398	1968
842	982590	1242	466515	512847	100	90	0.838705	0.810475	40	39.9	0	295	1963	1.04175	0.859469	1968
843	1.07062e+006	1064	524619	542383	100	90	0.780546	0.810475	40	39.9	0	295	1963	1.03887	0.859666	1968
844	1.16244e+006	948	576097	582599	100	90	0.861133	0.810475	40	39.9	0	295	1963	1.04487	0.862051	1968
845	1.1495e+006	878	573941	572322	100	90	0.931155	0.810475	40	39.9	0	295	1963	1.04936	0.864788	1968
846	1.1208e+006	1590	566873	553931	100	90	1.63261	0.810475	40	39.9	0	295	1963	1.05023	0.864558	1968
847	1.12083e+006	1481	571281	549548	100	90	1.75049	0.810475	40	39.9	0	295	1963	1.05507	0.849905	1968
848	1.05428e+006	1302	542517	511761	100	90	1.84016	0.810475	40	39.9	0	295	1963	1.0558	0.831879	1968
849	991376	1056	513304	478072	100	90	1.8876	0.810475	40	39.9	0	295	1963	1.06654	0.832845	1968
850	689947	928	229630	460316	100	90	1.97727	0.810475	40	39.9	291672	295	1963	1.07728	0.836303	1968
851	731879	815	302673	429205	100	90	2.08643	0.810475	40	39.9	291672	295	1963	1.08596	0.826415	1968
852	764308	739	358985	405323	100	90	2.18195	0.810475	40	39.9	291672	295	1963	1.08764	0.833333	1968
853	748590	663	371860	376730	100	90	2.22496	0.810475	40	39.9	291672	295	1963	1.11609	0.863566	1968
854	750051	623	381334	368717	100	90	2.22736	0.810475	40	39.9	291672	295	1963	1.14099	0.897181	1968
855	707935	568	364143	343792	100	90	2.22828	0.810475	40	39.9	291672	295	1963	1.15987	0.906764	1968
856	451993	510	130637	321318	100	90	2.24381	0.810475	40	39.9	536486	295	1963	1.16667	0.919918	1968
857	509792	482	198553	303652	100	90	2.24169	0.810475	40	39.9	536486	295	1963	1.18271	0.928105	1968
858	537420	446	242207	284268	100	90	2.29948	0.810475	40	39.9	536486	295	1963	1.17467	0.923077	1968
859	521241	391	249989	257541	100	90	2.30063	0.810475	40	39.9	536486	295	1963	1.16953	0.896175	1968
860	505840	363	250942	242422	100	90	2.31769	0.810475	40	39.9	536486	295	1963	1.17615	0.888235	1968
861	436359	309	224806	211553	100	90	2.33935	0.810475	40	39.9	536486	295	1963	1.18689	0.897527	1968
862	275818	284	76133.8	199684	100	90	0.111575	0.810475	40	39.9	688380	295	1963	1.0036	0.756001	1968
863	598957	254	263184	335773	100	90	0.0857519	0.810475	40	39.9	688380	295	1963	1.00263	0.751102	1968
864	865897	216	404293	461603	100	90	0.0793419	0.810475	40	39.9	688380	295	1963	1.00262	0.782236	1968
865	842430	186	403125	439305	100	90	0.0781024	0.810475	40	39.9	688380	295	1963	1.00244	0.838769	1968
866	798332	153	394452	403880	100	90	0.0788873	0.810475	40	39.9	688380	295	1963	1.00311	0.853059	1968
867	886193	2753	445353	440840	100	90	1.07466	0.810475	40	39.9	688380	295	1963	1.00451	0.839249	1968
868	991042	2410	502185	488857	100	90	1.28092	0.810475	40	39.9	688380	295	1963	1.00597	0.833971	1968
869	740953	1993	240914	500039	100	90	1.43841	0.810475	39	39.9	688380	295	1963	1.00963	0.828596	1968
870	644687	1781	165535	479152	100	90	1.68319	0.810475	38	39.9	688380	295	1963	1.08868	0.960272	1968
871	781218	1562	305470	474482	100	90	0.869213	0.810475	40	39.9	0	295	1963	1.03166	0.789532	1968
872	913110	1325	413772	497885	100	90	0.72944	0.810475	40	39.9	0	295	1963	1.02302	0.779986	1968
873	1.06921e+006	1148	513649	553246	100	90	0.706452	0.810475	40	39.9	0	295	1963	1.02227	0.795207	1968
874	1.16488e+006	993	572018	590637	100	90	0.758585	0.810475	40	39.9	0	295	1963	1.02483	0.809777	1968
875	1.17815e+006	961	588404	587809	100	90	0.870368	0.810475	40	39.9	0	295	1963	1.0308	0.828733	1968
876	1.16852e+006	1776	591604	576912	100	90	1.56693	0.810475	40	39.9	0	295	1963	1.03329	0.824477	1968
877	1.14739e+006	1532	586117	561278	100	90	1.62519	0.810475	40	39.9	0	295	1963	1.03955	0.81386	1968
878	1.10603e+006	1449	568654	537372	100	90	1.82457	0.810475	40	39.9	0	295	1963	1.04621	0.810198	1968
879	1.07317e+006	1229	554345	518824	100	90	1.87973	0.810475	40	39.9	0	295	1963	1.05673	0.811873	1968
880	744782	1062	251067	493715	100	90	1.93504	0.810475	40	39.9	306511	295	1963	1.06855	0.816248	1968
881	795516	944	332366	463150	100	90	2.07738	0.810475	40	39.9	306511	295	1963	1.07631	0.812568	1968
882	818936	850	385007	433929	100	90	2.16614	0.810475	40	39.9	306511	295	1963	1.08621	0.804819	1968
883	805096	749	399418	405679	100	90	2.24351	0.810475	40	39.9	306511	295	1963	1.11202	0.826685	1968
884	759585	664	386020	373565	100	90	2.27946	0.810475	40	39.9	306511	295	1963	1.11653	0.823256	1968
885	693900	574	356816	337084	100	90	2.33513	0.810475	40	39.9	306511	295	1963	1.13651	0.820144	1968
886	428024	493	123990	303952	100	90	2.27606	0.810475	40	39.9	545046	295	1963	1.14022	0.82438	1968
887	485550	458	189593	288232	100	90	2.26324	0.810475	40	39.9	545046	295	1963	1.158	0.847875	1968
888	503326	411	228089	264473	100	90	2.29031	0.810475	40	39.9	545046	295	1963	1.15213	0.85101	1968
889	397466	398	133272	261667	100	90	2.30529	0.810475	40	39.9	545046	295	1963	1.16628	0.871728	1968
890	412819	350	177271	233462	100	90	2.29019	0.810475	40	39.9	545046	295	1963	1.19619	0.897898	1968
891	432745	329	209407	223339	100	90	2.29741	0.810475	40	39.9	545046	295	1963	1.2	0.899023	1968
892	279104	286	72544.6	206560	100	90	0.236245	0.810475	40	39.9	694569	295	1963	1.00854	0.836625	1968
893	430761	262	177498	253262	100	90	0.162278	0.810475	40	39.9	694569	295	1963	1.00563	0.832794	1968
894	547826	246	165544	382283	100	90	0.163177	0.810475	40	39.9	694569	295	1963	1.00683	0.841507	1968
895	649510	241	153554	495956	100	90	0.160175	0.810475	40	39.9	694569	295	1963	1.0062	0.846795	1968
896	786527	215	264568	521959	100	90	0.168558	0.810475	40	39.9	694569	295	1963	1.00621	0.863495	1968
897	937871	2442	381017	556854	100	90	1.26791	0.810475	40	39.9	694569	295	1963	1.00702	0.863666	1968
898	1.02204e+006	2437	458716	563327	100	90	1.46881	0.810475	40	39.9	694569	295	1963	1.0084	0.85937	1968
899	1.0752e+006	1998	511954	563251	100	90	1.52896	0.810475	40	39.9	694569	295	1963	1.00955	0.844707	1968
900	817679	1780	267567	550112	100	90	1.51987	0.810475	37	39.9	694569	295	1963	1.15653	1.10362	1968
901	927342	1519	397880	526575	100	90	1.40592	0.810475	40	39.9	0	295	1963	1.13057	0.979893	1968
902	988173	1328	463979	519822	100	90	1.36119	0.810475	40	39.9	0	295	1963	1.10931	0.937048	1968
903	1.00897e+006	1130	493539	510732	100	90	1.33395	0.810475	40	39.9	0	295	1963	1.09794	0.916176	1968
904	1.06193e+006	999	529225	528068	100	90	1.38062	0.810475	40	39.9	0	295	1963	1.09737	0.902866	1968
905	797125	958	267396	529542	100	90	1.5234	0.810475	40	39.9	0	295	1963	1.09875	0.885787	1968
906	876590	1100	366451	510140	100	90	1.91006	0.810475	40	39.9	0	295	1963	1.10448	0.873466	1968
907	943933	1077	438621	505312	100	90	2.07094	0.810475	40	39.9	0	295	1963	1.11095	0.876786	1968
908	967458	1034	472887	494571	100	90	2.16779	0.810475	40	39.9	0	295	1963	1.10783	0.877676	1968
909	929678	888	466062	463615	100	90	2.17829	0.810475	40	39.9	0	295	1963	1.11001	0.874408	1968
910	647908	766	216413	431495	100	90	2.18834	0.810475	40	39.9	252733	295	1963	1.11574	0.87741	1968
911	684623	686	288464	396159	100	90	2.20728	0.810475	40	39.9	252733	295	1963	1.12615	0.886329	1968
912	700857	631	328612	372245	100	90	2.24609	0.810475	40	39.9	252733	295	1963	1.11825	0.893333	1968
913	670049	553	329835	340214	100	90	2.26765	0.810475	40	39.9	252733	295	1963	1.1314	0.90613	1968
914	624672	478	315067	309605	100	90	2.27326	0.810475	40	39.9	252733	295	1963	1.12698	0.904139	1968
915	443429	435	151024	292404	100	90	2.292	0.810475	40	39.9	252733	295	1963	1.13778	0.913462	1968
916	385900	400	111542	274150	100	90	2.26151	0.810475	40	39.9	366469	295	1963	1.16262	0.949735	1968
917	425066	357	169719	249225	100	90	2.28367	0.810475	40	39.9	366469	295	1963	1.16851	0.952663	1968
918	443992	325	203005	233339	100	90	2.28455	0.810475	40	39.9	366469	295	1963	1.14715	0.938511	1968
919	447678	301	214908	222572	100	90	2.28097	0.810475	40	39.9	366469	295	1963	1.16832	0.971631	1968
920	446428	286	219439	217689	100	90	2.31616	0.810475	40	39.9	366469	295	1963	1.175	0.962406	1968
921	415322	261	210483	204839	100	90	2.27872	0.810475	40	39.9	366469	295	1963	1.19444	0.978903	1968
922	269103	242	73806.4	195297	100	90	0.105899	0.810475	40	39.9	508026	295	1963	1.00392	0.799614	1968
923	567792	228	249080	318711	100	90	0.0825314	0.810475	40	39.9	508026	295	1963	1.00321	0.796037	1968
924	861326	193	399973	461352	100	90	0.0772627	0.810475	40	39.9	508026	295	1963	1.00283	0.812972	1968
925	896570	178	423678	472891	100	90	0.0796426	0.810475	40	39.9	508026	295	1963	1.00305	0.858749	1968
926	840005	168	407804	432200	100	90	0.0900437	0.810475	40	39.9	508026	295	1963	1.00319	0.881253	1968
927	903242	2677	448590	454652	100	90	1.04545	0.810475	40	39.9	508026	295	1963	1.00385	0.865332	1968
928	708026	2336	223607	484419	100	90	1.21361	0.810475	40	39.9	508026	295	1963	1.00521	0.86252	1968
929	811432	2085	326712	484720	100	90	1.43223	0.810475	40	39.9	508026	295	1963	1.00694	0.870569	1968
930	702073	1983	207859	494214	100	90	1.69936	0.810475	39	39.9	508026	295	1963	1.08882	0.997459	1968
