ID	Species	MaxAge	AllocSeed	LMR	m0	MaxMass	mSeed	Dist	pEstab	Gmax	SLA	palat	memo	RAR	growth	mThres	clonal	propSex	meanSpacerLength	sdSpacerlength	Resshare	AllocSpacer	mSpacer	sens	allocroot	allocshoot	EC50_biomass	slope_biomass	EC50_SEbiomass	slope_SEbiomass	EC50_survival	slope_survival	EC50_establishment	slope_establishment	EC50_sterility	slope_sterility	EC50_seednumber	slope_seednumber	FlowerWeek	DispWeek	GermPeriod
1	LECIcl3plb	100	0.05	0.5	1	5000	1	0.1	0.5	60	0.75	0.5	2	1	0.25	0.2	1	1	17.5	12.5	1	0.05	70	0.168202652013861	1	1	0	0	0	0	0	0	0	0	0	0	0	0	16	20	1
2	LSCAplb	100	0.05	0.75	1	5000	1	0.1	0.5	60	0.5	0.25	2	1	0.25	0.2	0	0	0	0	0	0	0	0.164592073357198	1	1	0	0	0	0	0	0	0	0	0	0	0	0	16	20	1
3	LSCIplb	100	0.05	0.75	1	5000	1	0.1	0.5	60	0.75	0.5	2	1	0.25	0.2	0	0	0	0	0	0	0	0.974068892013747	1	1	0	0	0	0	0	0	0	0	0	0	0	0	16	20	1
4	LSCIcl1plb	100	0.05	0.75	1	5000	1	0.1	0.5	60	0.75	0.5	2	1	0.25	0.2	1	1	2.5	2.5	1	0.05	70	0.205365274567157	1	1	0	0	0	0	0	0	0	0	0	0	0	0	16	20	1
5	LSCIcl2plb	100	0.05	0.75	1	5000	1	0.1	0.5	60	0.75	0.5	2	1	0.25	0.2	1	1	2.5	2.5	0	0.05	70	0.920484608970582	1	1	0	0	0	0	0	0	0	0	0	0	0	0	16	20	1
6	LSCTplb	100	0.05	0.75	1	5000	1	0.1	0.5	60	1	1	2	1	0.25	0.2	0	0	0	0	0	0	0	0.708426225697622	1	1	0	0	0	0	0	0	0	0	0	0	0	0	16	20	1
7	MECIcl3plb	100	0.05	0.5	0.3	2000	0.3	0.3	0.5	60	0.75	0.5	2	1	0.25	0.2	1	1	17.5	12.5	1	0.05	70	0.0976671180105768	1	1	0	0	0	0	0	0	0	0	0	0	0	0	16	20	1
8	MECIcl4plb	100	0.05	0.5	0.3	2000	0.3	0.3	0.5	60	0.75	0.5	2	1	0.25	0.2	1	1	17.5	12.5	0	0.05	70	0.183803565392736	1	1	0	0	0	0	0	0	0	0	0	0	0	0	16	20	1
9	MECTcl3peb	100	0.05	0.5	0.3	2000	0.3	0.3	0.5	60	1	1	2	1	0.25	0.2	1	1	17.5	12.5	1	0.05	70	0.782011388975661	1	1	0	0	0	0	0	0	0	0	0	0	0	0	16	20	1
10	MEITplb	100	0.05	0.5	0.3	2000	0.3	0.3	0.5	40	1	1	4	1	0.25	0.2	0	0	0	0	0	0	0	0.161868141731247	1	1	0	0	0	0	0	0	0	0	0	0	0	0	16	20	1
11	MESTcl1plb	100	0.05	0.5	0.3	2000	0.3	0.3	0.5	20	1	1	6	1	0.25	0.2	1	1	2.5	2.5	1	0.05	70	0.115623272839002	1	1	0	0	0	0	0	0	0	0	0	0	0	0	16	20	1
12	MRITcl3peb	100	0.05	1	0.3	2000	0.3	0.3	0.5	40	1	1	4	1	0.25	0.2	1	1	17.5	12.5	1	0.05	70	0.108364453946706	1	1	0	0	0	0	0	0	0	0	0	0	0	0	1	5	1
13	MSCAcl3plb	100	0.05	0.75	0.3	2000	0.3	0.3	0.5	60	0.5	0.25	2	1	0.25	0.2	1	1	17.5	12.5	1	0.05	70	0.774230934155639	1	1	0	0	0	0	0	0	0	0	0	0	0	0	16	20	1
14	MSCIplb	100	0.05	0.75	0.3	2000	0.3	0.3	0.5	60	0.75	0.5	2	1	0.25	0.2	0	0	0	0	0	0	0	0.133626261842437	1	1	0	0	0	0	0	0	0	0	0	0	0	0	16	20	1
15	MSCIcl1plb	100	0.05	0.75	0.3	2000	0.3	0.3	0.5	60	0.75	0.5	2	1	0.25	0.2	1	1	2.5	2.5	1	0.05	70	0.152991709648632	1	1	0	0	0	0	0	0	0	0	0	0	0	0	16	20	1
16	MSCIcl3plb	100	0.05	0.75	0.3	2000	0.3	0.3	0.5	60	0.75	0.5	2	1	0.25	0.2	1	1	17.5	12.5	1	0.05	70	0.0803963157231919	1	1	0	0	0	0	0	0	0	0	0	0	0	0	16	20	1
17	MSCTcl1plb	100	0.05	0.75	0.3	2000	0.3	0.3	0.5	60	1	1	2	1	0.25	0.2	1	1	2.5	2.5	1	0.05	70	0.0104470733786002	1	1	0	0	0	0	0	0	0	0	0	0	0	0	16	20	1
18	MSCTcl2plb	100	0.05	0.75	0.3	2000	0.3	0.3	0.5	60	1	1	2	1	0.25	0.2	1	1	2.5	2.5	0	0.05	70	0.132957939058542	1	1	0	0	0	0	0	0	0	0	0	0	0	0	16	20	1
19	MSCTcl3plb	100	0.05	0.75	0.3	2000	0.3	0.3	0.5	60	1	1	2	1	0.25	0.2	1	1	17.5	12.5	1	0.05	70	0.169469280110206	1	1	0	0	0	0	0	0	0	0	0	0	0	0	16	20	1
20	MSIAcl1plb	100	0.05	0.75	0.3	2000	0.3	0.3	0.5	40	0.5	0.25	4	1	0.25	0.2	1	1	2.5	2.5	1	0.05	70	0.213744853273965	1	1	0	0	0	0	0	0	0	0	0	0	0	0	16	20	1
21	MSIIplb	100	0.05	0.75	0.3	2000	0.3	0.3	0.5	40	0.75	0.5	4	1	0.25	0.2	0	0	0	0	0	0	0	0.247418216022197	1	1	0	0	0	0	0	0	0	0	0	0	0	0	16	20	1
22	MSITcl1plb	100	0.05	0.75	0.3	2000	0.3	0.3	0.5	40	1	1	4	1	0.25	0.2	1	1	2.5	2.5	1	0.05	70	0.93900378892431	1	1	0	0	0	0	0	0	0	0	0	0	0	0	16	20	1
23	MSITcl3plb	100	0.05	0.75	0.3	2000	0.3	0.3	0.5	40	1	1	4	1	0.25	0.2	1	1	17.5	12.5	1	0.05	70	0.381756312388461	1	1	0	0	0	0	0	0	0	0	0	0	0	0	16	20	1
24	MSITcl4plb	100	0.05	0.75	0.3	2000	0.3	0.3	0.5	40	1	1	4	1	0.25	0.2	1	1	17.5	12.5	0	0.05	70	0.78085871663643	1	1	0	0	0	0	0	0	0	0	0	0	0	0	16	20	1
25	MSSIcl1plb	100	0.05	0.75	0.3	2000	0.3	0.3	0.5	20	0.75	0.5	6	1	0.25	0.2	1	1	2.5	2.5	1	0.05	70	0.0436561887036078	1	1	0	0	0	0	0	0	0	0	0	0	0	0	16	20	1
26	MSSTcl3plb	100	0.05	0.75	0.3	2000	0.3	0.3	0.5	20	1	1	6	1	0.25	0.2	1	1	17.5	12.5	1	0.05	70	0.216723665478639	1	1	0	0	0	0	0	0	0	0	0	0	0	0	16	20	1
27	SECTpeb	100	0.05	0.5	0.1	1000	0.1	0.6	0.5	60	1	1	2	1	0.25	0.2	0	0	0	0	0	0	0	0.418077284761239	1	1	0	0	0	0	0	0	0	0	0	0	0	0	16	20	1
28	SEIAcl4peb	100	0.05	0.5	0.1	1000	0.1	0.6	0.5	40	0.5	0.25	4	1	0.25	0.2	1	1	17.5	12.5	0	0.05	70	0.232795220275875	1	1	0	0	0	0	0	0	0	0	0	0	0	0	16	20	1
29	SEITcl3peb	100	0.05	0.5	0.1	1000	0.1	0.6	0.5	40	1	1	4	1	0.25	0.2	1	1	17.5	12.5	1	0.05	70	0.0626167760929093	1	1	0	0	0	0	0	0	0	0	0	0	0	0	16	20	1
30	SEITcl4peb	100	0.05	0.5	0.1	1000	0.1	0.6	0.5	40	1	1	4	1	0.25	0.2	1	1	17.5	12.5	0	0.05	70	0.102750907011796	1	1	0	0	0	0	0	0	0	0	0	0	0	0	16	20	1
31	SRIAcl1peb	100	0.05	1	0.1	1000	0.1	0.6	0.5	40	0.5	0.25	4	1	0.25	0.2	1	1	2.5	2.5	1	0.05	70	0.811770099506248	1	1	0	0	0	0	0	0	0	0	0	0	0	0	1	5	1
32	SRIAcl1plb	100	0.05	1	0.1	1000	0.1	0.6	0.5	40	0.5	0.25	4	1	0.25	0.2	1	1	2.5	2.5	1	0.05	70	0.899702822440304	1	1	0	0	0	0	0	0	0	0	0	0	0	0	16	20	1
33	SRIAcl2plb	100	0.05	1	0.1	1000	0.1	0.6	0.5	40	0.5	0.25	4	1	0.25	0.2	1	1	2.5	2.5	0	0.05	70	0.391137146332767	1	1	0	0	0	0	0	0	0	0	0	0	0	0	16	20	1
34	SRIAcl4peb	100	0.05	1	0.1	1000	0.1	0.6	0.5	40	0.5	0.25	4	1	0.25	0.2	1	1	17.5	12.5	0	0.05	70	0.955158446566202	1	1	0	0	0	0	0	0	0	0	0	0	0	0	16	20	1
35	SRITcl1plb	100	0.05	1	0.1	1000	0.1	0.6	0.5	40	1	1	4	1	0.25	0.2	1	1	2.5	2.5	1	0.05	70	0.590145232912619	1	1	0	0	0	0	0	0	0	0	0	0	0	0	16	20	1
36	SSCTplb	100	0.05	0.75	0.1	1000	0.1	0.6	0.5	60	1	1	2	1	0.25	0.2	0	0	0	0	0	0	0	0.434049299859907	1	1	0	0	0	0	0	0	0	0	0	0	0	0	16	20	1
37	SSIAcl4plb	100	0.05	0.75	0.1	1000	0.1	0.6	0.5	40	0.5	0.25	4	1	0.25	0.2	1	1	17.5	12.5	0	0.05	70	0.246112162421923	1	1	0	0	0	0	0	0	0	0	0	0	0	0	16	20	1
38	SSITcl2plb	100	0.05	0.75	0.1	1000	0.1	0.6	0.5	40	1	1	4	1	0.25	0.2	1	1	2.5	2.5	0	0.05	70	0.583279500424396	1	1	0	0	0	0	0	0	0	0	0	0	0	0	16	20	1
39	SSITcl3plb	100	0.05	0.75	0.1	1000	0.1	0.6	0.5	40	1	1	4	1	0.25	0.2	1	1	17.5	12.5	1	0.05	70	0.374065261741634	1	1	0	0	0	0	0	0	0	0	0	0	0	0	16	20	1
40	SSITcl4plb	100	0.05	0.75	0.1	1000	0.1	0.6	0.5	40	1	1	4	1	0.25	0.2	1	1	17.5	12.5	0	0.05	70	0.612743713136297	1	1	0	0	0	0	0	0	0	0	0	0	0	0	16	20	1
