Time	totMass	NInd	abovemass	belowmass	mean_ares	mean_bres	shannon	meanShannon	NPFT	meanNPFT	Cutted	NNonClonal	NClonal	mean_generation	mean_genet_size	NGenets
1	442.6	0	221.3	221.3	100	90	0	0.828025	40	39.1	0	306	1886	1	0.798742	1905
2	13289.9	0	6473.88	6816.04	100	90	0	0.828025	40	39.1	0	306	1886	1	0.796739	1905
3	64754.4	0	34023.3	30731.1	100	90	0	0.828025	40	39.1	0	306	1886	1	0.802326	1905
4	200608	0	104346	96261.9	100	90	0	0.828025	40	39.1	0	306	1886	1	0.800797	1905
5	452135	0	234734	217401	100	90	0	0.828025	40	39.1	0	306	1886	1.001	0.797325	1905
6	765684	605	398409	367274	100	90	2.53019	0.828025	40	39.1	0	306	1886	1.01218	0.808146	1905
7	1.03076e+006	813	541068	489692	100	90	3.14938	0.828025	40	39.1	0	306	1886	1.02764	0.823596	1905
8	1.20328e+006	848	637991	565285	100	90	3.23085	0.828025	40	39.1	0	306	1886	1.04767	0.84434	1905
9	1.31798e+006	799	702263	615714	100	90	3.05262	0.828025	40	39.1	0	306	1886	1.08025	0.883605	1905
10	1.40716e+006	766	751746	655410	100	90	2.9477	0.828025	40	39.1	0	306	1886	1.11027	0.917862	1905
11	1.47784e+006	746	791411	686434	100	90	2.88473	0.828025	40	39.1	0	306	1886	1.13571	0.95424	1905
12	1.53407e+006	734	823172	710899	100	90	2.89457	0.828025	40	39.1	0	306	1886	1.14335	0.959945	1905
13	1.58223e+006	741	850390	731840	100	90	2.90381	0.828025	40	39.1	0	306	1886	1.17278	0.99439	1905
14	1.6032e+006	734	862436	740766	100	90	2.87772	0.828025	40	39.1	0	306	1886	1.19584	1.02305	1905
15	1.63293e+006	734	878910	754016	100	90	2.87503	0.828025	40	39.1	0	306	1886	1.22901	1.07185	1905
16	1.67985e+006	743	889418	762331	100	90	2.95265	0.828025	40	39.1	0	306	1886	1.22339	1.06538	1905
17	1.70814e+006	738	891538	764035	100	90	2.9139	0.828025	40	39.1	0	306	1886	1.25303	1.11195	1905
18	1.7329e+006	745	903168	772681	100	90	3.00474	0.828025	40	39.1	0	306	1886	1.24309	1.08397	1905
19	1.73367e+006	742	902746	773711	100	90	3.0268	0.828025	40	39.1	0	306	1886	1.23669	1.06864	1905
20	1.74656e+006	750	910713	779301	100	90	3.08918	0.828025	40	39.1	0	306	1886	1.24212	1.06339	1905
21	1.70306e+006	749	918446	784618	100	90	3.11021	0.828025	40	39.1	0	306	1886	1.24709	1.06602	1905
22	1.69685e+006	748	916464	780385	100	90	1.0888	0.828025	40	39.1	0	306	1886	1.05861	0.87574	1905
23	1.72429e+006	740	927243	797052	100	90	1.05522	0.828025	40	39.1	0	306	1886	1.06366	0.886447	1905
24	1.75663e+006	731	942345	814289	100	90	1.06133	0.828025	40	39.1	0	306	1886	1.06753	0.901157	1905
25	1.77145e+006	720	950836	820616	100	90	1.11839	0.828025	40	39.1	0	306	1886	1.07653	0.934046	1905
26	1.79569e+006	715	964573	831113	100	90	1.22978	0.828025	40	39.1	0	306	1886	1.08913	0.969912	1905
27	1.83762e+006	1411	987125	850490	100	90	2.37599	0.828025	40	39.1	0	306	1886	1.11352	0.997085	1905
28	1.86205e+006	1253	1.00017e+006	861881	100	90	2.44893	0.828025	40	39.1	0	306	1886	1.13957	1.02593	1905
29	1.89498e+006	1176	1.01823e+006	876750	100	90	2.51469	0.828025	40	39.1	0	306	1886	1.16634	1.05106	1905
30	1.403e+006	1114	516006	886995	100	90	2.06228	0.828025	40	39.1	0	306	1886	1.50369	1.70199	1905
31	1.48771e+006	1001	645126	842111	100	90	1.2384	0.828025	40	39.1	0	306	1886	1.18046	1.03356	1905
32	1.49925e+006	887	693719	804647	100	90	1.03714	0.828025	40	39.1	0	306	1886	1.13164	0.968383	1905
33	1.45007e+006	775	694436	754923	100	90	0.86395	0.828025	40	39.1	0	306	1886	1.10127	0.903502	1905
34	1.39877e+006	664	685226	712956	100	90	0.890771	0.828025	40	39.1	0	306	1886	1.11239	0.906388	1905
35	1.35874e+006	778	677887	680343	100	90	1.19034	0.828025	40	39.1	0	306	1886	1.13105	0.936231	1905
36	1.31483e+006	805	665033	649798	100	90	1.39456	0.828025	40	39.1	0	306	1886	1.1431	0.980014	1905
37	935508	918	317329	618179	100	90	1.84884	0.828025	40	39.1	0	306	1886	1.16028	0.993513	1905
38	1.01454e+006	1028	415530	599010	100	90	2.39794	0.828025	40	39.1	0	306	1886	1.18806	1.00114	1905
39	783523	843	227869	555654	100	90	2.49536	0.828025	40	39.1	0	306	1886	1.22479	1.01391	1905
40	695891	717	161800	534092	100	90	2.61475	0.828025	40	39.1	172158	306	1886	1.26698	1.05167	1905
41	748613	657	252472	496141	100	90	2.74509	0.828025	40	39.1	172158	306	1886	1.26639	1.03255	1905
42	805741	602	332123	473618	100	90	2.75585	0.828025	40	39.1	172158	306	1886	1.28988	1.06746	1905
43	809692	524	371406	438286	100	90	2.81834	0.828025	40	39.1	172158	306	1886	1.32653	1.07955	1905
44	779987	461	382583	397405	100	90	2.76091	0.828025	40	39.1	172158	306	1886	1.35456	1.12596	1905
45	712153	389	363664	348489	100	90	2.71858	0.828025	40	39.1	172158	306	1886	1.42147	1.18043	1905
46	427672	360	89754.3	337846	100	90	2.63619	0.828025	40	39.1	481995	306	1886	1.47443	1.25413	1905
47	454134	316	143726	303981	100	90	2.64902	0.828025	40	39.1	481995	306	1886	1.51656	1.2566	1905
48	479761	284	193031	277262	100	90	2.66001	0.828025	40	39.1	481995	306	1886	1.49635	1.22689	1905
49	503055	270	229634	260579	100	90	2.75671	0.828025	40	39.1	481995	306	1886	1.512	1.21525	1905
50	526729	262	257512	257112	100	90	2.81167	0.828025	40	39.1	481995	306	1886	1.55022	1.21531	1905
51	461778	215	241360	220419	100	90	2.81316	0.828025	40	39.1	481995	306	1886	1.55497	1.19318	1905
52	235070	180	47281.1	187789	100	90	0.115143	0.828025	40	39.1	688790	306	1886	1.00843	0.868228	1905
53	463353	167	180670	282683	100	90	0.0788909	0.828025	40	39.1	688790	306	1886	1.00606	0.863113	1905
54	781193	146	353009	428184	100	90	0.0766533	0.828025	40	39.1	688790	306	1886	1.00621	0.86442	1905
55	872155	137	407342	464814	100	90	0.083986	0.828025	40	39.1	688790	306	1886	1.00699	0.869733	1905
56	874614	129	423124	451490	100	90	0.0960088	0.828025	40	39.1	688790	306	1886	1.0081	0.875734	1905
57	984443	2513	491174	493269	100	90	1.38804	0.828025	40	39.1	688790	306	1886	1.01097	0.874611	1905
58	1.06785e+006	2187	539705	528145	100	90	1.62557	0.828025	40	39.1	688790	306	1886	1.01448	0.873276	1905
59	806872	1787	263258	543614	100	90	1.71461	0.828025	40	39.1	688790	306	1886	1.0182	0.874564	1905
60	680427	1554	169805	510621	100	90	1.89055	0.828025	39	39.1	688790	306	1886	1.16752	1.14771	1905
61	793437	1339	295801	497097	100	90	1.23456	0.828025	40	39.1	0	306	1886	1.08626	0.950135	1905
62	920527	1147	402604	517369	100	90	1.08458	0.828025	40	39.1	0	306	1886	1.06824	0.913436	1905
63	1.02222e+006	966	483738	537626	100	90	1.03545	0.828025	40	39.1	0	306	1886	1.0656	0.89836	1905
64	1.13064e+006	844	555725	574183	100	90	1.12225	0.828025	40	39.1	0	306	1886	1.07676	0.906306	1905
65	1.16832e+006	810	586837	580846	100	90	1.28649	0.828025	40	39.1	0	306	1886	1.08631	0.90516	1905
66	1.18304e+006	1273	603911	579131	100	90	2.12758	0.828025	40	39.1	0	306	1886	1.09177	0.913636	1905
67	1.17529e+006	1174	606980	568306	100	90	2.21813	0.828025	40	39.1	0	306	1886	1.09779	0.92677	1905
68	1.1408e+006	1050	594148	546650	100	90	2.33336	0.828025	40	39.1	0	306	1886	1.11111	0.942943	1905
69	1.09951e+006	888	576800	522706	100	90	2.36595	0.828025	40	39.1	0	306	1886	1.12613	0.970273	1905
70	697880	787	192739	505141	100	90	2.42009	0.828025	40	39.1	399915	306	1886	1.14519	0.981308	1905
71	745092	692	284447	460645	100	90	2.54303	0.828025	40	39.1	399915	306	1886	1.14617	0.977238	1905
72	788008	623	355961	432047	100	90	2.59452	0.828025	40	39.1	399915	306	1886	1.18207	1.01689	1905
73	774918	561	379276	395643	100	90	2.66538	0.828025	40	39.1	399915	306	1886	1.19646	1.01873	1905
74	560018	510	188801	371218	100	90	2.71047	0.828025	40	39.1	399915	306	1886	1.21363	1.03145	1905
75	591021	457	248806	342215	100	90	2.69172	0.828025	40	39.1	399915	306	1886	1.24842	1.06089	1905
76	420965	418	104474	316392	100	90	2.67763	0.828025	40	39.1	608411	306	1886	1.26869	1.06905	1905
77	453440	375	164063	282003	100	90	2.69866	0.828025	40	39.1	608411	306	1886	1.2754	1.07267	1905
78	484534	339	212869	261249	100	90	2.71389	0.828025	40	39.1	608411	306	1886	1.28235	1.04114	1905
79	517219	323	246031	256319	100	90	2.71599	0.828025	40	39.1	608411	306	1886	1.31111	1.07383	1905
80	501702	294	248753	239607	100	90	2.74989	0.828025	40	39.1	608411	306	1886	1.30282	1.07547	1905
81	481552	286	249344	232208	100	90	2.80005	0.828025	40	39.1	608411	306	1886	1.3295	1.10163	1905
82	279582	248	68192.4	211390	100	90	0.128298	0.828025	40	39.1	795152	306	1886	1.00644	0.859481	1905
83	543754	225	227767	315986	100	90	0.0902535	0.828025	40	39.1	795152	306	1886	1.00443	0.858096	1905
84	828783	189	381578	447205	100	90	0.0853454	0.828025	40	39.1	795152	306	1886	1.00402	0.865104	1905
85	857255	175	405108	452146	100	90	0.0885233	0.828025	40	39.1	795152	306	1886	1.00496	0.883365	1905
86	835796	154	409936	425860	100	90	0.095592	0.828025	40	39.1	795152	306	1886	1.00522	0.89164	1905
87	942655	2612	474203	468452	100	90	1.19045	0.828025	40	39.1	795152	306	1886	1.00654	0.881107	1905
88	1.07185e+006	2398	542910	528942	100	90	1.48107	0.828025	40	39.1	795152	306	1886	1.01014	0.880701	1905
89	1.10413e+006	1964	562551	541578	100	90	1.59274	0.828025	40	39.1	795152	306	1886	1.01491	0.883199	1905
90	821463	1740	283867	537595	100	90	1.72072	0.828025	38	39.1	795152	306	1886	1.15761	1.15376	1905
91	893996	1428	389755	503776	100	90	1.13361	0.828025	40	39.1	0	306	1886	1.08306	0.95507	1905
92	969924	1148	462874	506361	100	90	0.901491	0.828025	40	39.1	0	306	1886	1.05735	0.910598	1905
93	1.06955e+006	970	530330	538466	100	90	0.833321	0.828025	40	39.1	0	306	1886	1.05179	0.897425	1905
94	1.14317e+006	845	574371	568065	100	90	0.869687	0.828025	40	39.1	0	306	1886	1.05705	0.903372	1905
95	1.1754e+006	843	596450	578214	100	90	1.01323	0.828025	40	39.1	0	306	1886	1.06515	0.906977	1905
96	1.15886e+006	1462	594154	564702	100	90	1.72912	0.828025	40	39.1	0	306	1886	1.0643	0.908611	1905
97	1.17128e+006	1378	604915	566367	100	90	1.91525	0.828025	40	39.1	0	306	1886	1.07625	0.917283	1905
98	1.13981e+006	1258	591856	547959	100	90	2.06563	0.828025	40	39.1	0	306	1886	1.08342	0.92403	1905
99	1.09467e+006	1081	571466	523199	100	90	2.14262	0.828025	40	39.1	0	306	1886	1.10063	0.933654	1905
100	697384	903	208151	489233	100	90	2.16922	0.828025	40	39.1	361788	306	1886	1.11303	0.95365	1905
101	773515	820	306767	466747	100	90	2.27351	0.828025	40	39.1	361788	306	1886	1.12958	0.975765	1905
102	617185	730	181695	435490	100	90	2.34274	0.828025	40	39.1	361788	306	1886	1.13481	0.981322	1905
103	664481	655	265829	398652	100	90	2.36439	0.828025	40	39.1	361788	306	1886	1.14485	0.985623	1905
104	665820	561	309940	355880	100	90	2.44023	0.828025	40	39.1	361788	306	1886	1.1664	0.996248	1905
105	672433	510	333711	338722	100	90	2.49855	0.828025	40	39.1	361788	306	1886	1.17754	0.98152	1905
106	419787	457	110544	309213	100	90	2.49038	0.828025	40	39.1	610972	306	1886	1.20833	1.00696	1905
107	487429	433	184439	294053	100	90	2.49748	0.828025	40	39.1	610972	306	1886	1.2146	1.00743	1905
108	503421	380	226704	265029	100	90	2.52991	0.828025	40	39.1	610972	306	1886	1.19543	0.971989	1905
109	480098	326	230818	233640	100	90	2.53758	0.828025	40	39.1	610972	306	1886	1.18639	0.961039	1905
110	480456	302	239635	226539	100	90	2.63849	0.828025	40	39.1	610972	306	1886	1.16832	0.943662	1905
111	443714	274	231228	212487	100	90	2.63799	0.828025	40	39.1	610972	306	1886	1.1875	0.968504	1905
112	276285	259	66094	210191	100	90	0.11965	0.828025	40	39.1	783245	306	1886	1.00432	0.850746	1905
113	570478	236	241472	329006	100	90	0.0892088	0.828025	40	39.1	783245	306	1886	1.00322	0.847839	1905
114	854217	224	392977	461241	100	90	0.0946763	0.828025	40	39.1	783245	306	1886	1.00352	0.85771	1905
115	849581	218	401866	447715	100	90	0.107246	0.828025	40	39.1	783245	306	1886	1.00481	0.874468	1905
116	829359	199	407655	421704	100	90	0.123668	0.828025	40	39.1	783245	306	1886	1.00525	0.873442	1905
117	932175	2491	467917	464258	100	90	1.20804	0.828025	40	39.1	783245	306	1886	1.00722	0.86155	1905
118	999949	2049	505699	494250	100	90	1.40886	0.828025	40	39.1	783245	306	1886	1.0102	0.861521	1905
119	1.03774e+006	1681	528292	509444	100	90	1.52225	0.828025	40	39.1	783245	306	1886	1.01459	0.868302	1905
120	778839	1580	269344	509495	100	90	1.65884	0.828025	39	39.1	783245	306	1886	1.15922	1.14038	1905
121	864257	1292	380923	482856	100	90	0.992874	0.828025	40	39.1	0	306	1886	1.07067	0.920121	1905
122	731853	1139	226057	505548	100	90	0.869874	0.828025	40	39.1	0	306	1886	1.05031	0.898069	1905
123	896914	975	365967	530455	100	90	0.733522	0.828025	40	39.1	0	306	1886	1.03964	0.875735	1905
124	1.03897e+006	849	475690	562669	100	90	0.785397	0.828025	40	39.1	0	306	1886	1.0413	0.872688	1905
125	1.10749e+006	836	534654	572254	100	90	0.936278	0.828025	40	39.1	0	306	1886	1.05011	0.875042	1905
126	1.11299e+006	1487	553784	559211	100	90	1.68534	0.828025	40	39.1	0	306	1886	1.05857	0.877767	1905
127	1.09842e+006	1409	556318	542104	100	90	1.85106	0.828025	40	39.1	0	306	1886	1.06441	0.879377	1905
128	1.09016e+006	1269	559232	530923	100	90	1.97295	0.828025	40	39.1	0	306	1886	1.07189	0.886548	1905
129	1.05242e+006	1057	543832	508585	100	90	2.00821	0.828025	40	39.1	0	306	1886	1.0847	0.88577	1905
130	684117	890	207050	477067	100	90	2.09054	0.828025	40	39.1	342498	306	1886	1.0907	0.890553	1905
131	748635	809	301456	447178	100	90	2.21959	0.828025	40	39.1	342498	306	1886	1.1039	0.891551	1905
132	604137	725	179761	424377	100	90	2.32024	0.828025	40	39.1	342498	306	1886	1.13078	0.922316	1905
133	684759	689	273211	411547	100	90	2.41728	0.828025	40	39.1	342498	306	1886	1.14177	0.925484	1905
134	539462	617	160172	379290	100	90	2.49564	0.828025	40	39.1	342498	306	1886	1.15994	0.937919	1905
135	595402	562	239461	355941	100	90	2.49633	0.828025	40	39.1	342498	306	1886	1.17304	0.943223	1905
136	465929	523	125975	339716	100	90	2.45106	0.828025	40	39.1	530453	306	1886	1.18905	0.968442	1905
137	494351	463	187621	298134	100	90	2.46929	0.828025	40	39.1	530453	306	1886	1.21118	1.01152	1905
138	406212	424	122449	281625	100	90	2.51401	0.828025	40	39.1	530453	306	1886	1.19818	0.987374	1905
139	449177	398	179105	261177	100	90	2.51309	0.828025	40	39.1	530453	306	1886	1.20293	0.989247	1905
140	488944	375	225451	255164	100	90	2.54639	0.828025	40	39.1	530453	306	1886	1.20312	0.988506	1905
141	482214	344	238640	243575	100	90	2.5358	0.828025	40	39.1	530453	306	1886	1.23631	1.00943	1905
142	316003	321	82583.8	233419	100	90	0.18271	0.828025	40	39.1	699052	306	1886	1.00733	0.857296	1905
143	539920	294	224587	315333	100	90	0.130547	0.828025	40	39.1	699052	306	1886	1.00495	0.857664	1905
144	845292	267	389823	455469	100	90	0.131447	0.828025	40	39.1	699052	306	1886	1.00505	0.864827	1905
145	948422	251	448557	499866	100	90	0.142167	0.828025	40	39.1	699052	306	1886	1.00555	0.883266	1905
146	908404	225	441333	467070	100	90	0.153846	0.828025	40	39.1	699052	306	1886	1.00568	0.89376	1905
147	961300	2375	477968	483331	100	90	1.20355	0.828025	40	39.1	699052	306	1886	1.00788	0.886351	1905
148	1.02018e+006	2030	513093	507089	100	90	1.35145	0.828025	39	39.1	699052	306	1886	1.01083	0.887178	1905
149	1.05607e+006	1671	535467	520607	100	90	1.48799	0.828025	39	39.1	699052	306	1886	1.01548	0.885845	1905
150	801498	1589	275146	526351	100	90	1.6233	0.828025	37	39.1	699052	306	1886	1.17682	1.19196	1905
151	879412	1331	384773	494027	100	90	1.14522	0.828025	40	39.1	0	306	1886	1.09597	0.968659	1905
152	960829	1137	459077	500700	100	90	0.998415	0.828025	40	39.1	0	306	1886	1.06844	0.923631	1905
153	1.04752e+006	979	518341	528131	100	90	0.965631	0.828025	40	39.1	0	306	1886	1.06495	0.915706	1905
154	1.08664e+006	800	545544	540099	100	90	0.96137	0.828025	40	39.1	0	306	1886	1.06415	0.909304	1905
155	1.12129e+006	783	567088	553251	100	90	1.0918	0.828025	40	39.1	0	306	1886	1.06897	0.910044	1905
156	1.12165e+006	1342	572396	549255	100	90	1.78987	0.828025	40	39.1	0	306	1886	1.06809	0.910314	1905
157	1.09347e+006	1265	562386	531089	100	90	1.9589	0.828025	40	39.1	0	306	1886	1.07464	0.91458	1905
158	1.0642e+006	1175	550633	513565	100	90	2.04659	0.828025	40	39.1	0	306	1886	1.07516	0.915716	1905
159	737430	970	254350	483080	100	90	2.05837	0.828025	40	39.1	0	306	1886	1.08351	0.920467	1905
160	659873	885	202020	457854	100	90	2.14196	0.828025	40	39.1	153351	306	1886	1.08381	0.921114	1905
161	581268	802	145730	435539	100	90	2.22562	0.828025	40	39.1	153351	306	1886	1.09556	0.926115	1905
162	659429	736	246886	412543	100	90	2.33246	0.828025	40	39.1	153351	306	1886	1.11451	0.937326	1905
163	555154	684	160136	395018	100	90	2.38984	0.828025	40	39.1	153351	306	1886	1.13878	0.962121	1905
164	591263	597	233851	357412	100	90	2.44571	0.828025	40	39.1	153351	306	1886	1.15683	0.982578	1905
165	479624	538	143757	335867	100	90	2.47226	0.828025	40	39.1	153351	306	1886	1.15945	0.980695	1905
166	444826	510	122797	321362	100	90	2.49165	0.828025	40	39.1	262626	306	1886	1.16543	0.985626	1905
167	495001	458	191263	294708	100	90	2.51464	0.828025	40	39.1	262626	306	1886	1.18393	1	1905
168	540043	425	245194	283150	100	90	2.55244	0.828025	40	39.1	262626	306	1886	1.17593	0.987437	1905
169	553156	403	264260	271975	100	90	2.57586	0.828025	40	39.1	262626	306	1886	1.19451	0.997326	1905
170	513692	344	252852	245912	100	90	2.58162	0.828025	40	39.1	262626	306	1886	1.19941	0.990476	1905
171	481244	319	247845	233399	100	90	2.63067	0.828025	40	39.1	262626	306	1886	1.18065	0.972414	1905
172	289392	286	74271.6	215121	100	90	0.124787	0.828025	40	39.1	435811	306	1886	1.00411	0.844262	1905
173	471256	265	127307	343949	100	90	0.0953543	0.828025	40	39.1	435811	306	1886	1.00299	0.843465	1905
174	715473	224	264480	450993	100	90	0.0772749	0.828025	40	39.1	435811	306	1886	1.0023	0.85275	1905
175	590318	187	145959	444360	100	90	0.0755537	0.828025	40	39.1	435811	306	1886	1.00242	0.874797	1905
176	649880	183	223516	426364	100	90	0.0925842	0.828025	40	39.1	435811	306	1886	1.00278	0.88435	1905
177	826451	2949	347680	478772	100	90	1.16967	0.828025	40	39.1	435811	306	1886	1.00372	0.883874	1905
178	942981	2741	433112	509869	100	90	1.46879	0.828025	40	39.1	435811	306	1886	1.00463	0.885531	1905
179	731741	2342	216661	515079	100	90	1.687	0.828025	40	39.1	435811	306	1886	1.0072	0.886173	1905
180	570019	2031	72243	497776	100	90	1.7308	0.828025	38	39.1	435811	306	1886	1.08804	1.0331	1905
181	662999	1708	185792	476467	100	90	0.941696	0.828025	40	39.1	0	306	1886	1.035	0.881506	1905
182	849031	1488	333006	515356	100	90	0.831689	0.828025	40	39.1	0	306	1886	1.02482	0.86978	1905
183	1.02067e+006	1263	456146	563087	100	90	0.82454	0.828025	40	39.1	0	306	1886	1.02271	0.860665	1905
184	1.13355e+006	1067	535799	596342	100	90	0.886422	0.828025	40	39.1	0	306	1886	1.02845	0.870036	1905
185	1.17564e+006	982	573745	600695	100	90	0.981374	0.828025	40	39.1	0	306	1886	1.03217	0.883371	1905
186	1.1785e+006	1728	588098	590397	100	90	1.65959	0.828025	40	39.1	0	306	1886	1.03434	0.880834	1905
187	1.16465e+006	1566	589309	575343	100	90	1.74824	0.828025	40	39.1	0	306	1886	1.0349	0.87788	1905
188	1.11877e+006	1435	572391	546382	100	90	1.86288	0.828025	40	39.1	0	306	1886	1.04062	0.875088	1905
189	1.06903e+006	1207	550727	518304	100	90	1.95897	0.828025	40	39.1	0	306	1886	1.04569	0.878788	1905
190	736581	1032	243280	493301	100	90	2.00349	0.828025	40	39.1	313215	306	1886	1.05157	0.875612	1905
191	774524	889	321000	453524	100	90	2.15184	0.828025	40	39.1	313215	306	1886	1.06103	0.885488	1905
192	780489	757	368439	412050	100	90	2.21106	0.828025	40	39.1	313215	306	1886	1.06458	0.897333	1905
193	594679	703	196234	398445	100	90	2.29443	0.828025	40	39.1	313215	306	1886	1.0787	0.904762	1905
194	613128	605	259810	353318	100	90	2.34129	0.828025	40	39.1	313215	306	1886	1.07789	0.894295	1905
195	649928	564	310409	339519	100	90	2.4015	0.828025	40	39.1	313215	306	1886	1.08163	0.895495	1905
196	423914	493	120012	303785	100	90	2.39835	0.828025	40	39.1	534250	306	1886	1.09009	0.905155	1905
197	478161	454	186802	282321	100	90	2.4322	0.828025	40	39.1	534250	306	1886	1.10241	0.908277	1905
198	362526	389	112342	248097	100	90	2.49103	0.828025	40	39.1	534250	306	1886	1.08894	0.888889	1905
199	413199	364	168662	235669	100	90	2.45575	0.828025	40	39.1	534250	306	1886	1.10594	0.90113	1905
200	450486	345	212392	229831	100	90	2.50099	0.828025	40	39.1	534250	306	1886	1.09524	0.897898	1905
201	405522	282	204517	201005	100	90	2.50256	0.828025	40	39.1	534250	306	1886	1.11186	0.915129	1905
202	266066	263	70115.4	195950	100	90	0.135267	0.828025	40	39.1	680420	306	1886	1.00348	0.834094	1905
203	522562	242	224376	298186	100	90	0.0994886	0.828025	40	39.1	680420	306	1886	1.00245	0.83481	1905
204	839831	218	390905	448926	100	90	0.10053	0.828025	40	39.1	680420	306	1886	1.00289	0.845994	1905
205	898875	191	426235	472640	100	90	0.100667	0.828025	40	39.1	680420	306	1886	1.00354	0.87676	1905
206	868232	180	423144	445088	100	90	0.112101	0.828025	39	39.1	680420	306	1886	1.00428	0.890449	1905
207	959809	2641	477208	482600	100	90	1.16046	0.828025	39	39.1	680420	306	1886	1.00541	0.872144	1905
208	1.06071e+006	2263	532710	527996	100	90	1.30103	0.828025	39	39.1	680420	306	1886	1.00758	0.86511	1905
209	1.09356e+006	1842	553137	540427	100	90	1.4475	0.828025	39	39.1	680420	306	1886	1.01105	0.868852	1905
210	809882	1637	277266	532616	100	90	1.60815	0.828025	37	39.1	680420	306	1886	1.16502	1.14444	1905
211	921256	1422	402490	517893	100	90	1.15697	0.828025	40	39.1	0	306	1886	1.08802	0.930676	1905
212	975189	1191	463304	510513	100	90	0.973803	0.828025	40	39.1	0	306	1886	1.05821	0.887392	1905
213	1.05837e+006	1037	521610	535328	100	90	0.937368	0.828025	40	39.1	0	306	1886	1.05391	0.883544	1905
214	1.12786e+006	905	563718	562874	100	90	0.989792	0.828025	40	39.1	0	306	1886	1.05585	0.878072	1905
215	1.16345e+006	884	585497	576762	100	90	1.1225	0.828025	40	39.1	0	306	1886	1.06137	0.87284	1905
216	1.1359e+006	1450	576742	559163	100	90	1.76676	0.828025	40	39.1	0	306	1886	1.0624	0.882038	1905
217	1.0963e+006	1351	561321	534977	100	90	1.83515	0.828025	40	39.1	0	306	1886	1.06396	0.875087	1905
218	1.05993e+006	1234	546512	513415	100	90	1.9328	0.828025	40	39.1	0	306	1886	1.06859	0.872789	1905
219	1.03829e+006	1073	538483	499803	100	90	1.97646	0.828025	40	39.1	0	306	1886	1.07645	0.873308	1905
220	711225	943	228987	482238	100	90	2.04935	0.828025	40	39.1	311635	306	1886	1.08352	0.860746	1905
221	758393	836	310142	448251	100	90	2.19123	0.828025	40	39.1	311635	306	1886	1.09551	0.869458	1905
222	773474	735	362374	411101	100	90	2.27083	0.828025	40	39.1	311635	306	1886	1.10011	0.883754	1905
223	756296	656	375497	380799	100	90	2.33314	0.828025	40	39.1	311635	306	1886	1.10818	0.894984	1905
224	730131	598	371965	358166	100	90	2.35687	0.828025	40	39.1	311635	306	1886	1.11429	0.900344	1905
225	671692	521	346775	324917	100	90	2.38314	0.828025	40	39.1	311635	306	1886	1.13475	0.926587	1905
226	424201	475	118860	305211	100	90	2.37303	0.828025	40	39.1	552228	306	1886	1.1423	0.936681	1905
227	481528	444	184776	288242	100	90	2.40283	0.828025	40	39.1	552228	306	1886	1.13025	0.932084	1905
228	504267	398	229166	263465	100	90	2.42778	0.828025	40	39.1	552228	306	1886	1.12	0.908136	1905
229	484228	351	233921	235280	100	90	2.44407	0.828025	40	39.1	552228	306	1886	1.12	0.907186	1905
230	449903	306	224752	212174	100	90	2.49127	0.828025	40	39.1	552228	306	1886	1.10836	0.896552	1905
231	423715	284	220351	203364	100	90	2.50861	0.828025	40	39.1	552228	306	1886	1.10922	0.906716	1905
232	264449	265	68877.4	195572	100	90	0.112743	0.828025	40	39.1	706319	306	1886	1.00257	0.811063	1905
233	566321	236	247000	319320	100	90	0.0843726	0.828025	40	39.1	706319	306	1886	1.00196	0.812573	1905
234	852069	215	397974	454095	100	90	0.0847846	0.828025	40	39.1	706319	306	1886	1.00233	0.831617	1905
235	825284	194	394610	430674	100	90	0.0877205	0.828025	40	39.1	706319	306	1886	1.00264	0.870365	1905
236	796859	188	395102	401758	100	90	0.105905	0.828025	40	39.1	706319	306	1886	1.00298	0.886024	1905
237	881646	2728	445992	435654	100	90	1.13528	0.828025	40	39.1	706319	306	1886	1.00403	0.876427	1905
238	984401	2268	500264	484137	100	90	1.32617	0.828025	40	39.1	706319	306	1886	1.00563	0.867486	1905
239	1.01396e+006	1855	517754	496206	100	90	1.49786	0.828025	40	39.1	706319	306	1886	1.00834	0.861272	1905
240	746167	1609	258060	488107	100	90	1.63034	0.828025	39	39.1	706319	306	1886	1.13622	1.08614	1905
241	848911	1343	376493	471736	100	90	0.926615	0.828025	40	39.1	0	306	1886	1.05416	0.87052	1905
242	955674	1158	459632	494932	100	90	0.788686	0.828025	40	39.1	0	306	1886	1.03528	0.84149	1905
243	1.03822e+006	950	514383	522618	100	90	0.70992	0.828025	40	39.1	0	306	1886	1.03011	0.836137	1905
244	1.08554e+006	789	542854	541627	100	90	0.724878	0.828025	40	39.1	0	306	1886	1.03447	0.846348	1905
245	1.10018e+006	747	553519	545665	100	90	0.80976	0.828025	40	39.1	0	306	1886	1.03755	0.852297	1905
246	1.0568e+006	1498	536369	520426	100	90	1.54122	0.828025	40	39.1	0	306	1886	1.03732	0.856024	1905
247	1.04021e+006	1375	533144	507065	100	90	1.64423	0.828025	40	39.1	0	306	1886	1.03727	0.859649	1905
248	763831	1320	258802	505028	100	90	1.77855	0.828025	40	39.1	0	306	1886	1.04477	0.86296	1905
249	844007	1149	355963	488044	100	90	1.91081	0.828025	40	39.1	0	306	1886	1.04926	0.855086	1905
250	700347	1016	224800	475546	100	90	2.02127	0.828025	40	39.1	220551	306	1886	1.0557	0.852342	1905
251	766954	900	317869	449086	100	90	2.18372	0.828025	40	39.1	220551	306	1886	1.07284	0.851724	1905
252	821921	821	389020	432901	100	90	2.30407	0.828025	40	39.1	220551	306	1886	1.08941	0.875792	1905
253	795711	721	396369	399342	100	90	2.32176	0.828025	40	39.1	220551	306	1886	1.10804	0.89899	1905
254	769475	653	391896	377579	100	90	2.33707	0.828025	40	39.1	220551	306	1886	1.11892	0.901116	1905
255	716875	581	368827	348049	100	90	2.35925	0.828025	40	39.1	220551	306	1886	1.12344	0.906977	1905
256	439873	516	122614	317033	100	90	2.35647	0.828025	40	39.1	475992	306	1886	1.13238	0.916497	1905
257	497240	484	191367	297020	100	90	2.36266	0.828025	40	39.1	475992	306	1886	1.14425	0.919214	1905
258	547341	462	250264	284125	100	90	2.41136	0.828025	40	39.1	475992	306	1886	1.13333	0.900463	1905
259	552865	433	266970	268035	100	90	2.44396	0.828025	40	39.1	475992	306	1886	1.13318	0.886978	1905
260	528285	392	262249	249914	100	90	2.47662	0.828025	40	39.1	475992	306	1886	1.11471	0.861789	1905
261	485110	356	250947	234163	100	90	2.49753	0.828025	40	39.1	475992	306	1886	1.11699	0.864458	1905
262	282484	303	73876.5	208608	100	90	0.124339	0.828025	40	39.1	648161	306	1886	1.00266	0.76197	1905
263	590038	254	257730	332308	100	90	0.0865005	0.828025	40	39.1	648161	306	1886	1.00203	0.766063	1905
264	628162	234	186044	442117	100	90	0.0867436	0.828025	40	39.1	648161	306	1886	1.00226	0.797613	1905
265	619665	210	222177	397488	100	90	0.0783597	0.828025	40	39.1	648161	306	1886	1.00192	0.836736	1905
266	755790	193	326002	429788	100	90	0.0929357	0.828025	40	39.1	648161	306	1886	1.00214	0.850055	1905
267	908204	2950	424362	483842	100	90	1.15738	0.828025	40	39.1	648161	306	1886	1.00344	0.871374	1905
268	998526	2649	484134	514392	100	90	1.4145	0.828025	40	39.1	648161	306	1886	1.00444	0.880613	1905
269	1.02332e+006	2040	509068	514250	100	90	1.46053	0.828025	39	39.1	648161	306	1886	1.00618	0.874548	1905
270	770651	1851	260606	510044	100	90	1.52799	0.828025	38	39.1	648161	306	1886	1.11382	1.09317	1905
271	859619	1481	375661	483108	100	90	0.968644	0.828025	40	39.1	0	306	1886	1.05304	0.843154	1905
272	976912	1278	465247	510413	100	90	0.807135	0.828025	40	39.1	0	306	1886	1.03529	0.803228	1905
273	1.08491e+006	1092	532764	550766	100	90	0.784778	0.828025	40	39.1	0	306	1886	1.0354	0.804622	1905
274	829073	925	269824	559189	100	90	0.826801	0.828025	40	39.1	0	306	1886	1.03792	0.823071	1905
275	917235	866	373129	544064	100	90	0.901758	0.828025	40	39.1	0	306	1886	1.03898	0.852105	1905
276	1.02324e+006	1549	472009	551228	100	90	1.53868	0.828025	40	39.1	0	306	1886	1.04018	0.861742	1905
277	1.05557e+006	1442	515411	540160	100	90	1.70596	0.828025	40	39.1	0	306	1886	1.0445	0.867108	1905
278	1.04357e+006	1346	523925	519649	100	90	1.86946	0.828025	40	39.1	0	306	1886	1.04771	0.869863	1905
279	986870	1085	504302	482568	100	90	1.93335	0.828025	40	39.1	0	306	1886	1.05448	0.862524	1905
280	680605	942	216686	463919	100	90	1.96232	0.828025	40	39.1	298414	306	1886	1.0616	0.866013	1905
281	731963	822	301197	430766	100	90	2.07725	0.828025	40	39.1	298414	306	1886	1.07985	0.874687	1905
282	746747	716	352680	394066	100	90	2.15181	0.828025	40	39.1	298414	306	1886	1.0883	0.887931	1905
283	544195	626	179151	365043	100	90	2.21512	0.828025	40	39.1	298414	306	1886	1.10456	0.914333	1905
284	577392	558	245365	332028	100	90	2.30979	0.828025	40	39.1	298414	306	1886	1.11324	0.912477	1905
285	585868	485	282709	303160	100	90	2.34624	0.828025	40	39.1	298414	306	1886	1.12689	0.916667	1905
286	394380	446	108374	285864	100	90	2.35703	0.828025	40	39.1	509353	306	1886	1.14823	0.931925	1905
287	424319	386	164341	251956	100	90	2.3784	0.828025	40	39.1	509353	306	1886	1.175	0.961644	1905
288	469276	358	217008	241868	100	90	2.44369	0.828025	40	39.1	509353	306	1886	1.15702	0.946269	1905
289	349966	329	119028	228345	100	90	2.49237	0.828025	40	39.1	509353	306	1886	1.15951	0.918831	1905
290	367202	288	159445	205710	100	90	2.45432	0.828025	40	39.1	509353	306	1886	1.2	0.973783	1905
291	379642	267	185919	193724	100	90	2.47251	0.828025	40	39.1	509353	306	1886	1.18919	0.97551	1905
292	249329	248	61834.7	187495	100	90	0.272664	0.828025	40	39.1	651653	306	1886	1.01106	0.775963	1905
293	369890	225	151691	218199	100	90	0.183082	0.828025	40	39.1	651653	306	1886	1.00684	0.774633	1905
294	637380	208	305683	331697	100	90	0.179262	0.828025	40	39.1	651653	306	1886	1.00624	0.78459	1905
295	668839	177	215695	453144	100	90	0.177082	0.828025	40	39.1	651653	306	1886	1.00727	0.796046	1905
296	819533	145	330394	489140	100	90	0.172753	0.828025	40	39.1	651653	306	1886	1.00752	0.816537	1905
297	746228	2166	209358	536870	100	90	1.46517	0.828025	40	39.1	651653	306	1886	1.00842	0.824337	1905
298	846447	2184	319859	526588	100	90	1.64777	0.828025	40	39.1	651653	306	1886	1.00956	0.826759	1905
299	984134	1919	437003	547131	100	90	1.7033	0.828025	40	39.1	651653	306	1886	1.01374	0.831605	1905
300	767923	1643	242923	525000	100	90	1.571	0.828025	39	39.1	651653	306	1886	1.24282	1.19792	1905
301	829637	1357	356012	473258	100	90	1.43994	0.828025	40	39.1	0	306	1886	1.18992	1.03715	1905
302	886159	1184	422488	463008	100	90	1.38213	0.828025	40	39.1	0	306	1886	1.12885	0.933652	1905
303	912116	1011	455493	456168	100	90	1.32982	0.828025	40	39.1	0	306	1886	1.09893	0.883778	1905
304	943201	872	479146	463522	100	90	1.35065	0.828025	40	39.1	0	306	1886	1.09734	0.86763	1905
305	968342	831	495962	471914	100	90	1.47691	0.828025	40	39.1	0	306	1886	1.09831	0.849727	1905
306	1.02024e+006	1032	526292	493945	100	90	1.90615	0.828025	40	39.1	0	306	1886	1.10495	0.855118	1905
307	987980	1017	512969	475011	100	90	2.05445	0.828025	40	39.1	0	306	1886	1.11001	0.862454	1905
308	925156	936	483843	441313	100	90	2.14461	0.828025	40	39.1	0	306	1886	1.10972	0.855395	1905
309	871114	815	457505	413610	100	90	2.16095	0.828025	40	39.1	0	306	1886	1.11157	0.860969	1905
310	570267	738	175188	395078	100	90	2.1584	0.828025	40	39.1	285654	306	1886	1.12674	0.885593	1905
311	623884	675	254521	369363	100	90	2.23544	0.828025	40	39.1	285654	306	1886	1.12831	0.868827	1905
312	644864	609	303034	341830	100	90	2.29068	0.828025	40	39.1	285654	306	1886	1.14308	0.875648	1905
313	629133	546	315196	313938	100	90	2.30451	0.828025	40	39.1	285654	306	1886	1.16344	0.884393	1905
314	604604	494	310639	293965	100	90	2.30259	0.828025	40	39.1	285654	306	1886	1.18075	0.896186	1905
315	573693	449	298138	275555	100	90	2.34832	0.828025	40	39.1	285654	306	1886	1.18043	0.890187	1905
316	347328	401	95584.4	251645	100	90	2.34006	0.828025	40	39.1	499490	306	1886	1.19951	0.905759	1905
317	390181	368	148441	234343	100	90	2.31328	0.828025	40	39.1	499490	306	1886	1.18947	0.902857	1905
318	422153	342	191750	220260	100	90	2.36056	0.828025	40	39.1	499490	306	1886	1.15805	0.879257	1905
319	432545	322	209755	208674	100	90	2.3851	0.828025	40	39.1	499490	306	1886	1.17296	0.895973	1905
320	415954	297	207560	195684	100	90	2.41179	0.828025	40	39.1	499490	306	1886	1.17133	0.889706	1905
321	363597	254	189419	174177	100	90	2.3897	0.828025	40	39.1	499490	306	1886	1.19753	0.917031	1905
322	219428	230	57171.3	162257	100	90	0.0897859	0.828025	40	39.1	633899	306	1886	1.00266	0.763085	1905
323	541146	195	240067	301079	100	90	0.0656572	0.828025	40	39.1	633899	306	1886	1.00199	0.762995	1905
324	834283	185	390337	443946	100	90	0.0683226	0.828025	40	39.1	633899	306	1886	1.00225	0.79794	1905
325	836693	178	400584	436108	100	90	0.0741501	0.828025	40	39.1	633899	306	1886	1.00238	0.853205	1905
326	806783	156	399666	407117	100	90	0.0799553	0.828025	40	39.1	633899	306	1886	1.00282	0.861654	1905
327	882843	2781	445015	437828	100	90	1.04126	0.828025	40	39.1	633899	306	1886	1.00395	0.84543	1905
328	990650	2413	503337	487313	100	90	1.21945	0.828025	40	39.1	633899	306	1886	1.00531	0.845551	1905
329	1.02239e+006	1988	522762	499630	100	90	1.41135	0.828025	40	39.1	633899	306	1886	1.00782	0.842175	1905
330	611936	1708	121234	490702	100	90	1.6034	0.828025	40	39.1	633899	306	1886	1.12	1.03418	1905
331	580006	1456	111712	468211	100	90	0.793227	0.828025	40	39.1	0	306	1886	1.04216	0.824418	1905
332	731076	1256	247497	483216	100	90	0.633651	0.828025	40	39.1	0	306	1886	1.029	0.805358	1905
333	723871	1059	193604	530143	100	90	0.611812	0.828025	40	39.1	0	306	1886	1.0253	0.810307	1905
334	907769	919	339937	567512	100	90	0.650397	0.828025	40	39.1	0	306	1886	1.02787	0.827961	1905
335	1.0023e+006	870	436726	565285	100	90	0.748903	0.828025	40	39.1	0	306	1886	1.03165	0.842147	1905
336	1.03041e+006	1939	486025	544383	100	90	1.52026	0.828025	40	39.1	0	306	1886	1.03314	0.832751	1905
337	1.02885e+006	1660	507040	521812	100	90	1.61435	0.828025	40	39.1	0	306	1886	1.03964	0.826374	1905
338	1.01162e+006	1426	511724	499894	100	90	1.72186	0.828025	40	39.1	0	306	1886	1.0477	0.83142	1905
339	978831	1177	503325	475506	100	90	1.78131	0.828025	40	39.1	0	306	1886	1.05236	0.822261	1905
340	682974	1005	230991	451983	100	90	1.89109	0.828025	40	39.1	282733	306	1886	1.06114	0.817814	1905
341	732538	884	307047	425491	100	90	2.032	0.828025	40	39.1	282733	306	1886	1.06761	0.81682	1905
342	767493	800	362816	404678	100	90	2.15384	0.828025	40	39.1	282733	306	1886	1.07337	0.822478	1905
343	775940	735	387571	388369	100	90	2.23054	0.828025	40	39.1	282733	306	1886	1.08817	0.835655	1905
344	541044	655	184433	356611	100	90	2.27854	0.828025	40	39.1	282733	306	1886	1.11004	0.849057	1905
345	579615	594	249063	330552	100	90	2.31884	0.828025	40	39.1	282733	306	1886	1.11442	0.850694	1905
346	439854	548	129053	310498	100	90	2.29208	0.828025	40	39.1	459572	306	1886	1.13095	0.868914	1905
347	479136	490	188678	281175	100	90	2.27026	0.828025	40	39.1	459572	306	1886	1.14259	0.888421	1905
348	517748	463	237028	267935	100	90	2.287	0.828025	40	39.1	459572	306	1886	1.1499	0.894144	1905
349	529473	436	255298	257048	100	90	2.32535	0.828025	40	39.1	459572	306	1886	1.14477	0.895884	1905
350	524898	411	259868	249022	100	90	2.35569	0.828025	40	39.1	459572	306	1886	1.14048	0.876607	1905
351	445981	350	230415	215567	100	90	2.37481	0.828025	40	39.1	459572	306	1886	1.15029	0.877676	1905
352	276971	310	75368.9	201602	100	90	0.115343	0.828025	40	39.1	616260	306	1886	1.00303	0.74287	1905
353	487371	276	138346	349024	100	90	0.0895104	0.828025	40	39.1	616260	306	1886	1.00236	0.74497	1905
354	704008	258	258181	445826	100	90	0.0788443	0.828025	40	39.1	616260	306	1886	1.00204	0.778026	1905
355	736973	211	308587	428386	100	90	0.0771651	0.828025	40	39.1	616260	306	1886	1.00214	0.832162	1905
356	791890	187	364975	426915	100	90	0.0893073	0.828025	40	39.1	616260	306	1886	1.00223	0.85168	1905
357	911123	3093	441794	469328	100	90	1.14385	0.828025	40	39.1	616260	306	1886	1.00294	0.859821	1905
358	1.01225e+006	2685	501721	510533	100	90	1.36983	0.828025	40	39.1	616260	306	1886	1.00506	0.856211	1905
359	1.03683e+006	2228	521126	515703	100	90	1.51766	0.828025	40	39.1	616260	306	1886	1.00657	0.8425	1905
360	747170	1776	255709	491462	100	90	1.55324	0.828025	40	39.1	616260	306	1886	1.09619	1.00848	1905
361	840452	1462	372635	467486	100	90	0.887921	0.828025	40	39.1	0	306	1886	1.04154	0.805937	1905
362	942788	1249	453246	489041	100	90	0.733254	0.828025	40	39.1	0	306	1886	1.02864	0.78513	1905
363	782199	1044	252956	529137	100	90	0.687304	0.828025	40	39.1	0	306	1886	1.02637	0.786392	1905
364	747309	928	186550	560730	100	90	0.740798	0.828025	40	39.1	0	306	1886	1.02872	0.815381	1905
365	836545	868	302889	533627	100	90	0.808785	0.828025	40	39.1	0	306	1886	1.02896	0.83708	1905
366	942231	1792	411446	530786	100	90	1.54202	0.828025	40	39.1	0	306	1886	1.03053	0.836221	1905
367	757841	1685	227666	530174	100	90	1.73994	0.828025	40	39.1	0	306	1886	1.0395	0.844613	1905
368	662654	1555	158753	503901	100	90	1.90238	0.828025	40	39.1	0	306	1886	1.04868	0.849406	1905
369	739601	1336	270810	468792	100	90	1.98045	0.828025	40	39.1	0	306	1886	1.05233	0.845211	1905
370	697972	1163	244216	453756	100	90	2.07906	0.828025	40	39.1	125438	306	1886	1.05792	0.842105	1905
371	744434	1022	321731	422703	100	90	2.16544	0.828025	40	39.1	125438	306	1886	1.06495	0.847071	1905
372	793497	930	380212	413285	100	90	2.24401	0.828025	40	39.1	125438	306	1886	1.07143	0.855263	1905
373	794898	837	398088	396810	100	90	2.24863	0.828025	40	39.1	125438	306	1886	1.07114	0.856796	1905
374	741165	719	378684	362481	100	90	2.26472	0.828025	40	39.1	125438	306	1886	1.08722	0.869132	1905
375	686390	625	354498	331892	100	90	2.25803	0.828025	40	39.1	125438	306	1886	1.09863	0.874794	1905
376	450125	569	137256	312745	100	90	2.24603	0.828025	40	39.1	354780	306	1886	1.10961	0.882246	1905
377	497021	522	197477	290212	100	90	2.2683	0.828025	40	39.1	354780	306	1886	1.1139	0.883858	1905
378	522026	476	236367	272413	100	90	2.33408	0.828025	40	39.1	354780	306	1886	1.11575	0.878525	1905
379	499306	407	239285	244392	100	90	2.3577	0.828025	40	39.1	354780	306	1886	1.14685	0.899743	1905
380	374224	390	130542	241208	100	90	2.39986	0.828025	40	39.1	354780	306	1886	1.15212	0.897297	1905
381	398404	352	174580	223823	100	90	2.40097	0.828025	40	39.1	354780	306	1886	1.19547	0.924471	1905
382	276584	307	76562.4	200021	100	90	0.284155	0.828025	40	39.1	482331	306	1886	1.01086	0.861864	1905
383	418826	293	175122	243704	100	90	0.206038	0.828025	40	39.1	482331	306	1886	1.00734	0.867104	1905
384	682537	266	321970	360568	100	90	0.199229	0.828025	40	39.1	482331	306	1886	1.00775	0.872509	1905
385	925825	232	445422	480403	100	90	0.196229	0.828025	40	39.1	482331	306	1886	1.00818	0.877856	1905
386	1.03054e+006	218	500518	530026	100	90	0.222065	0.828025	40	39.1	482331	306	1886	1.01028	0.88519	1905
387	1.02188e+006	2175	505100	516779	100	90	1.46594	0.828025	40	39.1	482331	306	1886	1.01192	0.884298	1905
388	1.03806e+006	1887	522192	515867	100	90	1.48634	0.828025	40	39.1	482331	306	1886	1.01272	0.868807	1905
389	1.05395e+006	1596	537599	516356	100	90	1.53718	0.828025	40	39.1	482331	306	1886	1.01508	0.860981	1905
390	760759	1406	263861	496898	100	90	1.45548	0.828025	38	39.1	482331	306	1886	1.25567	1.29555	1905
391	841443	1213	376041	465351	100	90	1.33481	0.828025	40	39.1	0	306	1886	1.19658	1.07873	1905
392	877780	1041	425476	452222	100	90	1.25502	0.828025	40	39.1	0	306	1886	1.14111	0.997354	1905
393	908308	906	453834	454427	100	90	1.22359	0.828025	40	39.1	0	306	1886	1.11111	0.947465	1905
394	969003	812	489280	479673	100	90	1.28039	0.828025	40	39.1	0	306	1886	1.10888	0.927411	1905
395	1.01983e+006	829	517620	502163	100	90	1.46814	0.828025	40	39.1	0	306	1886	1.11457	0.927191	1905
396	763554	1106	256716	506838	100	90	2.01577	0.828025	40	39.1	0	306	1886	1.11922	0.935382	1905
397	880855	1110	372655	508200	100	90	2.12451	0.828025	40	39.1	0	306	1886	1.12308	0.929453	1905
398	909958	1040	429045	480913	100	90	2.24289	0.828025	40	39.1	0	306	1886	1.12384	0.932515	1905
399	891130	901	441787	449343	100	90	2.26233	0.828025	40	39.1	0	306	1886	1.12983	0.932544	1905
400	599953	753	191578	408375	100	90	2.22291	0.828025	40	39.1	258800	306	1886	1.14236	0.932299	1905
401	666366	699	278430	387936	100	90	2.2776	0.828025	40	39.1	258800	306	1886	1.14974	0.936364	1905
402	669917	604	318222	351695	100	90	2.26428	0.828025	40	39.1	258800	306	1886	1.16667	0.967071	1905
403	683220	574	340981	342238	100	90	2.27751	0.828025	40	39.1	258800	306	1886	1.18852	0.987179	1905
404	640502	512	325293	315209	100	90	2.29623	0.828025	40	39.1	258800	306	1886	1.20904	0.989712	1905
405	623368	475	319009	304359	100	90	2.27518	0.828025	40	39.1	258800	306	1886	1.23975	0.997797	1905
406	400609	439	115030	285441	100	90	2.29328	0.828025	40	39.1	475522	306	1886	1.24779	1.00718	1905
407	464699	421	180155	275366	100	90	2.3386	0.828025	40	39.1	475522	306	1886	1.25	1.00759	1905
408	362376	374	108755	251676	100	90	2.4055	0.828025	40	39.1	475522	306	1886	1.25606	0.988439	1905
409	391003	330	156307	225980	100	90	2.40261	0.828025	40	39.1	475522	306	1886	1.24924	0.996721	1905
410	399478	298	185756	206031	100	90	2.42431	0.828025	40	39.1	475522	306	1886	1.22414	1	1905
411	414133	292	206740	207392	100	90	2.42267	0.828025	40	39.1	475522	306	1886	1.23488	1.01916	1905
412	273425	276	73048.9	200376	100	90	0.142629	0.828025	40	39.1	617419	306	1886	1.00611	0.825803	1905
413	520330	251	222991	297339	100	90	0.10269	0.828025	40	39.1	617419	306	1886	1.00463	0.822515	1905
414	641312	224	192711	448601	100	90	0.102007	0.828025	40	39.1	617419	306	1886	1.00488	0.830372	1905
415	739861	209	269387	470474	100	90	0.0932921	0.828025	40	39.1	617419	306	1886	1.00458	0.862181	1905
416	796919	184	335941	460977	100	90	0.0990782	0.828025	40	39.1	617419	306	1886	1.00485	0.881533	1905
417	901111	2615	413513	487598	100	90	1.07626	0.828025	40	39.1	617419	306	1886	1.00652	0.882308	1905
418	998851	2393	479330	519521	100	90	1.29652	0.828025	40	39.1	617419	306	1886	1.00873	0.878823	1905
419	1.03321e+006	1894	509434	523776	100	90	1.40367	0.828025	40	39.1	617419	306	1886	1.01319	0.873275	1905
420	798293	1869	268531	529762	100	90	1.56953	0.828025	39	39.1	617419	306	1886	1.12788	1.0855	1905
421	885632	1543	386653	498920	100	90	1.18666	0.828025	40	39.1	0	306	1886	1.07807	0.923712	1905
422	948255	1310	451222	496931	100	90	1.04391	0.828025	40	39.1	0	306	1886	1.0573	0.892938	1905
423	1.01271e+006	1108	500345	512272	100	90	0.964346	0.828025	40	39.1	0	306	1886	1.0458	0.874367	1905
424	1.09845e+006	982	550463	547907	100	90	1.0419	0.828025	40	39.1	0	306	1886	1.05233	0.880169	1905
425	1.11787e+006	901	563886	553909	100	90	1.12404	0.828025	40	39.1	0	306	1886	1.05422	0.868246	1905
426	1.14717e+006	1444	582962	564207	100	90	1.73466	0.828025	40	39.1	0	306	1886	1.05838	0.868852	1905
427	1.12503e+006	1429	575922	549111	100	90	1.90425	0.828025	40	39.1	0	306	1886	1.0618	0.863248	1905
428	1.0639e+006	1256	547708	516191	100	90	1.99427	0.828025	40	39.1	0	306	1886	1.07273	0.859491	1905
429	759481	1096	261370	498110	100	90	2.0277	0.828025	40	39.1	0	306	1886	1.08195	0.864711	1905
430	685864	963	223712	462152	100	90	2.08016	0.828025	40	39.1	133566	306	1886	1.09227	0.867742	1905
431	746494	867	315275	431219	100	90	2.18086	0.828025	40	39.1	133566	306	1886	1.10731	0.876202	1905
432	758107	757	359270	398836	100	90	2.26577	0.828025	40	39.1	133566	306	1886	1.1317	0.89589	1905
433	727604	675	362043	365561	100	90	2.32019	0.828025	40	39.1	133566	306	1886	1.15577	0.90755	1905
434	703923	615	357295	346628	100	90	2.30353	0.828025	40	39.1	133566	306	1886	1.16358	0.911715	1905
435	656967	545	336601	320367	100	90	2.27928	0.828025	40	39.1	133566	306	1886	1.17801	0.927063	1905
436	415503	482	124318	291116	100	90	2.2675	0.828025	40	39.1	352945	306	1886	1.18861	0.951648	1905
437	439943	417	173520	257708	100	90	2.29968	0.828025	40	39.1	352945	306	1886	1.18561	0.966581	1905
438	437630	352	200146	226097	100	90	2.28515	0.828025	40	39.1	352945	306	1886	1.18156	0.966463	1905
439	437733	320	211043	212569	100	90	2.30959	0.828025	40	39.1	352945	306	1886	1.20317	0.989796	1905
440	432259	299	213794	205503	100	90	2.35059	0.828025	40	39.1	352945	306	1886	1.18685	0.97048	1905
441	307992	290	106459	201534	100	90	2.42343	0.828025	40	39.1	352945	306	1886	1.19623	0.988189	1905
442	251804	256	68620.7	183183	100	90	0.0946568	0.828025	40	39.1	435084	306	1886	1.00329	0.785005	1905
443	592543	239	259394	333150	100	90	0.0815256	0.828025	40	39.1	435084	306	1886	1.00281	0.787283	1905
444	852842	207	394518	458324	100	90	0.0778098	0.828025	40	39.1	435084	306	1886	1.00293	0.816919	1905
445	835280	187	396464	438816	100	90	0.0794384	0.828025	40	39.1	435084	306	1886	1.00303	0.864427	1905
446	812746	176	397766	414980	100	90	0.0898788	0.828025	40	39.1	435084	306	1886	1.00366	0.873418	1905
447	894438	2745	445569	448869	100	90	1.07002	0.828025	40	39.1	435084	306	1886	1.00496	0.858647	1905
448	979434	2303	492801	486632	100	90	1.25692	0.828025	40	39.1	435084	306	1886	1.00637	0.861065	1905
449	1.02435e+006	1916	519159	505192	100	90	1.43775	0.828025	40	39.1	435084	306	1886	1.00898	0.858862	1905
450	750415	1681	257954	492461	100	90	1.6162	0.828025	39	39.1	435084	306	1886	1.12825	1.06988	1905
451	841969	1412	373253	468687	100	90	0.934378	0.828025	40	39.1	0	306	1886	1.05387	0.862097	1905
452	910188	1174	437024	473138	100	90	0.748788	0.828025	40	39.1	0	306	1886	1.03296	0.830932	1905
453	995799	950	491524	504262	100	90	0.663351	0.828025	40	39.1	0	306	1886	1.02783	0.819227	1905
454	1.0831e+006	840	539376	543701	100	90	0.72763	0.828025	40	39.1	0	306	1886	1.02963	0.827842	1905
455	1.11784e+006	822	560905	556909	100	90	0.831287	0.828025	40	39.1	0	306	1886	1.03174	0.840457	1905
456	1.09007e+006	1585	550993	539080	100	90	1.5093	0.828025	40	39.1	0	306	1886	1.0363	0.840898	1905
457	1.06667e+006	1480	543945	522723	100	90	1.6259	0.828025	40	39.1	0	306	1886	1.04275	0.839901	1905
458	1.00791e+006	1339	518284	489625	100	90	1.7692	0.828025	40	39.1	0	306	1886	1.0453	0.825019	1905
459	951943	1102	492150	459793	100	90	1.83565	0.828025	40	39.1	0	306	1886	1.04733	0.824349	1905
460	657343	936	225382	431962	100	90	1.89628	0.828025	40	39.1	269534	306	1886	1.05559	0.824945	1905
461	705942	835	300864	405078	100	90	2.10109	0.828025	40	39.1	269534	306	1886	1.06486	0.821648	1905
462	726881	752	344552	382329	100	90	2.20899	0.828025	40	39.1	269534	306	1886	1.07811	0.831276	1905
463	532526	680	176419	356106	100	90	2.27232	0.828025	40	39.1	269534	306	1886	1.0961	0.843465	1905
464	562523	612	237106	325417	100	90	2.28928	0.828025	40	39.1	269534	306	1886	1.10831	0.861252	1905
465	449827	565	138659	311168	100	90	2.33669	0.828025	40	39.1	269534	306	1886	1.12963	0.884404	1905
466	403987	509	119838	283155	100	90	2.34016	0.828025	40	39.1	361796	306	1886	1.13962	0.882353	1905
467	426655	440	170511	247179	100	90	2.35116	0.828025	40	39.1	361796	306	1886	1.15198	0.899761	1905
468	458653	404	211066	235877	100	90	2.3743	0.828025	40	39.1	361796	306	1886	1.14078	0.887435	1905
469	323985	350	110482	211056	100	90	2.39037	0.828025	40	39.1	361796	306	1886	1.13277	0.873494	1905
470	351128	313	153621	195269	100	90	2.3819	0.828025	40	39.1	361796	306	1886	1.15974	0.901361	1905
471	345805	278	169204	176601	100	90	2.36537	0.828025	40	39.1	361796	306	1886	1.18819	0.930233	1905
472	225790	245	61496.1	164294	100	90	0.249554	0.828025	40	39.1	478585	306	1886	1.00893	0.866858	1905
473	334727	214	141898	192830	100	90	0.161552	0.828025	40	39.1	478585	306	1886	1.005	0.862475	1905
474	461597	196	145378	316220	100	90	0.154684	0.828025	40	39.1	478585	306	1886	1.00482	0.864543	1905
475	738855	181	302237	436618	100	90	0.147653	0.828025	40	39.1	478585	306	1886	1.00471	0.873207	1905
476	952744	163	428219	524524	100	90	0.159395	0.828025	40	39.1	478585	306	1886	1.00559	0.878771	1905
477	1.02628e+006	2269	484134	542142	100	90	1.38618	0.828025	40	39.1	478585	306	1886	1.0062	0.8861	1905
478	1.0448e+006	2100	511763	533032	100	90	1.51971	0.828025	40	39.1	478585	306	1886	1.00772	0.873482	1905
479	1.06634e+006	1714	535157	531185	100	90	1.54707	0.828025	40	39.1	478585	306	1886	1.00894	0.851871	1905
480	785683	1540	269673	516011	100	90	1.44219	0.828025	37	39.1	478585	306	1886	1.24319	1.27694	1905
481	867244	1326	387449	479669	100	90	1.40139	0.828025	40	39.1	0	306	1886	1.20116	1.10334	1905
482	914480	1174	442792	471497	100	90	1.39225	0.828025	40	39.1	0	306	1886	1.139	0.993583	1905
483	965994	1065	483942	481842	100	90	1.41549	0.828025	40	39.1	0	306	1886	1.10603	0.935321	1905
484	986959	939	501439	485256	100	90	1.47938	0.828025	40	39.1	0	306	1886	1.10328	0.926278	1905
485	1.01165e+006	922	517136	494249	100	90	1.65652	0.828025	40	39.1	0	306	1886	1.10608	0.930914	1905
486	1.00653e+006	1024	517611	488914	100	90	1.9677	0.828025	40	39.1	0	306	1886	1.09872	0.924837	1905
487	1.01076e+006	1051	523233	487525	100	90	2.15465	0.828025	40	39.1	0	306	1886	1.10951	0.931584	1905
488	945530	950	491808	453723	100	90	2.20242	0.828025	40	39.1	0	306	1886	1.11173	0.927858	1905
489	921169	859	480937	440232	100	90	2.17153	0.828025	40	39.1	0	306	1886	1.1209	0.936508	1905
490	602773	773	188664	414109	100	90	2.19985	0.828025	40	39.1	290831	306	1886	1.13023	0.953678	1905
491	641285	679	265852	375433	100	90	2.22004	0.828025	40	39.1	290831	306	1886	1.12855	0.944272	1905
492	652693	603	308358	344335	100	90	2.24573	0.828025	40	39.1	290831	306	1886	1.16216	0.970123	1905
493	649862	558	324001	325861	100	90	2.24403	0.828025	40	39.1	290831	306	1886	1.17708	0.971645	1905
494	617001	513	316141	300860	100	90	2.22636	0.828025	40	39.1	290831	306	1886	1.17925	0.97551	1905
495	593918	483	306678	287240	100	90	2.26118	0.828025	40	39.1	290831	306	1886	1.19502	0.986842	1905
496	382967	451	111103	271864	100	90	2.22341	0.828025	40	39.1	501156	306	1886	1.20713	1.01415	1905
497	431846	411	170757	252183	100	90	2.2477	0.828025	40	39.1	501156	306	1886	1.20885	1.0285	1905
498	430081	359	197830	221536	100	90	2.25419	0.828025	40	39.1	501156	306	1886	1.19373	1.01502	1905
499	407335	313	196845	196586	100	90	2.26921	0.828025	40	39.1	501156	306	1886	1.20861	1.03114	1905
500	385037	273	191766	181001	100	90	2.31914	0.828025	40	39.1	501156	306	1886	1.1749	0.976378	1905
501	341900	236	177932	163969	100	90	2.35998	0.828025	40	39.1	501156	306	1886	1.19643	0.995327	1905
502	217693	224	56657.7	161035	100	90	0.0860751	0.828025	40	39.1	627922	306	1886	1.00268	0.855573	1905
503	563630	207	251592	312038	100	90	0.0692446	0.828025	40	39.1	627922	306	1886	1.00215	0.857499	1905
504	886325	200	415057	471268	100	90	0.072927	0.828025	40	39.1	627922	306	1886	1.00227	0.870434	1905
505	898159	174	427505	470655	100	90	0.0717554	0.828025	40	39.1	627922	306	1886	1.00269	0.902839	1905
506	825680	170	403941	421739	100	90	0.0832111	0.828025	40	39.1	627922	306	1886	1.00319	0.916079	1905
507	888223	2971	444653	443570	100	90	1.03214	0.828025	40	39.1	627922	306	1886	1.00425	0.898406	1905
508	993846	2478	502943	490903	100	90	1.16683	0.828025	40	39.1	627922	306	1886	1.00526	0.889153	1905
509	770231	2104	248959	521271	100	90	1.34601	0.828025	40	39.1	627922	306	1886	1.00753	0.876941	1905
510	685827	2028	173655	512172	100	90	1.62142	0.828025	38	39.1	627922	306	1886	1.08749	1.00697	1905
511	793948	1706	304831	488921	100	90	0.918137	0.828025	40	39.1	0	306	1886	1.03654	0.901514	1905
512	919546	1442	413611	505680	100	90	0.767961	0.828025	40	39.1	0	306	1886	1.02646	0.890755	1905
513	1.03519e+006	1194	496093	538782	100	90	0.708668	0.828025	40	39.1	0	306	1886	1.02209	0.88084	1905
514	857791	1030	274300	583387	100	90	0.75681	0.828025	40	39.1	0	306	1886	1.02402	0.889048	1905
515	975929	983	389993	585851	100	90	0.855897	0.828025	40	39.1	0	306	1886	1.02695	0.896841	1905
516	1.05267e+006	2000	476447	576223	100	90	1.59936	0.828025	40	39.1	0	306	1886	1.03163	0.882659	1905
517	1.07663e+006	1813	519080	557545	100	90	1.68042	0.828025	40	39.1	0	306	1886	1.03366	0.869231	1905
518	1.06161e+006	1588	529692	531918	100	90	1.78616	0.828025	40	39.1	0	306	1886	1.03718	0.86045	1905
519	1.05473e+006	1358	536761	517970	100	90	1.85603	0.828025	40	39.1	0	306	1886	1.04424	0.858647	1905
520	750597	1162	268303	482294	100	90	1.9349	0.828025	40	39.1	272869	306	1886	1.05038	0.858648	1905
521	826306	1067	354785	471520	100	90	2.05285	0.828025	40	39.1	272869	306	1886	1.06202	0.867943	1905
522	822720	937	390593	432127	100	90	2.15275	0.828025	40	39.1	272869	306	1886	1.07578	0.87965	1905
523	793018	832	396704	396313	100	90	2.22796	0.828025	40	39.1	272869	306	1886	1.08168	0.878229	1905
524	759195	743	387209	371987	100	90	2.27252	0.828025	40	39.1	272869	306	1886	1.09951	0.885201	1905
525	718340	675	369816	348524	100	90	2.30594	0.828025	40	39.1	272869	306	1886	1.11033	0.895545	1905
526	474381	618	147117	327217	100	90	2.31485	0.828025	40	39.1	507947	306	1886	1.12558	0.910624	1905
527	518917	570	207103	302169	100	90	2.29603	0.828025	40	39.1	507947	306	1886	1.13	0.909584	1905
528	567662	545	258384	294660	100	90	2.32062	0.828025	40	39.1	507947	306	1886	1.12478	0.897533	1905
529	553194	490	267037	268911	100	90	2.33995	0.828025	40	39.1	507947	306	1886	1.13745	0.91453	1905
530	552021	473	274536	261670	100	90	2.37697	0.828025	40	39.1	507947	306	1886	1.13617	0.915909	1905
531	503268	429	260406	242861	100	90	2.4187	0.828025	40	39.1	507947	306	1886	1.13735	0.921717	1905
532	327024	396	97707.8	229316	100	90	0.143171	0.828025	40	39.1	673472	306	1886	1.00337	0.787579	1905
533	669400	369	295847	373552	100	90	0.11916	0.828025	40	39.1	673472	306	1886	1.00311	0.789207	1905
534	702772	337	209034	493738	100	90	0.117197	0.828025	40	39.1	673472	306	1886	1.00366	0.817884	1905
535	724668	305	260176	464491	100	90	0.101832	0.828025	40	39.1	673472	306	1886	1.00313	0.84599	1905
536	811338	287	341321	470016	100	90	0.118613	0.828025	40	39.1	673472	306	1886	1.00354	0.853578	1905
537	922093	3126	425205	496889	100	90	1.07131	0.828025	40	39.1	673472	306	1886	1.00441	0.866937	1905
538	1.0035e+006	2761	483278	520220	100	90	1.27733	0.828025	40	39.1	673472	306	1886	1.0066	0.879636	1905
539	1.0419e+006	2266	514967	526932	100	90	1.4401	0.828025	40	39.1	673472	306	1886	1.00956	0.877642	1905
540	794656	2073	268022	526634	100	90	1.57784	0.828025	40	39.1	673472	306	1886	1.08537	1.0073	1905
541	890441	1678	387261	503037	100	90	0.955574	0.828025	40	39.1	0	306	1886	1.03939	0.83613	1905
542	969087	1406	460202	508671	100	90	0.782912	0.828025	40	39.1	0	306	1886	1.0259	0.81486	1905
543	1.0965e+006	1217	537892	558395	100	90	0.724947	0.828025	40	39.1	0	306	1886	1.02049	0.811965	1905
544	1.16869e+006	1050	580517	587930	100	90	0.766151	0.828025	40	39.1	0	306	1886	1.02297	0.830384	1905
545	1.18434e+006	1028	595159	588972	100	90	0.900516	0.828025	40	39.1	0	306	1886	1.02894	0.848878	1905
546	1.15827e+006	1700	587973	570297	100	90	1.4515	0.828025	40	39.1	0	306	1886	1.0326	0.841099	1905
547	1.12414e+006	1591	575664	548473	100	90	1.57269	0.828025	40	39.1	0	306	1886	1.03857	0.841793	1905
548	1.08723e+006	1502	561048	526180	100	90	1.747	0.828025	40	39.1	0	306	1886	1.04273	0.829153	1905
549	759270	1278	261557	497713	100	90	1.84664	0.828025	40	39.1	0	306	1886	1.05003	0.823482	1905
550	689559	1105	225476	464083	100	90	1.95439	0.828025	40	39.1	128293	306	1886	1.05996	0.828545	1905
551	752905	984	313106	439799	100	90	2.09009	0.828025	40	39.1	128293	306	1886	1.07283	0.841336	1905
552	797922	907	374111	423812	100	90	2.17071	0.828025	40	39.1	128293	306	1886	1.08183	0.852105	1905
553	754362	778	375369	378993	100	90	2.19572	0.828025	40	39.1	128293	306	1886	1.08881	0.844122	1905
554	692246	671	354475	337771	100	90	2.22248	0.828025	40	39.1	128293	306	1886	1.09904	0.847328	1905
555	659929	598	341796	318133	100	90	2.23974	0.828025	40	39.1	128293	306	1886	1.11232	0.864028	1905
556	416245	561	113641	302604	100	90	2.24109	0.828025	40	39.1	190328	306	1886	1.11148	0.865809	1905
557	448805	495	169475	270855	100	90	2.27705	0.828025	40	39.1	190328	306	1886	1.10837	0.866109	1905
558	491383	465	219035	260329	100	90	2.29317	0.828025	40	39.1	190328	306	1886	1.10309	0.853933	1905
559	487004	419	233039	238289	100	90	2.26655	0.828025	40	39.1	190328	306	1886	1.1078	0.8575	1905
560	352785	385	123825	226509	100	90	2.31283	0.828025	40	39.1	190328	306	1886	1.1054	0.877778	1905
561	383579	359	167108	216471	100	90	2.3528	0.828025	40	39.1	190328	306	1886	1.125	0.900602	1905
562	273791	323	74651.5	199140	100	90	0.261376	0.828025	40	39.1	315262	306	1886	1.00728	0.844188	1905
563	422247	307	176695	245551	100	90	0.192426	0.828025	40	39.1	315262	306	1886	1.00466	0.844459	1905
564	709281	284	333722	375559	100	90	0.188231	0.828025	40	39.1	315262	306	1886	1.00411	0.850409	1905
565	956626	262	459281	497345	100	90	0.200249	0.828025	40	39.1	315262	306	1886	1.00549	0.856709	1905
566	1.04771e+006	230	509385	538329	100	90	0.215287	0.828025	40	39.1	315262	306	1886	1.00666	0.864332	1905
567	1.05826e+006	2409	524017	534239	100	90	1.46945	0.828025	40	39.1	315262	306	1886	1.00786	0.863418	1905
568	765098	2022	242827	522271	100	90	1.49542	0.828025	39	39.1	315262	306	1886	1.009	0.849634	1905
569	841854	1719	340503	501351	100	90	1.56428	0.828025	39	39.1	315262	306	1886	1.01064	0.845277	1905
570	724123	1602	215934	508189	100	90	1.55362	0.828025	37	39.1	315262	306	1886	1.2121	1.18605	1905
571	837103	1419	347986	488512	100	90	1.3925	0.828025	40	39.1	0	306	1886	1.15361	1.01722	1905
572	865520	1186	403119	461517	100	90	1.30059	0.828025	40	39.1	0	306	1886	1.11219	0.951705	1905
573	909132	1050	446588	461540	100	90	1.27584	0.828025	40	39.1	0	306	1886	1.09098	0.918977	1905
574	925236	886	464312	459995	100	90	1.30317	0.828025	40	39.1	0	306	1886	1.09242	0.903088	1905
575	1.01676e+006	926	516649	499350	100	90	1.45893	0.828025	40	39.1	0	306	1886	1.09453	0.902424	1905
576	1.05412e+006	1197	539864	514254	100	90	1.91411	0.828025	40	39.1	0	306	1886	1.09843	0.904728	1905
577	1.06003e+006	1175	546563	513463	100	90	2.05827	0.828025	40	39.1	0	306	1886	1.09904	0.910582	1905
578	995995	1105	516863	479133	100	90	2.1715	0.828025	40	39.1	0	306	1886	1.09339	0.901422	1905
579	940220	953	489744	450477	100	90	2.16581	0.828025	40	39.1	0	306	1886	1.09783	0.913282	1905
580	651983	872	217535	434447	100	90	2.18386	0.828025	40	39.1	278118	306	1886	1.10404	0.92437	1905
581	702109	780	297256	404853	100	90	2.18401	0.828025	40	39.1	278118	306	1886	1.12139	0.950402	1905
582	696767	693	330330	366437	100	90	2.17573	0.828025	40	39.1	278118	306	1886	1.13333	0.971342	1905
583	520284	639	172772	347511	100	90	2.20306	0.828025	40	39.1	278118	306	1886	1.13864	0.968801	1905
584	429706	559	116300	313406	100	90	2.22844	0.828025	40	39.1	278118	306	1886	1.13918	0.962406	1905
585	463932	493	181900	282032	100	90	2.25554	0.828025	40	39.1	278118	306	1886	1.13215	0.955224	1905
586	373365	445	114715	258388	100	90	2.24429	0.828025	40	39.1	408930	306	1886	1.14286	0.983333	1905
587	432751	424	178008	245620	100	90	2.24623	0.828025	40	39.1	408930	306	1886	1.16706	0.997481	1905
588	452525	386	211628	230201	100	90	2.27867	0.828025	40	39.1	408930	306	1886	1.17962	1.01412	1905
589	322964	340	111164	209377	100	90	2.27099	0.828025	40	39.1	408930	306	1886	1.18237	1.02258	1905
590	347345	312	152159	192902	100	90	2.20328	0.828025	40	39.1	408930	306	1886	1.22112	1.04895	1905
591	275795	297	90326.9	185468	100	90	2.23879	0.828025	40	39.1	408930	306	1886	1.21404	1.05263	1905
592	221676	261	54343.5	167333	100	90	0.176341	0.828025	40	39.1	418592	306	1886	1.00717	0.894707	1905
593	395339	243	165421	229918	100	90	0.132761	0.828025	40	39.1	418592	306	1886	1.00522	0.892088	1905
594	705690	212	330857	374833	100	90	0.126745	0.828025	40	39.1	418592	306	1886	1.00594	0.895782	1905
595	951156	190	454217	496939	100	90	0.131773	0.828025	40	39.1	418592	306	1886	1.00595	0.900118	1905
596	1.03086e+006	187	498910	531948	100	90	0.158143	0.828025	40	39.1	418592	306	1886	1.00736	0.910795	1905
597	1.01577e+006	2706	501240	514534	100	90	1.34908	0.828025	39	39.1	418592	306	1886	1.00913	0.90099	1905
598	1.02511e+006	2142	513779	511333	100	90	1.36172	0.828025	39	39.1	418592	306	1886	1.00943	0.884615	1905
599	1.03082e+006	1719	523190	507630	100	90	1.40947	0.828025	39	39.1	418592	306	1886	1.01282	0.868835	1905
600	615907	1553	123300	492606	100	90	1.37992	0.828025	37	39.1	418592	306	1886	1.21525	1.22872	1905
601	695514	1345	233288	460750	100	90	1.11677	0.828025	40	39.1	0	306	1886	1.13479	1.02443	1905
602	793938	1186	336981	454755	100	90	1.06816	0.828025	40	39.1	0	306	1886	1.09945	0.975958	1905
603	883027	1050	413045	467418	100	90	1.07072	0.828025	40	39.1	0	306	1886	1.08225	0.95781	1905
604	964075	916	470385	491127	100	90	1.12649	0.828025	40	39.1	0	306	1886	1.08417	0.94611	1905
605	1.02281e+006	916	509513	510944	100	90	1.27494	0.828025	40	39.1	0	306	1886	1.08562	0.93519	1905
606	1.04756e+006	1332	529246	518310	100	90	1.82757	0.828025	40	39.1	0	306	1886	1.09006	0.928898	1905
607	1.04754e+006	1277	533733	513808	100	90	1.94648	0.828025	40	39.1	0	306	1886	1.09557	0.929742	1905
608	1.00555e+006	1166	515520	490026	100	90	2.01738	0.828025	40	39.1	0	306	1886	1.0913	0.915315	1905
609	952195	1033	490458	461736	100	90	2.01562	0.828025	40	39.1	0	306	1886	1.09098	0.905051	1905
610	712856	936	270413	442443	100	90	2.02422	0.828025	40	39.1	215915	306	1886	1.09954	0.911012	1905
611	772594	869	350454	422141	100	90	2.08128	0.828025	40	39.1	215915	306	1886	1.10248	0.913462	1905
612	777118	803	377642	399476	100	90	2.12123	0.828025	40	39.1	215915	306	1886	1.10957	0.924479	1905
613	768989	758	384259	384730	100	90	2.14692	0.828025	40	39.1	215915	306	1886	1.11321	0.929655	1905
614	712698	674	361355	351343	100	90	2.16121	0.828025	40	39.1	215915	306	1886	1.13362	0.95356	1905
615	659910	600	337559	322350	100	90	2.18653	0.828025	40	39.1	215915	306	1886	1.15385	0.964974	1905
616	451708	533	160144	291375	100	90	2.17117	0.828025	40	39.1	392464	306	1886	1.15217	0.960861	1905
617	482406	484	207913	265705	100	90	2.14817	0.828025	40	39.1	392464	306	1886	1.12897	0.944206	1905
618	361368	439	116533	243196	100	90	2.18066	0.828025	40	39.1	392464	306	1886	1.11778	0.928571	1905
619	403942	408	165381	230960	100	90	2.15881	0.828025	40	39.1	392464	306	1886	1.14183	0.963824	1905
620	391907	355	182027	203199	100	90	2.14585	0.828025	40	39.1	392464	306	1886	1.13774	0.941003	1905
621	393453	338	195064	198389	100	90	2.12364	0.828025	40	39.1	392464	306	1886	1.14493	0.95	1905
622	298319	326	101899	196420	100	90	0.132616	0.828025	40	39.1	494624	306	1886	1.00383	0.83858	1905
623	593889	297	274200	319689	100	90	0.103777	0.828025	40	39.1	494624	306	1886	1.00331	0.837384	1905
624	908315	277	430017	478298	100	90	0.105563	0.828025	40	39.1	494624	306	1886	1.0035	0.85258	1905
625	700861	255	208985	491877	100	90	0.108996	0.828025	40	39.1	494624	306	1886	1.00418	0.894128	1905
626	689118	221	257478	431640	100	90	0.110696	0.828025	40	39.1	494624	306	1886	1.00438	0.923447	1905
627	843076	3393	368209	474867	100	90	1.19162	0.828025	40	39.1	494624	306	1886	1.00589	0.913427	1905
628	986808	2959	463407	523402	100	90	1.35959	0.828025	40	39.1	494624	306	1886	1.00666	0.922752	1905
629	1.06665e+006	2526	518546	548106	100	90	1.52392	0.828025	40	39.1	494624	306	1886	1.00903	0.924059	1905
630	801524	2207	264487	537037	100	90	1.58334	0.828025	36	39.1	494624	306	1886	1.09965	1.06983	1905
631	883743	1808	377218	504164	100	90	1.03474	0.828025	40	39.1	0	306	1886	1.04939	0.911011	1905
632	948761	1501	443439	501783	100	90	0.863693	0.828025	40	39.1	0	306	1886	1.0344	0.883853	1905
633	1.05593e+006	1299	512315	539702	100	90	0.821402	0.828025	40	39.1	0	306	1886	1.02808	0.875839	1905
634	842455	1103	272487	569198	100	90	0.845474	0.828025	40	39.1	0	306	1886	1.02909	0.881736	1905
635	988537	1060	399020	588810	100	90	0.916331	0.828025	40	39.1	0	306	1886	1.03149	0.901332	1905
636	1.05557e+006	1815	477657	577908	100	90	1.54078	0.828025	40	39.1	0	306	1886	1.03313	0.898714	1905
637	1.07158e+006	1709	514329	557256	100	90	1.66627	0.828025	40	39.1	0	306	1886	1.03363	0.89607	1905
638	1.04651e+006	1591	518368	528139	100	90	1.77676	0.828025	40	39.1	0	306	1886	1.03907	0.897946	1905
639	992142	1295	500044	492099	100	90	1.79445	0.828025	40	39.1	0	306	1886	1.04607	0.905138	1905
640	788987	1102	321018	467969	100	90	1.81834	0.828025	40	39.1	173596	306	1886	1.05577	0.906977	1905
641	801405	950	371999	429406	100	90	1.91384	0.828025	40	39.1	173596	306	1886	1.07108	0.920996	1905
642	819711	883	401663	418049	100	90	1.98886	0.828025	40	39.1	173596	306	1886	1.07993	0.92584	1905
643	778976	799	390286	388690	100	90	2.05724	0.828025	40	39.1	173596	306	1886	1.08889	0.933162	1905
644	719508	714	365453	354055	100	90	2.08119	0.828025	40	39.1	173596	306	1886	1.10479	0.952586	1905
645	643413	615	328958	314455	100	90	2.09941	0.828025	40	39.1	173596	306	1886	1.12539	0.964824	1905
646	447391	538	166983	280097	100	90	2.11149	0.828025	40	39.1	332105	306	1886	1.13475	0.965649	1905
647	489074	493	216287	264308	100	90	2.15761	0.828025	40	39.1	332105	306	1886	1.12821	0.960168	1905
648	474211	428	225766	237993	100	90	2.19857	0.828025	40	39.1	332105	306	1886	1.12385	0.961165	1905
649	466134	396	227128	225930	100	90	2.20029	0.828025	40	39.1	332105	306	1886	1.1037	0.941645	1905
650	423513	337	210148	201935	100	90	2.2282	0.828025	40	39.1	332105	306	1886	1.09621	0.93125	1905
651	368416	284	189004	179413	100	90	2.22561	0.828025	40	39.1	332105	306	1886	1.1	0.95203	1905
652	255285	262	84204.2	171080	100	90	0.0952157	0.828025	40	39.1	438290	306	1886	1.0016	0.846137	1905
653	614752	252	284910	329842	100	90	0.0819398	0.828025	40	39.1	438290	306	1886	1.00168	0.846376	1905
654	905954	239	429561	476394	100	90	0.0845637	0.828025	40	39.1	438290	306	1886	1.00178	0.869249	1905
655	675128	210	200460	474668	100	90	0.0836121	0.828025	40	39.1	438290	306	1886	1.00212	0.907991	1905
656	673004	180	250455	422549	100	90	0.0861344	0.828025	40	39.1	438290	306	1886	1.00227	0.923698	1905
657	798214	3370	348031	450183	100	90	1.1358	0.828025	39	39.1	438290	306	1886	1.00321	0.918873	1905
658	944512	2953	443956	500556	100	90	1.3529	0.828025	39	39.1	438290	306	1886	1.00423	0.919447	1905
659	998250	2497	485952	512299	100	90	1.56105	0.828025	39	39.1	438290	306	1886	1.00661	0.920188	1905
660	744522	2076	246059	498463	100	90	1.59754	0.828025	39	39.1	438290	306	1886	1.09099	1.05674	1905
661	853903	1761	367128	485488	100	90	0.909248	0.828025	40	39.1	0	306	1886	1.03727	0.900905	1905
662	952168	1479	447463	502796	100	90	0.747243	0.828025	40	39.1	0	306	1886	1.0255	0.880248	1905
663	1.07517e+006	1267	522070	551226	100	90	0.711625	0.828025	40	39.1	0	306	1886	1.02092	0.873033	1905
664	1.15468e+006	1091	567145	585565	100	90	0.74452	0.828025	40	39.1	0	306	1886	1.02079	0.877869	1905
665	1.16648e+006	1033	579620	585206	100	90	0.825692	0.828025	40	39.1	0	306	1886	1.02253	0.900028	1905
666	1.14761e+006	2032	576220	571392	100	90	1.49313	0.828025	40	39.1	0	306	1886	1.02465	0.900438	1905
667	837186	1783	272604	564583	100	90	1.55818	0.828025	40	39.1	0	306	1886	1.02675	0.893253	1905
668	889401	1677	364589	524812	100	90	1.74639	0.828025	40	39.1	0	306	1886	1.02982	0.886391	1905
669	928936	1436	428752	500184	100	90	1.83689	0.828025	40	39.1	0	306	1886	1.03453	0.88227	1905
670	768423	1212	304199	464224	100	90	1.92361	0.828025	40	39.1	155271	306	1886	1.0427	0.886364	1905
671	771551	1020	348869	422682	100	90	2.01883	0.828025	40	39.1	155271	306	1886	1.05351	0.89332	1905
672	789580	936	382208	407372	100	90	2.05671	0.828025	40	39.1	155271	306	1886	1.06818	0.911861	1905
673	763541	837	381655	381886	100	90	2.08705	0.828025	40	39.1	155271	306	1886	1.08012	0.92561	1905
674	735818	764	373235	362583	100	90	2.14521	0.828025	40	39.1	155271	306	1886	1.07904	0.92349	1905
675	676024	666	345095	330929	100	90	2.1467	0.828025	40	39.1	155271	306	1886	1.09405	0.931994	1905
676	445097	572	156926	287593	100	90	2.12739	0.828025	40	39.1	339642	306	1886	1.11688	0.961749	1905
677	471717	514	200441	261804	100	90	2.13236	0.828025	40	39.1	339642	306	1886	1.13469	0.977505	1905
678	484211	479	224716	247011	100	90	2.14527	0.828025	40	39.1	339642	306	1886	1.14315	0.982222	1905
679	470408	430	226191	228989	100	90	2.17949	0.828025	40	39.1	339642	306	1886	1.14747	0.987531	1905
680	456935	398	224847	218068	100	90	2.16828	0.828025	40	39.1	339642	306	1886	1.13534	0.978378	1905
681	403504	345	207251	196253	100	90	2.19452	0.828025	40	39.1	339642	306	1886	1.12865	0.956386	1905
682	260027	299	86044	173983	100	90	0.101977	0.828025	40	39.1	455843	306	1886	1.00253	0.880051	1905
683	621856	279	286925	334931	100	90	0.0850047	0.828025	40	39.1	455843	306	1886	1.00207	0.879034	1905
684	927699	267	438591	489108	100	90	0.0880572	0.828025	40	39.1	455843	306	1886	1.0024	0.890465	1905
685	961577	251	460754	500823	100	90	0.0897279	0.828025	40	39.1	455843	306	1886	1.00267	0.920917	1905
686	851175	211	416861	434314	100	90	0.0888043	0.828025	40	39.1	455843	306	1886	1.00262	0.93513	1905
687	866366	3150	433222	433143	100	90	1.01758	0.828025	40	39.1	455843	306	1886	1.00329	0.922623	1905
688	1.00287e+006	2794	506535	496339	100	90	1.12012	0.828025	40	39.1	455843	306	1886	1.00456	0.925613	1905
689	1.07243e+006	2350	542252	530180	100	90	1.33735	0.828025	40	39.1	455843	306	1886	1.00627	0.916667	1905
690	795200	2123	270346	524854	100	90	1.53301	0.828025	38	39.1	455843	306	1886	1.08964	1.0559	1905
691	897674	1768	390342	506300	100	90	0.856299	0.828025	40	39.1	0	306	1886	1.03485	0.912342	1905
692	1.00284e+006	1517	473297	527775	100	90	0.724297	0.828025	40	39.1	0	306	1886	1.02401	0.898888	1905
693	1.12001e+006	1303	545922	572400	100	90	0.677093	0.828025	40	39.1	0	306	1886	1.0181	0.900808	1905
694	1.18518e+006	1119	584109	599386	100	90	0.704865	0.828025	40	39.1	0	306	1886	1.01873	0.909259	1905
695	1.19913e+006	1057	597082	600567	100	90	0.758156	0.828025	40	39.1	0	306	1886	1.02096	0.917462	1905
696	1.1701e+006	2038	587880	582221	100	90	1.41161	0.828025	40	39.1	0	306	1886	1.02271	0.906556	1905
697	1.16603e+006	1845	590133	575899	100	90	1.49967	0.828025	40	39.1	0	306	1886	1.02449	0.899767	1905
698	1.14029e+006	1780	580178	560114	100	90	1.68942	0.828025	40	39.1	0	306	1886	1.03007	0.894677	1905
699	791406	1475	265764	525642	100	90	1.73056	0.828025	40	39.1	0	306	1886	1.02995	0.886364	1905
700	672506	1320	166059	506446	100	90	1.83073	0.828025	40	39.1	4386.68	306	1886	1.03185	0.884793	1905
701	614004	1187	135157	478846	100	90	1.93544	0.828025	40	39.1	4386.68	306	1886	1.03694	0.885763	1905
702	696723	1083	244160	452564	100	90	2.02072	0.828025	40	39.1	4386.68	306	1886	1.0471	0.896067	1905
703	726649	952	314841	411808	100	90	2.08561	0.828025	40	39.1	4386.68	306	1886	1.0597	0.909188	1905
704	744658	871	352495	392163	100	90	2.11084	0.828025	40	39.1	4386.68	306	1886	1.06387	0.910361	1905
705	704266	755	347558	356708	100	90	2.14013	0.828025	40	39.1	4386.68	306	1886	1.06829	0.911528	1905
706	536529	714	189786	345878	100	90	2.12935	0.828025	40	39.1	184531	306	1886	1.07545	0.91453	1905
707	584223	662	245230	328139	100	90	2.13496	0.828025	40	39.1	184531	306	1886	1.07961	0.924266	1905
708	578540	591	264460	300173	100	90	2.16884	0.828025	40	39.1	184531	306	1886	1.0752	0.912892	1905
709	549330	515	262186	271158	100	90	2.1663	0.828025	40	39.1	184531	306	1886	1.07749	0.916	1905
710	496831	432	243560	239539	100	90	2.19422	0.828025	40	39.1	184531	306	1886	1.07399	0.927885	1905
711	466408	401	237890	228518	100	90	2.21552	0.828025	40	39.1	184531	306	1886	1.08108	0.940104	1905
712	279278	335	80020.8	199257	100	90	0.119074	0.828025	40	39.1	212790	306	1886	1.00221	0.87133	1905
713	617786	305	277419	340367	100	90	0.0957726	0.828025	40	39.1	212790	306	1886	1.00177	0.867084	1905
714	918192	286	430817	487375	100	90	0.0953267	0.828025	40	39.1	212790	306	1886	1.00173	0.884691	1905
715	952646	253	454845	497801	100	90	0.0935778	0.828025	40	39.1	212790	306	1886	1.00197	0.921603	1905
716	841498	210	411261	430237	100	90	0.0927432	0.828025	40	39.1	212790	306	1886	1.00216	0.938079	1905
717	870772	2871	434629	436144	100	90	0.956341	0.828025	40	39.1	212790	306	1886	1.00281	0.932526	1905
718	969142	2539	489104	480037	100	90	1.06991	0.828025	40	39.1	212790	306	1886	1.00369	0.93653	1905
719	768814	2298	247051	521763	100	90	1.30304	0.828025	40	39.1	212790	306	1886	1.00615	0.933955	1905
720	650742	2114	161881	488861	100	90	1.55542	0.828025	37	39.1	212790	306	1886	1.07795	1.04891	1905
721	620258	1792	142654	477340	100	90	0.804502	0.828025	40	39.1	0	306	1886	1.02756	0.900447	1905
722	786992	1511	285814	500208	100	90	0.631281	0.828025	40	39.1	0	306	1886	1.01853	0.887918	1905
723	990410	1294	426532	562544	100	90	0.599132	0.828025	40	39.1	0	306	1886	1.01592	0.892588	1905
724	1.12209e+006	1136	517753	602226	100	90	0.643144	0.828025	40	39.1	0	306	1886	1.01756	0.911639	1905
725	1.14911e+006	1090	552195	594935	100	90	0.760176	0.828025	40	39.1	0	306	1886	1.0203	0.920401	1905
726	1.15452e+006	2046	568922	585597	100	90	1.41817	0.828025	40	39.1	0	306	1886	1.02471	0.914567	1905
727	1.16106e+006	1880	581519	579544	100	90	1.53572	0.828025	40	39.1	0	306	1886	1.03085	0.912895	1905
728	1.16446e+006	1767	589231	575232	100	90	1.68812	0.828025	40	39.1	0	306	1886	1.0335	0.910817	1905
729	1.10329e+006	1455	562776	540517	100	90	1.79539	0.828025	40	39.1	0	306	1886	1.03785	0.900487	1905
730	837121	1297	320914	516207	100	90	1.85689	0.828025	40	39.1	249211	306	1886	1.04069	0.895186	1905
731	870830	1148	380128	490701	100	90	1.97123	0.828025	40	39.1	249211	306	1886	1.05054	0.904134	1905
732	866172	1017	409091	457082	100	90	2.02632	0.828025	40	39.1	249211	306	1886	1.05723	0.909722	1905
733	875811	945	430893	444918	100	90	2.07518	0.828025	40	39.1	249211	306	1886	1.06423	0.91453	1905
734	789940	814	398524	391416	100	90	2.11726	0.828025	40	39.1	249211	306	1886	1.07359	0.921642	1905
735	739511	725	377323	362188	100	90	2.12633	0.828025	40	39.1	249211	306	1886	1.08416	0.942416	1905
736	523301	680	176035	346780	100	90	2.14356	0.828025	40	39.1	465584	306	1886	1.0966	0.955022	1905
737	561842	621	231686	319963	100	90	2.14942	0.828025	40	39.1	465584	306	1886	1.10256	0.942434	1905
738	540487	516	247051	280531	100	90	2.2102	0.828025	40	39.1	465584	306	1886	1.09594	0.922619	1905
739	555309	489	266554	272131	100	90	2.23187	0.828025	40	39.1	465584	306	1886	1.09467	0.923729	1905
740	545881	452	268989	261525	100	90	2.2517	0.828025	40	39.1	465584	306	1886	1.08584	0.922018	1905
741	494922	409	253899	241023	100	90	2.27735	0.828025	40	39.1	465584	306	1886	1.08273	0.925831	1905
742	322582	372	99326.2	223256	100	90	0.130157	0.828025	40	39.1	616489	306	1886	1.00209	0.871001	1905
743	516079	338	150505	365574	100	90	0.103421	0.828025	40	39.1	616489	306	1886	1.00176	0.868725	1905
744	796229	311	302883	493347	100	90	0.0879415	0.828025	40	39.1	616489	306	1886	1.00137	0.87686	1905
745	875430	262	370354	505076	100	90	0.0857709	0.828025	40	39.1	616489	306	1886	1.00152	0.907327	1905
746	850879	238	385117	465762	100	90	0.09536	0.828025	40	39.1	616489	306	1886	1.00196	0.929533	1905
747	901025	3141	430492	470534	100	90	0.993863	0.828025	40	39.1	616489	306	1886	1.00293	0.930415	1905
748	981626	2821	483689	497937	100	90	1.19009	0.828025	40	39.1	616489	306	1886	1.00327	0.925896	1905
749	1.0541e+006	2492	526717	527386	100	90	1.42451	0.828025	40	39.1	616489	306	1886	1.00425	0.922035	1905
750	791421	2100	266550	524870	100	90	1.56189	0.828025	35	39.1	616489	306	1886	1.0832	1.05877	1905
751	891911	1748	382861	507486	100	90	0.886707	0.828025	40	39.1	0	306	1886	1.03205	0.909148	1905
752	988643	1462	463452	522802	100	90	0.727147	0.828025	40	39.1	0	306	1886	1.0213	0.896247	1905
753	1.13889e+006	1306	552530	583877	100	90	0.692131	0.828025	40	39.1	0	306	1886	1.01779	0.891237	1905
754	1.22104e+006	1141	600344	618263	100	90	0.729044	0.828025	40	39.1	0	306	1886	1.01828	0.90187	1905
755	1.21792e+006	1047	603947	611816	100	90	0.783404	0.828025	40	39.1	0	306	1886	1.02087	0.913264	1905
756	878028	2003	281263	596766	100	90	1.43466	0.828025	40	39.1	0	306	1886	1.02255	0.91389	1905
757	961607	1807	385445	576162	100	90	1.53079	0.828025	40	39.1	0	306	1886	1.02403	0.90604	1905
758	1.02507e+006	1759	464617	560452	100	90	1.74324	0.828025	40	39.1	0	306	1886	1.02879	0.906721	1905
759	775868	1478	239705	536162	100	90	1.82839	0.828025	40	39.1	0	306	1886	1.03251	0.906961	1905
760	733483	1228	253891	479592	100	90	1.92076	0.828025	40	39.1	76771.4	306	1886	1.0364	0.904722	1905
761	804684	1089	344225	460459	100	90	2.01857	0.828025	40	39.1	76771.4	306	1886	1.04139	0.905607	1905
762	814580	943	382573	432007	100	90	2.05737	0.828025	40	39.1	76771.4	306	1886	1.0545	0.915767	1905
763	622584	873	201140	421444	100	90	2.08117	0.828025	40	39.1	76771.4	306	1886	1.06532	0.923077	1905
764	647909	763	266970	380939	100	90	2.09938	0.828025	40	39.1	76771.4	306	1886	1.07589	0.929144	1905
765	667317	694	311563	355754	100	90	2.12608	0.828025	40	39.1	76771.4	306	1886	1.0826	0.930781	1905
766	481036	615	157189	323353	100	90	2.12309	0.828025	40	39.1	262541	306	1886	1.07898	0.919275	1905
767	527775	566	216165	302054	100	90	2.18492	0.828025	40	39.1	262541	306	1886	1.08521	0.924188	1905
768	540655	513	247277	280697	100	90	2.23378	0.828025	40	39.1	262541	306	1886	1.0779	0.906188	1905
769	498970	430	239886	244518	100	90	2.22789	0.828025	40	39.1	262541	306	1886	1.07234	0.886256	1905
770	447109	356	221703	212979	100	90	2.23805	0.828025	40	39.1	262541	306	1886	1.08355	0.890805	1905
771	290098	305	100790	189308	100	90	2.2524	0.828025	40	39.1	262541	306	1886	1.0774	0.882943	1905
772	247979	276	71698.3	176281	100	90	0.0940245	0.828025	40	39.1	337609	306	1886	1.00133	0.846012	1905
773	599137	250	268111	331027	100	90	0.0810342	0.828025	40	39.1	337609	306	1886	1.00133	0.846176	1905
774	894405	206	418409	475996	100	90	0.0732614	0.828025	40	39.1	337609	306	1886	1.00148	0.863529	1905
775	910911	191	433946	476964	100	90	0.0748846	0.828025	40	39.1	337609	306	1886	1.0017	0.898306	1905
776	814196	160	397531	416665	100	90	0.0752362	0.828025	40	39.1	337609	306	1886	1.0019	0.919651	1905
777	832651	3059	416414	416236	100	90	1.02317	0.828025	40	39.1	337609	306	1886	1.00235	0.907325	1905
778	946355	2493	479352	467003	100	90	1.102	0.828025	40	39.1	337609	306	1886	1.0028	0.907679	1905
779	1.02414e+006	2194	520340	503801	100	90	1.36385	0.828025	40	39.1	337609	306	1886	1.00332	0.90173	1905
780	792359	2039	271345	521014	100	90	1.62176	0.828025	38	39.1	337609	306	1886	1.1054	1.05949	1905
781	890988	1717	385703	503695	100	90	0.900723	0.828025	40	39.1	0	306	1886	1.04102	0.899774	1905
782	969772	1423	457908	509546	100	90	0.72834	0.828025	40	39.1	0	306	1886	1.02684	0.87852	1905
783	1.12685e+006	1258	549283	574922	100	90	0.690291	0.828025	40	39.1	0	306	1886	1.02182	0.879988	1905
784	1.22243e+006	1112	603402	616350	100	90	0.737923	0.828025	40	39.1	0	306	1886	1.02389	0.88621	1905
785	886132	1008	286086	600004	100	90	0.789871	0.828025	40	39.1	0	306	1886	1.02575	0.893864	1905
786	1.0035e+006	2063	399040	604463	100	90	1.50555	0.828025	40	39.1	0	306	1886	1.02764	0.890462	1905
787	1.05495e+006	1838	473674	581276	100	90	1.60558	0.828025	40	39.1	0	306	1886	1.02672	0.880367	1905
788	1.08688e+006	1738	520310	566569	100	90	1.80439	0.828025	40	39.1	0	306	1886	1.03012	0.879483	1905
789	801246	1456	257711	543536	100	90	1.87856	0.828025	40	39.1	0	306	1886	1.03711	0.872191	1905
790	762662	1244	264263	498399	100	90	1.9726	0.828025	40	39.1	85027.3	306	1886	1.04079	0.864909	1905
791	806300	1081	340661	465639	100	90	2.03932	0.828025	40	39.1	85027.3	306	1886	1.04373	0.862134	1905
792	845884	986	394862	451022	100	90	2.11912	0.828025	40	39.1	85027.3	306	1886	1.05191	0.873958	1905
793	816127	854	400107	416020	100	90	2.18081	0.828025	40	39.1	85027.3	306	1886	1.05714	0.868833	1905
794	758710	745	382248	376462	100	90	2.2426	0.828025	40	39.1	85027.3	306	1886	1.06707	0.868313	1905
795	714035	656	364451	349584	100	90	2.24067	0.828025	40	39.1	85027.3	306	1886	1.06389	0.861801	1905
796	459143	571	144165	314793	100	90	2.21482	0.828025	40	39.1	310379	306	1886	1.08307	0.878354	1905
797	497445	521	199699	289426	100	90	2.19826	0.828025	40	39.1	310379	306	1886	1.0949	0.907843	1905
798	498825	455	223325	264276	100	90	2.23616	0.828025	40	39.1	310379	306	1886	1.08998	0.909707	1905
799	502064	422	238705	249279	100	90	2.2745	0.828025	40	39.1	310379	306	1886	1.08705	0.909091	1905
800	478933	377	234618	231983	100	90	2.28383	0.828025	40	39.1	310379	306	1886	1.08479	0.903846	1905
801	428322	333	218550	209772	100	90	2.29816	0.828025	40	39.1	310379	306	1886	1.09222	0.90566	1905
802	271245	297	78385.3	192859	100	90	0.11564	0.828025	40	39.1	448873	306	1886	1.00163	0.842769	1905
803	588918	271	260116	328802	100	90	0.0906882	0.828025	40	39.1	448873	306	1886	1.00139	0.842624	1905
804	887805	230	412947	474858	100	90	0.0843233	0.828025	40	39.1	448873	306	1886	1.00161	0.855299	1905
805	922882	213	437153	485729	100	90	0.0870686	0.828025	40	39.1	448873	306	1886	1.00175	0.885115	1905
806	843412	187	411042	432370	100	90	0.0921995	0.828025	40	39.1	448873	306	1886	1.00199	0.903393	1905
807	899103	2882	447646	451457	100	90	1.00272	0.828025	40	39.1	448873	306	1886	1.00216	0.889762	1905
808	1.00195e+006	2506	504821	497131	100	90	1.12171	0.828025	40	39.1	448873	306	1886	1.00289	0.886079	1905
809	756055	2125	242565	513490	100	90	1.30846	0.828025	40	39.1	448873	306	1886	1.00441	0.887053	1905
810	564531	2048	76009.6	488522	100	90	1.58316	0.828025	39	39.1	448873	306	1886	1.09145	1.03039	1905
811	639695	1696	183214	456374	100	90	0.770741	0.828025	40	39.1	0	306	1886	1.03115	0.883769	1905
812	787523	1391	311626	475791	100	90	0.638767	0.828025	40	39.1	0	306	1886	1.02152	0.87321	1905
813	978902	1196	440166	538447	100	90	0.6376	0.828025	40	39.1	0	306	1886	1.01929	0.872095	1905
814	1.099e+006	1035	522546	576167	100	90	0.700769	0.828025	40	39.1	0	306	1886	1.02049	0.87957	1905
815	1.14569e+006	968	560852	584571	100	90	0.794955	0.828025	40	39.1	0	306	1886	1.02222	0.878533	1905
816	1.14271e+006	1933	570598	572108	100	90	1.5417	0.828025	40	39.1	0	306	1886	1.02349	0.866559	1905
817	1.14038e+006	1731	576941	563443	100	90	1.59525	0.828025	40	39.1	0	306	1886	1.0262	0.860381	1905
818	795971	1573	263584	532388	100	90	1.73776	0.828025	40	39.1	0	306	1886	1.02976	0.852067	1905
819	848482	1333	349402	499080	100	90	1.81578	0.828025	40	39.1	0	306	1886	1.03358	0.847909	1905
820	744031	1190	259639	484391	100	90	1.91327	0.828025	40	39.1	176199	306	1886	1.04002	0.856899	1905
821	780466	1027	332293	448172	100	90	2.02944	0.828025	40	39.1	176199	306	1886	1.04814	0.854886	1905
822	813162	930	384606	428556	100	90	2.10109	0.828025	40	39.1	176199	306	1886	1.05707	0.858388	1905
823	776403	811	385877	390527	100	90	2.13432	0.828025	40	39.1	176199	306	1886	1.07058	0.87218	1905
824	788170	774	400553	387617	100	90	2.16737	0.828025	40	39.1	176199	306	1886	1.07351	0.875328	1905
825	739937	696	379318	360619	100	90	2.20245	0.828025	40	39.1	176199	306	1886	1.07989	0.885798	1905
826	445453	569	133290	311877	100	90	2.22531	0.828025	40	39.1	417903	306	1886	1.08292	0.897482	1905
827	495747	525	194101	291868	100	90	2.21001	0.828025	40	39.1	417903	306	1886	1.09386	0.910156	1905
828	504649	464	228168	263933	100	90	2.25246	0.828025	40	39.1	417903	306	1886	1.07202	0.887417	1905
829	490557	409	235214	239294	100	90	2.26944	0.828025	40	39.1	417903	306	1886	1.08019	0.889447	1905
830	477024	372	236183	226269	100	90	2.28054	0.828025	40	39.1	417903	306	1886	1.0873	0.89415	1905
831	450392	348	232622	217770	100	90	2.27194	0.828025	40	39.1	417903	306	1886	1.09322	0.90991	1905
832	280783	315	76024.3	204759	100	90	0.116539	0.828025	40	39.1	574249	306	1886	1.00179	0.86192	1905
833	614287	289	268672	345615	100	90	0.0924952	0.828025	40	39.1	574249	306	1886	1.00172	0.859369	1905
834	911503	256	423685	487818	100	90	0.089568	0.828025	40	39.1	574249	306	1886	1.00187	0.87268	1905
835	686539	220	202707	483833	100	90	0.086785	0.828025	40	39.1	574249	306	1886	1.00204	0.900053	1905
836	655350	200	238396	416954	100	90	0.0947458	0.828025	40	39.1	574249	306	1886	1.00227	0.911432	1905
837	797623	2995	345051	452571	100	90	1.04314	0.828025	40	39.1	574249	306	1886	1.00258	0.900962	1905
838	732639	2949	210326	522313	100	90	1.33679	0.828025	40	39.1	574249	306	1886	1.00398	0.908811	1905
839	829752	2595	312337	517415	100	90	1.57474	0.828025	40	39.1	574249	306	1886	1.00514	0.908566	1905
840	725277	2324	202743	522534	100	90	1.69082	0.828025	37	39.1	574249	306	1886	1.08026	1.02029	1905
841	847232	1936	335637	511294	100	90	0.945871	0.828025	40	39.1	0	306	1886	1.03199	0.903672	1905
842	955260	1583	431513	523324	100	90	0.780654	0.828025	40	39.1	0	306	1886	1.02255	0.892384	1905
843	1.08688e+006	1302	518986	567319	100	90	0.710304	0.828025	40	39.1	0	306	1886	1.0183	0.886625	1905
844	1.16841e+006	1106	570518	597299	100	90	0.747593	0.828025	40	39.1	0	306	1886	1.01998	0.894904	1905
845	1.17747e+006	1017	584637	592323	100	90	0.808618	0.828025	40	39.1	0	306	1886	1.02271	0.900875	1905
846	1.16184e+006	2038	584115	577728	100	90	1.5139	0.828025	40	39.1	0	306	1886	1.02294	0.889788	1905
847	1.13025e+006	1699	573219	557033	100	90	1.54256	0.828025	40	39.1	0	306	1886	1.02396	0.88952	1905
848	1.11181e+006	1601	568077	543737	100	90	1.73092	0.828025	40	39.1	0	306	1886	1.02757	0.885987	1905
849	1.04602e+006	1325	537587	508430	100	90	1.78929	0.828025	40	39.1	0	306	1886	1.03063	0.883935	1905
850	742420	1136	257871	484549	100	90	1.87621	0.828025	40	39.1	286252	306	1886	1.03778	0.887299	1905
851	783400	1006	329312	454089	100	90	1.99052	0.828025	40	39.1	286252	306	1886	1.04386	0.888554	1905
852	631073	927	190786	440287	100	90	2.09294	0.828025	40	39.1	286252	306	1886	1.05223	0.893362	1905
853	704287	859	279991	424296	100	90	2.16616	0.828025	40	39.1	286252	306	1886	1.06146	0.905993	1905
854	723480	768	330979	392501	100	90	2.24572	0.828025	40	39.1	286252	306	1886	1.06336	0.894459	1905
855	721546	696	353074	368472	100	90	2.24701	0.828025	40	39.1	286252	306	1886	1.06589	0.906706	1905
856	462497	597	136645	325721	100	90	2.21267	0.828025	40	39.1	519293	306	1886	1.07324	0.896435	1905
857	529366	565	206738	312394	100	90	2.20786	0.828025	40	39.1	519293	306	1886	1.07547	0.899821	1905
858	542387	498	244435	284446	100	90	2.23748	0.828025	40	39.1	519293	306	1886	1.0722	0.893878	1905
859	541831	447	259255	264881	100	90	2.23708	0.828025	40	39.1	519293	306	1886	1.07028	0.879271	1905
860	550125	423	271501	262004	100	90	2.29099	0.828025	40	39.1	519293	306	1886	1.06508	0.862981	1905
861	475875	350	245455	230420	100	90	2.3079	0.828025	40	39.1	519293	306	1886	1.07487	0.867647	1905
862	290424	314	75036.1	215387	100	90	0.118694	0.828025	40	39.1	692685	306	1886	1.00216	0.822839	1905
863	482000	273	135654	346346	100	90	0.0885755	0.828025	40	39.1	692685	306	1886	1.00171	0.822356	1905
864	752433	247	278726	473707	100	90	0.075266	0.828025	40	39.1	692685	306	1886	1.00126	0.836291	1905
865	836679	226	345161	491518	100	90	0.079122	0.828025	40	39.1	692685	306	1886	1.00141	0.865386	1905
866	817790	199	366049	451741	100	90	0.0865632	0.828025	40	39.1	692685	306	1886	1.00146	0.885466	1905
867	886143	2948	420866	465277	100	90	1.00658	0.828025	40	39.1	692685	306	1886	1.0023	0.88141	1905
868	723634	2701	215519	508115	100	90	1.2415	0.828025	40	39.1	692685	306	1886	1.00332	0.871831	1905
869	814876	2418	313319	501557	100	90	1.52016	0.828025	40	39.1	692685	306	1886	1.00437	0.871466	1905
870	733115	2169	207416	525699	100	90	1.72576	0.828025	39	39.1	692685	306	1886	1.07914	0.984722	1905
871	853430	1797	339149	513682	100	90	0.959337	0.828025	40	39.1	0	306	1886	1.03243	0.868095	1905
872	977686	1522	441605	535314	100	90	0.812716	0.828025	40	39.1	0	306	1886	1.0239	0.848525	1905
873	1.09653e+006	1278	523941	571603	100	90	0.758121	0.828025	40	39.1	0	306	1886	1.01898	0.84619	1905
874	1.17227e+006	1062	572976	598377	100	90	0.780035	0.828025	40	39.1	0	306	1886	1.02073	0.857707	1905
875	1.16168e+006	970	577800	583114	100	90	0.852637	0.828025	40	39.1	0	306	1886	1.02278	0.865703	1905
876	1.17065e+006	1739	590736	579914	100	90	1.4956	0.828025	40	39.1	0	306	1886	1.02581	0.850229	1905
877	1.1278e+006	1622	573781	554019	100	90	1.619	0.828025	40	39.1	0	306	1886	1.02481	0.828868	1905
878	1.08266e+006	1424	555280	527381	100	90	1.78151	0.828025	40	39.1	0	306	1886	1.02841	0.821733	1905
879	1.02934e+006	1183	531275	498063	100	90	1.86077	0.828025	40	39.1	0	306	1886	1.03787	0.822926	1905
880	691689	997	225161	466528	100	90	1.9635	0.828025	40	39.1	306218	306	1886	1.04397	0.824365	1905
881	746462	878	305101	441362	100	90	2.08672	0.828025	40	39.1	306218	306	1886	1.04842	0.829689	1905
882	775377	797	358927	416450	100	90	2.18336	0.828025	40	39.1	306218	306	1886	1.04995	0.829733	1905
883	763945	700	375435	388510	100	90	2.23879	0.828025	40	39.1	306218	306	1886	1.05425	0.836705	1905
884	708673	600	358462	350211	100	90	2.28016	0.828025	40	39.1	306218	306	1886	1.06195	0.836149	1905
885	684858	552	351406	333452	100	90	2.31208	0.828025	40	39.1	306218	306	1886	1.07072	0.850829	1905
886	419109	495	117393	301671	100	90	2.31508	0.828025	40	39.1	552053	306	1886	1.09551	0.871901	1905
887	465339	457	178576	278012	100	90	2.30792	0.828025	40	39.1	552053	306	1886	1.09736	0.861298	1905
888	502592	429	226116	264531	100	90	2.34796	0.828025	40	39.1	552053	306	1886	1.09231	0.858852	1905
889	474043	365	227183	231934	100	90	2.36719	0.828025	40	39.1	552053	306	1886	1.09449	0.855932	1905
890	452815	320	224048	215416	100	90	2.36732	0.828025	40	39.1	552053	306	1886	1.09851	0.860841	1905
891	428386	297	221470	206916	100	90	2.41501	0.828025	40	39.1	552053	306	1886	1.09539	0.865248	1905
892	258975	264	66639.4	192336	100	90	0.107525	0.828025	40	39.1	708616	306	1886	1.00207	0.8199	1905
893	572596	238	249032	323564	100	90	0.0802638	0.828025	40	39.1	708616	306	1886	1.00158	0.818827	1905
894	883543	213	409845	473699	100	90	0.0784778	0.828025	40	39.1	708616	306	1886	1.00199	0.833962	1905
895	896887	181	424382	472505	100	90	0.0740157	0.828025	40	39.1	708616	306	1886	1.00173	0.872821	1905
896	801716	159	392040	409676	100	90	0.0773695	0.828025	40	39.1	708616	306	1886	1.00181	0.892009	1905
897	624213	2861	186044	438169	100	90	1.01679	0.828025	40	39.1	708616	306	1886	1.00258	0.870435	1905
898	732255	2633	283367	448888	100	90	1.26059	0.828025	40	39.1	708616	306	1886	1.00332	0.871861	1905
899	878660	2296	389356	489304	100	90	1.53997	0.828025	40	39.1	708616	306	1886	1.0042	0.871126	1905
900	763269	2140	236646	526623	100	90	1.79268	0.828025	38	39.1	708616	306	1886	1.09202	1.00328	1905
901	858867	1745	357432	500801	100	90	1.0174	0.828025	40	39.1	0	306	1886	1.03861	0.876055	1905
902	940261	1403	435605	503774	100	90	0.812565	0.828025	40	39.1	0	306	1886	1.02665	0.860616	1905
903	1.06906e+006	1180	517830	550135	100	90	0.73223	0.828025	40	39.1	0	306	1886	1.02079	0.855449	1905
904	1.14458e+006	982	562576	580881	100	90	0.750665	0.828025	40	39.1	0	306	1886	1.02256	0.868296	1905
905	1.15757e+006	868	575104	581562	100	90	0.794844	0.828025	40	39.1	0	306	1886	1.02531	0.873327	1905
906	1.16943e+006	1849	587664	581767	100	90	1.56252	0.828025	40	39.1	0	306	1886	1.02606	0.864062	1905
907	818498	1580	265715	552783	100	90	1.66242	0.828025	40	39.1	0	306	1886	1.03242	0.854566	1905
908	900757	1530	365996	534761	100	90	1.82749	0.828025	40	39.1	0	306	1886	1.03155	0.850399	1905
909	952064	1326	437093	514971	100	90	1.92857	0.828025	40	39.1	0	306	1886	1.03445	0.845977	1905
910	671022	1124	192011	479010	100	90	1.98945	0.828025	40	39.1	34500.6	306	1886	1.04141	0.851083	1905
911	734683	987	284756	449927	100	90	2.1194	0.828025	40	39.1	34500.6	306	1886	1.04327	0.848454	1905
912	754916	845	341521	413395	100	90	2.17121	0.828025	40	39.1	34500.6	306	1886	1.04364	0.845597	1905
913	746606	745	362868	383738	100	90	2.19504	0.828025	40	39.1	34500.6	306	1886	1.0451	0.840164	1905
914	702956	642	351990	350966	100	90	2.22973	0.828025	40	39.1	34500.6	306	1886	1.04617	0.835182	1905
915	662100	564	336331	325769	100	90	2.27003	0.828025	40	39.1	34500.6	306	1886	1.04503	0.822464	1905
916	400913	483	113135	287647	100	90	2.23399	0.828025	40	39.1	265219	306	1886	1.06383	0.819328	1905
917	441781	433	168463	265073	100	90	2.26616	0.828025	40	39.1	265219	306	1886	1.07332	0.847418	1905
918	474754	394	213604	250126	100	90	2.27013	0.828025	40	39.1	265219	306	1886	1.07191	0.84359	1905
919	483361	362	231313	236383	100	90	2.31199	0.828025	40	39.1	265219	306	1886	1.06818	0.830084	1905
920	452767	321	223090	215783	100	90	2.36648	0.828025	40	39.1	265219	306	1886	1.05848	0.823899	1905
921	394572	279	203346	191226	100	90	2.35186	0.828025	40	39.1	265219	306	1886	1.06757	0.832117	1905
922	252639	264	65633.3	187005	100	90	0.102431	0.828025	40	39.1	408639	306	1886	1.00122	0.79633	1905
923	580470	238	253727	326743	100	90	0.0798203	0.828025	40	39.1	408639	306	1886	1.00125	0.799129	1905
924	875968	209	407540	468428	100	90	0.0769087	0.828025	40	39.1	408639	306	1886	1.00152	0.822579	1905
925	882477	181	419776	462702	100	90	0.0748495	0.828025	39	39.1	408639	306	1886	1.00163	0.868992	1905
926	831541	175	407892	423649	100	90	0.0873678	0.828025	39	39.1	408639	306	1886	1.00166	0.884347	1905
927	894639	2990	448880	445759	100	90	1.08149	0.828025	39	39.1	408639	306	1886	1.00248	0.87037	1905
928	1.00312e+006	2584	508071	495053	100	90	1.25771	0.828025	39	39.1	408639	306	1886	1.00308	0.862629	1905
929	772209	2184	249278	522931	100	90	1.46318	0.828025	39	39.1	408639	306	1886	1.0047	0.859207	1905
930	665710	1909	167857	497853	100	90	1.70463	0.828025	36	39.1	408639	306	1886	1.09016	0.990026	1905
