Time	totMass	NInd	abovemass	belowmass	mean_ares	mean_bres	shannon	meanShannon	NPFT	meanNPFT	Cutted	NNonClonal	NClonal	mean_generation	mean_genet_size	NGenets
1	470.6	0	235.3	235.3	100	60	0	0.857011	39	38.6	0	33	2240	1	0.865749	2124
2	8725.71	0	3426.71	5299	100	60	0	0.857011	39	38.6	0	33	2240	1	0.867596	2124
3	40907.6	0	19082.6	21825	100	60	0	0.857011	39	38.6	0	33	2240	1	0.871066	2124
4	122222	0	57435.4	64786.1	100	60	0	0.857011	39	38.6	0	33	2240	1	0.869072	2124
5	270544	0	126938	143606	100	60	0	0.857011	39	38.6	0	33	2240	1	0.867804	2124
6	474112	551	222959	251153	100	60	2.45102	0.857011	39	38.6	0	33	2240	1	0.868653	2124
7	687719	782	326101	361617	100	60	3.17977	0.857011	39	38.6	0	33	2240	1.01395	0.884966	2124
8	856323	825	410177	446146	100	60	3.30564	0.857011	39	38.6	0	33	2240	1.026	0.898182	2124
9	989401	788	480225	509175	100	60	3.18431	0.857011	39	38.6	0	33	2240	1.04391	0.923858	2124
10	1.09117e+006	759	535936	555237	100	60	3.0842	0.857011	39	38.6	0	33	2240	1.0634	0.948617	2124
11	1.15456e+006	719	571723	582841	100	60	2.96029	0.857011	39	38.6	0	33	2240	1.08059	0.977747	2124
12	1.21932e+006	702	608205	611111	100	60	2.93288	0.857011	39	38.6	0	33	2240	1.09197	0.985735	2124
13	1.26871e+006	692	636947	631766	100	60	2.90062	0.857011	39	38.6	0	33	2240	1.11589	1.00726	2124
14	1.28623e+006	684	647630	638596	100	60	2.92119	0.857011	39	38.6	0	33	2240	1.12438	1.01783	2124
15	1.30754e+006	670	661626	645917	100	60	2.86853	0.857011	39	38.6	0	33	2240	1.15661	1.04856	2124
16	1.34053e+006	669	668893	652006	100	60	2.8976	0.857011	39	38.6	0	33	2240	1.176	1.06585	2124
17	1.36423e+006	657	673030	653688	100	60	2.92233	0.857011	39	38.6	0	33	2240	1.18524	1.05781	2124
18	1.39445e+006	661	687743	664182	100	60	2.9566	0.857011	39	38.6	0	33	2240	1.18953	1.05189	2124
19	1.40748e+006	663	694067	669731	100	60	3.03873	0.857011	39	38.6	0	33	2240	1.1809	1.02866	2124
20	1.41e+006	654	696292	670896	100	60	3.05761	0.857011	39	38.6	0	33	2240	1.1713	1.01634	2124
21	1.38044e+006	648	704767	675669	100	60	3.11021	0.857011	39	38.6	0	33	2240	1.16741	1.00331	2124
22	1.38442e+006	644	708191	676226	100	60	0.696484	0.857011	39	38.6	0	33	2240	1.0246	0.875735	2124
23	1.42342e+006	643	721759	701656	100	60	0.699158	0.857011	39	38.6	0	33	2240	1.02858	0.88649	2124
24	1.43632e+006	626	724884	711437	100	60	0.707584	0.857011	39	38.6	0	33	2240	1.03004	0.913417	2124
25	1.42397e+006	612	720475	703494	100	60	0.80421	0.857011	39	38.6	0	33	2240	1.03848	0.954078	2124
26	1.45359e+006	604	734371	719221	100	60	0.915067	0.857011	39	38.6	0	33	2240	1.04725	0.97359	2124
27	1.48749e+006	1589	749096	738397	100	60	2.4285	0.857011	39	38.6	0	33	2240	1.06497	0.985955	2124
28	1.52132e+006	1452	763684	757637	100	60	2.53171	0.857011	39	38.6	0	33	2240	1.07615	0.998026	2124
29	1.55777e+006	1349	780521	777254	100	60	2.5956	0.857011	39	38.6	0	33	2240	1.09032	1.01487	2124
30	1.1795e+006	1276	394017	785482	100	60	2.2431	0.857011	39	38.6	0	33	2240	1.33074	1.41263	2124
31	1.18342e+006	1075	460930	722376	100	60	1.09242	0.857011	39	38.6	0	33	2240	1.10311	0.990718	2124
32	1.17832e+006	922	494950	683152	100	60	0.883766	0.857011	39	38.6	0	33	2240	1.07153	0.935137	2124
33	1.14081e+006	788	497146	643536	100	60	0.760969	0.857011	39	38.6	0	33	2240	1.05727	0.930237	2124
34	1.09406e+006	672	487951	605982	100	60	0.831697	0.857011	39	38.6	0	33	2240	1.06529	0.942389	2124
35	1.0543e+006	704	479667	574503	100	60	1.08638	0.857011	39	38.6	0	33	2240	1.07033	0.973032	2124
36	1.01675e+006	747	471321	545424	100	60	1.36158	0.857011	39	38.6	0	33	2240	1.07922	0.993532	2124
37	1.01746e+006	889	478516	538944	100	60	1.95197	0.857011	39	38.6	0	33	2240	1.09751	1.01569	2124
38	1.00217e+006	1032	476672	525499	100	60	2.53529	0.857011	39	38.6	0	33	2240	1.11715	1.02169	2124
39	942048	868	451837	490211	100	60	2.5602	0.857011	39	38.6	0	33	2240	1.11895	1.01961	2124
40	617947	728	150029	467918	100	60	2.60145	0.857011	39	38.6	316758	33	2240	1.13655	1.03519	2124
41	637670	646	201240	436430	100	60	2.65777	0.857011	39	38.6	316758	33	2240	1.14548	1.0297	2124
42	670891	590	250013	420878	100	60	2.70696	0.857011	39	38.6	316758	33	2240	1.15118	1.04348	2124
43	698854	539	287205	411649	100	60	2.74318	0.857011	39	38.6	316758	33	2240	1.17031	1.05	2124
44	666559	475	293751	372807	100	60	2.80708	0.857011	39	38.6	316758	33	2240	1.17818	1.06407	2124
45	656070	429	303342	352727	100	60	2.75315	0.857011	39	38.6	316758	33	2240	1.19316	1.07196	2124
46	655862	392	305977	339763	100	60	2.76695	0.857011	39	38.6	316758	33	2240	1.21088	1.09756	2124
47	629602	361	294430	318173	100	60	2.83246	0.857011	39	38.6	316758	33	2240	1.22423	1.09226	2124
48	595723	317	281971	296311	100	60	2.95745	0.857011	39	38.6	316758	33	2240	1.22671	1.08304	2124
49	569631	286	273695	279036	100	60	2.94703	0.857011	39	38.6	316758	33	2240	1.20608	1.03383	2124
50	530217	257	257796	257353	100	60	2.98057	0.857011	39	38.6	316758	33	2240	1.20152	1.01674	2124
51	377264	238	126240	251024	100	60	3.04649	0.857011	39	38.6	316758	33	2240	1.2	1	2124
52	273103	208	54616.5	218486	100	60	0.118482	0.857011	39	38.6	422283	33	2240	1.00334	0.872444	2124
53	395961	172	124519	271442	100	60	0.0810635	0.857011	39	38.6	422283	33	2240	1.00207	0.869658	2124
54	608601	158	226837	381764	100	60	0.0789664	0.857011	39	38.6	422283	33	2240	1.00206	0.878192	2124
55	662446	137	257704	404742	100	60	0.0795877	0.857011	39	38.6	422283	33	2240	1.00233	0.899653	2124
56	644083	116	262686	381397	100	60	0.0837038	0.857011	39	38.6	422283	33	2240	1.00246	0.920587	2124
57	686997	2743	293532	393464	100	60	1.42874	0.857011	39	38.6	422283	33	2240	1.00287	0.923637	2124
58	768080	2523	335933	432146	100	60	1.65499	0.857011	39	38.6	422283	33	2240	1.00327	0.926965	2124
59	807104	2124	358379	448725	100	60	1.88472	0.857011	39	38.6	422283	33	2240	1.00555	0.928016	2124
60	635042	1894	185378	449663	100	60	2.05028	0.857011	39	38.6	422283	33	2240	1.07103	1.04118	2124
61	683337	1482	252656	430486	100	60	1.28976	0.857011	39	38.6	0	33	2240	1.03669	0.94137	2124
62	733497	1201	300732	432507	100	60	1.04696	0.857011	39	38.6	0	33	2240	1.02496	0.923398	2124
63	810471	1019	352179	458001	100	60	0.982079	0.857011	39	38.6	0	33	2240	1.01987	0.914085	2124
64	862587	847	384371	477906	100	60	0.969687	0.857011	39	38.6	0	33	2240	1.01967	0.921781	2124
65	909962	768	411878	497824	100	60	1.04264	0.857011	39	38.6	0	33	2240	1.02198	0.928356	2124
66	918891	1408	421233	497659	100	60	1.92797	0.857011	39	38.6	0	33	2240	1.02255	0.925511	2124
67	924589	1404	428542	496047	100	60	2.17196	0.857011	39	38.6	0	33	2240	1.027	0.932256	2124
68	927559	1334	435352	492207	100	60	2.42831	0.857011	39	38.6	0	33	2240	1.03104	0.940864	2124
69	883706	1111	418249	465456	100	60	2.39393	0.857011	39	38.6	0	33	2240	1.03772	0.949045	2124
70	644972	910	202326	442647	100	60	2.38756	0.857011	39	38.6	225873	33	2240	1.04827	0.958797	2124
71	663672	786	246533	417139	100	60	2.4734	0.857011	39	38.6	225873	33	2240	1.06227	0.979301	2124
72	663169	662	275303	387865	100	60	2.56408	0.857011	39	38.6	225873	33	2240	1.08383	0.993837	2124
73	493789	560	140991	352798	100	60	2.60581	0.857011	39	38.6	225873	33	2240	1.09195	0.998175	2124
74	504782	498	181213	323569	100	60	2.69877	0.857011	39	38.6	225873	33	2240	1.10103	1.00412	2124
75	513055	446	213444	299611	100	60	2.81079	0.857011	39	38.6	225873	33	2240	1.12065	1.01155	2124
76	528674	414	233253	286465	100	60	2.82301	0.857011	39	38.6	225873	33	2240	1.14673	1.03275	2124
77	529964	379	241030	274384	100	60	2.86278	0.857011	39	38.6	225873	33	2240	1.14286	1.03878	2124
78	523412	349	243552	264679	100	60	2.88094	0.857011	39	38.6	225873	33	2240	1.14722	1.05438	2124
79	511046	320	240785	255379	100	60	2.93243	0.857011	39	38.6	225873	33	2240	1.15312	1.05667	2124
80	493895	298	234825	245457	100	60	2.96883	0.857011	39	38.6	225873	33	2240	1.14676	1.04332	2124
81	326616	263	106675	219941	100	60	2.96693	0.857011	39	38.6	225873	33	2240	1.13725	1.03704	2124
82	273617	244	64780	208837	100	60	0.10846	0.857011	39	38.6	301132	33	2240	1.00231	0.931989	2124
83	378774	214	78240.9	300533	100	60	0.084588	0.857011	39	38.6	301132	33	2240	1.00176	0.932011	2124
84	573630	171	176437	397193	100	60	0.0671588	0.857011	39	38.6	301132	33	2240	1.0014	0.934503	2124
85	627058	137	214984	412074	100	60	0.0617118	0.857011	39	38.6	301132	33	2240	1.00143	0.934566	2124
86	597480	116	222656	374824	100	60	0.0652186	0.857011	39	38.6	301132	33	2240	1.00188	0.940178	2124
87	638079	2923	256712	381366	100	60	1.29006	0.857011	39	38.6	301132	33	2240	1.00291	0.940182	2124
88	724022	2579	304533	419489	100	60	1.44595	0.857011	39	38.6	301132	33	2240	1.00341	0.93985	2124
89	618563	2388	158881	459682	100	60	1.81808	0.857011	39	38.6	301132	33	2240	1.00586	0.942487	2124
90	546621	2098	106911	439710	100	60	1.99394	0.857011	37	38.6	301132	33	2240	1.05719	1.02965	2124
91	527473	1710	92372.3	434889	100	60	1.19865	0.857011	39	38.6	0	33	2240	1.02709	0.96043	2124
92	597094	1400	169331	427410	100	60	0.926093	0.857011	39	38.6	0	33	2240	1.01739	0.943613	2124
93	723199	1219	259667	463083	100	60	0.86748	0.857011	39	38.6	0	33	2240	1.01381	0.938278	2124
94	839351	1042	332892	505992	100	60	0.908854	0.857011	39	38.6	0	33	2240	1.01463	0.941304	2124
95	888065	904	370763	516924	100	60	0.986814	0.857011	39	38.6	0	33	2240	1.01666	0.946837	2124
96	914840	1763	396099	518742	100	60	1.87481	0.857011	39	38.6	0	33	2240	1.01869	0.949781	2124
97	912595	1636	405940	506655	100	60	1.98609	0.857011	39	38.6	0	33	2240	1.01942	0.954186	2124
98	927665	1542	422415	505251	100	60	2.15932	0.857011	39	38.6	0	33	2240	1.02441	0.966013	2124
99	920509	1278	426420	494089	100	60	2.15947	0.857011	39	38.6	0	33	2240	1.02693	0.970797	2124
100	708146	1076	238234	469912	100	60	2.20513	0.857011	39	38.6	199787	33	2240	1.02925	0.972846	2124
101	723887	922	278831	445056	100	60	2.30245	0.857011	39	38.6	199787	33	2240	1.03245	0.97046	2124
102	745351	829	315576	429775	100	60	2.40085	0.857011	39	38.6	199787	33	2240	1.04152	0.985401	2124
103	752365	747	336523	415842	100	60	2.49635	0.857011	39	38.6	199787	33	2240	1.04237	0.985095	2124
104	736605	680	341100	395505	100	60	2.58816	0.857011	39	38.6	199787	33	2240	1.05062	0.989552	2124
105	702460	602	332178	370282	100	60	2.62844	0.857011	39	38.6	199787	33	2240	1.06026	0.996639	2124
106	656377	525	310400	335518	100	60	2.6463	0.857011	39	38.6	199787	33	2240	1.07912	1.01737	2124
107	632307	479	298854	315460	100	60	2.65535	0.857011	39	38.6	199787	33	2240	1.09811	1.04043	2124
108	591288	422	281324	292293	100	60	2.67969	0.857011	39	38.6	199787	33	2240	1.08584	1.02657	2124
109	557702	378	267400	273776	100	60	2.68956	0.857011	39	38.6	199787	33	2240	1.08654	1.01902	2124
110	388790	342	130782	254925	100	60	2.77638	0.857011	39	38.6	199787	33	2240	1.08864	1.01818	2124
111	397938	319	157870	240068	100	60	2.76359	0.857011	39	38.6	199787	33	2240	1.10448	1.03279	2124
112	284572	280	70174.3	214397	100	60	0.215135	0.857011	39	38.6	308463	33	2240	1.00467	1.00072	2124
113	393534	262	134726	258808	100	60	0.156322	0.857011	39	38.6	308463	33	2240	1.00333	1.00044	2124
114	583134	242	233616	349518	100	60	0.148888	0.857011	39	38.6	308463	33	2240	1.00396	1.00154	2124
115	723830	217	297980	425850	100	60	0.149918	0.857011	39	38.6	308463	33	2240	1.00416	1.00153	2124
116	753838	193	314825	439013	100	60	0.15972	0.857011	38	38.6	308463	33	2240	1.00482	1.00262	2124
117	743436	2303	320617	422819	100	60	1.28074	0.857011	37	38.6	308463	33	2240	1.00708	1.00418	2124
118	773023	2178	342850	430172	100	60	1.39825	0.857011	37	38.6	308463	33	2240	1.00714	1.00627	2124
119	830752	1912	376783	453970	100	60	1.60174	0.857011	37	38.6	308463	33	2240	1.00879	1.00706	2124
120	637649	1688	191468	446181	100	60	1.64898	0.857011	37	38.6	308463	33	2240	1.13317	1.22692	2124
121	692218	1430	267002	424032	100	60	1.34679	0.857011	39	38.6	0	33	2240	1.09187	1.10379	2124
122	719309	1181	308431	409146	100	60	1.20029	0.857011	39	38.6	0	33	2240	1.06678	1.06598	2124
123	772353	1036	350216	420108	100	60	1.13368	0.857011	39	38.6	0	33	2240	1.04678	1.0357	2124
124	811097	917	377140	431968	100	60	1.21001	0.857011	39	38.6	0	33	2240	1.04894	1.02947	2124
125	854110	882	402499	449794	100	60	1.34459	0.857011	39	38.6	0	33	2240	1.05027	1.02725	2124
126	642114	1189	197503	444611	100	60	1.92481	0.857011	39	38.6	0	33	2240	1.05426	1.02618	2124
127	554444	1197	126203	428241	100	60	2.12346	0.857011	39	38.6	0	33	2240	1.05549	1.02345	2124
128	598396	1149	196111	402285	100	60	2.27182	0.857011	39	38.6	0	33	2240	1.06034	1.02748	2124
129	634421	974	251452	382969	100	60	2.25537	0.857011	39	38.6	0	33	2240	1.06186	1.03249	2124
130	587660	846	223481	364180	100	60	2.27915	0.857011	39	38.6	68322.3	33	2240	1.06594	1.03842	2124
131	476135	760	131322	344813	100	60	2.30845	0.857011	39	38.6	68322.3	33	2240	1.06974	1.04244	2124
132	491704	668	178787	312916	100	60	2.29313	0.857011	39	38.6	68322.3	33	2240	1.07317	1.05	2124
133	490283	576	209671	280612	100	60	2.30039	0.857011	39	38.6	68322.3	33	2240	1.08696	1.06457	2124
134	505961	533	234545	271416	100	60	2.31721	0.857011	39	38.6	68322.3	33	2240	1.10282	1.07736	2124
135	471748	465	228349	243399	100	60	2.33401	0.857011	39	38.6	68322.3	33	2240	1.11673	1.08405	2124
136	430487	400	208497	214566	100	60	2.34655	0.857011	39	38.6	68322.3	33	2240	1.13103	1.1066	2124
137	310081	365	103092	204928	100	60	2.35437	0.857011	39	38.6	68322.3	33	2240	1.14249	1.11944	2124
138	329976	339	130195	193412	100	60	2.42254	0.857011	39	38.6	68322.3	33	2240	1.14448	1.1128	2124
139	339245	311	149929	181575	100	60	2.47158	0.857011	39	38.6	68322.3	33	2240	1.14062	1.09732	2124
140	319854	273	149899	163146	100	60	2.47494	0.857011	39	38.6	68322.3	33	2240	1.1558	1.11628	2124
141	304742	246	150560	154181	100	60	2.53932	0.857011	39	38.6	68322.3	33	2240	1.15289	1.12281	2124
142	210219	224	67740.9	142478	100	60	0.0938557	0.857011	39	38.6	155089	33	2240	1.00276	1.00012	2124
143	406744	191	157231	249513	100	60	0.0698078	0.857011	39	38.6	155089	33	2240	1.00195	0.9996	2124
144	503243	186	123092	380151	100	60	0.0702814	0.857011	39	38.6	155089	33	2240	1.00181	0.99989	2124
145	559096	180	165033	394063	100	60	0.070999	0.857011	39	38.6	155089	33	2240	1.00173	1	2124
146	539806	159	182188	357619	100	60	0.0772751	0.857011	38	38.6	155089	33	2240	1.00182	1.00056	2124
147	569917	2777	221787	348130	100	60	1.06151	0.857011	38	38.6	155089	33	2240	1.00273	1.00073	2124
148	669576	2552	279445	390132	100	60	1.29325	0.857011	38	38.6	155089	33	2240	1.00418	1.00081	2124
149	741389	2261	321164	420226	100	60	1.57764	0.857011	38	38.6	155089	33	2240	1.00538	1.00189	2124
150	497269	1951	77790	419479	100	60	1.76848	0.857011	35	38.6	155089	33	2240	1.07218	1.11094	2124
151	522727	1565	143183	378014	100	60	0.951593	0.857011	39	38.6	0	33	2240	1.02923	1.02785	2124
152	612967	1309	223665	387663	100	60	0.791209	0.857011	39	38.6	0	33	2240	1.01898	1.01483	2124
153	750865	1175	311449	436540	100	60	0.774559	0.857011	39	38.6	0	33	2240	1.01661	1.01011	2124
154	831225	1013	363526	464937	100	60	0.841034	0.857011	39	38.6	0	33	2240	1.0164	1.00923	2124
155	867164	902	389967	474932	100	60	0.914772	0.857011	39	38.6	0	33	2240	1.01777	1.00795	2124
156	851150	1686	391591	459558	100	60	1.6331	0.857011	39	38.6	0	33	2240	1.01792	1.00534	2124
157	844715	1589	396053	448662	100	60	1.75182	0.857011	39	38.6	0	33	2240	1.02066	1.0074	2124
158	864950	1614	411762	453187	100	60	1.95468	0.857011	39	38.6	0	33	2240	1.02405	1.01183	2124
159	841485	1328	406400	435086	100	60	1.94806	0.857011	39	38.6	0	33	2240	1.02636	1.01364	2124
160	695191	1086	293394	401797	100	60	1.98503	0.857011	39	38.6	104157	33	2240	1.0308	1.01756	2124
161	685136	933	310259	374877	100	60	2.055	0.857011	39	38.6	104157	33	2240	1.04588	1.03548	2124
162	682695	838	323687	359008	100	60	2.09474	0.857011	39	38.6	104157	33	2240	1.05221	1.04562	2124
163	645003	725	314663	330340	100	60	2.16808	0.857011	39	38.6	104157	33	2240	1.06202	1.05424	2124
164	601787	633	299129	302659	100	60	2.1771	0.857011	39	38.6	104157	33	2240	1.09461	1.08786	2124
165	560608	559	281871	278737	100	60	2.21805	0.857011	39	38.6	104157	33	2240	1.113	1.09765	2124
166	545353	523	272774	263963	100	60	2.26968	0.857011	39	38.6	104157	33	2240	1.1094	1.08544	2124
167	395996	494	136514	256970	100	60	2.26509	0.857011	39	38.6	104157	33	2240	1.11434	1.08903	2124
168	403106	439	162676	233424	100	60	2.25588	0.857011	39	38.6	104157	33	2240	1.14137	1.11215	2124
169	424031	425	190397	224885	100	60	2.31405	0.857011	39	38.6	104157	33	2240	1.15158	1.11852	2124
170	401756	373	190480	203419	100	60	2.31537	0.857011	39	38.6	104157	33	2240	1.15844	1.11978	2124
171	376968	344	187415	189553	100	60	2.31991	0.857011	39	38.6	104157	33	2240	1.17052	1.14024	2124
172	284320	316	105871	178449	100	60	0.12167	0.857011	39	38.6	186424	33	2240	1.00297	0.994716	2124
173	386621	285	97705.4	288915	100	60	0.0980054	0.857011	39	38.6	186424	33	2240	1.00229	0.993596	2124
174	580703	250	194060	386643	100	60	0.0811275	0.857011	39	38.6	186424	33	2240	1.00206	0.993733	2124
175	601229	208	219696	381533	100	60	0.0809741	0.857011	39	38.6	186424	33	2240	1.00196	0.994925	2124
176	554147	158	218195	335952	100	60	0.0759808	0.857011	39	38.6	186424	33	2240	1.00186	0.994888	2124
177	591764	2524	249707	342057	100	60	1.05506	0.857011	38	38.6	186424	33	2240	1.00299	0.995785	2124
178	522158	2284	135089	387069	100	60	1.24191	0.857011	38	38.6	186424	33	2240	1.0047	0.999693	2124
179	588799	2156	199307	389492	100	60	1.63349	0.857011	38	38.6	186424	33	2240	1.0066	1.00125	2124
180	536532	1935	132137	404396	100	60	1.83592	0.857011	37	38.6	186424	33	2240	1.07597	1.10696	2124
181	609728	1594	215137	392821	100	60	0.936459	0.857011	39	38.6	0	33	2240	1.02575	1.01681	2124
182	685402	1314	278756	404701	100	60	0.774487	0.857011	39	38.6	0	33	2240	1.01575	1.00566	2124
183	759964	1082	331499	425766	100	60	0.68594	0.857011	39	38.6	0	33	2240	1.01178	1.00235	2124
184	821068	920	369028	449505	100	60	0.73226	0.857011	39	38.6	0	33	2240	1.01364	1.00399	2124
185	847250	823	388442	456646	100	60	0.785799	0.857011	39	38.6	0	33	2240	1.01815	1.00554	2124
186	618779	1570	180485	438295	100	60	1.45827	0.857011	39	38.6	0	33	2240	1.02134	1.00961	2124
187	662838	1520	242968	419870	100	60	1.60053	0.857011	39	38.6	0	33	2240	1.0209	1.01143	2124
188	693731	1443	291477	402255	100	60	1.85815	0.857011	39	38.6	0	33	2240	1.026	1.01821	2124
189	712461	1192	323308	389153	100	60	1.89864	0.857011	39	38.6	0	33	2240	1.03264	1.02203	2124
190	644775	1032	272264	372511	100	60	1.99603	0.857011	39	38.6	69781.7	33	2240	1.04076	1.03143	2124
191	646768	890	295355	351413	100	60	2.07024	0.857011	39	38.6	69781.7	33	2240	1.05277	1.04447	2124
192	654384	806	313815	340569	100	60	2.08858	0.857011	39	38.6	69781.7	33	2240	1.06439	1.05395	2124
193	647394	742	318669	328725	100	60	2.13817	0.857011	39	38.6	69781.7	33	2240	1.08241	1.06986	2124
194	629027	685	314319	314708	100	60	2.18835	0.857011	39	38.6	69781.7	33	2240	1.09735	1.0816	2124
195	569356	587	286850	282506	100	60	2.20293	0.857011	39	38.6	69781.7	33	2240	1.10074	1.08434	2124
196	559756	548	279964	271243	100	60	2.23172	0.857011	39	38.6	69781.7	33	2240	1.11111	1.08889	2124
197	384419	487	132858	249154	100	60	2.26077	0.857011	39	38.6	69781.7	33	2240	1.11321	1.08996	2124
198	385078	426	155439	222925	100	60	2.27661	0.857011	39	38.6	69781.7	33	2240	1.13304	1.1087	2124
199	291880	386	87907.7	202515	100	60	2.276	0.857011	39	38.6	69781.7	33	2240	1.15038	1.12807	2124
200	307679	354	117184	189114	100	60	2.2712	0.857011	39	38.6	69781.7	33	2240	1.15934	1.1276	2124
201	304535	314	134452	170083	100	60	2.23307	0.857011	39	38.6	69781.7	33	2240	1.1875	1.15986	2124
202	253541	285	93539.2	160002	100	60	0.168755	0.857011	39	38.6	123689	33	2240	1.00567	1.00353	2124
203	364903	250	148747	216157	100	60	0.122065	0.857011	39	38.6	123689	33	2240	1.00434	1.00283	2124
204	568058	222	245177	322881	100	60	0.112657	0.857011	39	38.6	123689	33	2240	1.00414	1.00269	2124
205	698801	195	298692	400109	100	60	0.10904	0.857011	39	38.6	123689	33	2240	1.00393	1.00299	2124
206	673070	167	290590	382480	100	60	0.114937	0.857011	38	38.6	123689	33	2240	1.00478	1.00445	2124
207	492510	2157	126161	366348	100	60	0.912381	0.857011	38	38.6	123689	33	2240	1.00621	1.00704	2124
208	545727	1913	187023	358704	100	60	0.992279	0.857011	38	38.6	123689	33	2240	1.00749	1.00996	2124
209	499948	1686	118450	381498	100	60	1.1936	0.857011	38	38.6	123689	33	2240	1.00929	1.01034	2124
210	459955	1634	92751.7	367203	100	60	1.37573	0.857011	35	38.6	123689	33	2240	1.09823	1.15375	2124
211	519909	1358	170155	346489	100	60	0.964203	0.857011	39	38.6	0	33	2240	1.0502	1.04755	2124
212	611462	1170	246206	361880	100	60	0.854905	0.857011	39	38.6	0	33	2240	1.03436	1.02509	2124
213	686460	1000	305126	375693	100	60	0.821996	0.857011	39	38.6	0	33	2240	1.02818	1.01708	2124
214	746630	854	349673	392133	100	60	0.862148	0.857011	39	38.6	0	33	2240	1.02875	1.01506	2124
215	784928	771	378655	402277	100	60	0.934495	0.857011	39	38.6	0	33	2240	1.03097	1.01175	2124
216	592597	1262	190831	401766	100	60	1.40161	0.857011	39	38.6	0	33	2240	1.03232	1.011	2124
217	646926	1255	255417	391510	100	60	1.52034	0.857011	39	38.6	0	33	2240	1.03656	1.01496	2124
218	695394	1197	311210	384184	100	60	1.61929	0.857011	39	38.6	0	33	2240	1.04214	1.0271	2124
219	718901	1025	346061	372839	100	60	1.62268	0.857011	39	38.6	0	33	2240	1.04626	1.03854	2124
220	659964	893	304732	355232	100	60	1.62644	0.857011	39	38.6	58653.8	33	2240	1.05838	1.05204	2124
221	646453	783	318911	327543	100	60	1.65238	0.857011	39	38.6	58653.8	33	2240	1.07322	1.06427	2124
222	611329	680	312836	298494	100	60	1.65818	0.857011	39	38.6	58653.8	33	2240	1.09988	1.08741	2124
223	607591	632	317317	290274	100	60	1.65849	0.857011	39	38.6	58653.8	33	2240	1.1357	1.12401	2124
224	567244	563	299490	267753	100	60	1.67894	0.857011	39	38.6	58653.8	33	2240	1.15798	1.14054	2124
225	540985	515	286985	254001	100	60	1.66506	0.857011	39	38.6	58653.8	33	2240	1.2007	1.18	2124
226	510796	471	268942	235848	100	60	1.67176	0.857011	39	38.6	58653.8	33	2240	1.22549	1.20575	2124
227	475264	424	247913	216736	100	60	1.67774	0.857011	39	38.6	58653.8	33	2240	1.24053	1.21357	2124
228	442852	386	231367	201685	100	60	1.67592	0.857011	39	38.6	58653.8	33	2240	1.25253	1.21508	2124
229	428201	362	224955	193893	100	60	1.71885	0.857011	39	38.6	58653.8	33	2240	1.23901	1.20238	2124
230	396305	329	208992	178719	100	60	1.72611	0.857011	39	38.6	58653.8	33	2240	1.25	1.2107	2124
231	350713	295	189330	161384	100	60	1.74161	0.857011	39	38.6	58653.8	33	2240	1.27698	1.23485	2124
232	273271	276	118537	154734	100	60	0.0870422	0.857011	39	38.6	126637	33	2240	1.00444	0.995818	2124
233	492513	240	208925	283589	100	60	0.0712706	0.857011	39	38.6	126637	33	2240	1.00403	0.996062	2124
234	637199	227	268270	368929	100	60	0.0709167	0.857011	39	38.6	126637	33	2240	1.00373	0.99698	2124
235	623203	204	267330	355873	100	60	0.0766678	0.857011	39	38.6	126637	33	2240	1.00418	1.00119	2124
236	589310	189	262115	327196	100	60	0.0845698	0.857011	39	38.6	126637	33	2240	1.00486	1.00417	2124
237	658517	2493	301787	356730	100	60	0.969288	0.857011	39	38.6	126637	33	2240	1.00825	1.00936	2124
238	734242	2240	340165	394078	100	60	1.1123	0.857011	39	38.6	126637	33	2240	1.00988	1.0114	2124
239	758384	1966	353963	404421	100	60	1.34927	0.857011	38	38.6	126637	33	2240	1.01139	1.01221	2124
240	577467	1731	180665	396802	100	60	1.47872	0.857011	32	38.6	126637	33	2240	1.09524	1.15707	2124
241	618953	1385	249370	367258	100	60	0.680574	0.857011	39	38.6	0	33	2240	1.02708	1.02173	2124
242	705899	1166	310777	391848	100	60	0.557808	0.857011	39	38.6	0	33	2240	1.01707	1.01061	2124
243	598277	973	176403	421367	100	60	0.503425	0.857011	39	38.6	0	33	2240	1.01304	1.00381	2124
244	555488	822	122548	432828	100	60	0.525315	0.857011	39	38.6	0	33	2240	1.01226	1.00175	2124
245	622684	780	194032	428551	100	60	0.58674	0.857011	39	38.6	0	33	2240	1.01343	1.0048	2124
246	660493	1718	254777	405716	100	60	1.1862	0.857011	39	38.6	0	33	2240	1.01579	1.00849	2124
247	686076	1605	297243	388834	100	60	1.31642	0.857011	39	38.6	0	33	2240	1.01712	1.01025	2124
248	734773	1590	339496	395278	100	60	1.51141	0.857011	39	38.6	0	33	2240	1.02043	1.01203	2124
249	758653	1319	364091	394562	100	60	1.58389	0.857011	39	38.6	0	33	2240	1.02486	1.01296	2124
250	713296	1141	327368	385928	100	60	1.66814	0.857011	39	38.6	53286.7	33	2240	1.03357	1.02471	2124
251	698502	987	338434	360068	100	60	1.74921	0.857011	39	38.6	53286.7	33	2240	1.04522	1.03772	2124
252	691449	879	346528	344921	100	60	1.79435	0.857011	39	38.6	53286.7	33	2240	1.04991	1.04353	2124
253	635182	740	326176	309006	100	60	1.82776	0.857011	39	38.6	53286.7	33	2240	1.06652	1.05842	2124
254	608263	672	316671	291593	100	60	1.88883	0.857011	39	38.6	53286.7	33	2240	1.06642	1.05891	2124
255	587954	623	308859	279095	100	60	1.90202	0.857011	39	38.6	53286.7	33	2240	1.08939	1.07856	2124
256	547605	555	285431	254484	100	60	1.93474	0.857011	39	38.6	53286.7	33	2240	1.11057	1.09007	2124
257	521512	504	269205	238731	100	60	1.96767	0.857011	39	38.6	53286.7	33	2240	1.12407	1.09514	2124
258	493676	457	255332	225519	100	60	1.97088	0.857011	39	38.6	53286.7	33	2240	1.13872	1.10811	2124
259	473525	427	245508	215792	100	60	1.9907	0.857011	39	38.6	53286.7	33	2240	1.14027	1.10386	2124
260	448224	398	233501	203430	100	60	2.00228	0.857011	39	38.6	53286.7	33	2240	1.14963	1.12304	2124
261	409684	368	219486	190198	100	60	2.00004	0.857011	39	38.6	53286.7	33	2240	1.15978	1.12968	2124
262	315964	340	135003	180961	100	60	0.117395	0.857011	39	38.6	132694	33	2240	1.00382	0.988074	2124
263	513385	307	221083	292303	100	60	0.0959785	0.857011	39	38.6	132694	33	2240	1.00305	0.986838	2124
264	661642	271	281933	379708	100	60	0.0887048	0.857011	39	38.6	132694	33	2240	1.00281	0.98898	2124
265	650544	228	279040	371505	100	60	0.0879612	0.857011	38	38.6	132694	33	2240	1.00301	0.991183	2124
266	600611	211	265302	335309	100	60	0.0972466	0.857011	38	38.6	132694	33	2240	1.00352	0.99334	2124
267	641612	2548	292729	348882	100	60	1.02466	0.857011	38	38.6	132694	33	2240	1.00562	0.995827	2124
268	532114	2209	148123	383991	100	60	1.15046	0.857011	38	38.6	132694	33	2240	1.00664	0.997191	2124
269	594781	2003	212660	382121	100	60	1.4122	0.857011	38	38.6	132694	33	2240	1.00961	0.999168	2124
270	533541	1939	137167	396373	100	60	1.63716	0.857011	35	38.6	132694	33	2240	1.08409	1.11878	2124
271	607868	1590	220298	386983	100	60	0.795519	0.857011	39	38.6	0	33	2240	1.02742	1.0145	2124
272	687383	1328	283415	403118	100	60	0.664294	0.857011	39	38.6	0	33	2240	1.01656	1.00132	2124
273	776710	1097	342166	433594	100	60	0.59945	0.857011	39	38.6	0	33	2240	1.00995	0.995899	2124
274	827654	915	373921	452818	100	60	0.628883	0.857011	39	38.6	0	33	2240	1.01101	0.996289	2124
275	834172	789	384203	449206	100	60	0.672176	0.857011	39	38.6	0	33	2240	1.01352	0.998946	2124
276	833449	1753	391017	442432	100	60	1.35741	0.857011	39	38.6	0	33	2240	1.01514	1.00115	2124
277	834855	1656	397983	436872	100	60	1.47596	0.857011	39	38.6	0	33	2240	1.01583	1.00252	2124
278	826878	1585	400271	426607	100	60	1.70588	0.857011	39	38.6	0	33	2240	1.01784	1.00318	2124
279	820144	1321	401976	418169	100	60	1.74158	0.857011	39	38.6	0	33	2240	1.0212	1.0061	2124
280	698749	1118	300094	398655	100	60	1.81633	0.857011	39	38.6	104376	33	2240	1.02247	1.00629	2124
281	705072	976	325167	379905	100	60	1.9017	0.857011	39	38.6	104376	33	2240	1.03214	1.01646	2124
282	705084	887	340660	364424	100	60	1.92919	0.857011	39	38.6	104376	33	2240	1.0433	1.03054	2124
283	650249	752	324555	325694	100	60	2.0172	0.857011	39	38.6	104376	33	2240	1.04512	1.02403	2124
284	611800	665	311519	300281	100	60	2.07735	0.857011	39	38.6	104376	33	2240	1.05507	1.03167	2124
285	425970	588	149075	276895	100	60	2.1193	0.857011	39	38.6	104376	33	2240	1.05588	1.03413	2124
286	447072	543	182069	257614	100	60	2.12701	0.857011	39	38.6	104376	33	2240	1.07882	1.05741	2124
287	447708	483	202311	233924	100	60	2.15102	0.857011	39	38.6	104376	33	2240	1.08159	1.05637	2124
288	456761	452	219012	224027	100	60	2.20874	0.857011	39	38.6	104376	33	2240	1.05846	1.03132	2124
289	427916	392	211184	203631	100	60	2.2189	0.857011	39	38.6	104376	33	2240	1.05502	1.0232	2124
290	421344	365	212566	196459	100	60	2.2176	0.857011	39	38.6	104376	33	2240	1.05155	1.01385	2124
291	378709	325	199095	179614	100	60	2.21899	0.857011	39	38.6	104376	33	2240	1.05539	1.01238	2124
292	276617	302	104157	172460	100	60	0.103212	0.857011	39	38.6	200413	33	2240	1.00121	0.977478	2124
293	507955	280	207559	300397	100	60	0.0881818	0.857011	39	38.6	200413	33	2240	1.00119	0.978929	2124
294	517338	258	131011	386327	100	60	0.0858132	0.857011	39	38.6	200413	33	2240	1.00144	0.982808	2124
295	511588	212	157401	354187	100	60	0.0735394	0.857011	39	38.6	200413	33	2240	1.00137	0.98434	2124
296	426592	195	80265.4	346327	100	60	0.0818865	0.857011	39	38.6	200413	33	2240	1.00156	0.984153	2124
297	405422	2754	62171.3	343250	100	60	0.987986	0.857011	39	38.6	200413	33	2240	1.00214	0.986362	2124
298	480347	2539	131971	348376	100	60	1.23477	0.857011	39	38.6	200413	33	2240	1.00288	0.989313	2124
299	600621	2302	211458	389163	100	60	1.39496	0.857011	39	38.6	200413	33	2240	1.00322	0.990228	2124
300	544432	2533	134347	410085	100	60	1.77062	0.857011	36	38.6	200413	33	2240	1.03328	1.03636	2124
301	622235	1969	217201	403909	100	60	0.948163	0.857011	39	38.6	0	33	2240	1.01334	0.996943	2124
302	710258	1596	285043	424091	100	60	0.769926	0.857011	39	38.6	0	33	2240	1.00759	0.989497	2124
303	778799	1240	336893	440032	100	60	0.661418	0.857011	39	38.6	0	33	2240	1.00524	0.987099	2124
304	853692	1055	381471	470565	100	60	0.700226	0.857011	39	38.6	0	33	2240	1.00489	0.985741	2124
305	854424	888	390045	463051	100	60	0.716615	0.857011	39	38.6	0	33	2240	1.00597	0.989267	2124
306	840678	1675	393938	446740	100	60	1.35614	0.857011	39	38.6	0	33	2240	1.00895	0.992543	2124
307	849724	1616	404853	444871	100	60	1.51427	0.857011	39	38.6	0	33	2240	1.01008	0.995916	2124
308	828803	1559	401038	427765	100	60	1.76492	0.857011	39	38.6	0	33	2240	1.01411	1.00128	2124
309	604301	1285	191748	412553	100	60	1.79976	0.857011	39	38.6	0	33	2240	1.01659	1.00468	2124
310	513663	1134	119689	393975	100	60	1.89457	0.857011	39	38.6	596.642	33	2240	1.01787	1.00442	2124
311	572300	1045	190008	382292	100	60	1.99912	0.857011	39	38.6	596.642	33	2240	1.02131	1.00958	2124
312	587525	887	237384	350141	100	60	2.07574	0.857011	39	38.6	596.642	33	2240	1.02933	1.01806	2124
313	609313	799	275815	333499	100	60	2.12537	0.857011	39	38.6	596.642	33	2240	1.04266	1.03011	2124
314	610728	722	293227	317501	100	60	2.17683	0.857011	39	38.6	596.642	33	2240	1.04172	1.025	2124
315	458384	666	149845	308539	100	60	2.21296	0.857011	39	38.6	596.642	33	2240	1.0492	1.03318	2124
316	473314	591	186363	279270	100	60	2.21135	0.857011	39	38.6	596.642	33	2240	1.05936	1.04414	2124
317	371332	532	109595	259043	100	60	2.21444	0.857011	39	38.6	596.642	33	2240	1.06463	1.05094	2124
318	398985	494	147131	244179	100	60	2.23008	0.857011	39	38.6	596.642	33	2240	1.06827	1.05071	2124
319	297416	419	85468.6	210104	100	60	2.25235	0.857011	39	38.6	596.642	33	2240	1.06652	1.04306	2124
320	317596	387	119531	196420	100	60	2.26954	0.857011	39	38.6	596.642	33	2240	1.07335	1.05469	2124
321	263351	366	74958.3	188393	100	60	2.28309	0.857011	39	38.6	596.642	33	2240	1.08421	1.06371	2124
322	268842	336	93320.9	175521	100	60	0.196132	0.857011	39	38.6	13394.3	33	2240	1.0034	1.0017	2124
323	396443	319	160816	235627	100	60	0.16052	0.857011	39	38.6	13394.3	33	2240	1.00281	1.00099	2124
324	591317	288	257357	333960	100	60	0.152144	0.857011	39	38.6	13394.3	33	2240	1.00276	1.0007	2124
325	697495	253	303459	394037	100	60	0.153161	0.857011	39	38.6	13394.3	33	2240	1.00306	1.00155	2124
326	693126	204	303977	389149	100	60	0.150268	0.857011	38	38.6	13394.3	33	2240	1.00373	1.00346	2124
327	661068	2124	298674	362394	100	60	0.964883	0.857011	36	38.6	13394.3	33	2240	1.00449	1.00527	2124
328	721020	1855	335069	385951	100	60	1.02311	0.857011	36	38.6	13394.3	33	2240	1.00568	1.00767	2124
329	765033	1643	362945	402087	100	60	1.19388	0.857011	36	38.6	13394.3	33	2240	1.00702	1.00743	2124
330	614803	1565	196416	418387	100	60	1.24818	0.857011	30	38.6	13394.3	33	2240	1.14752	1.26252	2124
331	652203	1287	265664	383484	100	60	1.01227	0.857011	39	38.6	0	33	2240	1.08884	1.10513	2124
332	719983	1128	325687	389733	100	60	0.935523	0.857011	39	38.6	0	33	2240	1.05989	1.05954	2124
333	734531	947	351085	378483	100	60	0.895144	0.857011	39	38.6	0	33	2240	1.04039	1.0326	2124
334	763232	809	374512	384315	100	60	0.930009	0.857011	39	38.6	0	33	2240	1.0394	1.0268	2124
335	793624	764	394104	395784	100	60	1.02526	0.857011	39	38.6	0	33	2240	1.04185	1.02426	2124
336	796009	1127	399952	396057	100	60	1.45685	0.857011	39	38.6	0	33	2240	1.04937	1.02036	2124
337	796435	1194	402508	393927	100	60	1.64332	0.857011	39	38.6	0	33	2240	1.0523	1.02452	2124
338	583455	1126	198530	384925	100	60	1.7181	0.857011	39	38.6	0	33	2240	1.05852	1.03354	2124
339	607112	968	248211	358901	100	60	1.70192	0.857011	39	38.6	0	33	2240	1.05455	1.03586	2124
340	486924	861	142336	344588	100	60	1.7188	0.857011	39	38.6	796.358	33	2240	1.06536	1.05714	2124
341	514169	765	197719	316450	100	60	1.77112	0.857011	39	38.6	796.358	33	2240	1.06908	1.06702	2124
342	533584	674	239958	293626	100	60	1.8153	0.857011	39	38.6	796.358	33	2240	1.08214	1.07939	2124
343	541519	613	264757	276762	100	60	1.83383	0.857011	39	38.6	796.358	33	2240	1.09763	1.09548	2124
344	526008	554	268047	257961	100	60	1.83018	0.857011	39	38.6	796.358	33	2240	1.13265	1.12037	2124
345	504966	504	263007	241959	100	60	1.8603	0.857011	39	38.6	796.358	33	2240	1.14203	1.12883	2124
346	492203	470	255579	229647	100	60	1.827	0.857011	39	38.6	796.358	33	2240	1.16116	1.14442	2124
347	471079	426	243191	215581	100	60	1.80469	0.857011	39	38.6	796.358	33	2240	1.16927	1.14699	2124
348	423462	362	220433	192258	100	60	1.78171	0.857011	39	38.6	796.358	33	2240	1.18016	1.14448	2124
349	377327	306	197222	170437	100	60	1.81656	0.857011	39	38.6	796.358	33	2240	1.19255	1.15932	2124
350	361636	287	189912	162906	100	60	1.78536	0.857011	39	38.6	796.358	33	2240	1.20134	1.15328	2124
351	343899	280	185581	158318	100	60	1.79984	0.857011	39	38.6	796.358	33	2240	1.22464	1.18217	2124
352	247404	247	103064	144339	100	60	0.080254	0.857011	39	38.6	73616.7	33	2240	1.00332	0.996937	2124
353	485208	233	201280	283928	100	60	0.0705681	0.857011	39	38.6	73616.7	33	2240	1.00269	0.996376	2124
354	633466	204	261415	372051	100	60	0.0656075	0.857011	39	38.6	73616.7	33	2240	1.00262	0.998203	2124
355	467260	176	113042	354219	100	60	0.0678979	0.857011	39	38.6	73616.7	33	2240	1.00288	1.00057	2124
356	443846	164	137849	305997	100	60	0.0773529	0.857011	39	38.6	73616.7	33	2240	1.00348	1.00292	2124
357	521750	2536	198448	323301	100	60	0.976132	0.857011	39	38.6	73616.7	33	2240	1.00526	1.00526	2124
358	628631	2359	264195	364436	100	60	1.25059	0.857011	39	38.6	73616.7	33	2240	1.00781	1.0068	2124
359	699016	2068	310544	388472	100	60	1.42251	0.857011	39	38.6	73616.7	33	2240	1.00922	1.00739	2124
360	550637	1780	166112	384524	100	60	1.51436	0.857011	36	38.6	73616.7	33	2240	1.08316	1.1342	2124
361	619434	1483	243462	373512	100	60	0.700291	0.857011	39	38.6	0	33	2240	1.02471	1.02046	2124
362	553135	1255	149274	403323	100	60	0.589678	0.857011	39	38.6	0	33	2240	1.01556	1.0094	2124
363	672479	1073	245514	424738	100	60	0.504985	0.857011	39	38.6	0	33	2240	1.0095	1.00047	2124
364	769933	920	317656	449879	100	60	0.525942	0.857011	39	38.6	0	33	2240	1.00966	1.0011	2124
365	607273	844	162970	444111	100	60	0.608641	0.857011	39	38.6	0	33	2240	1.01211	1.00296	2124
366	624958	1706	219415	405543	100	60	1.18999	0.857011	39	38.6	0	33	2240	1.01561	1.00676	2124
367	698739	1586	289479	409261	100	60	1.33999	0.857011	39	38.6	0	33	2240	1.01711	1.00965	2124
368	727211	1550	328790	398421	100	60	1.58266	0.857011	39	38.6	0	33	2240	1.0168	1.00776	2124
369	577825	1327	176088	401738	100	60	1.69195	0.857011	39	38.6	0	33	2240	1.02363	1.01662	2124
370	472062	1099	108313	363749	100	60	1.76934	0.857011	39	38.6	102.366	33	2240	1.03188	1.02372	2124
371	480387	916	159134	321254	100	60	1.84615	0.857011	39	38.6	102.366	33	2240	1.04132	1.03173	2124
372	408673	810	104843	303831	100	60	1.91057	0.857011	39	38.6	102.366	33	2240	1.04715	1.03478	2124
373	439108	729	158718	280390	100	60	1.9299	0.857011	39	38.6	102.366	33	2240	1.05942	1.04545	2124
374	360326	642	99596.4	260730	100	60	1.98553	0.857011	39	38.6	102.366	33	2240	1.06952	1.05016	2124
375	368077	559	138899	229178	100	60	1.99651	0.857011	39	38.6	102.366	33	2240	1.07425	1.05206	2124
376	292082	485	85599.1	205374	100	60	1.98228	0.857011	39	38.6	102.366	33	2240	1.10319	1.08108	2124
377	325215	458	124331	195400	100	60	1.98493	0.857011	39	38.6	102.366	33	2240	1.1127	1.08647	2124
378	354422	425	158118	189438	100	60	1.98915	0.857011	39	38.6	102.366	33	2240	1.12747	1.09479	2124
379	245430	351	83299.6	160721	100	60	1.93861	0.857011	39	38.6	102.366	33	2240	1.14171	1.09456	2124
380	245324	300	103886	140151	100	60	1.93005	0.857011	39	38.6	102.366	33	2240	1.16294	1.11565	2124
381	240094	258	116364	123730	100	60	1.92185	0.857011	39	38.6	102.366	33	2240	1.20149	1.14741	2124
382	201741	227	86822.7	114918	100	60	0.215072	0.857011	39	38.6	39138.3	33	2240	1.00927	1.00554	2124
383	269171	207	122055	147116	100	60	0.156465	0.857011	39	38.6	39138.3	33	2240	1.0062	1.00317	2124
384	416151	181	195358	220793	100	60	0.139833	0.857011	39	38.6	39138.3	33	2240	1.00534	1.00288	2124
385	594770	163	274049	320720	100	60	0.139619	0.857011	39	38.6	39138.3	33	2240	1.00537	1.00269	2124
386	708631	148	322753	385878	100	60	0.15078	0.857011	39	38.6	39138.3	33	2240	1.00578	1.00343	2124
387	728904	1989	334594	394310	100	60	1.07586	0.857011	38	38.6	39138.3	33	2240	1.00788	1.0051	2124
388	754907	1902	354374	400532	100	60	1.17069	0.857011	36	38.6	39138.3	33	2240	1.00824	1.00594	2124
389	575995	1626	171853	404142	100	60	1.2255	0.857011	35	38.6	39138.3	33	2240	1.01016	1.00786	2124
390	494919	1450	117018	377900	100	60	1.17632	0.857011	31	38.6	39138.3	33	2240	1.18632	1.33541	2124
391	544050	1223	194596	347721	100	60	1.08822	0.857011	39	38.6	0	33	2240	1.13388	1.15949	2124
392	629414	1094	269080	357882	100	60	1.09276	0.857011	39	38.6	0	33	2240	1.08938	1.08378	2124
393	657998	921	307659	347320	100	60	1.10183	0.857011	39	38.6	0	33	2240	1.05664	1.0409	2124
394	703575	823	345496	355038	100	60	1.16347	0.857011	39	38.6	0	33	2240	1.05393	1.03026	2124
395	744366	791	375851	365677	100	60	1.24863	0.857011	39	38.6	0	33	2240	1.05643	1.02946	2124
396	734212	948	376759	357453	100	60	1.68681	0.857011	39	38.6	0	33	2240	1.06454	1.02832	2124
397	720850	908	372719	348131	100	60	1.81915	0.857011	39	38.6	0	33	2240	1.06437	1.03226	2124
398	723744	876	377764	345980	100	60	1.89771	0.857011	39	38.6	0	33	2240	1.06694	1.03873	2124
399	714153	776	375929	338224	100	60	1.89834	0.857011	39	38.6	0	33	2240	1.07086	1.04233	2124
400	583856	699	260122	323735	100	60	1.91817	0.857011	39	38.6	113297	33	2240	1.0727	1.04692	2124
401	595018	644	285233	309784	100	60	1.94355	0.857011	39	38.6	113297	33	2240	1.08976	1.06369	2124
402	574346	575	289166	285180	100	60	1.94929	0.857011	39	38.6	113297	33	2240	1.10493	1.08363	2124
403	561855	533	291432	270423	100	60	1.93815	0.857011	39	38.6	113297	33	2240	1.11958	1.08987	2124
404	384296	471	135546	248750	100	60	1.93589	0.857011	39	38.6	113297	33	2240	1.158	1.12798	2124
405	387776	417	165774	222002	100	60	1.93237	0.857011	39	38.6	113297	33	2240	1.16553	1.12225	2124
406	413874	397	194647	212207	100	60	1.92003	0.857011	39	38.6	113297	33	2240	1.19231	1.15167	2124
407	396861	350	195001	190976	100	60	2.00026	0.857011	39	38.6	113297	33	2240	1.16807	1.14454	2124
408	390750	323	198479	180513	100	60	2.00489	0.857011	39	38.6	113297	33	2240	1.15902	1.13826	2124
409	368770	293	190536	166899	100	60	2.01459	0.857011	39	38.6	113297	33	2240	1.16609	1.15162	2124
410	331252	251	172600	148859	100	60	1.99868	0.857011	39	38.6	113297	33	2240	1.18219	1.16525	2124
411	301483	230	162508	138975	100	60	2.06246	0.857011	39	38.6	113297	33	2240	1.18386	1.15566	2124
412	203421	198	80193.6	123228	100	60	0.0666274	0.857011	39	38.6	188846	33	2240	1.00178	0.998662	2124
413	446580	182	180835	265745	100	60	0.0567673	0.857011	39	38.6	188846	33	2240	1.00171	0.998696	2124
414	591741	156	240492	351249	100	60	0.0514057	0.857011	39	38.6	188846	33	2240	1.00183	0.999506	2124
415	570533	135	237969	332565	100	60	0.0545148	0.857011	39	38.6	188846	33	2240	1.00219	1.0004	2124
416	546005	120	237963	308043	100	60	0.0588282	0.857011	39	38.6	188846	33	2240	1.00233	1.00056	2124
417	611433	2472	274827	336606	100	60	0.962332	0.857011	39	38.6	188846	33	2240	1.00338	1.00082	2124
418	706141	2299	322987	383155	100	60	1.15465	0.857011	39	38.6	188846	33	2240	1.00436	1.0027	2124
419	739786	2003	342535	397252	100	60	1.35401	0.857011	39	38.6	188846	33	2240	1.00558	1.00248	2124
420	566740	1781	175769	390971	100	60	1.51553	0.857011	37	38.6	188846	33	2240	1.07265	1.11567	2124
421	620141	1443	247293	370714	100	60	0.721561	0.857011	39	38.6	0	33	2240	1.02156	1.0188	2124
422	699317	1210	305626	390962	100	60	0.588056	0.857011	39	38.6	0	33	2240	1.01095	1.00672	2124
423	774791	976	353906	417674	100	60	0.516698	0.857011	39	38.6	0	33	2240	1.00726	1.0026	2124
424	826463	834	382407	441143	100	60	0.55323	0.857011	39	38.6	0	33	2240	1.00722	1.00108	2124
425	828971	764	390867	435479	100	60	0.626223	0.857011	39	38.6	0	33	2240	1.01061	1.00695	2124
426	832130	1655	401546	430585	100	60	1.25183	0.857011	39	38.6	0	33	2240	1.01367	1.00895	2124
427	842930	1590	413230	429700	100	60	1.4067	0.857011	39	38.6	0	33	2240	1.01558	1.01297	2124
428	851182	1525	422575	428607	100	60	1.62039	0.857011	39	38.6	0	33	2240	1.02078	1.0178	2124
429	622348	1286	203037	419311	100	60	1.69349	0.857011	39	38.6	0	33	2240	1.02349	1.0242	2124
430	631551	1092	243959	387592	100	60	1.7682	0.857011	39	38.6	9885.83	33	2240	1.03203	1.03588	2124
431	651434	945	288816	362618	100	60	1.83447	0.857011	39	38.6	9885.83	33	2240	1.04177	1.0457	2124
432	667519	847	318748	348771	100	60	1.90246	0.857011	39	38.6	9885.83	33	2240	1.04424	1.04508	2124
433	670148	777	333983	336165	100	60	1.93311	0.857011	39	38.6	9885.83	33	2240	1.06263	1.06477	2124
434	638075	697	325699	312376	100	60	1.9344	0.857011	39	38.6	9885.83	33	2240	1.07521	1.07536	2124
435	449502	633	155764	293737	100	60	1.96832	0.857011	39	38.6	9885.83	33	2240	1.09621	1.08917	2124
436	485234	597	198111	280293	100	60	1.99458	0.857011	39	38.6	9885.83	33	2240	1.10597	1.10491	2124
437	378421	541	116103	260486	100	60	2.02617	0.857011	39	38.6	9885.83	33	2240	1.10774	1.0948	2124
438	324387	506	80255.5	243011	100	60	2.03344	0.857011	39	38.6	9885.83	33	2240	1.11602	1.1006	2124
439	360556	478	123017	232030	100	60	2.06208	0.857011	39	38.6	9885.83	33	2240	1.13	1.10661	2124
440	381246	440	160406	215756	100	60	2.10006	0.857011	39	38.6	9885.83	33	2240	1.12723	1.0979	2124
441	381390	404	180886	200504	100	60	2.10775	0.857011	39	38.6	9885.83	33	2240	1.15789	1.12308	2124
442	320107	365	134193	185914	100	60	0.142081	0.857011	39	38.6	68331	33	2240	1.00472	1.00368	2124
443	493978	331	212094	281884	100	60	0.114614	0.857011	39	38.6	68331	33	2240	1.00377	1.00287	2124
444	675449	316	291778	383672	100	60	0.116049	0.857011	39	38.6	68331	33	2240	1.00407	1.00322	2124
445	682222	268	295438	386785	100	60	0.11399	0.857011	39	38.6	68331	33	2240	1.00395	1.00308	2124
446	621709	239	276319	345390	100	60	0.123326	0.857011	39	38.6	68331	33	2240	1.00459	1.00494	2124
447	652909	2284	299716	353193	100	60	0.949505	0.857011	39	38.6	68331	33	2240	1.00757	1.01054	2124
448	550465	2110	155594	394870	100	60	1.09534	0.857011	39	38.6	68331	33	2240	1.00927	1.01262	2124
449	612522	1884	220824	391698	100	60	1.33346	0.857011	39	38.6	68331	33	2240	1.01239	1.01466	2124
450	534577	1752	139178	395399	100	60	1.54204	0.857011	35	38.6	68331	33	2240	1.09935	1.15853	2124
451	594028	1407	218305	373362	100	60	0.803551	0.857011	39	38.6	0	33	2240	1.03645	1.03717	2124
452	651068	1135	274884	373350	100	60	0.64638	0.857011	39	38.6	0	33	2240	1.02022	1.01814	2124
453	731719	978	331926	396027	100	60	0.610514	0.857011	39	38.6	0	33	2240	1.01485	1.00952	2124
454	778721	808	362382	413013	100	60	0.615817	0.857011	39	38.6	0	33	2240	1.01319	1.00666	2124
455	804290	711	380830	420698	100	60	0.660486	0.857011	39	38.6	0	33	2240	1.01473	1.00999	2124
456	798779	1561	384353	414425	100	60	1.33222	0.857011	39	38.6	0	33	2240	1.01713	1.01212	2124
457	814818	1498	397438	417380	100	60	1.47001	0.857011	39	38.6	0	33	2240	1.01773	1.01527	2124
458	813214	1469	401395	411819	100	60	1.6342	0.857011	39	38.6	0	33	2240	1.01901	1.01647	2124
459	801320	1227	400474	400845	100	60	1.67432	0.857011	39	38.6	0	33	2240	1.02416	1.02297	2124
460	716275	1066	324388	391887	100	60	1.74689	0.857011	39	38.6	81083.2	33	2240	1.0287	1.02833	2124
461	690217	905	331257	358960	100	60	1.79335	0.857011	39	38.6	81083.2	33	2240	1.03386	1.03671	2124
462	687296	812	342162	345134	100	60	1.85181	0.857011	39	38.6	81083.2	33	2240	1.04705	1.05204	2124
463	673504	745	343334	330170	100	60	1.89755	0.857011	39	38.6	81083.2	33	2240	1.07226	1.07692	2124
464	611917	639	316663	295254	100	60	1.9666	0.857011	39	38.6	81083.2	33	2240	1.08673	1.0832	2124
465	427190	584	150987	276203	100	60	2.00612	0.857011	39	38.6	81083.2	33	2240	1.10502	1.09705	2124
466	422552	505	175274	241318	100	60	1.99297	0.857011	39	38.6	81083.2	33	2240	1.12523	1.10579	2124
467	415886	444	191481	215327	100	60	1.96717	0.857011	39	38.6	81083.2	33	2240	1.14614	1.13014	2124
468	401014	393	195375	195305	100	60	1.99016	0.857011	39	38.6	81083.2	33	2240	1.14048	1.11399	2124
469	380710	348	192252	178543	100	60	1.99331	0.857011	39	38.6	81083.2	33	2240	1.16076	1.12979	2124
470	366078	319	188292	168639	100	60	2.02444	0.857011	39	38.6	81083.2	33	2240	1.15902	1.12704	2124
471	349637	308	185693	163944	100	60	2.05309	0.857011	39	38.6	81083.2	33	2240	1.16667	1.14089	2124
472	257131	278	107819	149311	100	60	0.0923306	0.857011	39	38.6	153396	33	2240	1.00264	0.997874	2124
473	468241	232	194397	273844	100	60	0.0725724	0.857011	39	38.6	153396	33	2240	1.0021	0.997526	2124
474	625524	213	260719	364805	100	60	0.0690377	0.857011	39	38.6	153396	33	2240	1.00217	0.997656	2124
475	609688	197	259890	349798	100	60	0.0778334	0.857011	39	38.6	153396	33	2240	1.00222	0.998933	2124
476	580752	187	256810	323942	100	60	0.0868171	0.857011	39	38.6	153396	33	2240	1.00275	1.00014	2124
477	641148	2501	291475	349673	100	60	1.00934	0.857011	39	38.6	153396	33	2240	1.00348	0.999791	2124
478	718235	2241	330273	387963	100	60	1.16716	0.857011	39	38.6	153396	33	2240	1.00488	1.00092	2124
479	556220	1980	158344	397877	100	60	1.44755	0.857011	39	38.6	153396	33	2240	1.00795	1.00481	2124
480	487867	1794	107505	380361	100	60	1.57662	0.857011	38	38.6	153396	33	2240	1.07018	1.11933	2124
481	575643	1556	194983	378605	100	60	0.722239	0.857011	39	38.6	0	33	2240	1.02112	1.01827	2124
482	695977	1342	278547	415302	100	60	0.626271	0.857011	39	38.6	0	33	2240	1.01406	1.00925	2124
483	796056	1130	345646	447185	100	60	0.591279	0.857011	39	38.6	0	33	2240	1.01008	1.00353	2124
484	845768	938	379618	463381	100	60	0.616411	0.857011	39	38.6	0	33	2240	1.01027	1.00197	2124
485	846108	820	389828	453845	100	60	0.665582	0.857011	39	38.6	0	33	2240	1.01066	1.0016	2124
486	814821	1747	385227	429594	100	60	1.35813	0.857011	39	38.6	0	33	2240	1.01322	1.00203	2124
487	807382	1528	390207	417175	100	60	1.41525	0.857011	39	38.6	0	33	2240	1.01661	1.0061	2124
488	833788	1513	408928	424860	100	60	1.6418	0.857011	39	38.6	0	33	2240	1.01995	1.00928	2124
489	819259	1276	407141	412117	100	60	1.69856	0.857011	39	38.6	0	33	2240	1.02505	1.01648	2124
490	707249	1096	314918	392332	100	60	1.79538	0.857011	39	38.6	93272.3	33	2240	1.02726	1.02468	2124
491	680373	926	322703	357671	100	60	1.89568	0.857011	39	38.6	93272.3	33	2240	1.03537	1.03568	2124
492	677237	836	334950	342287	100	60	1.95651	0.857011	39	38.6	93272.3	33	2240	1.03918	1.03943	2124
493	640007	733	324949	315059	100	60	1.98337	0.857011	39	38.6	93272.3	33	2240	1.05044	1.05198	2124
494	578740	619	299601	279139	100	60	2.01297	0.857011	39	38.6	93272.3	33	2240	1.06434	1.06494	2124
495	536781	546	281353	255428	100	60	2.05226	0.857011	39	38.6	93272.3	33	2240	1.08173	1.07948	2124
496	522877	509	271772	243228	100	60	2.09932	0.857011	39	38.6	93272.3	33	2240	1.10345	1.094	2124
497	487145	457	250645	223373	100	60	2.08775	0.857011	39	38.6	93272.3	33	2240	1.12165	1.11633	2124
498	458021	406	235716	209719	100	60	2.12316	0.857011	39	38.6	93272.3	33	2240	1.11944	1.10831	2124
499	439277	381	227349	200006	100	60	2.15575	0.857011	39	38.6	93272.3	33	2240	1.11765	1.10082	2124
500	426651	363	221526	194111	100	60	2.16172	0.857011	39	38.6	93272.3	33	2240	1.12842	1.10663	2124
501	390731	337	208412	182318	100	60	2.15626	0.857011	39	38.6	93272.3	33	2240	1.1403	1.12893	2124
502	272951	297	109445	163506	100	60	0.0995776	0.857011	39	38.6	183418	33	2240	1.00286	0.995064	2124
503	482431	249	198015	284417	100	60	0.077693	0.857011	39	38.6	183418	33	2240	1.00231	0.993795	2124
504	631185	235	261058	370126	100	60	0.077134	0.857011	39	38.6	183418	33	2240	1.00248	0.994213	2124
505	637008	220	269341	367667	100	60	0.0857796	0.857011	39	38.6	183418	33	2240	1.00288	0.995367	2124
506	593412	198	258920	334492	100	60	0.0921954	0.857011	38	38.6	183418	33	2240	1.00308	0.998527	2124
507	465411	2496	120779	344632	100	60	1.03721	0.857011	38	38.6	183418	33	2240	1.00522	1	2124
508	552082	2303	189239	362843	100	60	1.22868	0.857011	38	38.6	183418	33	2240	1.00633	1.00317	2124
509	630273	2066	249848	380425	100	60	1.50573	0.857011	38	38.6	183418	33	2240	1.0085	1.00443	2124
510	467963	1967	70596.7	397366	100	60	1.72019	0.857011	29	38.6	183418	33	2240	1.06395	1.10097	2124
511	417078	1565	63513.1	353185	100	60	0.654083	0.857011	39	38.6	0	33	2240	1.01464	1.00755	2124
512	495324	1286	139229	354788	100	60	0.498118	0.857011	39	38.6	0	33	2240	1.00844	1.00062	2124
513	656400	1093	243592	411153	100	60	0.461716	0.857011	39	38.6	0	33	2240	1.00626	0.995776	2124
514	745354	904	302697	440678	100	60	0.483251	0.857011	39	38.6	0	33	2240	1.00583	0.994735	2124
515	586969	749	156263	430632	100	60	0.511028	0.857011	39	38.6	0	33	2240	1.00573	0.993931	2124
516	611881	2019	211437	400444	100	60	1.30683	0.857011	39	38.6	0	33	2240	1.00821	0.994448	2124
517	683061	1911	277418	405643	100	60	1.4606	0.857011	39	38.6	0	33	2240	1.00846	0.998256	2124
518	752344	1824	332863	419482	100	60	1.7407	0.857011	39	38.6	0	33	2240	1.01051	0.997803	2124
519	781988	1514	364122	417865	100	60	1.85512	0.857011	39	38.6	0	33	2240	1.01615	1.00397	2124
520	712473	1269	310481	401992	100	60	1.87631	0.857011	39	38.6	70188.3	33	2240	1.01918	1.01026	2124
521	709719	1076	332435	377284	100	60	1.93804	0.857011	39	38.6	70188.3	33	2240	1.02719	1.01862	2124
522	510261	906	162095	348166	100	60	1.9547	0.857011	39	38.6	70188.3	33	2240	1.03942	1.03429	2124
523	531000	800	208263	322737	100	60	2.00775	0.857011	39	38.6	70188.3	33	2240	1.05429	1.04642	2124
524	546639	712	245243	301397	100	60	2.06376	0.857011	39	38.6	70188.3	33	2240	1.06229	1.0536	2124
525	562358	657	271826	290532	100	60	2.14396	0.857011	39	38.6	70188.3	33	2240	1.08031	1.06912	2124
526	544901	590	268668	267924	100	60	2.16366	0.857011	39	38.6	70188.3	33	2240	1.10876	1.09794	2124
527	383757	525	132967	248339	100	60	2.17987	0.857011	39	38.6	70188.3	33	2240	1.10877	1.0932	2124
528	403844	483	163987	232946	100	60	2.2055	0.857011	39	38.6	70188.3	33	2240	1.11417	1.09322	2124
529	320140	450	98410.8	220092	100	60	2.20489	0.857011	39	38.6	70188.3	33	2240	1.11253	1.08884	2124
530	309349	380	119989	188066	100	60	2.15901	0.857011	39	38.6	70188.3	33	2240	1.14467	1.11172	2124
531	308133	336	139616	168518	100	60	2.19302	0.857011	39	38.6	70188.3	33	2240	1.15249	1.11875	2124
532	266701	313	104588	162113	100	60	0.328407	0.857011	39	38.6	126047	33	2240	1.01098	1.00603	2124
533	337013	301	147289	189724	100	60	0.249874	0.857011	39	38.6	126047	33	2240	1.00801	1.00463	2124
534	461507	275	214474	247033	100	60	0.226639	0.857011	39	38.6	126047	33	2240	1.00767	1.00454	2124
535	631719	266	292720	338999	100	60	0.236941	0.857011	39	38.6	126047	33	2240	1.00774	1.00508	2124
536	744635	238	342409	402226	100	60	0.250982	0.857011	39	38.6	126047	33	2240	1.0091	1.00712	2124
537	771749	1912	357137	414612	100	60	1.19646	0.857011	36	38.6	126047	33	2240	1.00992	1.00839	2124
538	762522	1784	359557	402966	100	60	1.28404	0.857011	36	38.6	126047	33	2240	1.01049	1.0107	2124
539	789495	1571	380738	408757	100	60	1.33123	0.857011	36	38.6	126047	33	2240	1.01217	1.01292	2124
540	618436	1433	202463	415973	100	60	1.2411	0.857011	31	38.6	126047	33	2240	1.23709	1.4128	2124
541	521609	1213	133728	387653	100	60	1.17423	0.857011	39	38.6	0	33	2240	1.15722	1.19729	2124
542	457549	1048	96680.8	360684	100	60	1.13128	0.857011	39	38.6	0	33	2240	1.09032	1.09003	2124
543	415046	912	80619.6	334275	100	60	1.07827	0.857011	39	38.6	0	33	2240	1.04053	1.02984	2124
544	471230	802	149641	320817	100	60	1.10819	0.857011	39	38.6	0	33	2240	1.0357	1.02148	2124
545	562707	765	229570	332408	100	60	1.21861	0.857011	39	38.6	0	33	2240	1.04348	1.02151	2124
546	641012	978	292097	348915	100	60	1.63215	0.857011	39	38.6	0	33	2240	1.0501	1.02632	2124
547	699688	1019	338077	361611	100	60	1.82182	0.857011	39	38.6	0	33	2240	1.05338	1.0245	2124
548	708398	996	354100	354298	100	60	1.98347	0.857011	39	38.6	0	33	2240	1.06069	1.03071	2124
549	676623	826	346138	330485	100	60	1.95552	0.857011	39	38.6	0	33	2240	1.06263	1.03431	2124
550	578042	736	257597	320444	100	60	1.93846	0.857011	39	38.6	98062.1	33	2240	1.06698	1.04121	2124
551	564393	646	270374	294019	100	60	1.95979	0.857011	39	38.6	98062.1	33	2240	1.06971	1.0471	2124
552	565039	593	283823	281215	100	60	1.99027	0.857011	39	38.6	98062.1	33	2240	1.06765	1.04281	2124
553	544902	532	280573	264329	100	60	2.01064	0.857011	39	38.6	98062.1	33	2240	1.07438	1.04571	2124
554	528769	487	276768	252001	100	60	2.02173	0.857011	39	38.6	98062.1	33	2240	1.08566	1.06695	2124
555	487774	429	258893	228881	100	60	2.01988	0.857011	39	38.6	98062.1	33	2240	1.08333	1.06604	2124
556	443524	367	232447	203275	100	60	2.03655	0.857011	39	38.6	98062.1	33	2240	1.12437	1.09945	2124
557	398012	314	207531	177613	100	60	2.0082	0.857011	39	38.6	98062.1	33	2240	1.13569	1.10356	2124
558	367761	277	192167	163653	100	60	2.02416	0.857011	39	38.6	98062.1	33	2240	1.12081	1.09524	2124
559	347281	255	181930	153980	100	60	2.0474	0.857011	39	38.6	98062.1	33	2240	1.09701	1.06773	2124
560	335945	239	176683	148579	100	60	2.06939	0.857011	39	38.6	98062.1	33	2240	1.08765	1.0641	2124
561	212848	211	77754.1	135094	100	60	2.14715	0.857011	39	38.6	98062.1	33	2240	1.08295	1.04878	2124
562	189398	186	68953	120445	100	60	0.0631086	0.857011	39	38.6	122591	33	2240	1.00092	0.992563	2124
563	423580	167	166253	257327	100	60	0.0542699	0.857011	39	38.6	122591	33	2240	1.00109	0.9928	2124
564	590335	144	238364	351972	100	60	0.0499533	0.857011	39	38.6	122591	33	2240	1.00117	0.994972	2124
565	588723	137	244222	344501	100	60	0.0564426	0.857011	39	38.6	122591	33	2240	1.00136	0.999193	2124
566	542498	110	233981	308517	100	60	0.0548073	0.857011	39	38.6	122591	33	2240	1.00115	0.999585	2124
567	456245	2731	117325	338920	100	60	1.03993	0.857011	39	38.6	122591	33	2240	1.00204	1.00062	2124
568	520196	2313	180815	339381	100	60	1.19316	0.857011	39	38.6	122591	33	2240	1.00241	1	2124
569	598944	2015	240367	358578	100	60	1.40241	0.857011	39	38.6	122591	33	2240	1.00325	1.00081	2124
570	506177	1843	140999	365178	100	60	1.66602	0.857011	33	38.6	122591	33	2240	1.05628	1.08587	2124
571	574217	1522	217546	355423	100	60	0.809306	0.857011	39	38.6	0	33	2240	1.01789	1.01135	2124
572	667106	1273	284035	381605	100	60	0.645949	0.857011	39	38.6	0	33	2240	1.01027	1.00264	2124
573	761293	1066	344765	414582	100	60	0.592089	0.857011	39	38.6	0	33	2240	1.00669	0.996835	2124
574	850952	926	393128	456019	100	60	0.626021	0.857011	39	38.6	0	33	2240	1.00696	0.996196	2124
575	876869	844	412542	462737	100	60	0.68324	0.857011	39	38.6	0	33	2240	1.00912	0.998944	2124
576	864703	1944	415521	449182	100	60	1.41258	0.857011	39	38.6	0	33	2240	1.01114	1.00312	2124
577	843224	1711	412898	430326	100	60	1.53695	0.857011	39	38.6	0	33	2240	1.01147	1.00377	2124
578	873708	1569	434263	439445	100	60	1.71725	0.857011	39	38.6	0	33	2240	1.01393	1.00574	2124
579	869429	1330	437928	431501	100	60	1.78501	0.857011	39	38.6	0	33	2240	1.01584	1.01129	2124
580	742596	1162	325331	417265	100	60	1.87021	0.857011	39	38.6	120841	33	2240	1.02374	1.01981	2124
581	729083	1001	340656	388427	100	60	1.95188	0.857011	39	38.6	120841	33	2240	1.03277	1.03	2124
582	727825	899	356015	371809	100	60	2.00189	0.857011	39	38.6	120841	33	2240	1.03503	1.03003	2124
583	644261	721	325828	318433	100	60	2.03454	0.857011	39	38.6	120841	33	2240	1.04358	1.03889	2124
584	605452	631	314156	291296	100	60	2.05507	0.857011	39	38.6	120841	33	2240	1.05541	1.05096	2124
585	564240	560	298249	265991	100	60	2.09811	0.857011	39	38.6	120841	33	2240	1.07583	1.06655	2124
586	515655	482	270840	236362	100	60	2.08548	0.857011	39	38.6	120841	33	2240	1.08856	1.08142	2124
587	489715	432	255520	219514	100	60	2.10909	0.857011	39	38.6	120841	33	2240	1.1073	1.0907	2124
588	476059	400	249300	212439	100	60	2.15945	0.857011	39	38.6	120841	33	2240	1.10501	1.08397	2124
589	420887	338	222453	185661	100	60	2.17698	0.857011	39	38.6	120841	33	2240	1.08986	1.0753	2124
590	371943	299	198149	162711	100	60	2.2006	0.857011	39	38.6	120841	33	2240	1.08027	1.05882	2124
591	326975	265	179960	147015	100	60	2.15648	0.857011	39	38.6	120841	33	2240	1.09434	1.07451	2124
592	232318	249	90876.4	141441	100	60	0.0833465	0.857011	39	38.6	209600	33	2240	1.00161	0.996086	2124
593	473054	237	192709	280344	100	60	0.0748698	0.857011	39	38.6	209600	33	2240	1.00148	0.995729	2124
594	635349	221	262263	373086	100	60	0.0739473	0.857011	39	38.6	209600	33	2240	1.00157	0.997541	2124
595	623910	199	263795	360115	100	60	0.0794181	0.857011	39	38.6	209600	33	2240	1.0016	0.999517	2124
596	569813	164	249062	320751	100	60	0.078859	0.857011	39	38.6	209600	33	2240	1.00148	1	2124
597	632448	2644	287723	344725	100	60	1.06022	0.857011	39	38.6	209600	33	2240	1.00241	1.00269	2124
598	709133	2375	327302	381831	100	60	1.21007	0.857011	39	38.6	209600	33	2240	1.00262	1.00323	2124
599	765141	2114	358204	406938	100	60	1.50415	0.857011	39	38.6	209600	33	2240	1.00449	1.00566	2124
600	611049	1961	191589	419460	100	60	1.65948	0.857011	37	38.6	209600	33	2240	1.0831	1.13395	2124
601	644605	1550	256722	386216	100	60	0.799564	0.857011	39	38.6	0	33	2240	1.02594	1.01986	2124
602	736773	1304	322819	411727	100	60	0.653474	0.857011	39	38.6	0	33	2240	1.01234	1.00468	2124
603	818077	1093	375669	439673	100	60	0.59866	0.857011	39	38.6	0	33	2240	1.00733	1.00014	2124
604	870190	937	406959	460729	100	60	0.628165	0.857011	39	38.6	0	33	2240	1.00781	1.00054	2124
605	876990	834	416921	457883	100	60	0.671332	0.857011	39	38.6	0	33	2240	1.00937	1.00335	2124
606	852739	1725	412644	440096	100	60	1.34025	0.857011	39	38.6	0	33	2240	1.01054	1.00344	2124
607	843670	1656	414285	429385	100	60	1.49017	0.857011	39	38.6	0	33	2240	1.0128	1.00768	2124
608	860242	1586	428554	431688	100	60	1.72722	0.857011	39	38.6	0	33	2240	1.01627	1.00948	2124
609	850789	1350	428155	422634	100	60	1.78342	0.857011	39	38.6	0	33	2240	1.0205	1.01707	2124
610	709828	1156	305804	404024	100	60	1.86728	0.857011	39	38.6	123567	33	2240	1.03045	1.02862	2124
611	692061	977	318178	373883	100	60	1.91945	0.857011	39	38.6	123567	33	2240	1.03553	1.03593	2124
612	661732	840	319426	342306	100	60	2.00255	0.857011	39	38.6	123567	33	2240	1.03811	1.03226	2124
613	485640	760	161005	324635	100	60	2.06283	0.857011	39	38.6	123567	33	2240	1.0457	1.04624	2124
614	473108	647	189529	283580	100	60	2.0825	0.857011	39	38.6	123567	33	2240	1.06919	1.07143	2124
615	467039	569	210872	256167	100	60	2.11864	0.857011	39	38.6	123567	33	2240	1.07895	1.07993	2124
616	469538	516	224625	237585	100	60	2.16614	0.857011	39	38.6	123567	33	2240	1.07733	1.07451	2124
617	469800	475	230910	226035	100	60	2.19912	0.857011	39	38.6	123567	33	2240	1.07184	1.06809	2124
618	449899	428	226551	210965	100	60	2.22887	0.857011	39	38.6	123567	33	2240	1.08869	1.08633	2124
619	448292	405	229537	206302	100	60	2.25116	0.857011	39	38.6	123567	33	2240	1.09026	1.07809	2124
620	410369	359	212150	187221	100	60	2.2573	0.857011	39	38.6	123567	33	2240	1.09893	1.07932	2124
621	276058	330	99873.4	176184	100	60	2.24551	0.857011	39	38.6	123567	33	2240	1.12094	1.09907	2124
622	255448	299	91694.1	163754	100	60	0.0948724	0.857011	39	38.6	154035	33	2240	1.002	0.997716	2124
623	488287	273	193435	294852	100	60	0.0850937	0.857011	39	38.6	154035	33	2240	1.00207	0.99793	2124
624	634949	243	258108	376841	100	60	0.0813126	0.857011	39	38.6	154035	33	2240	1.00226	0.998993	2124
625	623872	214	260676	363196	100	60	0.0823907	0.857011	39	38.6	154035	33	2240	1.00225	1.00071	2124
626	592406	205	257658	334748	100	60	0.0954381	0.857011	39	38.6	154035	33	2240	1.00272	1.00151	2124
627	630811	2776	285263	345548	100	60	1.14013	0.857011	39	38.6	154035	33	2240	1.00385	1.00236	2124
628	718090	2417	330473	387617	100	60	1.28314	0.857011	39	38.6	154035	33	2240	1.00537	1.00545	2124
629	764377	2145	356077	408300	100	60	1.57213	0.857011	39	38.6	154035	33	2240	1.00788	1.00736	2124
630	599267	1878	186716	412551	100	60	1.69482	0.857011	36	38.6	154035	33	2240	1.09118	1.1453	2124
631	642463	1496	255410	385287	100	60	0.792054	0.857011	39	38.6	0	33	2240	1.02794	1.0258	2124
632	723940	1246	315347	406249	100	60	0.633782	0.857011	39	38.6	0	33	2240	1.01425	1.0098	2124
633	616095	1036	181430	434201	100	60	0.568019	0.857011	39	38.6	0	33	2240	1.0083	1.00182	2124
634	714625	898	261084	452199	100	60	0.593374	0.857011	39	38.6	0	33	2240	1.0085	1.00085	2124
635	770964	787	316751	453069	100	60	0.611354	0.857011	39	38.6	0	33	2240	1.00864	1.00242	2124
636	792478	1896	350022	442456	100	60	1.42099	0.857011	39	38.6	0	33	2240	1.01177	1.00554	2124
637	801006	1764	370317	430688	100	60	1.54323	0.857011	39	38.6	0	33	2240	1.01476	1.01087	2124
638	810138	1616	387679	422460	100	60	1.75865	0.857011	39	38.6	0	33	2240	1.02124	1.01741	2124
639	792574	1316	386888	405686	100	60	1.82115	0.857011	39	38.6	0	33	2240	1.02408	1.02214	2124
640	683418	1130	288304	395115	100	60	1.9486	0.857011	39	38.6	111394	33	2240	1.03138	1.02669	2124
641	686833	986	313139	373694	100	60	2.02882	0.857011	39	38.6	111394	33	2240	1.04164	1.03776	2124
642	693645	897	332851	360793	100	60	2.04114	0.857011	39	38.6	111394	33	2240	1.05777	1.05717	2124
643	700300	835	347280	353020	100	60	2.07993	0.857011	39	38.6	111394	33	2240	1.06409	1.06265	2124
644	635869	711	322841	313028	100	60	2.13259	0.857011	39	38.6	111394	33	2240	1.07593	1.07224	2124
645	436986	620	152341	284645	100	60	2.16029	0.857011	39	38.6	111394	33	2240	1.0904	1.08469	2124
646	458752	568	186233	265886	100	60	2.19049	0.857011	39	38.6	111394	33	2240	1.10897	1.09609	2124
647	480410	538	215772	253950	100	60	2.22451	0.857011	39	38.6	111394	33	2240	1.10208	1.08935	2124
648	477891	497	228175	237173	100	60	2.22202	0.857011	39	38.6	111394	33	2240	1.10962	1.0911	2124
649	464839	457	229981	222407	100	60	2.25324	0.857011	39	38.6	111394	33	2240	1.10538	1.08884	2124
650	337884	438	119882	215819	100	60	2.26869	0.857011	39	38.6	111394	33	2240	1.11136	1.08873	2124
651	356990	416	149720	207270	100	60	2.26219	0.857011	39	38.6	111394	33	2240	1.11836	1.09898	2124
652	319036	386	123839	195196	100	60	0.21931	0.857011	39	38.6	160027	33	2240	1.00535	1.00394	2124
653	413624	330	172386	241238	100	60	0.157925	0.857011	39	38.6	160027	33	2240	1.00389	1.00207	2124
654	603590	285	263724	339866	100	60	0.140266	0.857011	39	38.6	160027	33	2240	1.00375	1.0017	2124
655	706018	253	306969	399050	100	60	0.140143	0.857011	39	38.6	160027	33	2240	1.00405	1.00214	2124
656	687172	227	302273	384899	100	60	0.152104	0.857011	39	38.6	160027	33	2240	1.00508	1.00467	2124
657	513541	2227	135100	378441	100	60	0.962765	0.857011	39	38.6	160027	33	2240	1.00591	1.00718	2124
658	570489	2017	197775	372713	100	60	1.03014	0.857011	39	38.6	160027	33	2240	1.00732	1.0106	2124
659	659809	1747	265480	394328	100	60	1.24353	0.857011	39	38.6	160027	33	2240	1.00991	1.01209	2124
660	559184	1612	157411	401774	100	60	1.33093	0.857011	36	38.6	160027	33	2240	1.12824	1.20987	2124
661	592579	1271	225973	363844	100	60	0.980412	0.857011	39	38.6	0	33	2240	1.06999	1.07577	2124
662	485976	1045	134625	350624	100	60	0.841308	0.857011	39	38.6	0	33	2240	1.0392	1.03529	2124
663	553047	888	207497	342914	100	60	0.732165	0.857011	39	38.6	0	33	2240	1.02434	1.01659	2124
664	638991	757	277707	358338	100	60	0.754038	0.857011	39	38.6	0	33	2240	1.02399	1.01528	2124
665	722693	679	336171	384046	100	60	0.787799	0.857011	39	38.6	0	33	2240	1.02347	1.0141	2124
666	570573	1255	179193	391380	100	60	1.34199	0.857011	39	38.6	0	33	2240	1.0273	1.01507	2124
667	630262	1306	246348	383914	100	60	1.49329	0.857011	39	38.6	0	33	2240	1.03044	1.01867	2124
668	684905	1285	303987	380918	100	60	1.636	0.857011	39	38.6	0	33	2240	1.03169	1.01964	2124
669	540230	1105	166289	373941	100	60	1.64034	0.857011	39	38.6	0	33	2240	1.03152	1.0219	2124
670	569752	962	222142	347610	100	60	1.65409	0.857011	39	38.6	5653.46	33	2240	1.03193	1.02615	2124
671	599175	848	270154	329021	100	60	1.70187	0.857011	39	38.6	5653.46	33	2240	1.04486	1.04648	2124
672	608424	752	296714	311709	100	60	1.74174	0.857011	39	38.6	5653.46	33	2240	1.06044	1.06183	2124
673	584605	650	297741	286864	100	60	1.76589	0.857011	39	38.6	5653.46	33	2240	1.06842	1.07143	2124
674	578297	596	301411	276886	100	60	1.79231	0.857011	39	38.6	5653.46	33	2240	1.09118	1.09306	2124
675	532723	528	282465	250258	100	60	1.79244	0.857011	39	38.6	5653.46	33	2240	1.11938	1.11494	2124
676	383104	497	140333	241459	100	60	1.78568	0.857011	39	38.6	5653.46	33	2240	1.141	1.13035	2124
677	412064	470	175444	229873	100	60	1.78403	0.857011	39	38.6	5653.46	33	2240	1.14372	1.13348	2124
678	428951	441	201684	218337	100	60	1.8183	0.857011	39	38.6	5653.46	33	2240	1.13656	1.12178	2124
679	425813	407	211913	203491	100	60	1.82703	0.857011	39	38.6	5653.46	33	2240	1.13592	1.13144	2124
680	396248	361	203706	183537	100	60	1.80529	0.857011	39	38.6	5653.46	33	2240	1.16949	1.15976	2124
681	376077	337	200660	175416	100	60	1.79399	0.857011	39	38.6	5653.46	33	2240	1.18293	1.17308	2124
682	292605	302	129329	163275	100	60	0.0968103	0.857011	39	38.6	72470.7	33	2240	1.00314	0.998137	2124
683	503440	270	214972	288468	100	60	0.080956	0.857011	39	38.6	72470.7	33	2240	1.00297	0.997843	2124
684	634463	227	266519	367944	100	60	0.0723287	0.857011	39	38.6	72470.7	33	2240	1.00273	0.998964	2124
685	623565	213	268528	355037	100	60	0.0802754	0.857011	39	38.6	72470.7	33	2240	1.00319	1.00133	2124
686	572587	172	254424	318164	100	60	0.0768486	0.857011	39	38.6	72470.7	33	2240	1.00366	1.00406	2124
687	624679	2414	286191	338488	100	60	0.924353	0.857011	39	38.6	72470.7	33	2240	1.00513	1.00568	2124
688	699627	2199	324177	375450	100	60	1.07097	0.857011	39	38.6	72470.7	33	2240	1.00627	1.00748	2124
689	762192	1960	357859	404333	100	60	1.28636	0.857011	39	38.6	72470.7	33	2240	1.01069	1.01124	2124
690	589899	1786	185665	404234	100	60	1.42498	0.857011	38	38.6	72470.7	33	2240	1.07957	1.13247	2124
691	634298	1426	255392	376653	100	60	0.696549	0.857011	39	38.6	0	33	2240	1.02378	1.02001	2124
692	693080	1144	305307	384928	100	60	0.543882	0.857011	39	38.6	0	33	2240	1.01392	1.00833	2124
693	793846	972	364878	425266	100	60	0.503539	0.857011	39	38.6	0	33	2240	1.00895	1.00319	2124
694	848548	844	396042	449321	100	60	0.539625	0.857011	39	38.6	0	33	2240	1.00845	1.00072	2124
695	853183	749	404717	445784	100	60	0.576421	0.857011	39	38.6	0	33	2240	1.01193	1.00503	2124
696	840188	1627	406494	433695	100	60	1.1495	0.857011	39	38.6	0	33	2240	1.01309	1.00819	2124
697	822621	1539	404531	418090	100	60	1.28862	0.857011	39	38.6	0	33	2240	1.01268	1.01143	2124
698	814383	1493	405086	409297	100	60	1.49788	0.857011	39	38.6	0	33	2240	1.0186	1.01953	2124
699	777922	1236	391394	386528	100	60	1.55307	0.857011	39	38.6	0	33	2240	1.02383	1.0252	2124
700	548732	1045	182769	365963	100	60	1.62766	0.857011	39	38.6	2360.12	33	2240	1.02916	1.02972	2124
701	570324	907	231060	339264	100	60	1.71261	0.857011	39	38.6	2360.12	33	2240	1.03473	1.03308	2124
702	591583	798	271238	320345	100	60	1.74655	0.857011	39	38.6	2360.12	33	2240	1.04389	1.04135	2124
703	588155	709	288748	299407	100	60	1.77983	0.857011	39	38.6	2360.12	33	2240	1.06278	1.06215	2124
704	580597	646	296305	284291	100	60	1.82933	0.857011	39	38.6	2360.12	33	2240	1.06932	1.06366	2124
705	546445	573	284952	261493	100	60	1.84289	0.857011	39	38.6	2360.12	33	2240	1.08589	1.08113	2124
706	512901	514	266096	239171	100	60	1.86747	0.857011	39	38.6	2360.12	33	2240	1.10676	1.09412	2124
707	480320	459	247721	219351	100	60	1.87661	0.857011	39	38.6	2360.12	33	2240	1.10822	1.09471	2124
708	433746	392	224709	197190	100	60	1.9081	0.857011	39	38.6	2360.12	33	2240	1.11836	1.09896	2124
709	394960	344	205985	178186	100	60	1.89021	0.857011	39	38.6	2360.12	33	2240	1.1326	1.10682	2124
710	351628	300	184750	157831	100	60	1.88203	0.857011	39	38.6	2360.12	33	2240	1.13592	1.11073	2124
711	318314	269	172222	146092	100	60	1.89013	0.857011	39	38.6	2360.12	33	2240	1.1295	1.10769	2124
712	236148	245	99368.9	136779	100	60	0.0796655	0.857011	39	38.6	69945	33	2240	1.00229	1.00143	2124
713	470780	229	196392	274388	100	60	0.0703493	0.857011	39	38.6	69945	33	2240	1.00188	1.00113	2124
714	627557	209	260715	366841	100	60	0.0671974	0.857011	39	38.6	69945	33	2240	1.00184	1.00118	2124
715	625643	196	265632	360011	100	60	0.0758668	0.857011	38	38.6	69945	33	2240	1.00227	1.00165	2124
716	592067	179	260522	331545	100	60	0.0823929	0.857011	38	38.6	69945	33	2240	1.00302	1.00367	2124
717	641796	2610	291449	350347	100	60	0.987062	0.857011	38	38.6	69945	33	2240	1.00462	1.00505	2124
718	727574	2363	335597	391977	100	60	1.15231	0.857011	38	38.6	69945	33	2240	1.0057	1.00699	2124
719	750452	2030	350373	400079	100	60	1.35523	0.857011	38	38.6	69945	33	2240	1.00798	1.00888	2124
720	594227	1832	185669	408558	100	60	1.49137	0.857011	36	38.6	69945	33	2240	1.08283	1.14129	2124
721	632158	1439	253027	376876	100	60	0.737402	0.857011	39	38.6	0	33	2240	1.02906	1.02957	2124
722	708683	1224	311093	394472	100	60	0.609304	0.857011	39	38.6	0	33	2240	1.01561	1.01349	2124
723	819831	1089	376624	439403	100	60	0.567197	0.857011	39	38.6	0	33	2240	1.00984	1.00597	2124
724	852744	903	397059	452319	100	60	0.580863	0.857011	39	38.6	0	33	2240	1.01103	1.00572	2124
725	875437	822	413943	458579	100	60	0.632475	0.857011	39	38.6	0	33	2240	1.01335	1.00671	2124
726	845896	1646	407772	438124	100	60	1.24356	0.857011	39	38.6	0	33	2240	1.01728	1.01003	2124
727	857926	1587	420351	437575	100	60	1.4125	0.857011	39	38.6	0	33	2240	1.02056	1.01323	2124
728	840855	1542	416725	424130	100	60	1.60937	0.857011	39	38.6	0	33	2240	1.02702	1.0209	2124
729	816630	1255	411054	405577	100	60	1.64388	0.857011	39	38.6	0	33	2240	1.02772	1.0257	2124
730	719995	1094	324300	395695	100	60	1.72823	0.857011	39	38.6	93143.1	33	2240	1.03019	1.02862	2124
731	699359	940	334142	365217	100	60	1.80586	0.857011	39	38.6	93143.1	33	2240	1.04348	1.03854	2124
732	661943	808	329185	332757	100	60	1.84197	0.857011	39	38.6	93143.1	33	2240	1.05361	1.04732	2124
733	628948	712	320721	308228	100	60	1.87262	0.857011	39	38.6	93143.1	33	2240	1.07995	1.07649	2124
734	602017	649	311957	290060	100	60	1.92952	0.857011	39	38.6	93143.1	33	2240	1.08411	1.07609	2124
735	575955	596	300848	275107	100	60	1.96999	0.857011	39	38.6	93143.1	33	2240	1.09063	1.08136	2124
736	534528	530	277254	249073	100	60	1.98306	0.857011	39	38.6	93143.1	33	2240	1.10243	1.09542	2124
737	508519	485	261436	233039	100	60	1.99633	0.857011	39	38.6	93143.1	33	2240	1.10526	1.09375	2124
738	463321	429	238967	211426	100	60	1.99782	0.857011	39	38.6	93143.1	33	2240	1.1069	1.09048	2124
739	410016	373	213300	185275	100	60	1.98522	0.857011	39	38.6	93143.1	33	2240	1.10594	1.08743	2124
740	400542	358	209674	180080	100	60	2.00338	0.857011	39	38.6	93143.1	33	2240	1.09016	1.07714	2124
741	353983	321	191340	162644	100	60	1.97424	0.857011	39	38.6	93143.1	33	2240	1.10592	1.09709	2124
742	261904	294	112041	149863	100	60	0.0910313	0.857011	39	38.6	167809	33	2240	1.00198	0.998368	2124
743	492002	256	206278	285724	100	60	0.075655	0.857011	39	38.6	167809	33	2240	1.00182	0.997902	2124
744	633086	230	264614	368472	100	60	0.0715092	0.857011	39	38.6	167809	33	2240	1.00185	0.999336	2124
745	615592	198	261735	353857	100	60	0.0736001	0.857011	39	38.6	167809	33	2240	1.00193	1.00142	2124
746	584951	177	256892	328059	100	60	0.0769793	0.857011	39	38.6	167809	33	2240	1.00249	1.00361	2124
747	629661	2696	285443	344218	100	60	1.0147	0.857011	39	38.6	167809	33	2240	1.0039	1.00577	2124
748	710202	2420	326319	383884	100	60	1.18555	0.857011	39	38.6	167809	33	2240	1.00492	1.00708	2124
749	776529	2211	361036	415492	100	60	1.44785	0.857011	39	38.6	167809	33	2240	1.00747	1.00989	2124
750	507135	1973	87628.2	419507	100	60	1.57567	0.857011	36	38.6	167809	33	2240	1.08403	1.14169	2124
751	500041	1524	139371	359205	100	60	0.624825	0.857011	39	38.6	0	33	2240	1.01944	1.01782	2124
752	608714	1293	223990	383137	100	60	0.513895	0.857011	39	38.6	0	33	2240	1.01074	1.00688	2124
753	704052	1044	292467	409301	100	60	0.46662	0.857011	39	38.6	0	33	2240	1.00696	1.00287	2124
754	790805	900	345284	443393	100	60	0.503731	0.857011	39	38.6	0	33	2240	1.00752	1.00325	2124
755	818252	838	370474	445923	100	60	0.581824	0.857011	39	38.6	0	33	2240	1.00923	1.0051	2124
756	824173	1898	385031	439142	100	60	1.25654	0.857011	39	38.6	0	33	2240	1.01243	1.01031	2124
757	814409	1801	388337	426073	100	60	1.41428	0.857011	39	38.6	0	33	2240	1.01383	1.01371	2124
758	813797	1698	394477	419319	100	60	1.65834	0.857011	39	38.6	0	33	2240	1.01595	1.01539	2124
759	808970	1371	399348	409622	100	60	1.71476	0.857011	39	38.6	0	33	2240	1.01886	1.01834	2124
760	685921	1125	303479	382442	100	60	1.81386	0.857011	39	38.6	93595	33	2240	1.02466	1.02326	2124
761	686881	972	323791	363090	100	60	1.90452	0.857011	39	38.6	93595	33	2240	1.03464	1.03209	2124
762	691556	883	340750	350806	100	60	1.92971	0.857011	39	38.6	93595	33	2240	1.04207	1.03991	2124
763	662575	780	334884	327691	100	60	1.97448	0.857011	39	38.6	93595	33	2240	1.05366	1.0544	2124
764	652410	723	335399	317011	100	60	2.02041	0.857011	39	38.6	93595	33	2240	1.06148	1.05563	2124
765	610979	645	318500	292479	100	60	2.05959	0.857011	39	38.6	93595	33	2240	1.07557	1.06864	2124
766	563773	574	291987	263233	100	60	2.04834	0.857011	39	38.6	93595	33	2240	1.10485	1.09507	2124
767	533344	518	273831	244581	100	60	2.03083	0.857011	39	38.6	93595	33	2240	1.11888	1.11328	2124
768	512150	481	263255	234325	100	60	2.0851	0.857011	39	38.6	93595	33	2240	1.10769	1.09534	2124
769	474682	433	245305	215874	100	60	2.09164	0.857011	39	38.6	93595	33	2240	1.10256	1.08645	2124
770	455356	404	236140	206612	100	60	2.10899	0.857011	39	38.6	93595	33	2240	1.1049	1.08906	2124
771	424428	383	226973	197455	100	60	2.11594	0.857011	39	38.6	93595	33	2240	1.11529	1.08943	2124
772	298647	342	118344	180302	100	60	0.112923	0.857011	39	38.6	194394	33	2240	1.00283	0.999056	2124
773	515581	309	212284	303298	100	60	0.0957429	0.857011	39	38.6	194394	33	2240	1.00242	0.998668	2124
774	647236	264	268054	379181	100	60	0.0852707	0.857011	39	38.6	194394	33	2240	1.00214	0.998938	2124
775	629766	217	265837	363929	100	60	0.083725	0.857011	39	38.6	194394	33	2240	1.00225	1	2124
776	590109	181	256848	333261	100	60	0.0824541	0.857011	39	38.6	194394	33	2240	1.00231	1.00093	2124
777	641346	2775	289684	351662	100	60	1.06004	0.857011	39	38.6	194394	33	2240	1.00326	1.002	2124
778	532169	2531	148921	383248	100	60	1.24782	0.857011	39	38.6	194394	33	2240	1.00374	1.00286	2124
779	594755	2199	209987	384768	100	60	1.48006	0.857011	39	38.6	194394	33	2240	1.00507	1.00422	2124
780	533004	2085	135641	397363	100	60	1.70531	0.857011	36	38.6	194394	33	2240	1.05906	1.09038	2124
781	614072	1744	220235	392332	100	60	0.729343	0.857011	39	38.6	0	33	2240	1.01442	1.01116	2124
782	696975	1393	284200	411028	100	60	0.581014	0.857011	39	38.6	0	33	2240	1.00895	1.00554	2124
783	798756	1179	347951	448349	100	60	0.549118	0.857011	39	38.6	0	33	2240	1.00577	1.00091	2124
784	852506	1017	382758	467588	100	60	0.602056	0.857011	39	38.6	0	33	2240	1.00616	1.00048	2124
785	845100	899	390116	453186	100	60	0.665518	0.857011	39	38.6	0	33	2240	1.00736	1.0015	2124
786	821909	1861	388997	432912	100	60	1.35652	0.857011	39	38.6	0	33	2240	1.00899	1.00412	2124
787	822672	1656	397218	425453	100	60	1.48981	0.857011	39	38.6	0	33	2240	1.00998	1.00653	2124
788	839545	1613	411939	427606	100	60	1.77545	0.857011	39	38.6	0	33	2240	1.01204	1.00746	2124
789	842848	1379	418795	424053	100	60	1.83796	0.857011	39	38.6	0	33	2240	1.0182	1.01308	2124
790	717461	1196	307659	409801	100	60	1.91081	0.857011	39	38.6	118403	33	2240	1.02056	1.01424	2124
791	717477	1046	329478	387999	100	60	1.96394	0.857011	39	38.6	118403	33	2240	1.02729	1.0249	2124
792	710711	922	341993	368718	100	60	2.01864	0.857011	39	38.6	118403	33	2240	1.03161	1.02935	2124
793	665229	794	329407	335822	100	60	2.06065	0.857011	39	38.6	118403	33	2240	1.04339	1.0403	2124
794	630461	703	318583	311878	100	60	2.12692	0.857011	39	38.6	118403	33	2240	1.05797	1.05579	2124
795	616879	650	315791	301088	100	60	2.14335	0.857011	39	38.6	118403	33	2240	1.07008	1.06955	2124
796	599553	602	304823	285428	100	60	2.15561	0.857011	39	38.6	118403	33	2240	1.08024	1.075	2124
797	551895	531	278788	257561	100	60	2.1619	0.857011	39	38.6	118403	33	2240	1.0839	1.07386	2124
798	514429	474	260433	239002	100	60	2.19344	0.857011	39	38.6	118403	33	2240	1.07946	1.06197	2124
799	465652	419	237165	214795	100	60	2.21042	0.857011	39	38.6	118403	33	2240	1.07522	1.05097	2124
800	431459	379	220761	198448	100	60	2.2596	0.857011	39	38.6	118403	33	2240	1.06733	1.0462	2124
801	394288	347	208078	186210	100	60	2.24632	0.857011	39	38.6	118403	33	2240	1.07357	1.04706	2124
802	265258	305	95056.7	170201	100	60	0.102614	0.857011	39	38.6	225355	33	2240	1.00205	0.996917	2124
803	490296	274	195002	295294	100	60	0.08502	0.857011	39	38.6	225355	33	2240	1.00169	0.997438	2124
804	643608	229	261689	381919	100	60	0.0748663	0.857011	39	38.6	225355	33	2240	1.00151	0.995938	2124
805	634872	182	261381	373492	100	60	0.0701924	0.857011	38	38.6	225355	33	2240	1.00137	0.99566	2124
806	605871	164	257991	347880	100	60	0.0742296	0.857011	38	38.6	225355	33	2240	1.00143	0.996031	2124
807	649638	3132	287431	362207	100	60	1.1108	0.857011	38	38.6	225355	33	2240	1.00215	0.996045	2124
808	717752	2714	323726	394026	100	60	1.24733	0.857011	38	38.6	225355	33	2240	1.00356	0.998918	2124
809	765016	2339	350704	414312	100	60	1.52286	0.857011	38	38.6	225355	33	2240	1.00462	0.998867	2124
810	613088	2105	185850	427238	100	60	1.69504	0.857011	35	38.6	225355	33	2240	1.07082	1.10847	2124
811	677910	1727	262026	414496	100	60	0.84795	0.857011	39	38.6	0	33	2240	1.02415	1.02195	2124
812	588488	1445	155724	432106	100	60	0.681221	0.857011	39	38.6	0	33	2240	1.01328	1.00809	2124
813	683558	1151	241773	440451	100	60	0.540243	0.857011	39	38.6	0	33	2240	1.00741	1.00132	2124
814	785018	1002	313693	469964	100	60	0.569754	0.857011	39	38.6	0	33	2240	1.00631	0.999857	2124
815	798626	856	342809	454688	100	60	0.609691	0.857011	39	38.6	0	33	2240	1.00773	1.00065	2124
816	808250	1911	364126	444124	100	60	1.30579	0.857011	39	38.6	0	33	2240	1.00865	1.00064	2124
817	814338	1731	378680	435657	100	60	1.45258	0.857011	39	38.6	0	33	2240	1.0119	1.00458	2124
818	832371	1752	396100	436271	100	60	1.74839	0.857011	39	38.6	0	33	2240	1.01505	1.00801	2124
819	825354	1456	399813	425542	100	60	1.83252	0.857011	39	38.6	0	33	2240	1.01956	1.01238	2124
820	732933	1279	312874	420059	100	60	1.93591	0.857011	39	38.6	104461	33	2240	1.02254	1.01801	2124
821	752357	1129	342518	409839	100	60	2.01461	0.857011	39	38.6	104461	33	2240	1.03131	1.02746	2124
822	730282	978	348592	381690	100	60	2.01718	0.857011	39	38.6	104461	33	2240	1.03507	1.03071	2124
823	709065	867	349162	359904	100	60	2.04994	0.857011	39	38.6	104461	33	2240	1.03884	1.03121	2124
824	690206	781	346294	343911	100	60	2.08214	0.857011	39	38.6	104461	33	2240	1.05717	1.05405	2124
825	674202	721	343016	331186	100	60	2.12802	0.857011	39	38.6	104461	33	2240	1.06039	1.05285	2124
826	648509	665	327187	311242	100	60	2.17007	0.857011	39	38.6	104461	33	2240	1.0657	1.05606	2124
827	630996	618	316123	297002	100	60	2.22191	0.857011	39	38.6	104461	33	2240	1.081	1.06885	2124
828	572601	542	288418	267007	100	60	2.22296	0.857011	39	38.6	104461	33	2240	1.07666	1.06754	2124
829	524522	481	265210	243628	100	60	2.25479	0.857011	39	38.6	104461	33	2240	1.07843	1.06369	2124
830	498806	444	252948	231495	100	60	2.29405	0.857011	39	38.6	104461	33	2240	1.08061	1.06265	2124
831	444231	395	233430	210801	100	60	2.30616	0.857011	39	38.6	104461	33	2240	1.09524	1.07874	2124
832	319282	368	117343	201938	100	60	0.123907	0.857011	39	38.6	218561	33	2240	1.00232	0.992867	2124
833	544712	346	220963	323750	100	60	0.108816	0.857011	39	38.6	218561	33	2240	1.00246	0.993352	2124
834	691228	315	285646	405582	100	60	0.103279	0.857011	39	38.6	218561	33	2240	1.00214	0.993176	2124
835	668290	269	280846	387444	100	60	0.103827	0.857011	39	38.6	218561	33	2240	1.00182	0.99363	2124
836	640454	260	279375	361079	100	60	0.120216	0.857011	39	38.6	218561	33	2240	1.00231	0.995286	2124
837	669820	2791	302647	367173	100	60	1.13224	0.857011	39	38.6	218561	33	2240	1.00364	0.996195	2124
838	745610	2513	341960	403650	100	60	1.3051	0.857011	39	38.6	218561	33	2240	1.00505	0.997337	2124
839	786902	2242	364202	422700	100	60	1.58205	0.857011	39	38.6	218561	33	2240	1.00651	0.998809	2124
840	610739	1950	187508	423230	100	60	1.70691	0.857011	38	38.6	218561	33	2240	1.0877	1.12789	2124
841	669356	1593	260413	407893	100	60	0.769313	0.857011	39	38.6	0	33	2240	1.02501	1.02109	2124
842	576545	1320	154297	421693	100	60	0.630028	0.857011	39	38.6	0	33	2240	1.01466	1.00812	2124
843	681447	1079	241763	438670	100	60	0.490576	0.857011	39	38.6	0	33	2240	1.00731	0.998145	2124
844	774525	908	310409	463062	100	60	0.501422	0.857011	39	38.6	0	33	2240	1.00763	0.999059	2124
845	783720	767	334745	448184	100	60	0.53354	0.857011	39	38.6	0	33	2240	1.00942	1.00061	2124
846	786951	1890	352996	433955	100	60	1.28577	0.857011	39	38.6	0	33	2240	1.01173	1.00477	2124
847	798591	1680	370319	428272	100	60	1.41213	0.857011	39	38.6	0	33	2240	1.01343	1.00739	2124
848	814921	1691	386938	427983	100	60	1.75793	0.857011	39	38.6	0	33	2240	1.0167	1.01009	2124
849	825887	1436	398936	426952	100	60	1.83704	0.857011	39	38.6	0	33	2240	1.02009	1.01047	2124
850	701001	1200	291451	409550	100	60	1.91001	0.857011	39	38.6	112171	33	2240	1.02366	1.0134	2124
851	727459	1069	326633	400826	100	60	2.01946	0.857011	39	38.6	112171	33	2240	1.03099	1.01692	2124
852	696425	905	328570	367855	100	60	2.05719	0.857011	39	38.6	112171	33	2240	1.04484	1.03556	2124
853	692532	821	337366	355165	100	60	2.09425	0.857011	39	38.6	112171	33	2240	1.0489	1.03804	2124
854	666674	732	331661	335014	100	60	2.15938	0.857011	39	38.6	112171	33	2240	1.05418	1.03989	2124
855	620885	646	313991	306894	100	60	2.20849	0.857011	39	38.6	112171	33	2240	1.05221	1.039	2124
856	584257	567	293852	280715	100	60	2.22706	0.857011	39	38.6	112171	33	2240	1.06719	1.05872	2124
857	543773	495	271366	256036	100	60	2.26514	0.857011	39	38.6	112171	33	2240	1.06679	1.05306	2124
858	535292	467	267967	250918	100	60	2.3109	0.857011	39	38.6	112171	33	2240	1.06483	1.0432	2124
859	504181	425	253887	234825	100	60	2.33832	0.857011	39	38.6	112171	33	2240	1.0643	1.04038	2124
860	458824	378	232074	213136	100	60	2.37297	0.857011	39	38.6	112171	33	2240	1.05867	1.02957	2124
861	424439	352	221405	203033	100	60	2.40151	0.857011	39	38.6	112171	33	2240	1.05263	1.02609	2124
862	286860	316	101767	185093	100	60	0.112063	0.857011	39	38.6	226678	33	2240	1.00135	0.985734	2124
863	504716	292	199325	305392	100	60	0.0942885	0.857011	39	38.6	226678	33	2240	1.00124	0.982668	2124
864	659637	275	267879	391758	100	60	0.0944791	0.857011	39	38.6	226678	33	2240	1.00112	0.985188	2124
865	505874	251	120193	385681	100	60	0.101217	0.857011	39	38.6	226678	33	2240	1.0012	0.984023	2124
866	499341	233	148875	350466	100	60	0.114808	0.857011	39	38.6	226678	33	2240	1.0015	0.986232	2124
867	592334	2687	215490	376844	100	60	1.08264	0.857011	39	38.6	226678	33	2240	1.00232	0.986026	2124
868	696515	2590	280024	416491	100	60	1.35126	0.857011	39	38.6	226678	33	2240	1.00356	0.985106	2124
869	583515	2337	149076	434438	100	60	1.58903	0.857011	39	38.6	226678	33	2240	1.00516	0.989377	2124
870	494841	2006	99501.8	395339	100	60	1.70993	0.857011	35	38.6	226678	33	2240	1.06302	1.08674	2124
871	558076	1643	179490	377722	100	60	0.748359	0.857011	39	38.6	0	33	2240	1.01799	1.00392	2124
872	684945	1398	263442	420421	100	60	0.637392	0.857011	39	38.6	0	33	2240	1.01139	0.9962	2124
873	780326	1154	327133	451548	100	60	0.598306	0.857011	39	38.6	0	33	2240	1.00885	0.991226	2124
874	846675	983	369921	475303	100	60	0.658075	0.857011	39	38.6	0	33	2240	1.00712	0.990276	2124
875	859551	873	387062	471151	100	60	0.721063	0.857011	39	38.6	0	33	2240	1.00877	0.992136	2124
876	827874	1793	384081	443793	100	60	1.4906	0.857011	39	38.6	0	33	2240	1.00956	0.995586	2124
877	844953	1686	400268	444685	100	60	1.65632	0.857011	39	38.6	0	33	2240	1.01225	0.998426	2124
878	845365	1540	406258	439108	100	60	1.89514	0.857011	39	38.6	0	33	2240	1.01518	0.999347	2124
879	825993	1303	402225	423768	100	60	1.91791	0.857011	39	38.6	0	33	2240	1.017	1	2124
880	676093	1068	277191	398902	100	60	1.99151	0.857011	39	38.6	121713	33	2240	1.02006	1.00283	2124
881	675612	924	302185	373427	100	60	2.05923	0.857011	39	38.6	121713	33	2240	1.02681	1.00979	2124
882	662318	817	312813	349504	100	60	2.11431	0.857011	39	38.6	121713	33	2240	1.03558	1.01722	2124
883	624689	707	304826	319864	100	60	2.17938	0.857011	39	38.6	121713	33	2240	1.04943	1.02983	2124
884	596268	636	298158	298110	100	60	2.21802	0.857011	39	38.6	121713	33	2240	1.05578	1.03651	2124
885	556575	559	282692	273883	100	60	2.26145	0.857011	39	38.6	121713	33	2240	1.06825	1.04702	2124
886	533007	503	268405	255685	100	60	2.29842	0.857011	39	38.6	121713	33	2240	1.06847	1.03607	2124
887	514679	464	257077	242332	100	60	2.33561	0.857011	39	38.6	121713	33	2240	1.0746	1.03922	2124
888	482086	414	241679	225407	100	60	2.34583	0.857011	39	38.6	121713	33	2240	1.07339	1.03171	2124
889	474410	392	238741	220983	100	60	2.39487	0.857011	39	38.6	121713	33	2240	1.07481	1.02857	2124
890	440594	355	222603	204600	100	60	2.43006	0.857011	39	38.6	121713	33	2240	1.07303	1.0317	2124
891	382518	308	199917	182601	100	60	2.43851	0.857011	39	38.6	121713	33	2240	1.07492	1.0299	2124
892	262653	280	92208.1	170445	100	60	0.0986676	0.857011	39	38.6	225845	33	2240	1.00157	0.985748	2124
893	486334	252	193325	293009	100	60	0.0812435	0.857011	39	38.6	225845	33	2240	1.00135	0.985435	2124
894	635865	229	258152	377713	100	60	0.0784652	0.857011	39	38.6	225845	33	2240	1.00138	0.986932	2124
895	628002	205	259947	368055	100	60	0.0822812	0.857011	39	38.6	225845	33	2240	1.00146	0.990075	2124
896	446469	185	106896	339573	100	60	0.0899137	0.857011	39	38.6	225845	33	2240	1.00165	0.991927	2124
897	503844	2800	164956	338887	100	60	1.14122	0.857011	39	38.6	225845	33	2240	1.00261	0.993746	2124
898	618677	2603	235488	383189	100	60	1.39238	0.857011	39	38.6	225845	33	2240	1.00306	0.994385	2124
899	673468	2227	278358	395110	100	60	1.59473	0.857011	39	38.6	225845	33	2240	1.00362	0.995882	2124
900	556652	1981	155416	401236	100	60	1.82706	0.857011	36	38.6	225845	33	2240	1.05961	1.08295	2124
901	613210	1565	228721	383367	100	60	0.783418	0.857011	39	38.6	0	33	2240	1.01805	1.00639	2124
902	715623	1311	296724	417469	100	60	0.646049	0.857011	39	38.6	0	33	2240	1.01222	1.00012	2124
903	814677	1105	356071	456836	100	60	0.594744	0.857011	39	38.6	0	33	2240	1.00951	0.996401	2124
904	866031	933	386942	477438	100	60	0.626529	0.857011	39	38.6	0	33	2240	1.00987	0.996348	2124
905	854676	808	388966	464247	100	60	0.680234	0.857011	39	38.6	0	33	2240	1.01134	0.997611	2124
906	840965	1833	389522	451443	100	60	1.49729	0.857011	39	38.6	0	33	2240	1.01272	0.99727	2124
907	837311	1655	394267	443044	100	60	1.63935	0.857011	39	38.6	0	33	2240	1.0149	0.998426	2124
908	833107	1554	398069	435039	100	60	1.8948	0.857011	39	38.6	0	33	2240	1.02099	1.00324	2124
909	834511	1322	404247	430264	100	60	1.92142	0.857011	39	38.6	0	33	2240	1.02289	1.00608	2124
910	708472	1135	293673	414800	100	60	1.97388	0.857011	39	38.6	115106	33	2240	1.02671	1.01063	2124
911	716975	998	321042	395933	100	60	2.03644	0.857011	39	38.6	115106	33	2240	1.0351	1.01611	2124
912	685296	855	322764	362532	100	60	2.07283	0.857011	39	38.6	115106	33	2240	1.04595	1.03055	2124
913	484333	742	154946	329387	100	60	2.13862	0.857011	39	38.6	115106	33	2240	1.05234	1.03514	2124
914	500958	667	195789	305169	100	60	2.19126	0.857011	39	38.6	115106	33	2240	1.05793	1.03916	2124
915	499209	590	222161	277048	100	60	2.22761	0.857011	39	38.6	115106	33	2240	1.07533	1.05479	2124
916	516262	553	241889	265845	100	60	2.26913	0.857011	39	38.6	115106	33	2240	1.10167	1.08044	2124
917	529084	529	253045	261543	100	60	2.28617	0.857011	39	38.6	115106	33	2240	1.10211	1.07648	2124
918	525166	502	255741	254406	100	60	2.31939	0.857011	39	38.6	115106	33	2240	1.09298	1.0611	2124
919	513098	470	253263	244985	100	60	2.35919	0.857011	39	38.6	115106	33	2240	1.08489	1.0524	2124
920	487045	435	242218	231227	100	60	2.3806	0.857011	39	38.6	115106	33	2240	1.08884	1.05714	2124
921	446545	403	229140	217406	100	60	2.36779	0.857011	39	38.6	115106	33	2240	1.0995	1.06477	2124
922	307703	353	114380	193323	100	60	0.123133	0.857011	39	38.6	221717	33	2240	1.00245	0.983818	2124
923	521189	320	211495	309694	100	60	0.103143	0.857011	39	38.6	221717	33	2240	1.00205	0.983356	2124
924	640668	264	264038	376630	100	60	0.0895091	0.857011	39	38.6	221717	33	2240	1.00171	0.982757	2124
925	642379	235	270296	372083	100	60	0.0926135	0.857011	39	38.6	221717	33	2240	1.00188	0.985532	2124
926	450659	210	109903	340756	100	60	0.097742	0.857011	39	38.6	221717	33	2240	1.00175	0.987028	2124
927	511282	2481	166660	344622	100	60	1.02948	0.857011	39	38.6	221717	33	2240	1.00274	0.988946	2124
928	481319	2340	105453	375866	100	60	1.2975	0.857011	39	38.6	221717	33	2240	1.00381	0.991493	2124
929	451089	2193	78468.9	372620	100	60	1.53989	0.857011	39	38.6	221717	33	2240	1.00431	0.992932	2124
930	428047	2128	72555.2	355492	100	60	1.8293	0.857011	35	38.6	221717	33	2240	1.04442	1.05461	2124
