ID	Species	MaxAge	AllocSeed	LMR	m0	MaxMass	mSeed	Dist	pEstab	Gmax	SLA	palat	memo	RAR	growth	mThres	clonal	propSex	meanSpacerLength	sdSpacerlength	Resshare	AllocSpacer	mSpacer	sens	allocroot	allocshoot	EC50_biomass	slope_biomass	EC50_SEbiomass	slope_SEbiomass	EC50_survival	slope_survival	EC50_establishment	slope_establishment	EC50_sterility	slope_sterility	EC50_seednumber	slope_seednumber	FlowerWeek	DispWeek	GermPeriod
1	LECAcl3plb	100	0.05	0.5	1	5000	1	0.1	0.5	60	0.5	0.25	2	1	0.25	0.2	1	1	17.5	12.5	1	0.05	70	0.318991139589343	1	1	0	0	0	0	0	0	0	0	0	0	0	0	16	20	1
2	LECIcl3plb	100	0.05	0.5	1	5000	1	0.1	0.5	60	0.75	0.5	2	1	0.25	0.2	1	1	17.5	12.5	1	0.05	70	0.11805883172201	1	1	0	0	0	0	0	0	0	0	0	0	0	0	16	20	1
3	LSCAplb	100	0.05	0.75	1	5000	1	0.1	0.5	60	0.5	0.25	2	1	0.25	0.2	0	0	0	0	0	0	0	0.662701810069848	1	1	0	0	0	0	0	0	0	0	0	0	0	0	16	20	1
4	LSCAcl1plb	100	0.05	0.75	1	5000	1	0.1	0.5	60	0.5	0.25	2	1	0.25	0.2	1	1	2.5	2.5	1	0.05	70	0.0250945399166085	1	1	0	0	0	0	0	0	0	0	0	0	0	0	16	20	1
5	LSCIcl1plb	100	0.05	0.75	1	5000	1	0.1	0.5	60	0.75	0.5	2	1	0.25	0.2	1	1	2.5	2.5	1	0.05	70	0.184922408836428	1	1	0	0	0	0	0	0	0	0	0	0	0	0	16	20	1
6	LSCIcl3plb	100	0.05	0.75	1	5000	1	0.1	0.5	60	0.75	0.5	2	1	0.25	0.2	1	1	17.5	12.5	1	0.05	70	0.0805227294913493	1	1	0	0	0	0	0	0	0	0	0	0	0	0	16	20	1
7	LSCTcl2plb	100	0.05	0.75	1	5000	1	0.1	0.5	60	1	1	2	1	0.25	0.2	1	1	2.5	2.5	0	0.05	70	0.016309292812366	1	1	0	0	0	0	0	0	0	0	0	0	0	0	16	20	1
8	LSSIcl3plb	100	0.05	0.75	1	5000	1	0.1	0.5	20	0.75	0.5	6	1	0.25	0.2	1	1	17.5	12.5	1	0.05	70	0.0238751845899969	1	1	0	0	0	0	0	0	0	0	0	0	0	0	16	20	1
9	LSSTcl3plb	100	0.05	0.75	1	5000	1	0.1	0.5	20	1	1	6	1	0.25	0.2	1	1	17.5	12.5	1	0.05	70	0.375347414927091	1	1	0	0	0	0	0	0	0	0	0	0	0	0	16	20	1
10	MECIcl3plb	100	0.05	0.5	0.3	2000	0.3	0.3	0.5	60	0.75	0.5	2	1	0.25	0.2	1	1	17.5	12.5	1	0.05	70	0.674205638992134	1	1	0	0	0	0	0	0	0	0	0	0	0	0	16	20	1
11	MECTcl3peb	100	0.05	0.5	0.3	2000	0.3	0.3	0.5	60	1	1	2	1	0.25	0.2	1	1	17.5	12.5	1	0.05	70	0.0989895529928617	1	1	0	0	0	0	0	0	0	0	0	0	0	0	16	20	1
12	MEIIcl4plb	100	0.05	0.5	0.3	2000	0.3	0.3	0.5	40	0.75	0.5	4	1	0.25	0.2	1	1	17.5	12.5	0	0.05	70	0.553950951958541	1	1	0	0	0	0	0	0	0	0	0	0	0	0	16	20	1
13	MEITplb	100	0.05	0.5	0.3	2000	0.3	0.3	0.5	40	1	1	4	1	0.25	0.2	0	0	0	0	0	0	0	0.132023047248367	1	1	0	0	0	0	0	0	0	0	0	0	0	0	16	20	1
14	MESTcl1plb	100	0.05	0.5	0.3	2000	0.3	0.3	0.5	20	1	1	6	1	0.25	0.2	1	1	2.5	2.5	1	0.05	70	0.732802773709409	1	1	0	0	0	0	0	0	0	0	0	0	0	0	16	20	1
15	MSCAcl1plb	100	0.05	0.75	0.3	2000	0.3	0.3	0.5	60	0.5	0.25	2	1	0.25	0.2	1	1	2.5	2.5	1	0.05	70	0.0360111138434149	1	1	0	0	0	0	0	0	0	0	0	0	0	0	16	20	1
16	MSCAcl3plb	100	0.05	0.75	0.3	2000	0.3	0.3	0.5	60	0.5	0.25	2	1	0.25	0.2	1	1	17.5	12.5	1	0.05	70	0.304328562691808	1	1	0	0	0	0	0	0	0	0	0	0	0	0	16	20	1
17	MSCIplb	100	0.05	0.75	0.3	2000	0.3	0.3	0.5	60	0.75	0.5	2	1	0.25	0.2	0	0	0	0	0	0	0	0.0682498384849168	1	1	0	0	0	0	0	0	0	0	0	0	0	0	16	20	1
18	MSCTcl1plb	100	0.05	0.75	0.3	2000	0.3	0.3	0.5	60	1	1	2	1	0.25	0.2	1	1	2.5	2.5	1	0.05	70	0.226787013642024	1	1	0	0	0	0	0	0	0	0	0	0	0	0	16	20	1
19	MSCTcl2plb	100	0.05	0.75	0.3	2000	0.3	0.3	0.5	60	1	1	2	1	0.25	0.2	1	1	2.5	2.5	0	0.05	70	0.266673950420227	1	1	0	0	0	0	0	0	0	0	0	0	0	0	16	20	1
20	MSIAcl1plb	100	0.05	0.75	0.3	2000	0.3	0.3	0.5	40	0.5	0.25	4	1	0.25	0.2	1	1	2.5	2.5	1	0.05	70	0.569459304620977	1	1	0	0	0	0	0	0	0	0	0	0	0	0	16	20	1
21	MSIAcl4plb	100	0.05	0.75	0.3	2000	0.3	0.3	0.5	40	0.5	0.25	4	1	0.25	0.2	1	1	17.5	12.5	0	0.05	70	0.764623765426222	1	1	0	0	0	0	0	0	0	0	0	0	0	0	16	20	1
22	MSIIcl3plb	100	0.05	0.75	0.3	2000	0.3	0.3	0.5	40	0.75	0.5	4	1	0.25	0.2	1	1	17.5	12.5	1	0.05	70	0.0941665974096395	1	1	0	0	0	0	0	0	0	0	0	0	0	0	16	20	1
23	MSITcl1plb	100	0.05	0.75	0.3	2000	0.3	0.3	0.5	40	1	1	4	1	0.25	0.2	1	1	2.5	2.5	1	0.05	70	0.171683419903275	1	1	0	0	0	0	0	0	0	0	0	0	0	0	16	20	1
24	MSITcl3plb	100	0.05	0.75	0.3	2000	0.3	0.3	0.5	40	1	1	4	1	0.25	0.2	1	1	17.5	12.5	1	0.05	70	0.367037533258554	1	1	0	0	0	0	0	0	0	0	0	0	0	0	16	20	1
25	MSITcl4plb	100	0.05	0.75	0.3	2000	0.3	0.3	0.5	40	1	1	4	1	0.25	0.2	1	1	17.5	12.5	0	0.05	70	0.606791421247181	1	1	0	0	0	0	0	0	0	0	0	0	0	0	16	20	1
26	MSSIcl1plb	100	0.05	0.75	0.3	2000	0.3	0.3	0.5	20	0.75	0.5	6	1	0.25	0.2	1	1	2.5	2.5	1	0.05	70	0.223308118176647	1	1	0	0	0	0	0	0	0	0	0	0	0	0	16	20	1
27	MSSTcl3plb	100	0.05	0.75	0.3	2000	0.3	0.3	0.5	20	1	1	6	1	0.25	0.2	1	1	17.5	12.5	1	0.05	70	0.150495698326267	1	1	0	0	0	0	0	0	0	0	0	0	0	0	16	20	1
28	SECTpeb	100	0.05	0.5	0.1	1000	0.1	0.6	0.5	60	1	1	2	1	0.25	0.2	0	0	0	0	0	0	0	0.144232466758694	1	1	0	0	0	0	0	0	0	0	0	0	0	0	16	20	1
29	SEIAcl4peb	100	0.05	0.5	0.1	1000	0.1	0.6	0.5	40	0.5	0.25	4	1	0.25	0.2	1	1	17.5	12.5	0	0.05	70	0.199308706854936	1	1	0	0	0	0	0	0	0	0	0	0	0	0	16	20	1
30	SEITcl4peb	100	0.05	0.5	0.1	1000	0.1	0.6	0.5	40	1	1	4	1	0.25	0.2	1	1	17.5	12.5	0	0.05	70	0.0228656966355629	1	1	0	0	0	0	0	0	0	0	0	0	0	0	16	20	1
31	SESIcl4plb	100	0.05	0.5	0.1	1000	0.1	0.6	0.5	20	0.75	0.5	6	1	0.25	0.2	1	1	17.5	12.5	0	0.05	70	0.229315028293058	1	1	0	0	0	0	0	0	0	0	0	0	0	0	16	20	1
32	SRIAcl1peb	100	0.05	1	0.1	1000	0.1	0.6	0.5	40	0.5	0.25	4	1	0.25	0.2	1	1	2.5	2.5	1	0.05	70	0.124014503962826	1	1	0	0	0	0	0	0	0	0	0	0	0	0	1	5	1
33	SRIAcl2plb	100	0.05	1	0.1	1000	0.1	0.6	0.5	40	0.5	0.25	4	1	0.25	0.2	1	1	2.5	2.5	0	0.05	70	0.848499239131343	1	1	0	0	0	0	0	0	0	0	0	0	0	0	16	20	1
34	SRIAcl4peb	100	0.05	1	0.1	1000	0.1	0.6	0.5	40	0.5	0.25	4	1	0.25	0.2	1	1	17.5	12.5	0	0.05	70	0.214357808115892	1	1	0	0	0	0	0	0	0	0	0	0	0	0	16	20	1
35	SSCTplb	100	0.05	0.75	0.1	1000	0.1	0.6	0.5	60	1	1	2	1	0.25	0.2	0	0	0	0	0	0	0	0.572648241068237	1	1	0	0	0	0	0	0	0	0	0	0	0	0	16	20	1
36	SSIAcl4plb	100	0.05	0.75	0.1	1000	0.1	0.6	0.5	40	0.5	0.25	4	1	0.25	0.2	1	1	17.5	12.5	0	0.05	70	0.819560329022352	1	1	0	0	0	0	0	0	0	0	0	0	0	0	16	20	1
37	SSIIcl2plb	100	0.05	0.75	0.1	1000	0.1	0.6	0.5	40	0.75	0.5	4	1	0.25	0.2	1	1	2.5	2.5	0	0.05	70	0.865403511677869	1	1	0	0	0	0	0	0	0	0	0	0	0	0	16	20	1
38	SSITcl3plb	100	0.05	0.75	0.1	1000	0.1	0.6	0.5	40	1	1	4	1	0.25	0.2	1	1	17.5	12.5	1	0.05	70	0.423510620370507	1	1	0	0	0	0	0	0	0	0	0	0	0	0	16	20	1
39	SSITcl4plb	100	0.05	0.75	0.1	1000	0.1	0.6	0.5	40	1	1	4	1	0.25	0.2	1	1	17.5	12.5	0	0.05	70	0.579067549377214	1	1	0	0	0	0	0	0	0	0	0	0	0	0	16	20	1
