Time	totMass	NInd	abovemass	belowmass	mean_ares	mean_bres	shannon	meanShannon	NPFT	meanNPFT	Cutted	NNonClonal	NClonal	mean_generation	mean_genet_size	NGenets
1	569	0	284.5	284.5	100	90	0	0.793906	52	51	0	500	1810	1	0.781371	1926
2	16493.4	0	8015.45	8477.98	100	90	0	0.793906	52	51	0	500	1810	1	0.767159	1926
3	74430.2	0	39765.9	34664.3	100	90	0	0.793906	52	51	0	500	1810	1	0.771957	1926
4	222683	0	118402	104282	100	90	0	0.793906	52	51	0	500	1810	1	0.770635	1926
5	487481	0	257952	229529	100	90	0	0.793906	52	51	0	500	1810	1.00081	0.767327	1926
6	809229	741	427409	381820	100	90	2.68657	0.793906	52	51	0	500	1810	1.00741	0.77069	1926
7	1.08187e+006	979	575119	506753	100	90	3.35922	0.793906	52	51	0	500	1810	1.01339	0.773234	1926
8	1.29354e+006	1008	692859	600677	100	90	3.42238	0.793906	52	51	0	500	1810	1.02618	0.78373	1926
9	1.44634e+006	957	779641	666702	100	90	3.28174	0.793906	52	51	0	500	1810	1.04292	0.803553	1926
10	1.55129e+006	919	840281	711013	100	90	3.21689	0.793906	52	51	0	500	1810	1.06122	0.819172	1926
11	1.6174e+006	877	878584	738815	100	90	3.15729	0.793906	52	51	0	500	1810	1.07071	0.832377	1926
12	1.66202e+006	846	906288	755727	100	90	3.14916	0.793906	52	51	0	500	1810	1.07869	0.839094	1926
13	1.70115e+006	829	930338	770809	100	90	3.13905	0.793906	52	51	0	500	1810	1.09751	0.858191	1926
14	1.71954e+006	815	942701	776839	100	90	3.14819	0.793906	52	51	0	500	1810	1.11077	0.872796	1926
15	1.74118e+006	808	956906	784276	100	90	3.18022	0.793906	52	51	0	500	1810	1.12621	0.888175	1926
16	1.77845e+006	803	964992	788130	100	90	3.20556	0.793906	52	51	0	500	1810	1.14318	0.900783	1926
17	1.80898e+006	790	969870	789898	100	90	3.19684	0.793906	52	51	0	500	1810	1.15704	0.916335	1926
18	1.83762e+006	784	982727	799791	100	90	3.26092	0.793906	52	51	0	500	1810	1.14797	0.906757	1926
19	1.85843e+006	786	994808	807107	100	90	3.32934	0.793906	52	51	0	500	1810	1.14355	0.897119	1926
20	1.86025e+006	780	996892	807747	100	90	3.3502	0.793906	52	51	0	500	1810	1.14801	0.906031	1926
21	1.80529e+006	774	998232	807058	100	90	3.39552	0.793906	52	51	0	500	1810	1.1434	0.901849	1926
22	1.81363e+006	780	1.00395e+006	809684	100	90	1.30306	0.793906	52	51	0	500	1810	1.04544	0.780404	1926
23	1.84349e+006	768	1.01607e+006	827412	100	90	1.2652	0.793906	52	51	0	500	1810	1.04599	0.78557	1926
24	1.8775e+006	760	1.03286e+006	844636	100	90	1.26325	0.793906	52	51	0	500	1810	1.04995	0.789657	1926
25	1.87616e+006	748	1.03279e+006	843373	100	90	1.34909	0.793906	52	51	0	500	1810	1.05786	0.803295	1926
26	1.8891e+006	738	1.041e+006	848097	100	90	1.48897	0.793906	52	51	0	500	1810	1.06581	0.815366	1926
27	1.90394e+006	1356	1.04838e+006	855558	100	90	2.6488	0.793906	52	51	0	500	1810	1.07912	0.838591	1926
28	1.93763e+006	1230	1.06632e+006	871304	100	90	2.76084	0.793906	52	51	0	500	1810	1.09512	0.848357	1926
29	1.96541e+006	1156	1.0817e+006	883708	100	90	2.81688	0.793906	52	51	0	500	1810	1.11252	0.875468	1926
30	1.44726e+006	1098	550401	896857	100	90	2.29386	0.793906	52	51	0	500	1810	1.45836	1.44645	1926
31	1.50196e+006	972	666892	832660	100	90	1.31709	0.793906	52	51	0	500	1810	1.15911	0.887738	1926
32	1.49203e+006	861	708573	779592	100	90	1.07786	0.793906	52	51	0	500	1810	1.10425	0.823133	1926
33	1.46335e+006	745	720276	739299	100	90	0.891023	0.793906	52	51	0	500	1810	1.0796	0.790787	1926
34	1.46362e+006	659	733139	726835	100	90	0.941743	0.793906	52	51	0	500	1810	1.08585	0.794567	1926
35	1.37256e+006	722	697001	672519	100	90	1.2013	0.793906	52	51	0	500	1810	1.09456	0.802242	1926
36	1.29039e+006	761	666709	623677	100	90	1.45023	0.793906	52	51	0	500	1810	1.10652	0.84903	1926
37	1.25448e+006	895	655561	598916	100	90	1.9356	0.793906	52	51	0	500	1810	1.11996	0.856233	1926
38	1.17945e+006	991	622459	556992	100	90	2.46194	0.793906	52	51	0	500	1810	1.12982	0.856354	1926
39	1.14281e+006	806	608206	534607	100	90	2.57725	0.793906	52	51	0	500	1810	1.15009	0.853425	1926
40	1.11658e+006	684	598756	517819	100	90	2.62869	0.793906	52	51	0	500	1810	1.17622	0.884927	1926
41	1.08428e+006	605	584715	499562	100	90	2.66315	0.793906	52	51	0	500	1810	1.18327	0.895985	1926
42	1.0021e+006	501	543319	458778	100	90	2.66348	0.793906	52	51	0	500	1810	1.22958	0.940133	1926
43	931136	450	507781	423355	100	90	2.77288	0.793906	52	51	0	500	1810	1.25458	0.9525	1926
44	919220	416	503278	415941	100	90	2.8992	0.793906	52	51	0	500	1810	1.29801	0.988981	1926
45	856758	378	470364	386394	100	90	2.87475	0.793906	52	51	0	500	1810	1.3375	1.02424	1926
46	800572	332	434150	353261	100	90	2.93033	0.793906	52	51	0	500	1810	1.35693	1.02083	1926
47	771709	309	412827	335734	100	90	2.89069	0.793906	52	51	0	500	1810	1.39159	1.04962	1926
48	732349	280	392251	316854	100	90	2.94508	0.793906	52	51	0	500	1810	1.40809	1.05042	1926
49	696083	266	374741	298779	100	90	3.06709	0.793906	52	51	0	500	1810	1.38554	1.0274	1926
50	657305	242	354904	281808	100	90	3.05953	0.793906	52	51	0	500	1810	1.39556	1.01	1926
51	588334	217	328837	259497	100	90	3.08924	0.793906	52	51	0	500	1810	1.36634	0.972067	1926
52	286074	194	50482.4	235591	100	90	0.113979	0.793906	52	51	283802	500	1810	1.00575	0.782358	1926
53	518296	169	193703	324593	100	90	0.0722312	0.793906	52	51	283802	500	1810	1.00359	0.770989	1926
54	823989	162	358186	465802	100	90	0.0765462	0.793906	52	51	283802	500	1810	1.00406	0.77185	1926
55	821811	135	376255	445556	100	90	0.0760267	0.793906	52	51	283802	500	1810	1.00447	0.781481	1926
56	832364	121	403296	429068	100	90	0.0878745	0.793906	52	51	283802	500	1810	1.00561	0.791319	1926
57	947858	2558	476501	471357	100	90	1.41516	0.793906	52	51	283802	500	1810	1.00671	0.789274	1926
58	1.00473e+006	2291	512969	491761	100	90	1.75931	0.793906	52	51	283802	500	1810	1.00728	0.780064	1926
59	1.0412e+006	1824	537254	503946	100	90	1.86737	0.793906	52	51	283802	500	1810	1.01051	0.763807	1926
60	787684	1565	278687	508997	100	90	1.96222	0.793906	52	51	283802	500	1810	1.12983	0.982625	1926
61	890847	1298	390706	495576	100	90	1.12422	0.793906	52	51	0	500	1810	1.05637	0.815232	1926
62	1.01093e+006	1096	483122	521459	100	90	0.952869	0.793906	52	51	0	500	1810	1.04344	0.799918	1926
63	1.09877e+006	894	545566	546501	100	90	0.861539	0.793906	52	51	0	500	1810	1.0413	0.795887	1926
64	1.143e+006	718	577192	559666	100	90	0.884491	0.793906	52	51	0	500	1810	1.04439	0.80379	1926
65	1.16444e+006	667	596869	562350	100	90	0.977948	0.793906	52	51	0	500	1810	1.04871	0.804075	1926
66	1.18336e+006	1307	614590	568768	100	90	2.01526	0.793906	52	51	0	500	1810	1.05375	0.797528	1926
67	1.15068e+006	1153	604161	546518	100	90	2.24744	0.793906	52	51	0	500	1810	1.06281	0.795219	1926
68	1.16693e+006	1066	618936	547993	100	90	2.41861	0.793906	52	51	0	500	1810	1.06996	0.797872	1926
69	811473	857	284819	526654	100	90	2.42518	0.793906	52	51	0	500	1810	1.07165	0.784856	1926
70	853502	744	361305	492197	100	90	2.52161	0.793906	52	51	0	500	1810	1.07985	0.788089	1926
71	883301	651	421457	461844	100	90	2.60908	0.793906	52	51	0	500	1810	1.08797	0.806349	1926
72	869135	554	442694	426441	100	90	2.68215	0.793906	52	51	0	500	1810	1.10957	0.828037	1926
73	847346	494	446428	400918	100	90	2.7366	0.793906	52	51	0	500	1810	1.13051	0.849057	1926
74	815850	447	437287	378563	100	90	2.83977	0.793906	52	51	0	500	1810	1.14449	0.851852	1926
75	757488	391	409315	348172	100	90	2.79789	0.793906	52	51	0	500	1810	1.1587	0.860158	1926
76	695866	347	373442	311577	100	90	2.78674	0.793906	52	51	0	500	1810	1.17456	0.873874	1926
77	659554	318	350591	291088	100	90	2.79935	0.793906	52	51	0	500	1810	1.19318	0.90099	1926
78	637307	294	339502	279405	100	90	2.8781	0.793906	52	51	0	500	1810	1.19169	0.908425	1926
79	602461	272	322446	262191	100	90	2.87815	0.793906	52	51	0	500	1810	1.20069	0.924901	1926
80	568190	239	305894	245724	100	90	2.91716	0.793906	52	51	0	500	1810	1.17391	0.892377	1926
81	530506	221	295748	234758	100	90	2.93852	0.793906	52	51	0	500	1810	1.18103	0.873786	1926
82	267380	205	47444.1	219936	100	90	0.104907	0.793906	52	51	253185	500	1810	1.00349	0.760414	1926
83	548455	187	209612	338843	100	90	0.0729681	0.793906	52	51	253185	500	1810	1.00213	0.748794	1926
84	817077	168	357123	459954	100	90	0.072989	0.793906	52	51	253185	500	1810	1.00242	0.760256	1926
85	813245	155	373106	440140	100	90	0.0793904	0.793906	52	51	253185	500	1810	1.00282	0.786349	1926
86	844312	141	411398	432914	100	90	0.0937578	0.793906	52	51	253185	500	1810	1.00368	0.79834	1926
87	962537	2623	484297	478240	100	90	1.29806	0.793906	52	51	253185	500	1810	1.0042	0.793214	1926
88	1.05531e+006	2383	537373	517937	100	90	1.62335	0.793906	52	51	253185	500	1810	1.0059	0.788035	1926
89	1.06953e+006	1896	550651	518882	100	90	1.70691	0.793906	52	51	253185	500	1810	1.0084	0.779622	1926
90	794393	1630	280687	513706	100	90	1.80538	0.793906	51	51	253185	500	1810	1.12127	0.991353	1926
91	892277	1333	391475	494476	100	90	1.02683	0.793906	52	51	0	500	1810	1.05323	0.804625	1926
92	991846	1089	475152	508186	100	90	0.828335	0.793906	52	51	0	500	1810	1.03704	0.78085	1926
93	1.11071e+006	922	552444	548354	100	90	0.775852	0.793906	52	51	0	500	1810	1.03435	0.780587	1926
94	1.18978e+006	767	599844	580752	100	90	0.811652	0.793906	52	51	0	500	1810	1.03738	0.791384	1926
95	1.17108e+006	713	597623	565501	100	90	0.916051	0.793906	52	51	0	500	1810	1.04018	0.802773	1926
96	1.16518e+006	1428	605714	559467	100	90	1.77326	0.793906	52	51	0	500	1810	1.03875	0.803942	1926
97	1.13909e+006	1334	598077	541010	100	90	1.95595	0.793906	52	51	0	500	1810	1.04298	0.803828	1926
98	1.10515e+006	1196	586225	518929	100	90	2.11291	0.793906	52	51	0	500	1810	1.04831	0.800343	1926
99	1.05893e+006	968	565820	493110	100	90	2.20778	0.793906	52	51	0	500	1810	1.05902	0.802116	1926
100	981006	798	526156	454850	100	90	2.23412	0.793906	52	51	0	500	1810	1.06423	0.804878	1926
101	920240	689	496836	423404	100	90	2.29647	0.793906	52	51	0	500	1810	1.07404	0.827124	1926
102	851387	580	462507	388879	100	90	2.4387	0.793906	52	51	0	500	1810	1.08418	0.825088	1926
103	781769	495	426378	355391	100	90	2.47754	0.793906	52	51	0	500	1810	1.10111	0.847917	1926
104	767669	459	419619	348050	100	90	2.54692	0.793906	52	51	0	500	1810	1.1223	0.863946	1926
105	710031	403	388978	321053	100	90	2.60498	0.793906	52	51	0	500	1810	1.13919	0.859008	1926
106	668837	365	362225	296947	100	90	2.63292	0.793906	52	51	0	500	1810	1.15271	0.880466	1926
107	597002	306	319546	262605	100	90	2.60799	0.793906	52	51	0	500	1810	1.17804	0.897887	1926
108	387782	264	149675	235801	100	90	2.61823	0.793906	52	51	0	500	1810	1.18375	0.91358	1926
109	383003	222	173123	204341	100	90	2.64134	0.793906	52	51	0	500	1810	1.20601	0.935	1926
110	376089	190	188408	182902	100	90	2.6916	0.793906	52	51	0	500	1810	1.21579	0.936047	1926
111	375806	179	200066	175739	100	90	2.78174	0.793906	52	51	0	500	1810	1.25301	0.968153	1926
112	206291	171	35498.8	170792	100	90	0.0785703	0.793906	52	51	176543	500	1810	1.00254	0.735894	1926
113	523686	154	212916	310770	100	90	0.0568686	0.793906	52	51	176543	500	1810	1.00176	0.738595	1926
114	807235	144	363839	443396	100	90	0.0590532	0.793906	52	51	176543	500	1810	1.00171	0.763641	1926
115	767778	132	360131	407647	100	90	0.0635083	0.793906	52	51	176543	500	1810	1.0019	0.821456	1926
116	807418	124	402368	405051	100	90	0.0774045	0.793906	52	51	176543	500	1810	1.00256	0.836997	1926
117	957643	3065	489304	468339	100	90	1.23556	0.793906	52	51	176543	500	1810	1.00381	0.836343	1926
118	1.0369e+006	2605	534238	502661	100	90	1.48692	0.793906	52	51	176543	500	1810	1.00493	0.832586	1926
119	1.05557e+006	2007	549129	506439	100	90	1.52714	0.793906	52	51	176543	500	1810	1.0068	0.825561	1926
120	759151	1680	271877	487274	100	90	1.57609	0.793906	50	51	176543	500	1810	1.11947	1.03172	1926
121	840191	1385	373190	456039	100	90	1.0007	0.793906	52	51	0	500	1810	1.06266	0.833961	1926
122	953103	1187	458940	478217	100	90	0.840623	0.793906	52	51	0	500	1810	1.04925	0.803402	1926
123	1.0372e+006	989	517563	501868	100	90	0.75604	0.793906	52	51	0	500	1810	1.04378	0.788469	1926
124	1.09164e+006	813	551642	523985	100	90	0.775961	0.793906	52	51	0	500	1810	1.0442	0.79602	1926
125	1.10852e+006	784	566838	527797	100	90	0.894955	0.793906	52	51	0	500	1810	1.04797	0.807472	1926
126	1.10265e+006	1483	577471	525184	100	90	1.5819	0.793906	52	51	0	500	1810	1.04838	0.810963	1926
127	1.08436e+006	1403	574475	509884	100	90	1.74308	0.793906	52	51	0	500	1810	1.05202	0.806409	1926
128	1.01882e+006	1277	544117	474699	100	90	1.86516	0.793906	52	51	0	500	1810	1.04951	0.798381	1926
129	960906	1057	515951	444955	100	90	1.93841	0.793906	52	51	0	500	1810	1.05597	0.797258	1926
130	900898	901	486135	414763	100	90	1.99294	0.793906	52	51	0	500	1810	1.06017	0.802071	1926
131	838716	766	454432	384284	100	90	2.05842	0.793906	52	51	0	500	1810	1.06992	0.797829	1926
132	804708	686	437285	367423	100	90	2.13718	0.793906	52	51	0	500	1810	1.08229	0.8	1926
133	766151	630	417146	349005	100	90	2.22872	0.793906	52	51	0	500	1810	1.1	0.815182	1926
134	714775	561	389360	325414	100	90	2.26934	0.793906	52	51	0	500	1810	1.12422	0.842991	1926
135	655675	493	358475	297201	100	90	2.28296	0.793906	52	51	0	500	1810	1.13978	0.840426	1926
136	610036	439	331153	273236	100	90	2.32156	0.793906	52	51	0	500	1810	1.14553	0.817967	1926
137	577935	399	311443	257128	100	90	2.33985	0.793906	52	51	0	500	1810	1.14849	0.807895	1926
138	546189	369	294743	242705	100	90	2.35947	0.793906	52	51	0	500	1810	1.15306	0.806358	1926
139	514973	341	278551	227815	100	90	2.36661	0.793906	52	51	0	500	1810	1.16573	0.824841	1926
140	477162	318	258636	210710	100	90	2.38989	0.793906	52	51	0	500	1810	1.17593	0.804795	1926
141	453335	301	250257	203078	100	90	2.447	0.793906	52	51	0	500	1810	1.19257	0.816176	1926
142	227688	265	44451.9	183236	100	90	0.095959	0.793906	52	51	207677	500	1810	1.00257	0.719373	1926
143	593555	231	249936	343618	100	90	0.0716945	0.793906	52	51	207677	500	1810	1.00201	0.718129	1926
144	746561	189	341745	404817	100	90	0.0644365	0.793906	52	51	207677	500	1810	1.00198	0.739528	1926
145	692391	181	333160	359231	100	90	0.0715187	0.793906	52	51	207677	500	1810	1.00223	0.791655	1926
146	821206	161	417183	404023	100	90	0.087306	0.793906	52	51	207677	500	1810	1.00316	0.797387	1926
147	937471	3060	481876	455595	100	90	1.22346	0.793906	52	51	207677	500	1810	1.00396	0.806716	1926
148	969773	2588	500976	468797	100	90	1.48378	0.793906	52	51	207677	500	1810	1.00577	0.818792	1926
149	1.01002e+006	2061	527161	482858	100	90	1.51741	0.793906	52	51	207677	500	1810	1.00742	0.806058	1926
150	743110	1794	266564	476546	100	90	1.58987	0.793906	51	51	207677	500	1810	1.10932	0.984857	1926
151	830275	1455	368546	451900	100	90	0.777828	0.793906	52	51	0	500	1810	1.03929	0.764992	1926
152	946260	1197	453237	478899	100	90	0.633225	0.793906	52	51	0	500	1810	1.02779	0.745893	1926
153	1.07784e+006	1003	530608	531127	100	90	0.581122	0.793906	52	51	0	500	1810	1.02654	0.745174	1926
154	1.10016e+006	840	549886	535530	100	90	0.602294	0.793906	52	51	0	500	1810	1.02917	0.774682	1926
155	1.0899e+006	799	554998	522248	100	90	0.68063	0.793906	52	51	0	500	1810	1.03132	0.791754	1926
156	1.09374e+006	1727	571376	522367	100	90	1.40121	0.793906	52	51	0	500	1810	1.03295	0.799588	1926
157	1.09065e+006	1590	575173	515474	100	90	1.61576	0.793906	52	51	0	500	1810	1.03816	0.805094	1926
158	1.07593e+006	1509	571892	504039	100	90	1.79561	0.793906	52	51	0	500	1810	1.04249	0.800407	1926
159	1.02323e+006	1241	547742	475487	100	90	1.90285	0.793906	52	51	0	500	1810	1.047	0.78671	1926
160	958686	1011	516737	441950	100	90	1.9375	0.793906	52	51	0	500	1810	1.05232	0.784137	1926
161	917373	884	496197	421176	100	90	2.01737	0.793906	52	51	0	500	1810	1.05719	0.795167	1926
162	896794	800	486009	410785	100	90	2.1235	0.793906	52	51	0	500	1810	1.07245	0.804348	1926
163	822075	705	445863	376211	100	90	2.17854	0.793906	52	51	0	500	1810	1.08381	0.820438	1926
164	770297	631	418455	351842	100	90	2.24736	0.793906	52	51	0	500	1810	1.09358	0.825733	1926
165	717685	558	390133	327552	100	90	2.26483	0.793906	52	51	0	500	1810	1.11437	0.856343	1926
166	641706	487	346455	289361	100	90	2.32713	0.793906	52	51	0	500	1810	1.13011	0.855914	1926
167	612074	446	328531	273973	100	90	2.3816	0.793906	52	51	0	500	1810	1.14165	0.855792	1926
168	565194	398	304553	251816	100	90	2.36029	0.793906	52	51	0	500	1810	1.14081	0.857527	1926
169	513494	358	276634	228608	100	90	2.38463	0.793906	52	51	0	500	1810	1.1589	0.869301	1926
170	479736	325	258837	213326	100	90	2.37915	0.793906	52	51	0	500	1810	1.17879	0.882943	1926
171	436344	294	239939	196406	100	90	2.4181	0.793906	52	51	0	500	1810	1.17869	0.877323	1926
172	227290	265	45251.2	182039	100	90	0.0951669	0.793906	52	51	197715	500	1810	1.00275	0.705402	1926
173	597754	235	250450	347304	100	90	0.0726889	0.793906	52	51	197715	500	1810	1.00209	0.699171	1926
174	779206	198	355664	423542	100	90	0.0671472	0.793906	52	51	197715	500	1810	1.00194	0.724158	1926
175	719984	189	343966	376018	100	90	0.0748401	0.793906	52	51	197715	500	1810	1.00213	0.769572	1926
176	832886	173	419714	413172	100	90	0.0908944	0.793906	52	51	197715	500	1810	1.00263	0.777016	1926
177	959581	3174	490112	469469	100	90	1.18969	0.793906	52	51	197715	500	1810	1.00378	0.783752	1926
178	1.0224e+006	2796	525499	496896	100	90	1.45999	0.793906	52	51	197715	500	1810	1.0051	0.795591	1926
179	1.01671e+006	2182	527890	488824	100	90	1.47673	0.793906	52	51	197715	500	1810	1.00658	0.796962	1926
180	758147	1934	270117	488029	100	90	1.52002	0.793906	48	51	197715	500	1810	1.08696	0.948985	1926
181	858175	1623	378882	468884	100	90	0.8199	0.793906	52	51	0	500	1810	1.03542	0.75559	1926
182	1.00375e+006	1396	479748	508959	100	90	0.685015	0.793906	52	51	0	500	1810	1.02596	0.734025	1926
183	1.12475e+006	1135	554710	553985	100	90	0.624879	0.793906	52	51	0	500	1810	1.02486	0.735751	1926
184	1.16509e+006	936	582838	567390	100	90	0.639982	0.793906	52	51	0	500	1810	1.02604	0.752485	1926
185	1.13689e+006	861	578840	545216	100	90	0.704928	0.793906	52	51	0	500	1810	1.02884	0.766456	1926
186	1.13231e+006	1746	591604	540709	100	90	1.3979	0.793906	52	51	0	500	1810	1.02872	0.766779	1926
187	1.10961e+006	1542	585798	523809	100	90	1.57097	0.793906	52	51	0	500	1810	1.03519	0.760387	1926
188	1.08264e+006	1458	576058	506578	100	90	1.7775	0.793906	52	51	0	500	1810	1.03506	0.748954	1926
189	1.03573e+006	1216	555557	480170	100	90	1.87681	0.793906	52	51	0	500	1810	1.04092	0.754401	1926
190	969732	1022	522815	446917	100	90	1.98346	0.793906	52	51	0	500	1810	1.04727	0.763764	1926
191	920280	885	497670	422610	100	90	2.04561	0.793906	52	51	0	500	1810	1.05633	0.770302	1926
192	896197	799	486283	409914	100	90	2.12341	0.793906	52	51	0	500	1810	1.06358	0.768041	1926
193	854187	724	463813	390373	100	90	2.16775	0.793906	52	51	0	500	1810	1.07453	0.771955	1926
194	758048	608	412123	345925	100	90	2.2402	0.793906	52	51	0	500	1810	1.08564	0.769748	1926
195	691119	537	377343	313776	100	90	2.27001	0.793906	52	51	0	500	1810	1.09936	0.770833	1926
196	669055	493	361715	300724	100	90	2.31995	0.793906	52	51	0	500	1810	1.11957	0.789256	1926
197	649648	468	349311	288808	100	90	2.36048	0.793906	52	51	0	500	1810	1.11937	0.779476	1926
198	623517	435	334768	276827	100	90	2.39488	0.793906	52	51	0	500	1810	1.12771	0.779097	1926
199	581735	399	312741	257988	100	90	2.41547	0.793906	52	51	0	500	1810	1.12888	0.76943	1926
200	547664	370	295240	242352	100	90	2.42983	0.793906	52	51	0	500	1810	1.12794	0.776204	1926
201	510653	343	280924	229729	100	90	2.40488	0.793906	52	51	0	500	1810	1.14045	0.796923	1926
202	252040	307	48849	203191	100	90	0.111398	0.793906	52	51	232567	500	1810	1.00279	0.676377	1926
203	607103	272	250705	356398	100	90	0.0821484	0.793906	52	51	232567	500	1810	1.0021	0.670957	1926
204	818007	241	369616	448391	100	90	0.079145	0.793906	52	51	232567	500	1810	1.00217	0.69501	1926
205	760804	228	360705	400100	100	90	0.0873366	0.793906	52	51	232567	500	1810	1.00279	0.735077	1926
206	855434	212	428959	426475	100	90	0.109142	0.793906	52	51	232567	500	1810	1.00367	0.739202	1926
207	989124	3333	505732	483392	100	90	1.24076	0.793906	52	51	232567	500	1810	1.00467	0.75461	1926
208	735177	2698	240624	494552	100	90	1.45033	0.793906	52	51	232567	500	1810	1.00792	0.765251	1926
209	782376	2180	315481	466894	100	90	1.52858	0.793906	52	51	232567	500	1810	1.0105	0.758903	1926
210	681813	1933	203859	477953	100	90	1.62667	0.793906	49	51	232567	500	1810	1.10033	0.919271	1926
211	775553	1546	314955	451931	100	90	0.74458	0.793906	52	51	0	500	1810	1.03392	0.724882	1926
212	938646	1275	430714	496723	100	90	0.602367	0.793906	52	51	0	500	1810	1.02616	0.712888	1926
213	1.09868e+006	1086	530671	553750	100	90	0.578416	0.793906	52	51	0	500	1810	1.02358	0.716665	1926
214	1.13258e+006	924	560515	558406	100	90	0.622095	0.793906	52	51	0	500	1810	1.02695	0.743479	1926
215	1.10477e+006	840	559609	533566	100	90	0.685223	0.793906	52	51	0	500	1810	1.02992	0.770081	1926
216	1.13542e+006	1884	590440	544983	100	90	1.42732	0.793906	52	51	0	500	1810	1.03401	0.78009	1926
217	1.13964e+006	1749	597764	541872	100	90	1.62125	0.793906	52	51	0	500	1810	1.03428	0.775039	1926
218	1.12571e+006	1589	594704	531008	100	90	1.75609	0.793906	52	51	0	500	1810	1.03502	0.760772	1926
219	1.06197e+006	1255	566318	495654	100	90	1.83446	0.793906	52	51	0	500	1810	1.04181	0.751017	1926
220	1.01079e+006	1058	542727	468065	100	90	1.88185	0.793906	52	51	0	500	1810	1.0523	0.755556	1926
221	959910	920	518175	441734	100	90	1.93921	0.793906	52	51	0	500	1810	1.06457	0.762222	1926
222	918773	822	497655	421118	100	90	2.02716	0.793906	52	51	0	500	1810	1.07944	0.767702	1926
223	816306	695	443431	372875	100	90	2.11518	0.793906	52	51	0	500	1810	1.10263	0.800591	1926
224	789000	650	429313	359687	100	90	2.1721	0.793906	52	51	0	500	1810	1.12264	0.808847	1926
225	761089	612	415641	345448	100	90	2.21853	0.793906	52	51	0	500	1810	1.13562	0.832487	1926
226	695523	548	377133	312121	100	90	2.25929	0.793906	52	51	0	500	1810	1.14802	0.83174	1926
227	665724	514	358353	296621	100	90	2.27837	0.793906	52	51	0	500	1810	1.15327	0.831622	1926
228	625450	476	337432	277817	100	90	2.25518	0.793906	52	51	0	500	1810	1.16531	0.844944	1926
229	594903	438	321541	263365	100	90	2.27274	0.793906	52	51	0	500	1810	1.17873	0.85396	1926
230	540313	392	292565	238685	100	90	2.25395	0.793906	52	51	0	500	1810	1.17839	0.850416	1926
231	493277	362	272331	220946	100	90	2.21444	0.793906	52	51	0	500	1810	1.20109	0.873494	1926
232	252260	318	51194.3	201066	100	90	0.111812	0.793906	52	51	223262	500	1810	1.00377	0.713908	1926
233	606803	296	252720	354082	100	90	0.0885478	0.793906	52	51	223262	500	1810	1.00291	0.709462	1926
234	832360	276	378837	453523	100	90	0.0904136	0.793906	52	51	223262	500	1810	1.0031	0.721	1926
235	772690	248	367490	405200	100	90	0.0937545	0.793906	52	51	223262	500	1810	1.00385	0.748264	1926
236	839551	223	420956	418594	100	90	0.109939	0.793906	52	51	223262	500	1810	1.00465	0.756447	1926
237	970658	3153	493850	476808	100	90	1.14023	0.793906	52	51	223262	500	1810	1.00557	0.764383	1926
238	1.01851e+006	2638	522505	496003	100	90	1.35707	0.793906	52	51	223262	500	1810	1.00817	0.769295	1926
239	1.03204e+006	2161	535784	496252	100	90	1.40221	0.793906	52	51	223262	500	1810	1.01088	0.765808	1926
240	776441	1969	276709	499732	100	90	1.49347	0.793906	49	51	223262	500	1810	1.10112	0.934704	1926
241	864889	1590	381100	474303	100	90	0.799039	0.793906	52	51	0	500	1810	1.04131	0.762686	1926
242	995572	1337	475012	507171	100	90	0.663626	0.793906	52	51	0	500	1810	1.03072	0.749541	1926
243	1.10136e+006	1089	543043	544102	100	90	0.591748	0.793906	52	51	0	500	1810	1.02822	0.742607	1926
244	1.15362e+006	902	578883	561816	100	90	0.602954	0.793906	52	51	0	500	1810	1.03063	0.757508	1926
245	1.13864e+006	835	580348	547087	100	90	0.671921	0.793906	52	51	0	500	1810	1.03308	0.770694	1926
246	1.13288e+006	1803	591330	541549	100	90	1.37383	0.793906	52	51	0	500	1810	1.03442	0.76868	1926
247	1.15771e+006	1779	610066	547647	100	90	1.54245	0.793906	52	51	0	500	1810	1.03503	0.764824	1926
248	1.11527e+006	1618	592567	522703	100	90	1.69141	0.793906	52	51	0	500	1810	1.03854	0.760377	1926
249	788052	1357	281096	506956	100	90	1.79041	0.793906	52	51	0	500	1810	1.0433	0.761833	1926
250	851468	1193	369816	481652	100	90	1.89744	0.793906	52	51	0	500	1810	1.04719	0.762393	1926
251	858591	1011	418141	440450	100	90	1.94854	0.793906	52	51	0	500	1810	1.06406	0.778002	1926
252	834173	852	429613	404560	100	90	2.03316	0.793906	52	51	0	500	1810	1.07902	0.783493	1926
253	816569	751	432108	384461	100	90	2.11484	0.793906	52	51	0	500	1810	1.1	0.793478	1926
254	758492	651	406414	352077	100	90	2.11732	0.793906	52	51	0	500	1810	1.1255	0.816038	1926
255	704620	574	380475	324146	100	90	2.14118	0.793906	52	51	0	500	1810	1.12844	0.814617	1926
256	638691	498	343044	288821	100	90	2.15763	0.793906	52	51	0	500	1810	1.15217	0.836478	1926
257	605917	449	324043	270808	100	90	2.14195	0.793906	52	51	0	500	1810	1.16532	0.837209	1926
258	584814	420	313195	260454	100	90	2.19664	0.793906	52	51	0	500	1810	1.16	0.820707	1926
259	562791	402	301663	250281	100	90	2.24711	0.793906	52	51	0	500	1810	1.14455	0.808	1926
260	495519	330	266344	219256	100	90	2.25924	0.793906	52	51	0	500	1810	1.15698	0.81877	1926
261	442317	293	243621	198696	100	90	2.26764	0.793906	52	51	0	500	1810	1.15461	0.811111	1926
262	231653	268	42410.3	189243	100	90	0.0946714	0.793906	52	51	204033	500	1810	1.00236	0.659312	1926
263	594221	248	243865	350356	100	90	0.0747435	0.793906	51	51	204033	500	1810	1.00203	0.656081	1926
264	827054	217	374405	452649	100	90	0.0699743	0.793906	51	51	204033	500	1810	1.00215	0.67422	1926
265	772507	188	366313	406194	100	90	0.0702875	0.793906	51	51	204033	500	1810	1.00239	0.697378	1926
266	836596	177	418097	418498	100	90	0.0863666	0.793906	51	51	204033	500	1810	1.00339	0.710795	1926
267	933462	3211	476296	457165	100	90	1.13915	0.793906	51	51	204033	500	1810	1.00556	0.729532	1926
268	1.02329e+006	2838	527717	495574	100	90	1.37206	0.793906	51	51	204033	500	1810	1.0082	0.739362	1926
269	1.00353e+006	2169	522255	481277	100	90	1.44322	0.793906	51	51	204033	500	1810	1.01139	0.743883	1926
270	729361	1803	260582	468779	100	90	1.51671	0.793906	50	51	204033	500	1810	1.09404	0.902466	1926
271	784943	1396	348477	427941	100	90	0.73037	0.793906	52	51	0	500	1810	1.03374	0.703236	1926
272	923737	1202	444900	466890	100	90	0.589356	0.793906	52	51	0	500	1810	1.02531	0.699312	1926
273	1.07663e+006	1020	533611	529159	100	90	0.548742	0.793906	52	51	0	500	1810	1.02408	0.697194	1926
274	1.1383e+006	864	571728	553897	100	90	0.572615	0.793906	52	51	0	500	1810	1.02663	0.704858	1926
275	1.12938e+006	808	577164	541084	100	90	0.639757	0.793906	52	51	0	500	1810	1.02945	0.723056	1926
276	1.11443e+006	1742	582935	531499	100	90	1.29814	0.793906	52	51	0	500	1810	1.03132	0.726172	1926
277	1.12112e+006	1687	592692	528432	100	90	1.49752	0.793906	52	51	0	500	1810	1.03563	0.730126	1926
278	1.09514e+006	1564	583203	511938	100	90	1.66837	0.793906	52	51	0	500	1810	1.03859	0.722727	1926
279	1.06033e+006	1278	568904	491428	100	90	1.77596	0.793906	52	51	0	500	1810	1.04985	0.729449	1926
280	1.00373e+006	1075	542177	461552	100	90	1.81858	0.793906	52	51	0	500	1810	1.05629	0.728395	1926
281	951256	921	516475	434781	100	90	1.88968	0.793906	52	51	0	500	1810	1.06406	0.718715	1926
282	904388	815	492225	412163	100	90	1.94357	0.793906	52	51	0	500	1810	1.07593	0.734591	1926
283	843184	716	459888	383296	100	90	2.00409	0.793906	52	51	0	500	1810	1.08549	0.735632	1926
284	776933	625	425149	351783	100	90	2.0591	0.793906	52	51	0	500	1810	1.09973	0.753311	1926
285	710945	549	389918	321027	100	90	2.09394	0.793906	52	51	0	500	1810	1.1234	0.782609	1926
286	631866	464	343462	281930	100	90	2.11256	0.793906	52	51	0	500	1810	1.15324	0.815315	1926
287	595776	420	321109	263237	100	90	2.16048	0.793906	52	51	0	500	1810	1.16742	0.811083	1926
288	524838	361	282816	231580	100	90	2.18178	0.793906	52	51	0	500	1810	1.17962	0.843658	1926
289	486731	325	263208	213679	100	90	2.23487	0.793906	52	51	0	500	1810	1.17593	0.839465	1926
290	460040	304	249468	201479	100	90	2.23915	0.793906	52	51	0	500	1810	1.18456	0.845324	1926
291	422123	283	233610	188513	100	90	2.26699	0.793906	52	51	0	500	1810	1.19414	0.839216	1926
292	220538	268	40900.5	179637	100	90	0.0921318	0.793906	52	51	195534	500	1810	1.00279	0.683455	1926
293	598000	254	248027	349972	100	90	0.0750687	0.793906	52	51	195534	500	1810	1.0021	0.676505	1926
294	799872	225	362888	436984	100	90	0.0731071	0.793906	52	51	195534	500	1810	1.0024	0.705426	1926
295	751528	196	357986	393542	100	90	0.072755	0.793906	52	51	195534	500	1810	1.00235	0.732576	1926
296	850459	180	426670	423790	100	90	0.0874926	0.793906	52	51	195534	500	1810	1.00347	0.741497	1926
297	998005	3461	508859	489146	100	90	1.17711	0.793906	52	51	195534	500	1810	1.00477	0.74252	1926
298	1.02922e+006	2815	528537	500683	100	90	1.33681	0.793906	52	51	195534	500	1810	1.00675	0.749929	1926
299	1.05599e+006	2259	548525	507460	100	90	1.38271	0.793906	52	51	195534	500	1810	1.00793	0.748044	1926
300	793156	1999	281791	511366	100	90	1.4432	0.793906	48	51	195534	500	1810	1.08983	0.906566	1926
301	882080	1637	388732	483453	100	90	0.818926	0.793906	52	51	0	500	1810	1.03742	0.723309	1926
302	977471	1315	467644	495796	100	90	0.652958	0.793906	52	51	0	500	1810	1.02765	0.710466	1926
303	1.10205e+006	1100	545155	541466	100	90	0.59103	0.793906	52	51	0	500	1810	1.02477	0.704255	1926
304	1.17586e+006	961	590558	570274	100	90	0.622744	0.793906	52	51	0	500	1810	1.02783	0.722383	1926
305	1.14942e+006	882	587375	549091	100	90	0.678123	0.793906	52	51	0	500	1810	1.02914	0.746414	1926
306	1.11821e+006	1752	586050	532164	100	90	1.30944	0.793906	52	51	0	500	1810	1.02942	0.748283	1926
307	1.11685e+006	1628	591361	525487	100	90	1.52483	0.793906	52	51	0	500	1810	1.03484	0.746117	1926
308	1.08311e+006	1528	576757	506356	100	90	1.70734	0.793906	52	51	0	500	1810	1.03767	0.75	1926
309	1.04517e+006	1273	560702	484468	100	90	1.81527	0.793906	52	51	0	500	1810	1.04807	0.761409	1926
310	978735	1041	527825	450910	100	90	1.86871	0.793906	52	51	0	500	1810	1.05544	0.755382	1926
311	919657	893	497975	421681	100	90	1.9095	0.793906	52	51	0	500	1810	1.0621	0.756849	1926
312	843406	750	458084	385323	100	90	1.95368	0.793906	52	51	0	500	1810	1.06852	0.74966	1926
313	786151	665	427803	358348	100	90	1.98195	0.793906	52	51	0	500	1810	1.0814	0.76935	1926
314	722002	569	393616	328387	100	90	2.0525	0.793906	52	51	0	500	1810	1.09249	0.768116	1926
315	706324	536	385654	320670	100	90	2.13145	0.793906	52	51	0	500	1810	1.1	0.762183	1926
316	667997	497	360956	299764	100	90	2.14768	0.793906	52	51	0	500	1810	1.12386	0.774059	1926
317	652660	468	350567	290252	100	90	2.14763	0.793906	52	51	0	500	1810	1.14314	0.788889	1926
318	593017	420	317819	264185	100	90	2.1824	0.793906	52	51	0	500	1810	1.15124	0.778338	1926
319	548394	378	293782	244207	100	90	2.19991	0.793906	52	51	0	500	1810	1.15617	0.8017	1926
320	484271	326	259994	215532	100	90	2.1909	0.793906	52	51	0	500	1810	1.1585	0.803922	1926
321	438227	296	240014	198213	100	90	2.23784	0.793906	52	51	0	500	1810	1.1755	0.828467	1926
322	234018	273	43804.3	190214	100	90	0.094368	0.793906	52	51	201912	500	1810	1.00282	0.660839	1926
323	613034	263	253519	359516	100	90	0.0784296	0.793906	52	51	201912	500	1810	1.0024	0.65752	1926
324	778686	221	353633	425053	100	90	0.0718439	0.793906	52	51	201912	500	1810	1.00236	0.682412	1926
325	714578	182	341806	372772	100	90	0.0693123	0.793906	52	51	201912	500	1810	1.00242	0.721369	1926
326	845285	167	426710	418575	100	90	0.0850463	0.793906	52	51	201912	500	1810	1.00344	0.727951	1926
327	978858	3334	499774	479084	100	90	1.1603	0.793906	52	51	201912	500	1810	1.00474	0.740172	1926
328	1.02218e+006	2713	525135	497047	100	90	1.33211	0.793906	52	51	201912	500	1810	1.00628	0.752557	1926
329	1.05214e+006	2185	546247	505891	100	90	1.34308	0.793906	52	51	201912	500	1810	1.00784	0.75	1926
330	787806	2025	280078	507728	100	90	1.46258	0.793906	50	51	201912	500	1810	1.08629	0.903435	1926
331	856231	1598	377291	469149	100	90	0.79609	0.793906	52	51	0	500	1810	1.03587	0.707044	1926
332	980465	1326	468278	498794	100	90	0.648262	0.793906	52	51	0	500	1810	1.02676	0.691716	1926
333	1.11851e+006	1120	551999	550842	100	90	0.601039	0.793906	52	51	0	500	1810	1.02585	0.697642	1926
334	1.1493e+006	957	576430	558137	100	90	0.642307	0.793906	52	51	0	500	1810	1.02965	0.719845	1926
335	1.15202e+006	938	589003	549611	100	90	0.741833	0.793906	52	51	0	500	1810	1.03245	0.743549	1926
336	1.14191e+006	1728	598943	542971	100	90	1.32852	0.793906	52	51	0	500	1810	1.03433	0.741963	1926
337	1.14953e+006	1684	607112	542414	100	90	1.52432	0.793906	52	51	0	500	1810	1.04009	0.744522	1926
338	1.12809e+006	1542	599430	528657	100	90	1.69808	0.793906	52	51	0	500	1810	1.04353	0.747502	1926
339	1.07642e+006	1262	575660	500759	100	90	1.79618	0.793906	52	51	0	500	1810	1.0451	0.739837	1926
340	1.00712e+006	1077	543083	464035	100	90	1.83246	0.793906	52	51	0	500	1810	1.04331	0.73814	1926
341	962695	941	520895	441799	100	90	1.89015	0.793906	52	51	0	500	1810	1.04985	0.745375	1926
342	920897	842	500056	420841	100	90	1.94603	0.793906	52	51	0	500	1810	1.05079	0.747266	1926
343	881087	758	479725	401362	100	90	2.01161	0.793906	52	51	0	500	1810	1.06506	0.758435	1926
344	828300	680	451712	376588	100	90	2.06949	0.793906	52	51	0	500	1810	1.08571	0.777108	1926
345	756995	596	413266	343729	100	90	2.102	0.793906	52	51	0	500	1810	1.09545	0.793814	1926
346	725688	555	393193	325452	100	90	2.13716	0.793906	52	51	0	500	1810	1.11148	0.81378	1926
347	683451	509	367428	304021	100	90	2.16833	0.793906	52	51	0	500	1810	1.12637	0.837728	1926
348	606561	430	325666	269569	100	90	2.18975	0.793906	52	51	0	500	1810	1.13053	0.821256	1926
349	581414	407	312691	257893	100	90	2.24765	0.793906	52	51	0	500	1810	1.13107	0.812987	1926
350	515243	354	277380	228041	100	90	2.25263	0.793906	52	51	0	500	1810	1.1532	0.824242	1926
351	470178	323	258556	211623	100	90	2.26073	0.793906	52	51	0	500	1810	1.15031	0.829431	1926
352	246036	307	46425	199611	100	90	0.103688	0.793906	52	51	216479	500	1810	1.00267	0.656271	1926
353	624669	276	258368	366301	100	90	0.0799929	0.793906	52	51	216479	500	1810	1.00197	0.652141	1926
354	808766	248	364992	443773	100	90	0.078787	0.793906	52	51	216479	500	1810	1.00213	0.675957	1926
355	748659	224	355165	393494	100	90	0.0816431	0.793906	52	51	216479	500	1810	1.00252	0.722542	1926
356	863744	200	433878	429866	100	90	0.0967173	0.793906	52	51	216479	500	1810	1.00322	0.728575	1926
357	988753	3423	505050	483703	100	90	1.18992	0.793906	52	51	216479	500	1810	1.00528	0.745121	1926
358	1.05734e+006	2873	543389	513953	100	90	1.38001	0.793906	52	51	216479	500	1810	1.00634	0.762236	1926
359	1.04256e+006	2252	541710	500850	100	90	1.43987	0.793906	52	51	216479	500	1810	1.00878	0.763344	1926
360	765650	1922	273279	492371	100	90	1.4823	0.793906	47	51	216479	500	1810	1.09528	0.918721	1926
361	843802	1536	372174	462139	100	90	0.74455	0.793906	52	51	0	500	1810	1.03386	0.715945	1926
362	985006	1306	469482	501989	100	90	0.624755	0.793906	52	51	0	500	1810	1.02493	0.707119	1926
363	1.10727e+006	1081	544964	547209	100	90	0.565457	0.793906	52	51	0	500	1810	1.02264	0.703704	1926
364	870753	935	290549	579315	100	90	0.593021	0.793906	52	51	0	500	1810	1.02533	0.723175	1926
365	949573	867	389773	559033	100	90	0.643849	0.793906	52	51	0	500	1810	1.02733	0.74157	1926
366	1.05186e+006	1919	487659	564203	100	90	1.34401	0.793906	52	51	0	500	1810	1.02946	0.749174	1926
367	804247	1819	253457	550790	100	90	1.5288	0.793906	52	51	0	500	1810	1.03423	0.75561	1926
368	852355	1690	346336	506018	100	90	1.69382	0.793906	52	51	0	500	1810	1.03811	0.759226	1926
369	946311	1446	441373	504938	100	90	1.77946	0.793906	52	51	0	500	1810	1.04354	0.758304	1926
370	971054	1195	484555	486499	100	90	1.85775	0.793906	52	51	0	500	1810	1.04991	0.753002	1926
371	989186	1057	513117	476070	100	90	1.91595	0.793906	52	51	0	500	1810	1.05704	0.748788	1926
372	942703	918	499072	443631	100	90	1.93857	0.793906	52	51	0	500	1810	1.06739	0.753898	1926
373	921645	834	493065	428580	100	90	1.98813	0.793906	52	51	0	500	1810	1.08061	0.769988	1926
374	865575	735	465342	400233	100	90	2.0251	0.793906	52	51	0	500	1810	1.09162	0.779184	1926
375	792559	640	428137	364422	100	90	2.04248	0.793906	52	51	0	500	1810	1.10105	0.779388	1926
376	723968	563	389611	327394	100	90	2.08644	0.793906	52	51	0	500	1810	1.10156	0.777574	1926
377	664565	506	355961	297706	100	90	2.0928	0.793906	52	51	0	500	1810	1.12143	0.809426	1926
378	626062	467	335768	279747	100	90	2.11749	0.793906	52	51	0	500	1810	1.13147	0.829978	1926
379	565574	409	304803	251703	100	90	2.10848	0.793906	52	51	0	500	1810	1.13594	0.832487	1926
380	529972	378	286360	235428	100	90	2.17227	0.793906	52	51	0	500	1810	1.14883	0.840336	1926
381	486567	343	267112	219455	100	90	2.17328	0.793906	52	51	0	500	1810	1.16092	0.849231	1926
382	237323	296	43403.5	193919	100	90	0.172173	0.793906	52	51	224405	500	1810	1.00551	0.595123	1926
383	436408	271	169041	267367	100	90	0.115053	0.793906	52	51	224405	500	1810	1.00384	0.585836	1926
384	773994	239	357359	416635	100	90	0.109118	0.793906	52	51	224405	500	1810	1.00357	0.591743	1926
385	977297	219	464681	512616	100	90	0.115495	0.793906	52	51	224405	500	1810	1.00409	0.599572	1926
386	987319	181	478839	508480	100	90	0.117181	0.793906	52	51	224405	500	1810	1.00402	0.615021	1926
387	1.00101e+006	2636	498360	502649	100	90	1.11821	0.793906	52	51	224405	500	1810	1.00528	0.645945	1926
388	1.05787e+006	2268	535789	522082	100	90	1.20357	0.793906	52	51	224405	500	1810	1.00596	0.65802	1926
389	1.11962e+006	1864	574670	544949	100	90	1.27987	0.793906	51	51	224405	500	1810	1.00791	0.66519	1926
390	826423	1737	291165	535258	100	90	1.40301	0.793906	49	51	224405	500	1810	1.10754	0.87007	1926
391	910701	1409	401269	504904	100	90	1.107	0.793906	52	51	0	500	1810	1.07744	0.726092	1926
392	982828	1176	472349	503534	100	90	0.96593	0.793906	52	51	0	500	1810	1.06232	0.682472	1926
393	1.04558e+006	977	524339	513840	100	90	0.900698	0.793906	52	51	0	500	1810	1.06028	0.66992	1926
394	1.10987e+006	825	567768	535033	100	90	0.934425	0.793906	52	51	0	500	1810	1.06373	0.673205	1926
395	1.13943e+006	784	588513	544843	100	90	1.0356	0.793906	52	51	0	500	1810	1.06788	0.67443	1926
396	1.17265e+006	1325	613808	558842	100	90	1.67169	0.793906	52	51	0	500	1810	1.08086	0.691106	1926
397	1.17858e+006	1256	620734	557851	100	90	1.80745	0.793906	52	51	0	500	1810	1.08744	0.69985	1926
398	1.15242e+006	1172	610780	541637	100	90	1.91263	0.793906	52	51	0	500	1810	1.09792	0.722222	1926
399	1.09582e+006	976	584721	511095	100	90	1.92354	0.793906	52	51	0	500	1810	1.10389	0.724544	1926
400	1.06328e+006	855	569906	493370	100	90	1.91649	0.793906	52	51	0	500	1810	1.10818	0.726829	1926
401	1.02992e+006	773	554366	475549	100	90	1.9446	0.793906	52	51	0	500	1810	1.12826	0.748982	1926
402	945454	673	510169	435285	100	90	1.97853	0.793906	52	51	0	500	1810	1.13968	0.760938	1926
403	897906	609	485906	412000	100	90	1.98822	0.793906	52	51	0	500	1810	1.15664	0.746988	1926
404	801747	521	434172	367576	100	90	1.98936	0.793906	52	51	0	500	1810	1.16835	0.754032	1926
405	759499	469	411661	347838	100	90	2.00052	0.793906	52	51	0	500	1810	1.18945	0.77027	1926
406	733492	439	391091	330382	100	90	2.04405	0.793906	52	51	0	500	1810	1.21133	0.787805	1926
407	715020	417	376402	318006	100	90	2.08992	0.793906	52	51	0	500	1810	1.24515	0.813648	1926
408	642104	361	337580	285272	100	90	2.14637	0.793906	52	51	0	500	1810	1.2191	0.779141	1926
409	586999	323	309471	260401	100	90	2.17693	0.793906	52	51	0	500	1810	1.22045	0.822917	1926
410	526076	283	278217	232870	100	90	2.13864	0.793906	52	51	0	500	1810	1.21168	0.831325	1926
411	472067	264	257288	214779	100	90	2.15717	0.793906	52	51	0	500	1810	1.23293	0.834783	1926
412	244375	236	43867.2	200508	100	90	0.0887865	0.793906	52	51	215479	500	1810	1.00351	0.654603	1926
413	577605	206	233846	343759	100	90	0.064686	0.793906	52	51	215479	500	1810	1.00254	0.650157	1926
414	882431	195	395217	487214	100	90	0.0663828	0.793906	52	51	215479	500	1810	1.00252	0.659881	1926
415	864596	181	403157	461439	100	90	0.0711801	0.793906	52	51	215479	500	1810	1.00276	0.687389	1926
416	840854	160	412592	428262	100	90	0.0784407	0.793906	52	51	215479	500	1810	1.00399	0.70827	1926
417	949535	3111	478925	470610	100	90	1.07418	0.793906	52	51	215479	500	1810	1.00512	0.721391	1926
418	1.06218e+006	2819	541525	520652	100	90	1.31821	0.793906	52	51	215479	500	1810	1.0075	0.728249	1926
419	1.08858e+006	2251	559473	529103	100	90	1.43356	0.793906	52	51	215479	500	1810	1.01112	0.734162	1926
420	794924	1843	278973	515951	100	90	1.53416	0.793906	49	51	215479	500	1810	1.08137	0.85558	1926
421	891317	1539	388557	496789	100	90	0.88661	0.793906	52	51	0	500	1810	1.03519	0.719586	1926
422	989642	1274	470151	510986	100	90	0.715052	0.793906	52	51	0	500	1810	1.0264	0.705975	1926
423	1.1101e+006	1038	547985	553380	100	90	0.641309	0.793906	52	51	0	500	1810	1.02501	0.700432	1926
424	1.19618e+006	896	600165	587393	100	90	0.686973	0.793906	52	51	0	500	1810	1.02681	0.700473	1926
425	1.17744e+006	802	599495	570465	100	90	0.728588	0.793906	52	51	0	500	1810	1.02902	0.709846	1926
426	1.18888e+006	1740	615971	572913	100	90	1.4565	0.793906	52	51	0	500	1810	1.03013	0.717766	1926
427	1.17897e+006	1633	617151	561821	100	90	1.57317	0.793906	52	51	0	500	1810	1.03593	0.717044	1926
428	1.14041e+006	1465	602358	538056	100	90	1.7008	0.793906	52	51	0	500	1810	1.03839	0.696044	1926
429	1.11566e+006	1214	593483	522182	100	90	1.79084	0.793906	52	51	0	500	1810	1.0473	0.699916	1926
430	1.02586e+006	979	549650	476214	100	90	1.87212	0.793906	52	51	0	500	1810	1.05324	0.704357	1926
431	954396	830	514940	439456	100	90	1.95284	0.793906	52	51	0	500	1810	1.06789	0.720732	1926
432	908461	726	491394	417068	100	90	1.99198	0.793906	52	51	0	500	1810	1.07827	0.730447	1926
433	857022	649	464083	392938	100	90	2.05436	0.793906	52	51	0	500	1810	1.09681	0.743711	1926
434	782723	563	424915	357808	100	90	2.08163	0.793906	52	51	0	500	1810	1.10756	0.746812	1926
435	737300	501	400600	336699	100	90	2.12362	0.793906	52	51	0	500	1810	1.12371	0.757261	1926
436	689991	446	369924	310177	100	90	2.1272	0.793906	52	51	0	500	1810	1.14172	0.777251	1926
437	660391	416	350222	293603	100	90	2.13088	0.793906	52	51	0	500	1810	1.16411	0.814433	1926
438	619609	374	328515	274786	100	90	2.18269	0.793906	52	51	0	500	1810	1.17043	0.801749	1926
439	594123	351	316232	262635	100	90	2.21584	0.793906	52	51	0	500	1810	1.16621	0.799373	1926
440	586344	343	312110	259519	100	90	2.26178	0.793906	52	51	0	500	1810	1.16374	0.790164	1926
441	538177	319	293972	244205	100	90	2.28409	0.793906	52	51	0	500	1810	1.1619	0.778947	1926
442	269692	281	47581.4	222111	100	90	0.108916	0.793906	52	51	248435	500	1810	1.00335	0.658929	1926
443	591572	240	235271	356301	100	90	0.074688	0.793906	51	51	248435	500	1810	1.00221	0.65137	1926
444	847107	220	376434	470673	100	90	0.0746478	0.793906	51	51	248435	500	1810	1.00212	0.665757	1926
445	819843	189	382671	437172	100	90	0.0748456	0.793906	51	51	248435	500	1810	1.0023	0.697449	1926
446	838752	162	412828	425925	100	90	0.0832384	0.793906	51	51	248435	500	1810	1.00289	0.708784	1926
447	956018	3197	484485	471533	100	90	1.13724	0.793906	51	51	248435	500	1810	1.00418	0.720601	1926
448	1.01895e+006	2727	521025	497930	100	90	1.35925	0.793906	51	51	248435	500	1810	1.00598	0.727543	1926
449	1.04295e+006	2172	538220	504726	100	90	1.45312	0.793906	51	51	248435	500	1810	1.00865	0.73737	1926
450	757636	1779	268012	489625	100	90	1.52293	0.793906	50	51	248435	500	1810	1.08336	0.873303	1926
451	866512	1483	382476	476795	100	90	0.805231	0.793906	52	51	0	500	1810	1.03004	0.70866	1926
452	1.00005e+006	1257	477952	511393	100	90	0.666587	0.793906	52	51	0	500	1810	1.02247	0.702058	1926
453	1.1069e+006	1040	547834	547751	100	90	0.612609	0.793906	52	51	0	500	1810	1.02108	0.694394	1926
454	1.15795e+006	881	581173	565977	100	90	0.634252	0.793906	52	51	0	500	1810	1.02258	0.70701	1926
455	1.15495e+006	818	588579	557254	100	90	0.714433	0.793906	52	51	0	500	1810	1.02593	0.723043	1926
456	1.1562e+006	1734	601713	554488	100	90	1.45699	0.793906	52	51	0	500	1810	1.02921	0.726282	1926
457	1.12365e+006	1594	589360	534287	100	90	1.5958	0.793906	52	51	0	500	1810	1.03123	0.732754	1926
458	1.13445e+006	1460	599114	535332	100	90	1.72156	0.793906	52	51	0	500	1810	1.03803	0.73152	1926
459	1.08489e+006	1222	577251	507640	100	90	1.82888	0.793906	52	51	0	500	1810	1.04724	0.736053	1926
460	1.02507e+006	1016	548299	476767	100	90	1.89135	0.793906	52	51	0	500	1810	1.05477	0.739698	1926
461	673688	847	244604	429084	100	90	1.93465	0.793906	52	51	0	500	1810	1.06514	0.746394	1926
462	685289	720	300625	384664	100	90	2.00696	0.793906	52	51	0	500	1810	1.08004	0.76204	1926
463	702647	630	344196	358451	100	90	2.0389	0.793906	52	51	0	500	1810	1.09103	0.768352	1926
464	682359	558	351936	330423	100	90	2.06046	0.793906	52	51	0	500	1810	1.10329	0.769373	1926
465	468959	487	166549	302410	100	90	2.0553	0.793906	52	51	0	500	1810	1.12652	0.783613	1926
466	503067	444	215463	282479	100	90	2.08873	0.793906	52	51	0	500	1810	1.1517	0.824356	1926
467	522692	403	250024	263527	100	90	2.0865	0.793906	52	51	0	500	1810	1.1693	0.827225	1926
468	499157	353	252374	237332	100	90	2.14634	0.793906	52	51	0	500	1810	1.17204	0.836364	1926
469	497679	337	257006	230386	100	90	2.14411	0.793906	52	51	0	500	1810	1.18497	0.830128	1926
470	471611	312	247357	215043	100	90	2.21655	0.793906	52	51	0	500	1810	1.18123	0.839858	1926
471	448007	300	240852	207155	100	90	2.2231	0.793906	52	51	0	500	1810	1.21053	0.876404	1926
472	256642	296	48312.1	208330	100	90	0.10554	0.793906	52	51	200358	500	1810	1.00338	0.663955	1926
473	607025	270	247225	359800	100	90	0.0825235	0.793906	52	51	200358	500	1810	1.00292	0.659519	1926
474	852828	243	383762	469066	100	90	0.0807885	0.793906	52	51	200358	500	1810	1.00282	0.689415	1926
475	793381	204	374481	418900	100	90	0.0780644	0.793906	51	51	200358	500	1810	1.00304	0.734104	1926
476	849821	183	423575	426246	100	90	0.088571	0.793906	51	51	200358	500	1810	1.00366	0.743756	1926
477	974510	3395	496816	477694	100	90	1.15088	0.793906	51	51	200358	500	1810	1.00516	0.752951	1926
478	1.05387e+006	2818	540880	512991	100	90	1.35679	0.793906	51	51	200358	500	1810	1.00805	0.762334	1926
479	1.02453e+006	2220	529986	494541	100	90	1.43573	0.793906	51	51	200358	500	1810	1.00954	0.763866	1926
480	759301	1872	269169	490132	100	90	1.4959	0.793906	47	51	200358	500	1810	1.08396	0.880927	1926
481	845202	1505	373472	463581	100	90	0.791901	0.793906	52	51	0	500	1810	1.03266	0.70446	1926
482	969446	1274	464408	493254	100	90	0.665677	0.793906	52	51	0	500	1810	1.02429	0.69381	1926
483	1.10993e+006	1095	550758	546073	100	90	0.653156	0.793906	52	51	0	500	1810	1.02326	0.696814	1926
484	1.15528e+006	923	582408	560580	100	90	0.677152	0.793906	52	51	0	500	1810	1.02495	0.714821	1926
485	1.15179e+006	838	590003	551050	100	90	0.734823	0.793906	52	51	0	500	1810	1.02466	0.722923	1926
486	1.13536e+006	1714	594138	541221	100	90	1.40389	0.793906	52	51	0	500	1810	1.02353	0.730602	1926
487	1.12623e+006	1636	595429	530803	100	90	1.56809	0.793906	52	51	0	500	1810	1.02507	0.740471	1926
488	1.09577e+006	1432	583897	511874	100	90	1.69775	0.793906	52	51	0	500	1810	1.02598	0.734752	1926
489	1.08381e+006	1228	581481	502328	100	90	1.79552	0.793906	52	51	0	500	1810	1.03419	0.735708	1926
490	1.04476e+006	1048	563377	481382	100	90	1.85743	0.793906	52	51	0	500	1810	1.04102	0.72066	1926
491	994292	928	538259	456034	100	90	1.93693	0.793906	52	51	0	500	1810	1.04657	0.726477	1926
492	936196	812	507981	428216	100	90	2.00614	0.793906	52	51	0	500	1810	1.06046	0.73183	1926
493	837832	682	456208	381624	100	90	2.05182	0.793906	52	51	0	500	1810	1.07452	0.738806	1926
494	765336	598	417789	347547	100	90	2.07113	0.793906	52	51	0	500	1810	1.08584	0.755973	1926
495	681830	515	372690	309141	100	90	2.09888	0.793906	52	51	0	500	1810	1.09622	0.764471	1926
496	650739	479	351860	291118	100	90	2.10905	0.793906	52	51	0	500	1810	1.12428	0.809524	1926
497	607591	430	326055	269483	100	90	2.12712	0.793906	52	51	0	500	1810	1.12931	0.808252	1926
498	561554	385	301380	248329	100	90	2.15666	0.793906	52	51	0	500	1810	1.12531	0.803815	1926
499	527619	345	283528	233154	100	90	2.16166	0.793906	52	51	0	500	1810	1.12397	0.795732	1926
500	497363	326	267964	219488	100	90	2.18096	0.793906	52	51	0	500	1810	1.12991	0.792763	1926
501	460289	306	253271	207018	100	90	2.20486	0.793906	52	51	0	500	1810	1.13312	0.802817	1926
502	244303	287	44394.4	199909	100	90	0.10157	0.793906	52	51	212613	500	1810	1.00238	0.655875	1926
503	604923	278	244694	360228	100	90	0.0827275	0.793906	52	51	212613	500	1810	1.00192	0.653599	1926
504	830864	258	373446	457418	100	90	0.0843937	0.793906	52	51	212613	500	1810	1.00212	0.681434	1926
505	789515	226	371735	417780	100	90	0.0853387	0.793906	52	51	212613	500	1810	1.00258	0.71633	1926
506	843977	204	418290	425687	100	90	0.100253	0.793906	52	51	212613	500	1810	1.00345	0.728028	1926
507	946906	3029	479625	467281	100	90	1.10351	0.793906	52	51	212613	500	1810	1.00471	0.734826	1926
508	1.01738e+006	2669	520253	497123	100	90	1.30286	0.793906	51	51	212613	500	1810	1.00679	0.739266	1926
509	1.04212e+006	2141	537962	504155	100	90	1.35992	0.793906	51	51	212613	500	1810	1.0089	0.740229	1926
510	768290	1901	271409	496880	100	90	1.48435	0.793906	50	51	212613	500	1810	1.09233	0.89688	1926
511	840172	1513	368579	463172	100	90	0.779002	0.793906	52	51	0	500	1810	1.03541	0.72243	1926
512	967435	1267	460527	495117	100	90	0.623263	0.793906	52	51	0	500	1810	1.02603	0.702372	1926
513	1.09852e+006	1076	540547	544462	100	90	0.587985	0.793906	52	51	0	500	1810	1.02449	0.70561	1926
514	1.17131e+006	953	585486	572665	100	90	0.66425	0.793906	52	51	0	500	1810	1.03008	0.720921	1926
515	1.15209e+006	878	584983	555887	100	90	0.730448	0.793906	52	51	0	500	1810	1.03418	0.730852	1926
516	1.12097e+006	1780	581994	538972	100	90	1.41679	0.793906	52	51	0	500	1810	1.03652	0.723395	1926
517	1.11995e+006	1632	586849	533103	100	90	1.54086	0.793906	52	51	0	500	1810	1.03799	0.716186	1926
518	1.09576e+006	1487	579631	516134	100	90	1.67111	0.793906	52	51	0	500	1810	1.03733	0.712919	1926
519	1.04926e+006	1217	558951	490310	100	90	1.74821	0.793906	52	51	0	500	1810	1.04482	0.715719	1926
520	967886	985	519523	448364	100	90	1.81709	0.793906	52	51	0	500	1810	1.04865	0.715321	1926
521	945563	887	509882	435681	100	90	1.89951	0.793906	52	51	0	500	1810	1.05682	0.713134	1926
522	908235	801	491114	417121	100	90	1.95357	0.793906	52	51	0	500	1810	1.06115	0.717557	1926
523	850020	707	459922	390097	100	90	2.07072	0.793906	52	51	0	500	1810	1.07809	0.738372	1926
524	760621	606	412199	348422	100	90	2.08646	0.793906	52	51	0	500	1810	1.08599	0.728041	1926
525	721918	550	392137	329781	100	90	2.12457	0.793906	52	51	0	500	1810	1.09637	0.739292	1926
526	484594	492	180552	303252	100	90	2.12931	0.793906	52	51	0	500	1810	1.11935	0.761006	1926
527	491573	420	217032	269319	100	90	2.14445	0.793906	52	51	0	500	1810	1.13305	0.77451	1926
528	496500	378	243738	244727	100	90	2.14946	0.793906	52	51	0	500	1810	1.13702	0.774105	1926
529	487693	349	251213	227574	100	90	2.20248	0.793906	52	51	0	500	1810	1.13859	0.781155	1926
530	476850	326	250887	217648	100	90	2.21644	0.793906	52	51	0	500	1810	1.14454	0.778502	1926
531	452923	302	244251	208672	100	90	2.25729	0.793906	52	51	0	500	1810	1.14839	0.737762	1926
532	230842	271	42323.5	188519	100	90	0.0952753	0.793906	52	51	206651	500	1810	1.00242	0.674306	1926
533	583477	240	243100	340377	100	90	0.0718578	0.793906	52	51	206651	500	1810	1.00167	0.665301	1926
534	791077	210	361068	430009	100	90	0.0678057	0.793906	52	51	206651	500	1810	1.00162	0.699846	1926
535	748115	193	356727	391388	100	90	0.0717063	0.793906	52	51	206651	500	1810	1.00187	0.738765	1926
536	824702	168	413634	411068	100	90	0.0826915	0.793906	52	51	206651	500	1810	1.00225	0.74866	1926
537	957004	3203	487627	469377	100	90	1.08787	0.793906	52	51	206651	500	1810	1.00271	0.750509	1926
538	1.01022e+006	2783	517943	492280	100	90	1.311	0.793906	52	51	206651	500	1810	1.00464	0.769542	1926
539	1.00734e+006	2194	522728	484614	100	90	1.36243	0.793906	52	51	206651	500	1810	1.00555	0.770671	1926
540	757026	1984	270617	486408	100	90	1.47173	0.793906	52	51	206651	500	1810	1.07337	0.88962	1926
541	858540	1626	380849	468148	100	90	0.794045	0.793906	52	51	0	500	1810	1.03051	0.718287	1926
542	982576	1357	471416	497657	100	90	0.662193	0.793906	52	51	0	500	1810	1.02133	0.70559	1926
543	1.12961e+006	1186	559278	554967	100	90	0.655071	0.793906	52	51	0	500	1810	1.02149	0.711558	1926
544	1.17196e+006	996	589803	567918	100	90	0.664064	0.793906	52	51	0	500	1810	1.02316	0.735511	1926
545	1.14572e+006	903	586429	546810	100	90	0.740718	0.793906	52	51	0	500	1810	1.02629	0.742978	1926
546	1.15298e+006	1717	604684	548298	100	90	1.3844	0.793906	52	51	0	500	1810	1.02995	0.74661	1926
547	1.13247e+006	1577	598797	533670	100	90	1.52137	0.793906	52	51	0	500	1810	1.03467	0.754116	1926
548	1.07166e+006	1417	571573	500084	100	90	1.68738	0.793906	52	51	0	500	1810	1.03448	0.737446	1926
549	1.03625e+006	1181	557014	479231	100	90	1.80896	0.793906	52	51	0	500	1810	1.04494	0.744425	1926
550	996962	1017	538089	458874	100	90	1.87551	0.793906	52	51	0	500	1810	1.05014	0.752239	1926
551	916925	856	496372	420552	100	90	1.94286	0.793906	52	51	0	500	1810	1.06806	0.757396	1926
552	872920	776	473437	399483	100	90	2.03136	0.793906	52	51	0	500	1810	1.07892	0.774278	1926
553	825138	698	448091	377047	100	90	2.05779	0.793906	52	51	0	500	1810	1.08623	0.773723	1926
554	769820	624	418641	351179	100	90	2.0836	0.793906	52	51	0	500	1810	1.10235	0.791191	1926
555	686094	541	373796	312297	100	90	2.13454	0.793906	52	51	0	500	1810	1.1269	0.809886	1926
556	648522	499	349978	291541	100	90	2.15997	0.793906	52	51	0	500	1810	1.14286	0.822547	1926
557	608025	453	325329	270903	100	90	2.20258	0.793906	52	51	0	500	1810	1.15678	0.833724	1926
558	567567	406	303977	252246	100	90	2.21967	0.793906	52	51	0	500	1810	1.1533	0.835079	1926
559	529724	376	283974	235502	100	90	2.23842	0.793906	52	51	0	500	1810	1.15681	0.84	1926
560	477775	335	256276	212370	100	90	2.25545	0.793906	52	51	0	500	1810	1.17109	0.85342	1926
561	441708	310	242186	199522	100	90	2.25954	0.793906	52	51	0	500	1810	1.17419	0.85461	1926
562	239926	292	47022	192904	100	90	0.0995262	0.793906	52	51	198374	500	1810	1.00333	0.659243	1926
563	612811	253	256702	356109	100	90	0.0750699	0.793906	52	51	198374	500	1810	1.00255	0.656489	1926
564	779598	224	354402	425196	100	90	0.0723151	0.793906	52	51	198374	500	1810	1.00272	0.683229	1926
565	713733	207	341337	372396	100	90	0.078178	0.793906	52	51	198374	500	1810	1.00328	0.723558	1926
566	846272	201	426928	419344	100	90	0.103143	0.793906	52	51	198374	500	1810	1.00477	0.727914	1926
567	992364	3324	506824	485540	100	90	1.20872	0.793906	52	51	198374	500	1810	1.0067	0.740995	1926
568	1.03788e+006	2724	533310	504570	100	90	1.39426	0.793906	52	51	198374	500	1810	1.00955	0.757663	1926
569	1.05006e+006	2198	544909	505146	100	90	1.42749	0.793906	52	51	198374	500	1810	1.01085	0.759244	1926
570	772022	1880	274348	497674	100	90	1.45134	0.793906	49	51	198374	500	1810	1.09538	0.930682	1926
571	862075	1549	380591	471950	100	90	0.795016	0.793906	52	51	0	500	1810	1.03875	0.717717	1926
572	985570	1301	470837	501227	100	90	0.646278	0.793906	52	51	0	500	1810	1.02679	0.696886	1926
573	1.11628e+006	1092	550017	551540	100	90	0.611437	0.793906	52	51	0	500	1810	1.02653	0.701782	1926
574	1.11994e+006	867	560262	546717	100	90	0.603525	0.793906	52	51	0	500	1810	1.02851	0.734082	1926
575	1.13007e+006	820	576131	542409	100	90	0.669694	0.793906	52	51	0	500	1810	1.02997	0.761976	1926
576	1.10911e+006	1757	578194	530918	100	90	1.32545	0.793906	52	51	0	500	1810	1.02972	0.761396	1926
577	1.1145e+006	1643	586453	528049	100	90	1.50915	0.793906	52	51	0	500	1810	1.0323	0.752259	1926
578	1.07505e+006	1491	570805	504244	100	90	1.67886	0.793906	52	51	0	500	1810	1.03711	0.752917	1926
579	1.02803e+006	1170	550026	478008	100	90	1.78015	0.793906	52	51	0	500	1810	1.05435	0.764912	1926
580	982977	958	528624	454354	100	90	1.8519	0.793906	52	51	0	500	1810	1.06847	0.76824	1926
581	918942	819	496078	422864	100	90	1.90256	0.793906	52	51	0	500	1810	1.07546	0.781407	1926
582	872913	737	473039	399874	100	90	1.96099	0.793906	52	51	0	500	1810	1.08758	0.796919	1926
583	811071	640	440772	370300	100	90	2.04119	0.793906	52	51	0	500	1810	1.11929	0.825243	1926
584	755025	560	410792	344233	100	90	2.09101	0.793906	52	51	0	500	1810	1.13154	0.823748	1926
585	686128	497	374402	311726	100	90	2.11008	0.793906	52	51	0	500	1810	1.14815	0.84322	1926
586	644394	451	347774	289748	100	90	2.12331	0.793906	52	51	0	500	1810	1.15644	0.851765	1926
587	614076	413	328724	273806	100	90	2.13082	0.793906	52	51	0	500	1810	1.16667	0.853093	1926
588	551522	354	295585	244920	100	90	2.16083	0.793906	52	51	0	500	1810	1.16062	0.821752	1926
589	486822	308	261625	215310	100	90	2.16857	0.793906	52	51	0	500	1810	1.16867	0.8125	1926
590	443606	274	237926	196618	100	90	2.24417	0.793906	52	51	0	500	1810	1.1769	0.850806	1926
591	402470	254	221290	181180	100	90	2.22781	0.793906	52	51	0	500	1810	1.18182	0.859649	1926
592	188774	213	33455.2	155319	100	90	0.0752742	0.793906	52	51	187521	500	1810	1.0023	0.655937	1926
593	570009	196	240316	329693	100	90	0.0584861	0.793906	52	51	187521	500	1810	1.00165	0.651385	1926
594	768357	173	350499	417858	100	90	0.0562051	0.793906	52	51	187521	500	1810	1.00162	0.681598	1926
595	521600	155	145742	375859	100	90	0.0570302	0.793906	52	51	187521	500	1810	1.00164	0.728828	1926
596	644362	144	249567	394794	100	90	0.0706718	0.793906	52	51	187521	500	1810	1.00219	0.740258	1926
597	852136	3539	380112	472024	100	90	1.21868	0.793906	52	51	187521	500	1810	1.00294	0.756323	1926
598	979453	3342	466123	513330	100	90	1.48628	0.793906	52	51	187521	500	1810	1.004	0.769738	1926
599	1.01588e+006	2554	502381	513501	100	90	1.47704	0.793906	52	51	187521	500	1810	1.00555	0.763826	1926
600	768326	2128	263792	504534	100	90	1.47356	0.793906	45	51	187521	500	1810	1.0735	0.880885	1926
601	867943	1721	377653	480512	100	90	0.832906	0.793906	52	51	0	500	1810	1.03161	0.72065	1926
602	1.02851e+006	1470	488853	525595	100	90	0.704273	0.793906	52	51	0	500	1810	1.02384	0.707906	1926
603	1.15253e+006	1230	567882	568697	100	90	0.662944	0.793906	52	51	0	500	1810	1.023	0.708926	1926
604	1.18829e+006	1053	596811	576771	100	90	0.700089	0.793906	52	51	0	500	1810	1.02357	0.722072	1926
605	1.15502e+006	967	591976	550254	100	90	0.789079	0.793906	52	51	0	500	1810	1.02853	0.740862	1926
606	1.147e+006	1737	603624	543375	100	90	1.39026	0.793906	52	51	0	500	1810	1.02707	0.733509	1926
607	1.11002e+006	1572	589622	520399	100	90	1.56388	0.793906	52	51	0	500	1810	1.02715	0.725424	1926
608	1.12889e+006	1504	603401	525488	100	90	1.7315	0.793906	52	51	0	500	1810	1.03169	0.727946	1926
609	1.10527e+006	1287	594073	511199	100	90	1.88009	0.793906	52	51	0	500	1810	1.03922	0.727773	1926
610	1.04671e+006	1067	564643	482071	100	90	1.91986	0.793906	52	51	0	500	1810	1.04599	0.734791	1926
611	995050	939	538940	456110	100	90	1.96765	0.793906	52	51	0	500	1810	1.06039	0.748918	1926
612	944265	836	512409	431856	100	90	2.0022	0.793906	52	51	0	500	1810	1.0677	0.758162	1926
613	921286	774	500475	420811	100	90	2.07572	0.793906	52	51	0	500	1810	1.07798	0.762779	1926
614	873263	705	474949	398314	100	90	2.10249	0.793906	52	51	0	500	1810	1.09211	0.772989	1926
615	798022	621	434977	363045	100	90	2.16582	0.793906	52	51	0	500	1810	1.09784	0.76771	1926
616	722731	549	390510	324728	100	90	2.16601	0.793906	52	51	0	500	1810	1.11038	0.771963	1926
617	693577	506	371462	308769	100	90	2.18779	0.793906	52	51	0	500	1810	1.11071	0.767821	1926
618	629520	452	336962	280067	100	90	2.21986	0.793906	52	51	0	500	1810	1.11594	0.767281	1926
619	589778	418	316017	261672	100	90	2.23839	0.793906	52	51	0	500	1810	1.11211	0.772727	1926
620	534059	366	286358	236990	100	90	2.21909	0.793906	52	51	0	500	1810	1.13178	0.784257	1926
621	507829	347	278006	229823	100	90	2.22663	0.793906	52	51	0	500	1810	1.14566	0.798137	1926
622	249819	309	47381.3	202438	100	90	0.107516	0.793906	52	51	231824	500	1810	1.00279	0.674414	1926
623	615145	286	253419	361726	100	90	0.0830993	0.793906	52	51	231824	500	1810	1.00223	0.668592	1926
624	804182	262	364243	439940	100	90	0.0830885	0.793906	52	51	231824	500	1810	1.00244	0.692697	1926
625	748492	235	357364	391128	100	90	0.0859377	0.793906	52	51	231824	500	1810	1.00241	0.723988	1926
626	847477	218	425691	421786	100	90	0.105469	0.793906	52	51	231824	500	1810	1.00369	0.735624	1926
627	965771	3108	492350	473422	100	90	1.12691	0.793906	52	51	231824	500	1810	1.00498	0.751142	1926
628	1.00755e+006	2599	517444	490102	100	90	1.34439	0.793906	52	51	231824	500	1810	1.0073	0.76217	1926
629	996792	2103	517972	478820	100	90	1.42188	0.793906	52	51	231824	500	1810	1.00905	0.764903	1926
630	742087	1835	264633	477454	100	90	1.46575	0.793906	45	51	231824	500	1810	1.09518	0.927003	1926
631	840278	1492	372627	458610	100	90	0.726754	0.793906	52	51	0	500	1810	1.03463	0.72021	1926
632	970823	1270	464127	493835	100	90	0.601946	0.793906	52	51	0	500	1810	1.02422	0.70744	1926
633	1.1081e+006	1053	545792	548305	100	90	0.537059	0.793906	52	51	0	500	1810	1.022	0.709881	1926
634	1.15611e+006	901	577971	564813	100	90	0.566047	0.793906	52	51	0	500	1810	1.02503	0.730436	1926
635	1.13691e+006	860	578349	546872	100	90	0.641546	0.793906	52	51	0	500	1810	1.02739	0.745402	1926
636	1.13839e+006	1885	594543	543849	100	90	1.35671	0.793906	52	51	0	500	1810	1.02958	0.747203	1926
637	1.1057e+006	1745	582912	522788	100	90	1.53125	0.793906	52	51	0	500	1810	1.03454	0.758895	1926
638	1.06171e+006	1510	563995	497715	100	90	1.68373	0.793906	52	51	0	500	1810	1.03825	0.752368	1926
639	1.02631e+006	1255	548909	477399	100	90	1.80581	0.793906	52	51	0	500	1810	1.04478	0.740861	1926
640	997551	1080	536631	460920	100	90	1.84968	0.793906	52	51	0	500	1810	1.05324	0.746226	1926
641	935321	928	505312	430009	100	90	1.88591	0.793906	52	51	0	500	1810	1.07004	0.759036	1926
642	887552	825	481413	406139	100	90	1.97617	0.793906	52	51	0	500	1810	1.07576	0.76456	1926
643	835075	738	453607	381468	100	90	2.0183	0.793906	52	51	0	500	1810	1.08638	0.77135	1926
644	570644	676	212251	358393	100	90	2.09401	0.793906	52	51	0	500	1810	1.10141	0.778788	1926
645	617404	625	276241	341163	100	90	2.12437	0.793906	52	51	0	500	1810	1.11588	0.79602	1926
646	625522	563	306959	312896	100	90	2.15579	0.793906	52	51	0	500	1810	1.12642	0.804833	1926
647	607738	501	310723	287540	100	90	2.15326	0.793906	52	51	0	500	1810	1.12684	0.788382	1926
648	576282	442	301685	264525	100	90	2.21495	0.793906	52	51	0	500	1810	1.13696	0.791866	1926
649	539836	397	285651	244419	100	90	2.19643	0.793906	52	51	0	500	1810	1.13494	0.781915	1926
650	509363	368	271445	229243	100	90	2.24829	0.793906	52	51	0	500	1810	1.13477	0.783862	1926
651	478840	340	259667	219173	100	90	2.2623	0.793906	52	51	0	500	1810	1.13743	0.786164	1926
652	250720	302	48262.5	202457	100	90	0.106045	0.793906	52	51	213986	500	1810	1.00289	0.675859	1926
653	615337	283	254318	361019	100	90	0.0837757	0.793906	51	51	213986	500	1810	1.0023	0.666216	1926
654	819475	262	370945	448530	100	90	0.0850211	0.793906	51	51	213986	500	1810	1.00238	0.696844	1926
655	755707	237	359024	396683	100	90	0.0896225	0.793906	51	51	213986	500	1810	1.00286	0.73911	1926
656	865712	211	435243	430469	100	90	0.105943	0.793906	51	51	213986	500	1810	1.00368	0.745012	1926
657	986076	3262	502741	483335	100	90	1.19723	0.793906	51	51	213986	500	1810	1.00576	0.755189	1926
658	1.03903e+006	2692	532474	506554	100	90	1.40819	0.793906	51	51	213986	500	1810	1.00798	0.76351	1926
659	1.06422e+006	2148	551532	512691	100	90	1.399	0.793906	51	51	213986	500	1810	1.00933	0.765932	1926
660	775369	1906	276224	499145	100	90	1.4638	0.793906	46	51	213986	500	1810	1.09329	0.91504	1926
661	854082	1549	377333	467607	100	90	0.782329	0.793906	52	51	0	500	1810	1.03785	0.740913	1926
662	993313	1322	475020	504862	100	90	0.66325	0.793906	52	51	0	500	1810	1.02893	0.722002	1926
663	1.11512e+006	1116	550382	550002	100	90	0.61686	0.793906	52	51	0	500	1810	1.02624	0.725086	1926
664	1.15021e+006	930	576351	560384	100	90	0.62776	0.793906	52	51	0	500	1810	1.02719	0.744706	1926
665	1.10703e+006	828	563325	532576	100	90	0.665413	0.793906	52	51	0	500	1810	1.02872	0.757629	1926
666	1.11425e+006	1782	580796	533455	100	90	1.32601	0.793906	52	51	0	500	1810	1.03121	0.75419	1926
667	1.13139e+006	1708	596122	535265	100	90	1.4972	0.793906	52	51	0	500	1810	1.03277	0.750776	1926
668	1.09143e+006	1571	579841	511588	100	90	1.66055	0.793906	52	51	0	500	1810	1.03216	0.734324	1926
669	1.04224e+006	1275	558079	484163	100	90	1.74911	0.793906	52	51	0	500	1810	1.0415	0.744019	1926
670	1.02105e+006	1107	549985	471068	100	90	1.79855	0.793906	52	51	0	500	1810	1.04688	0.743566	1926
671	973685	963	526077	447609	100	90	1.87364	0.793906	52	51	0	500	1810	1.05685	0.748408	1926
672	890220	823	482094	408126	100	90	1.94015	0.793906	52	51	0	500	1810	1.06469	0.760599	1926
673	859289	761	466416	392873	100	90	2.03217	0.793906	52	51	0	500	1810	1.08562	0.778378	1926
674	775739	659	421916	353824	100	90	2.06378	0.793906	52	51	0	500	1810	1.10178	0.789147	1926
675	736827	598	401303	335524	100	90	2.07402	0.793906	52	51	0	500	1810	1.11731	0.810997	1926
676	679909	528	367089	305793	100	90	2.11536	0.793906	52	51	0	500	1810	1.13898	0.818898	1926
677	602529	452	323578	268218	100	90	2.1246	0.793906	52	51	0	500	1810	1.14688	0.832947	1926
678	553055	404	296531	246106	100	90	2.08312	0.793906	52	51	0	500	1810	1.14856	0.835938	1926
679	543025	386	291475	241153	100	90	2.11369	0.793906	52	51	0	500	1810	1.15238	0.836066	1926
680	500813	354	269233	222324	100	90	2.15247	0.793906	52	51	0	500	1810	1.15119	0.819277	1926
681	440421	311	241593	198829	100	90	2.19829	0.793906	52	51	0	500	1810	1.14634	0.794521	1926
682	237395	289	44275.5	193119	100	90	0.0994802	0.793906	52	51	203669	500	1810	1.00303	0.70253	1926
683	597833	257	248451	349381	100	90	0.0762676	0.793906	52	51	203669	500	1810	1.00246	0.696163	1926
684	810311	237	368061	442250	100	90	0.0764908	0.793906	52	51	203669	500	1810	1.00263	0.727032	1926
685	757475	210	361251	396224	100	90	0.078582	0.793906	52	51	203669	500	1810	1.00273	0.753723	1926
686	840473	193	421845	418629	100	90	0.094215	0.793906	52	51	203669	500	1810	1.00363	0.753546	1926
687	961304	3301	489693	471611	100	90	1.13598	0.793906	52	51	203669	500	1810	1.00468	0.765791	1926
688	1.03646e+006	2844	531950	504511	100	90	1.36126	0.793906	52	51	203669	500	1810	1.00672	0.771641	1926
689	1.02417e+006	2212	531365	492805	100	90	1.37939	0.793906	52	51	203669	500	1810	1.00854	0.770891	1926
690	759168	1942	270477	488690	100	90	1.45202	0.793906	47	51	203669	500	1810	1.09294	0.929052	1926
691	838822	1576	370431	458815	100	90	0.788241	0.793906	52	51	0	500	1810	1.03892	0.752142	1926
692	976833	1347	466223	496815	100	90	0.654247	0.793906	52	51	0	500	1810	1.02872	0.74494	1926
693	1.10562e+006	1140	544823	545433	100	90	0.609428	0.793906	52	51	0	500	1810	1.02608	0.740844	1926
694	1.15671e+006	955	578805	563622	100	90	0.635801	0.793906	52	51	0	500	1810	1.02856	0.756415	1926
695	1.11246e+006	848	566564	533828	100	90	0.681541	0.793906	52	51	0	500	1810	1.0295	0.764005	1926
696	1.09906e+006	1752	574672	524386	100	90	1.36939	0.793906	52	51	0	500	1810	1.03085	0.764059	1926
697	1.08138e+006	1586	570710	510674	100	90	1.51796	0.793906	52	51	0	500	1810	1.03515	0.761478	1926
698	1.08826e+006	1472	579722	508536	100	90	1.68878	0.793906	52	51	0	500	1810	1.03926	0.754704	1926
699	1.04128e+006	1208	559033	482251	100	90	1.77292	0.793906	52	51	0	500	1810	1.04891	0.755292	1926
700	978148	1003	527472	450676	100	90	1.82637	0.793906	52	51	0	500	1810	1.05396	0.761224	1926
701	904798	838	490251	414547	100	90	1.89069	0.793906	52	51	0	500	1810	1.07058	0.77451	1926
702	847195	740	460713	386482	100	90	1.97406	0.793906	52	51	0	500	1810	1.09091	0.800558	1926
703	809598	663	440521	369077	100	90	2.0301	0.793906	52	51	0	500	1810	1.11111	0.809077	1926
704	771041	599	420141	350900	100	90	2.04915	0.793906	52	51	0	500	1810	1.12656	0.824869	1926
705	711622	545	388146	323476	100	90	2.1189	0.793906	52	51	0	500	1810	1.13849	0.821012	1926
706	654531	483	352571	294551	100	90	2.14875	0.793906	52	51	0	500	1810	1.15909	0.842222	1926
707	604949	424	323585	269579	100	90	2.16071	0.793906	52	51	0	500	1810	1.16376	0.848718	1926
708	417337	400	158724	256878	100	90	2.21051	0.793906	52	51	0	500	1810	1.16106	0.846995	1926
709	430204	350	191226	234032	100	90	2.22749	0.793906	52	51	0	500	1810	1.18873	0.876972	1926
710	471258	344	231754	234737	100	90	2.21514	0.793906	52	51	0	500	1810	1.21701	0.897106	1926
711	484268	339	252226	232042	100	90	2.23784	0.793906	52	51	0	500	1810	1.2362	0.92	1926
712	271732	307	50944	220788	100	90	0.110174	0.793906	52	51	216425	500	1810	1.00398	0.738433	1926
713	637740	295	255862	381877	100	90	0.0893779	0.793906	52	51	216425	500	1810	1.00323	0.736901	1926
714	841475	273	375761	465713	100	90	0.091053	0.793906	52	51	216425	500	1810	1.00308	0.761379	1926
715	789087	244	371539	417548	100	90	0.0938374	0.793906	52	51	216425	500	1810	1.00329	0.806312	1926
716	883527	215	440146	443381	100	90	0.109202	0.793906	52	51	216425	500	1810	1.00439	0.808442	1926
717	992491	3190	503706	488785	100	90	1.15212	0.793906	52	51	216425	500	1810	1.00561	0.803834	1926
718	1.01722e+006	2638	521624	495597	100	90	1.35089	0.793906	52	51	216425	500	1810	1.00853	0.814298	1926
719	996656	2045	518471	478184	100	90	1.34511	0.793906	52	51	216425	500	1810	1.01111	0.811248	1926
720	746804	1863	267631	479173	100	90	1.41133	0.793906	47	51	216425	500	1810	1.09486	0.97561	1926
721	835000	1535	370929	453936	100	90	0.770975	0.793906	52	51	0	500	1810	1.04024	0.791505	1926
722	969217	1316	464149	490195	100	90	0.641088	0.793906	52	51	0	500	1810	1.03089	0.77265	1926
723	1.09096e+006	1091	538318	536466	100	90	0.577645	0.793906	52	51	0	500	1810	1.02808	0.764984	1926
724	1.16141e+006	948	582548	563587	100	90	0.619986	0.793906	52	51	0	500	1810	1.03293	0.784825	1926
725	1.13014e+006	894	576660	540527	100	90	0.703013	0.793906	52	51	0	500	1810	1.03641	0.807145	1926
726	1.08134e+006	1804	565734	515603	100	90	1.34195	0.793906	52	51	0	500	1810	1.0346	0.808424	1926
727	1.03523e+006	1637	547497	487730	100	90	1.50626	0.793906	52	51	0	500	1810	1.03915	0.805281	1926
728	1.0294e+006	1505	549044	480357	100	90	1.66208	0.793906	52	51	0	500	1810	1.04304	0.798365	1926
729	1.02374e+006	1294	549318	474417	100	90	1.74507	0.793906	52	51	0	500	1810	1.04911	0.795075	1926
730	997207	1116	537894	459313	100	90	1.80041	0.793906	52	51	0	500	1810	1.05658	0.788408	1926
731	926417	959	501503	424913	100	90	1.82955	0.793906	52	51	0	500	1810	1.06435	0.794844	1926
732	857075	831	466415	390660	100	90	1.89336	0.793906	52	51	0	500	1810	1.07027	0.798017	1926
733	781018	720	426382	354636	100	90	1.93515	0.793906	52	51	0	500	1810	1.08772	0.817143	1926
734	722587	635	395810	326777	100	90	2.01594	0.793906	52	51	0	500	1810	1.11007	0.83252	1926
735	669706	558	367503	302203	100	90	2.05346	0.793906	52	51	0	500	1810	1.12698	0.841328	1926
736	600146	481	327709	267346	100	90	2.05857	0.793906	52	51	0	500	1810	1.13084	0.843011	1926
737	570370	433	309594	251937	100	90	2.08925	0.793906	52	51	0	500	1810	1.14013	0.847826	1926
738	547515	399	296883	241798	100	90	2.15737	0.793906	52	51	0	500	1810	1.15663	0.850267	1926
739	504883	358	273255	223251	100	90	2.18064	0.793906	52	51	0	500	1810	1.15989	0.850746	1926
740	485328	334	263042	214311	100	90	2.17349	0.793906	52	51	0	500	1810	1.16232	0.860841	1926
741	446128	308	246388	199741	100	90	2.17316	0.793906	52	51	0	500	1810	1.16879	0.833333	1926
742	242166	297	46824	195342	100	90	0.102515	0.793906	52	51	205417	500	1810	1.00307	0.696487	1926
743	602781	261	251123	351659	100	90	0.077027	0.793906	52	51	205417	500	1810	1.00249	0.695568	1926
744	805343	243	365734	439609	100	90	0.0778163	0.793906	52	51	205417	500	1810	1.00261	0.724569	1926
745	748685	221	356321	392364	100	90	0.082628	0.793906	52	51	205417	500	1810	1.00297	0.759538	1926
746	854992	207	428244	426748	100	90	0.103186	0.793906	52	51	205417	500	1810	1.00413	0.764738	1926
747	981437	3306	499091	482347	100	90	1.19502	0.793906	52	51	205417	500	1810	1.00637	0.776829	1926
748	995028	2618	509695	485333	100	90	1.38224	0.793906	52	51	205417	500	1810	1.00961	0.780203	1926
749	1.03975e+006	2166	538932	500815	100	90	1.4512	0.793906	52	51	205417	500	1810	1.01295	0.780025	1926
750	779795	1907	277353	502443	100	90	1.48491	0.793906	48	51	205417	500	1810	1.09972	0.944974	1926
751	838629	1515	357361	471549	100	90	0.784545	0.793906	52	51	0	500	1810	1.04178	0.756021	1926
752	976180	1278	458734	504211	100	90	0.645896	0.793906	52	51	0	500	1810	1.03237	0.739981	1926
753	1.10397e+006	1054	537991	550932	100	90	0.566135	0.793906	52	51	0	500	1810	1.02843	0.735965	1926
754	1.15213e+006	892	571715	566434	100	90	0.598362	0.793906	52	51	0	500	1810	1.03233	0.751023	1926
755	1.14213e+006	845	578136	551906	100	90	0.668892	0.793906	52	51	0	500	1810	1.03432	0.770262	1926
756	1.15983e+006	1910	603276	556557	100	90	1.4107	0.793906	52	51	0	500	1810	1.03876	0.782321	1926
757	815100	1677	280803	534298	100	90	1.55144	0.793906	52	51	0	500	1810	1.0422	0.780645	1926
758	875178	1527	370393	504785	100	90	1.71886	0.793906	52	51	0	500	1810	1.04564	0.790682	1926
759	931907	1294	444520	487387	100	90	1.84451	0.793906	52	51	0	500	1810	1.05684	0.798253	1926
760	954679	1118	484226	470453	100	90	1.89891	0.793906	52	51	0	500	1810	1.05609	0.795413	1926
761	932516	967	487195	445321	100	90	1.97295	0.793906	52	51	0	500	1810	1.06703	0.799574	1926
762	891388	860	474186	417202	100	90	2.0169	0.793906	52	51	0	500	1810	1.07643	0.808894	1926
763	835781	741	448336	387444	100	90	2.05507	0.793906	52	51	0	500	1810	1.0885	0.811111	1926
764	573370	664	210487	362883	100	90	2.07151	0.793906	52	51	0	500	1810	1.09975	0.812983	1926
765	599552	587	264819	334733	100	90	2.09584	0.793906	52	51	0	500	1810	1.11499	0.829225	1926
766	590559	511	287219	298369	100	90	2.10198	0.793906	52	51	0	500	1810	1.14411	0.864476	1926
767	594829	466	302733	283198	100	90	2.13296	0.793906	52	51	0	500	1810	1.15139	0.88914	1926
768	584488	436	304615	270641	100	90	2.17466	0.793906	52	51	0	500	1810	1.16964	0.906173	1926
769	578557	415	303885	265202	100	90	2.21531	0.793906	52	51	0	500	1810	1.1956	0.918848	1926
770	548131	382	290056	249405	100	90	2.20923	0.793906	52	51	0	500	1810	1.21123	0.931034	1926
771	499898	356	269168	230731	100	90	2.19296	0.793906	52	51	0	500	1810	1.22449	0.944099	1926
772	271856	330	53822.9	218033	100	90	0.113686	0.793906	52	51	220121	500	1810	1.00431	0.739597	1926
773	625386	298	258673	366713	100	90	0.0872846	0.793906	52	51	220121	500	1810	1.0032	0.734754	1926
774	839370	272	382082	457287	100	90	0.085777	0.793906	52	51	220121	500	1810	1.00345	0.7587	1926
775	770692	252	367215	403477	100	90	0.0933344	0.793906	52	51	220121	500	1810	1.00412	0.790387	1926
776	875263	243	438782	436481	100	90	0.116942	0.793906	52	51	220121	500	1810	1.00505	0.798765	1926
777	1.00031e+006	3342	508084	492222	100	90	1.19213	0.793906	52	51	220121	500	1810	1.00717	0.800772	1926
778	1.04103e+006	2774	532326	508699	100	90	1.39084	0.793906	52	51	220121	500	1810	1.01082	0.809792	1926
779	1.04647e+006	2185	540624	505851	100	90	1.39399	0.793906	52	51	220121	500	1810	1.01431	0.81068	1926
780	782415	1880	277081	505334	100	90	1.45342	0.793906	48	51	220121	500	1810	1.11516	1.00486	1926
781	886132	1581	386816	489233	100	90	0.795598	0.793906	52	51	0	500	1810	1.04764	0.796599	1926
782	1.01578e+006	1348	480219	520967	100	90	0.681037	0.793906	52	51	0	500	1810	1.03955	0.7821	1926
783	1.13017e+006	1129	553209	560720	100	90	0.625274	0.793906	52	51	0	500	1810	1.03627	0.774736	1926
784	1.17652e+006	974	585462	575882	100	90	0.656887	0.793906	52	51	0	500	1810	1.04038	0.792292	1926
785	1.15598e+006	929	585781	556789	100	90	0.728359	0.793906	52	51	0	500	1810	1.04359	0.813529	1926
786	1.15403e+006	1839	599898	554133	100	90	1.36035	0.793906	52	51	0	500	1810	1.0453	0.809563	1926
787	1.13244e+006	1655	594017	538424	100	90	1.53133	0.793906	52	51	0	500	1810	1.05852	0.81753	1926
788	1.11797e+006	1549	592038	525931	100	90	1.7125	0.793906	52	51	0	500	1810	1.06567	0.817024	1926
789	1.04437e+006	1222	557183	487185	100	90	1.80272	0.793906	52	51	0	500	1810	1.08479	0.820273	1926
790	1.01641e+006	1059	545534	470877	100	90	1.86514	0.793906	52	51	0	500	1810	1.10194	0.840708	1926
791	919408	876	496088	423321	100	90	1.90591	0.793906	52	51	0	500	1810	1.11082	0.835488	1926
792	870960	781	471010	399950	100	90	1.94801	0.793906	52	51	0	500	1810	1.12205	0.841689	1926
793	814592	691	440996	373597	100	90	1.98558	0.793906	52	51	0	500	1810	1.14112	0.869173	1926
794	784714	640	425209	359505	100	90	2.01268	0.793906	52	51	0	500	1810	1.15489	0.879282	1926
795	745752	590	404501	341251	100	90	2.05264	0.793906	52	51	0	500	1810	1.17901	0.897297	1926
796	696225	536	374337	315357	100	90	2.04876	0.793906	52	51	0	500	1810	1.1899	0.904382	1926
797	650388	493	348003	291894	100	90	2.06755	0.793906	52	51	0	500	1810	1.21289	0.92936	1926
798	595872	435	319330	266142	100	90	2.10662	0.793906	52	51	0	500	1810	1.217	0.912935	1926
799	550177	391	295150	245471	100	90	2.11363	0.793906	52	51	0	500	1810	1.23529	0.914127	1926
800	524454	364	281259	234263	100	90	2.1348	0.793906	52	51	0	500	1810	1.24791	0.911854	1926
801	492736	340	269261	223475	100	90	2.16254	0.793906	52	51	0	500	1810	1.25688	0.927152	1926
802	246528	301	49268.7	197259	100	90	0.10494	0.793906	52	51	221531	500	1810	1.00427	0.705252	1926
803	612894	289	254016	358877	100	90	0.0839013	0.793906	52	51	221531	500	1810	1.00343	0.707461	1926
804	786657	255	358230	428428	100	90	0.0809406	0.793906	52	51	221531	500	1810	1.00348	0.735017	1926
805	747080	241	356735	390344	100	90	0.0887536	0.793906	52	51	221531	500	1810	1.00422	0.766056	1926
806	838049	192	422787	415262	100	90	0.0964719	0.793906	52	51	221531	500	1810	1.00533	0.771198	1926
807	982395	3275	501258	481137	100	90	1.16113	0.793906	52	51	221531	500	1810	1.00729	0.773998	1926
808	1.02387e+006	2789	525277	498593	100	90	1.36005	0.793906	52	51	221531	500	1810	1.00964	0.788799	1926
809	1.0338e+006	2176	535636	498162	100	90	1.38485	0.793906	52	51	221531	500	1810	1.01283	0.78215	1926
810	765688	1877	271323	494366	100	90	1.43661	0.793906	48	51	221531	500	1810	1.10273	0.954741	1926
811	863690	1553	377980	475976	100	90	0.751493	0.793906	52	51	0	500	1810	1.04149	0.761765	1926
812	998502	1298	472718	511725	100	90	0.629252	0.793906	52	51	0	500	1810	1.03386	0.746459	1926
813	1.11604e+006	1100	546640	554464	100	90	0.583374	0.793906	52	51	0	500	1810	1.03121	0.742532	1926
814	1.13291e+006	912	564587	554641	100	90	0.596526	0.793906	52	51	0	500	1810	1.03401	0.761098	1926
815	1.1079e+006	861	562863	533050	100	90	0.682941	0.793906	52	51	0	500	1810	1.03888	0.784992	1926
816	1.12468e+006	1776	586193	538490	100	90	1.34867	0.793906	52	51	0	500	1810	1.04198	0.783948	1926
817	1.10994e+006	1655	583013	526930	100	90	1.51191	0.793906	52	51	0	500	1810	1.0445	0.777288	1926
818	1.08143e+006	1496	573370	508063	100	90	1.66366	0.793906	52	51	0	500	1810	1.04583	0.780972	1926
819	1.07159e+006	1259	572596	498997	100	90	1.76402	0.793906	52	51	0	500	1810	1.05484	0.784841	1926
820	998281	1044	536774	461506	100	90	1.81744	0.793906	52	51	0	500	1810	1.05821	0.791339	1926
821	992599	954	535826	456773	100	90	1.88828	0.793906	52	51	0	500	1810	1.06354	0.789189	1926
822	918831	818	497026	421805	100	90	1.95886	0.793906	52	51	0	500	1810	1.07801	0.787421	1926
823	847735	700	459608	388128	100	90	2.0042	0.793906	52	51	0	500	1810	1.09112	0.786237	1926
824	765664	607	415488	350176	100	90	2.08541	0.793906	52	51	0	500	1810	1.10674	0.787776	1926
825	730154	559	396790	333364	100	90	2.1307	0.793906	52	51	0	500	1810	1.11429	0.803704	1926
826	675987	497	364716	304491	100	90	2.13026	0.793906	52	51	0	500	1810	1.13249	0.822917	1926
827	623319	440	333968	278246	100	90	2.16219	0.793906	52	51	0	500	1810	1.13895	0.850356	1926
828	593358	408	317815	264507	100	90	2.17435	0.793906	52	51	0	500	1810	1.14943	0.860825	1926
829	541763	362	289738	241602	100	90	2.1833	0.793906	52	51	0	500	1810	1.13625	0.84058	1926
830	510917	328	273258	227820	100	90	2.18255	0.793906	52	51	0	500	1810	1.14731	0.839228	1926
831	459299	295	250374	208925	100	90	2.2017	0.793906	52	51	0	500	1810	1.15385	0.850909	1926
832	239377	265	43310.2	196067	100	90	0.0940383	0.793906	52	51	211250	500	1810	1.00238	0.679079	1926
833	600981	241	245382	355599	100	90	0.0732029	0.793906	52	51	211250	500	1810	1.0019	0.677617	1926
834	804915	221	361954	442962	100	90	0.0737405	0.793906	52	51	211250	500	1810	1.00205	0.701389	1926
835	751352	208	356353	394999	100	90	0.0800438	0.793906	52	51	211250	500	1810	1.00229	0.731994	1926
836	863033	185	431513	431520	100	90	0.0948328	0.793906	52	51	211250	500	1810	1.00284	0.740972	1926
837	988795	3354	502399	486396	100	90	1.15749	0.793906	52	51	211250	500	1810	1.00357	0.745533	1926
838	1.01083e+006	2716	517799	493035	100	90	1.34578	0.793906	52	51	211250	500	1810	1.00525	0.760753	1926
839	1.03248e+006	2257	535694	496784	100	90	1.37673	0.793906	52	51	211250	500	1810	1.00752	0.761148	1926
840	773988	1976	275311	498677	100	90	1.43213	0.793906	48	51	211250	500	1810	1.08565	0.910243	1926
841	878015	1639	385309	482351	100	90	0.793603	0.793906	52	51	0	500	1810	1.03634	0.742788	1926
842	994870	1347	473434	506613	100	90	0.655631	0.793906	52	51	0	500	1810	1.02917	0.724823	1926
843	1.12527e+006	1142	553892	554740	100	90	0.611947	0.793906	52	51	0	500	1810	1.02555	0.723773	1926
844	1.14054e+006	936	570734	554448	100	90	0.61747	0.793906	52	51	0	500	1810	1.02722	0.744219	1926
845	1.13872e+006	880	580125	545094	100	90	0.683812	0.793906	52	51	0	500	1810	1.03102	0.750887	1926
846	1.14665e+006	1803	598926	547726	100	90	1.34972	0.793906	52	51	0	500	1810	1.02962	0.752701	1926
847	1.13069e+006	1649	595964	534727	100	90	1.50038	0.793906	52	51	0	500	1810	1.0327	0.750265	1926
848	1.11481e+006	1569	592314	522499	100	90	1.6743	0.793906	52	51	0	500	1810	1.03502	0.756494	1926
849	1.06922e+006	1309	572270	496948	100	90	1.7693	0.793906	52	51	0	500	1810	1.04354	0.746304	1926
850	1.04726e+006	1137	564139	483117	100	90	1.81877	0.793906	52	51	0	500	1810	1.0428	0.745748	1926
851	996614	985	538347	458267	100	90	1.90842	0.793906	52	51	0	500	1810	1.05007	0.746639	1926
852	942991	862	510152	432839	100	90	1.96465	0.793906	52	51	0	500	1810	1.05998	0.747929	1926
853	871949	763	473766	398184	100	90	2.02588	0.793906	52	51	0	500	1810	1.06982	0.759409	1926
854	818012	685	445003	373010	100	90	2.07125	0.793906	52	51	0	500	1810	1.07702	0.760479	1926
855	750890	601	408634	342256	100	90	2.1178	0.793906	52	51	0	500	1810	1.10314	0.781197	1926
856	675075	516	364622	304054	100	90	2.09594	0.793906	52	51	0	500	1810	1.11438	0.803571	1926
857	616012	457	331439	274469	100	90	2.12146	0.793906	52	51	0	500	1810	1.11928	0.793722	1926
858	589683	424	316722	262844	100	90	2.15063	0.793906	52	51	0	500	1810	1.12639	0.807317	1926
859	535337	375	287727	238868	100	90	2.14287	0.793906	52	51	0	500	1810	1.13671	0.814404	1926
860	480112	334	258180	214164	100	90	2.21096	0.793906	52	51	0	500	1810	1.1365	0.805112	1926
861	457878	318	250767	207111	100	90	2.20965	0.793906	52	51	0	500	1810	1.15457	0.828283	1926
862	229247	273	42640.8	186606	100	90	0.0937033	0.793906	52	51	207785	500	1810	1.00275	0.681698	1926
863	595284	237	247530	347754	100	90	0.0700473	0.793906	52	51	207785	500	1810	1.00199	0.682347	1926
864	798796	226	361499	437297	100	90	0.0714627	0.793906	52	51	207785	500	1810	1.00214	0.710454	1926
865	718493	188	341876	376617	100	90	0.0699948	0.793906	52	51	207785	500	1810	1.0023	0.736191	1926
866	846986	173	425761	421225	100	90	0.0855892	0.793906	52	51	207785	500	1810	1.00272	0.741961	1926
867	950457	3259	485052	465405	100	90	1.13616	0.793906	52	51	207785	500	1810	1.00351	0.74737	1926
868	994386	2760	511474	482912	100	90	1.35456	0.793906	51	51	207785	500	1810	1.00553	0.762648	1926
869	1.0022e+006	2169	520537	481663	100	90	1.40338	0.793906	51	51	207785	500	1810	1.00731	0.758564	1926
870	739575	1839	263456	476119	100	90	1.4187	0.793906	45	51	207785	500	1810	1.09627	0.933844	1926
871	879096	1611	386380	482425	100	90	0.759397	0.793906	52	51	0	500	1810	1.03904	0.745436	1926
872	993428	1307	472439	506425	100	90	0.625456	0.793906	52	51	0	500	1810	1.03177	0.730769	1926
873	1.12458e+006	1103	552983	555724	100	90	0.591382	0.793906	52	51	0	500	1810	1.03052	0.732193	1926
874	1.17177e+006	943	585873	571433	100	90	0.628595	0.793906	52	51	0	500	1810	1.03317	0.748578	1926
875	1.14085e+006	859	579729	548682	100	90	0.680546	0.793906	52	51	0	500	1810	1.03616	0.767234	1926
876	1.12871e+006	1856	587643	541071	100	90	1.3545	0.793906	52	51	0	500	1810	1.03578	0.750405	1926
877	1.11467e+006	1623	585174	529499	100	90	1.43459	0.793906	52	51	0	500	1810	1.03721	0.744456	1926
878	1.08444e+006	1516	574914	509524	100	90	1.62668	0.793906	52	51	0	500	1810	1.04	0.746801	1926
879	1.01289e+006	1220	541604	471282	100	90	1.71689	0.793906	52	51	0	500	1810	1.04529	0.755034	1926
880	971202	1061	522453	448749	100	90	1.7617	0.793906	52	51	0	500	1810	1.04928	0.760849	1926
881	895418	888	484158	411260	100	90	1.83878	0.793906	52	51	0	500	1810	1.06134	0.762673	1926
882	815434	751	442343	373090	100	90	1.89483	0.793906	52	51	0	500	1810	1.06131	0.748982	1926
883	765764	658	415828	349935	100	90	1.94493	0.793906	52	51	0	500	1810	1.08059	0.764798	1926
884	730632	597	397680	332951	100	90	1.97302	0.793906	52	51	0	500	1810	1.10267	0.7962	1926
885	675263	545	367785	307478	100	90	1.99824	0.793906	52	51	0	500	1810	1.12199	0.811069	1926
886	645867	501	348716	291575	100	90	2.03155	0.793906	52	51	0	500	1810	1.14105	0.831579	1926
887	612555	460	328478	274262	100	90	2.0283	0.793906	52	51	0	500	1810	1.15905	0.844749	1926
888	591573	434	316348	265177	100	90	2.0945	0.793906	52	51	0	500	1810	1.15824	0.832924	1926
889	525689	380	281970	235020	100	90	2.12534	0.793906	52	51	0	500	1810	1.14139	0.800562	1926
890	491252	351	264440	218988	100	90	2.14524	0.793906	52	51	0	500	1810	1.13165	0.783537	1926
891	438719	306	240498	198220	100	90	2.18025	0.793906	52	51	0	500	1810	1.15461	0.797872	1926
892	221224	269	40917.4	180307	100	90	0.0913204	0.793906	52	51	201337	500	1810	1.00232	0.646465	1926
893	462792	228	124879	337913	100	90	0.0670695	0.793906	52	51	201337	500	1810	1.00178	0.641343	1926
894	642113	208	226119	415994	100	90	0.0593031	0.793906	52	51	201337	500	1810	1.00154	0.668391	1926
895	698191	188	282423	415768	100	90	0.0636249	0.793906	52	51	201337	500	1810	1.0018	0.708385	1926
896	810022	154	372412	437610	100	90	0.0687483	0.793906	52	51	201337	500	1810	1.00221	0.731407	1926
897	925957	3373	448985	476972	100	90	1.06335	0.793906	51	51	201337	500	1810	1.00284	0.741847	1926
898	967757	2888	482921	484836	100	90	1.25582	0.793906	51	51	201337	500	1810	1.00379	0.751784	1926
899	1.01651e+006	2437	519100	497414	100	90	1.36216	0.793906	51	51	201337	500	1810	1.00524	0.756315	1926
900	783705	2094	275576	508128	100	90	1.41771	0.793906	47	51	201337	500	1810	1.08481	0.905127	1926
901	871484	1701	379216	481875	100	90	0.833771	0.793906	52	51	0	500	1810	1.04116	0.715534	1926
902	1.001e+006	1433	474173	511666	100	90	0.683274	0.793906	52	51	0	500	1810	1.03253	0.697942	1926
903	1.10848e+006	1148	544767	547717	100	90	0.610329	0.793906	52	51	0	500	1810	1.03071	0.689611	1926
904	1.14239e+006	923	570703	557524	100	90	0.603693	0.793906	52	51	0	500	1810	1.0307	0.706866	1926
905	1.13661e+006	878	577140	547024	100	90	0.681827	0.793906	52	51	0	500	1810	1.03436	0.738556	1926
906	1.12686e+006	1828	587165	539699	100	90	1.33336	0.793906	52	51	0	500	1810	1.03597	0.740033	1926
907	1.1145e+006	1676	586826	527679	100	90	1.51835	0.793906	52	51	0	500	1810	1.04186	0.742508	1926
908	1.09695e+006	1473	582254	514694	100	90	1.65632	0.793906	52	51	0	500	1810	1.04847	0.748436	1926
909	1.05626e+006	1223	564548	491710	100	90	1.74647	0.793906	52	51	0	500	1810	1.05666	0.755872	1926
910	1.02041e+006	1071	548728	471680	100	90	1.80339	0.793906	52	51	0	500	1810	1.05585	0.751192	1926
911	953913	900	514420	439494	100	90	1.84937	0.793906	52	51	0	500	1810	1.06525	0.758817	1926
912	873493	777	471985	401508	100	90	1.89222	0.793906	52	51	0	500	1810	1.07415	0.764163	1926
913	827190	695	447930	379260	100	90	1.92108	0.793906	52	51	0	500	1810	1.08465	0.766176	1926
914	774140	615	419649	354490	100	90	1.94903	0.793906	52	51	0	500	1810	1.09079	0.768719	1926
915	714800	547	387801	326999	100	90	1.9628	0.793906	52	51	0	500	1810	1.10909	0.787476	1926
916	686712	503	369823	310172	100	90	2.03235	0.793906	52	51	0	500	1810	1.11034	0.77686	1926
917	623403	448	333890	278563	100	90	2.05009	0.793906	52	51	0	500	1810	1.10256	0.772093	1926
918	577535	403	309094	258227	100	90	2.0738	0.793906	52	51	0	500	1810	1.11591	0.793734	1926
919	540895	370	290107	241171	100	90	2.11934	0.793906	52	51	0	500	1810	1.12564	0.804598	1926
920	543898	362	291670	242774	100	90	2.12609	0.793906	52	51	0	500	1810	1.14362	0.816024	1926
921	458454	306	249991	208463	100	90	2.13404	0.793906	52	51	0	500	1810	1.13437	0.788927	1926
922	253334	298	46772.5	206561	100	90	0.10101	0.793906	52	51	210131	500	1810	1.00235	0.66468	1926
923	623488	272	255429	368059	100	90	0.0797786	0.793906	52	51	210131	500	1810	1.00199	0.657018	1926
924	812641	245	365994	446647	100	90	0.0792367	0.793906	52	51	210131	500	1810	1.00219	0.679534	1926
925	752023	215	358065	393958	100	90	0.0801783	0.793906	52	51	210131	500	1810	1.00209	0.716365	1926
926	857843	197	431399	426444	100	90	0.097583	0.793906	52	51	210131	500	1810	1.00294	0.727629	1926
927	1.00486e+006	3429	512687	492170	100	90	1.18455	0.793906	51	51	210131	500	1810	1.00409	0.745976	1926
928	1.06837e+006	2818	547931	520438	100	90	1.35342	0.793906	51	51	210131	500	1810	1.00617	0.759967	1926
929	1.0709e+006	2222	554206	516696	100	90	1.38391	0.793906	51	51	210131	500	1810	1.00758	0.76183	1926
930	796398	1940	282596	513802	100	90	1.44535	0.793906	45	51	210131	500	1810	1.10286	0.939772	1926
