Time	totMass	NInd	abovemass	belowmass	mean_ares	mean_bres	shannon	meanShannon	NPFT	meanNPFT	Cutted	NNonClonal	NClonal	mean_generation	mean_genet_size	NGenets
1	512.2	0	256.1	256.1	100	90	0	0.763143	52	51.7	0	517	1882	1	0.772237	2074
2	15710.8	0	7645.74	8065.05	100	90	0	0.763143	52	51.7	0	517	1882	1	0.771758	2074
3	71752.3	0	38106.9	33645.4	100	90	0	0.763143	52	51.7	0	517	1882	1	0.773251	2074
4	216393	0	114490	101904	100	90	0	0.763143	52	51.7	0	517	1882	1	0.77027	2074
5	473785	0	250131	223654	100	90	0	0.763143	52	51.7	0	517	1882	1	0.770505	2074
6	796949	695	420153	376796	100	90	2.5535	0.763143	52	51.7	0	517	1882	1.00493	0.776236	2074
7	1.08788e+006	980	576578	511297	100	90	3.33234	0.763143	52	51.7	0	517	1882	1.01661	0.786961	2074
8	1.29393e+006	1031	691444	602484	100	90	3.45429	0.763143	52	51.7	0	517	1882	1.03538	0.805044	2074
9	1.42671e+006	967	767759	658953	100	90	3.31038	0.763143	52	51.7	0	517	1882	1.04647	0.814891	2074
10	1.51058e+006	906	816785	693795	100	90	3.15263	0.763143	52	51.7	0	517	1882	1.0662	0.836645	2074
11	1.57927e+006	870	857618	721650	100	90	3.11052	0.763143	52	51.7	0	517	1882	1.07587	0.845266	2074
12	1.62619e+006	847	885650	740542	100	90	3.09183	0.763143	52	51.7	0	517	1882	1.09324	0.864286	2074
13	1.66529e+006	831	908937	756350	100	90	3.08317	0.763143	52	51.7	0	517	1882	1.10609	0.876074	2074
14	1.70076e+006	824	929635	771129	100	90	3.09004	0.763143	52	51.7	0	517	1882	1.13333	0.906801	2074
15	1.72258e+006	816	942975	779603	100	90	3.11977	0.763143	52	51.7	0	517	1882	1.14914	0.921493	2074
16	1.76107e+006	806	951410	784404	100	90	3.14014	0.763143	52	51.7	0	517	1882	1.16685	0.935864	2074
17	1.80028e+006	807	960733	790974	100	90	3.20662	0.763143	52	51.7	0	517	1882	1.17305	0.941567	2074
18	1.82436e+006	802	971418	799587	100	90	3.25528	0.763143	52	51.7	0	517	1882	1.16746	0.933962	2074
19	1.82961e+006	800	976412	798901	100	90	3.29814	0.763143	52	51.7	0	517	1882	1.16728	0.92623	2074
20	1.85104e+006	804	989374	807900	100	90	3.3826	0.763143	52	51.7	0	517	1882	1.16667	0.921162	2074
21	1.80477e+006	805	994396	810369	100	90	3.42138	0.763143	52	51.7	0	517	1882	1.17092	0.915966	2074
22	1.80875e+006	804	998217	810529	100	90	1.4382	0.763143	52	51.7	0	517	1882	1.05597	0.760985	2074
23	1.84097e+006	799	1.01306e+006	827908	100	90	1.39761	0.763143	52	51.7	0	517	1882	1.06184	0.772358	2074
24	1.87592e+006	795	1.03036e+006	845558	100	90	1.3875	0.763143	52	51.7	0	517	1882	1.06397	0.785743	2074
25	1.86391e+006	775	1.0232e+006	840713	100	90	1.46341	0.763143	52	51.7	0	517	1882	1.07742	0.809771	2074
26	1.88379e+006	772	1.03521e+006	848577	100	90	1.59633	0.763143	52	51.7	0	517	1882	1.08933	0.842617	2074
27	1.90633e+006	1334	1.04777e+006	858563	100	90	2.72166	0.763143	52	51.7	0	517	1882	1.10789	0.859896	2074
28	1.93059e+006	1261	1.06143e+006	869163	100	90	2.86517	0.763143	52	51.7	0	517	1882	1.12741	0.880597	2074
29	1.93914e+006	1174	1.06578e+006	873354	100	90	2.91281	0.763143	52	51.7	0	517	1882	1.14743	0.895221	2074
30	1.43234e+006	1113	542765	889574	100	90	2.30522	0.763143	52	51.7	0	517	1882	1.50038	1.50746	2074
31	1.49087e+006	1001	658990	829496	100	90	1.36943	0.763143	52	51.7	0	517	1882	1.16821	0.913058	2074
32	1.48946e+006	892	704577	780816	100	90	1.10066	0.763143	52	51.7	0	517	1882	1.11177	0.810507	2074
33	1.50131e+006	785	734743	762702	100	90	0.932037	0.763143	52	51.7	0	517	1882	1.08708	0.764763	2074
34	1.46946e+006	681	734250	731603	100	90	1.00708	0.763143	52	51.7	0	517	1882	1.09459	0.766288	2074
35	1.38748e+006	756	704758	679280	100	90	1.28025	0.763143	52	51.7	0	517	1882	1.09967	0.786538	2074
36	1.30472e+006	777	674437	630284	100	90	1.60541	0.763143	52	51.7	0	517	1882	1.11665	0.817784	2074
37	1.23127e+006	846	644048	587220	100	90	1.95292	0.763143	52	51.7	0	517	1882	1.12252	0.802933	2074
38	1.20896e+006	972	637298	571657	100	90	2.5807	0.763143	52	51.7	0	517	1882	1.14488	0.817975	2074
39	1.12917e+006	767	596951	532217	100	90	2.70727	0.763143	52	51.7	0	517	1882	1.18164	0.837681	2074
40	1.05236e+006	626	558093	494269	100	90	2.75259	0.763143	52	51.7	0	517	1882	1.21072	0.857143	2074
41	981663	548	524481	457182	100	90	2.81053	0.763143	52	51.7	0	517	1882	1.23451	0.865031	2074
42	899300	462	482228	417072	100	90	2.83306	0.763143	52	51.7	0	517	1882	1.2478	0.858173	2074
43	860380	410	464239	396141	100	90	2.8875	0.763143	52	51.7	0	517	1882	1.28333	0.880759	2074
44	813794	358	439700	374095	100	90	2.86752	0.763143	52	51.7	0	517	1882	1.31175	0.910494	2074
45	770594	328	417056	353538	100	90	2.87754	0.763143	52	51.7	0	517	1882	1.33871	0.955631	2074
46	693608	278	369570	312293	100	90	2.83592	0.763143	52	51.7	0	517	1882	1.36741	0.943775	2074
47	633875	247	334536	280180	100	90	2.94529	0.763143	52	51.7	0	517	1882	1.39535	0.958525	2074
48	606887	224	318778	268542	100	90	2.96106	0.763143	52	51.7	0	517	1882	1.38627	0.938144	2074
49	549714	198	290777	241359	100	90	3.00588	0.763143	52	51.7	0	517	1882	1.39409	0.918129	2074
50	535498	193	285666	233572	100	90	3.10243	0.763143	52	51.7	0	517	1882	1.43011	0.950617	2074
51	485638	177	268928	216710	100	90	3.13841	0.763143	52	51.7	0	517	1882	1.43902	0.979452	2074
52	251403	164	44056.3	207346	100	90	0.0950495	0.763143	52	51.7	232339	517	1882	1.00548	0.735062	2074
53	505489	153	189892	315597	100	90	0.0667118	0.763143	52	51.7	232339	517	1882	1.00356	0.733857	2074
54	813623	137	356670	456952	100	90	0.0656698	0.763143	52	51.7	232339	517	1882	1.00375	0.744725	2074
55	846215	127	387682	458533	100	90	0.0708485	0.763143	52	51.7	232339	517	1882	1.00428	0.754394	2074
56	849035	120	409449	439586	100	90	0.0827534	0.763143	52	51.7	232339	517	1882	1.00527	0.754389	2074
57	959073	2520	477617	481457	100	90	1.39549	0.763143	52	51.7	232339	517	1882	1.00615	0.74199	2074
58	1.03531e+006	2336	523448	511866	100	90	1.77929	0.763143	52	51.7	232339	517	1882	1.00776	0.741592	2074
59	1.04418e+006	1809	533124	511058	100	90	1.87123	0.763143	52	51.7	232339	517	1882	1.01054	0.733949	2074
60	773486	1505	269633	503854	100	90	2.00622	0.763143	52	51.7	232339	517	1882	1.14229	0.974376	2074
61	856994	1221	371705	480761	100	90	1.18745	0.763143	52	51.7	0	517	1882	1.07039	0.804052	2074
62	957053	1026	453029	497226	100	90	0.976721	0.763143	52	51.7	0	517	1882	1.05125	0.771435	2074
63	1.03905e+006	859	512857	518654	100	90	0.883643	0.763143	52	51.7	0	517	1882	1.04792	0.784839	2074
64	1.1196e+006	714	563176	549125	100	90	0.910578	0.763143	52	51.7	0	517	1882	1.05155	0.775315	2074
65	1.1779e+006	703	599659	571999	100	90	1.02542	0.763143	52	51.7	0	517	1882	1.05594	0.785714	2074
66	1.15019e+006	1348	594626	555566	100	90	1.98838	0.763143	52	51.7	0	517	1882	1.05498	0.777125	2074
67	1.17288e+006	1313	612393	560487	100	90	2.20252	0.763143	52	51.7	0	517	1882	1.05897	0.771812	2074
68	1.11768e+006	1184	589171	528513	100	90	2.35482	0.763143	52	51.7	0	517	1882	1.06205	0.776419	2074
69	1.0431e+006	924	554630	488465	100	90	2.34818	0.763143	52	51.7	0	517	1882	1.07713	0.777902	2074
70	1.01587e+006	785	542961	472907	100	90	2.37914	0.763143	52	51.7	0	517	1882	1.08532	0.785997	2074
71	918555	634	493341	425213	100	90	2.42795	0.763143	52	51.7	0	517	1882	1.10085	0.789216	2074
72	837644	533	452411	385233	100	90	2.52098	0.763143	52	51.7	0	517	1882	1.09908	0.788054	2074
73	804324	483	435849	368475	100	90	2.58884	0.763143	52	51.7	0	517	1882	1.1192	0.797872	2074
74	746245	424	405363	340882	100	90	2.60579	0.763143	52	51.7	0	517	1882	1.11935	0.794686	2074
75	718185	392	391472	326713	100	90	2.71999	0.763143	52	51.7	0	517	1882	1.13617	0.833773	2074
76	644835	327	346642	288497	100	90	2.67665	0.763143	52	51.7	0	517	1882	1.16021	0.840256	2074
77	615678	293	326959	272367	100	90	2.72711	0.763143	52	51.7	0	517	1882	1.19572	0.882143	2074
78	577125	267	305928	255430	100	90	2.77824	0.763143	52	51.7	0	517	1882	1.20761	0.896825	2074
79	539411	236	285791	238537	100	90	2.80787	0.763143	52	51.7	0	517	1882	1.21457	0.931507	2074
80	503904	221	268310	222140	100	90	2.86001	0.763143	52	51.7	0	517	1882	1.23111	0.939698	2074
81	432670	195	238149	194521	100	90	2.92685	0.763143	52	51.7	0	517	1882	1.25134	0.953488	2074
82	228647	177	42257.5	186390	100	90	0.0843423	0.763143	52	51.7	202986	517	1882	1.0029	0.735132	2074
83	544431	177	214636	329795	100	90	0.0667869	0.763143	52	51.7	202986	517	1882	1.00223	0.72974	2074
84	816793	158	361013	455780	100	90	0.0668155	0.763143	52	51.7	202986	517	1882	1.00241	0.74469	2074
85	783330	135	363207	420123	100	90	0.0656488	0.763143	52	51.7	202986	517	1882	1.00251	0.761765	2074
86	803772	110	394909	408863	100	90	0.0696012	0.763143	52	51.7	202986	517	1882	1.00296	0.766647	2074
87	940744	2835	473678	467066	100	90	1.30813	0.763143	52	51.7	202986	517	1882	1.00428	0.768326	2074
88	1.01625e+006	2361	516615	499639	100	90	1.57605	0.763143	52	51.7	202986	517	1882	1.00665	0.764551	2074
89	1.06535e+006	1902	546669	518682	100	90	1.6784	0.763143	52	51.7	202986	517	1882	1.00919	0.76895	2074
90	781317	1643	274136	507181	100	90	1.79291	0.763143	48	51.7	202986	517	1882	1.12234	0.978514	2074
91	652408	1335	181011	470038	100	90	1.03426	0.763143	52	51.7	0	517	1882	1.05545	0.807437	2074
92	782515	1141	297575	478693	100	90	0.78143	0.763143	52	51.7	0	517	1882	1.03777	0.780348	2074
93	974216	989	433686	532708	100	90	0.730499	0.763143	52	51.7	0	517	1882	1.03328	0.77493	2074
94	1.09431e+006	863	520647	564621	100	90	0.813135	0.763143	52	51.7	0	517	1882	1.03658	0.771668	2074
95	1.14936e+006	815	567236	574112	100	90	0.942518	0.763143	52	51.7	0	517	1882	1.04272	0.778423	2074
96	1.16467e+006	1447	592952	571717	100	90	1.74032	0.763143	52	51.7	0	517	1882	1.04796	0.772615	2074
97	1.17232e+006	1417	606751	565574	100	90	1.94852	0.763143	52	51.7	0	517	1882	1.04789	0.759848	2074
98	1.19397e+006	1361	625339	568627	100	90	2.15606	0.763143	52	51.7	0	517	1882	1.05125	0.759217	2074
99	1.09966e+006	1076	580697	518967	100	90	2.19753	0.763143	52	51.7	0	517	1882	1.05582	0.744539	2074
100	1.03148e+006	902	549670	481812	100	90	2.254	0.763143	52	51.7	0	517	1882	1.05799	0.753672	2074
101	995471	786	532753	462718	100	90	2.33755	0.763143	52	51.7	0	517	1882	1.06777	0.746114	2074
102	940348	693	505027	435321	100	90	2.38926	0.763143	52	51.7	0	517	1882	1.07459	0.768437	2074
103	877445	617	474013	403432	100	90	2.47178	0.763143	52	51.7	0	517	1882	1.08163	0.759868	2074
104	791698	519	427787	363911	100	90	2.51159	0.763143	52	51.7	0	517	1882	1.09585	0.782779	2074
105	745552	472	403665	341887	100	90	2.59345	0.763143	52	51.7	0	517	1882	1.10478	0.789588	2074
106	704271	423	376668	318133	100	90	2.64137	0.763143	52	51.7	0	517	1882	1.11803	0.8	2074
107	656157	385	347358	293235	100	90	2.72403	0.763143	52	51.7	0	517	1882	1.10386	0.773585	2074
108	618186	348	327353	275619	100	90	2.72553	0.763143	52	51.7	0	517	1882	1.10133	0.767164	2074
109	560968	305	297906	249081	100	90	2.74629	0.763143	52	51.7	0	517	1882	1.10836	0.767918	2074
110	524868	273	279909	232252	100	90	2.73415	0.763143	52	51.7	0	517	1882	1.11498	0.769231	2074
111	476196	242	260256	215939	100	90	2.76525	0.763143	52	51.7	0	517	1882	1.12698	0.785088	2074
112	256942	226	47430.1	209512	100	90	0.0978102	0.763143	52	51.7	218898	517	1882	1.00199	0.6966	2074
113	577939	196	230207	347732	100	90	0.0682041	0.763143	52	51.7	218898	517	1882	1.00152	0.687371	2074
114	825878	180	369212	456666	100	90	0.0692765	0.763143	52	51.7	218898	517	1882	1.00119	0.700262	2074
115	777303	153	363808	413495	100	90	0.0692764	0.763143	52	51.7	218898	517	1882	1.00135	0.720733	2074
116	822602	144	407026	415576	100	90	0.0838871	0.763143	52	51.7	218898	517	1882	1.00187	0.718209	2074
117	935063	2840	474184	460879	100	90	1.23069	0.763143	52	51.7	218898	517	1882	1.00234	0.717198	2074
118	975818	2374	499280	476539	100	90	1.48912	0.763143	52	51.7	218898	517	1882	1.00396	0.705999	2074
119	1.00165e+006	1915	518355	483292	100	90	1.62786	0.763143	52	51.7	218898	517	1882	1.00602	0.700329	2074
120	753262	1661	267560	485702	100	90	1.70527	0.763143	49	51.7	218898	517	1882	1.09456	0.875378	2074
121	833483	1334	369430	456921	100	90	0.908074	0.763143	52	51.7	0	517	1882	1.03838	0.741929	2074
122	930587	1093	447002	473741	100	90	0.723114	0.763143	52	51.7	0	517	1882	1.0259	0.731424	2074
123	1.03131e+006	916	511979	508288	100	90	0.653362	0.763143	52	51.7	0	517	1882	1.02269	0.729571	2074
124	1.11889e+006	772	562878	545640	100	90	0.68258	0.763143	52	51.7	0	517	1882	1.02413	0.73233	2074
125	1.10405e+006	670	560733	534728	100	90	0.718571	0.763143	52	51.7	0	517	1882	1.02555	0.739875	2074
126	1.09605e+006	1566	567979	528071	100	90	1.56381	0.763143	52	51.7	0	517	1882	1.02669	0.732987	2074
127	1.07462e+006	1475	562085	512539	100	90	1.73749	0.763143	52	51.7	0	517	1882	1.02989	0.718842	2074
128	1.08443e+006	1388	571990	512441	100	90	1.92552	0.763143	52	51.7	0	517	1882	1.03004	0.707478	2074
129	1.07812e+006	1166	573366	504757	100	90	1.99855	0.763143	52	51.7	0	517	1882	1.03187	0.707168	2074
130	1.03871e+006	984	555846	482868	100	90	2.0757	0.763143	52	51.7	0	517	1882	1.04058	0.707039	2074
131	962116	831	517570	444547	100	90	2.19534	0.763143	52	51.7	0	517	1882	1.05093	0.707824	2074
132	923659	734	498461	425199	100	90	2.25787	0.763143	52	51.7	0	517	1882	1.05352	0.705964	2074
133	895768	673	484762	411006	100	90	2.3588	0.763143	52	51.7	0	517	1882	1.06776	0.707576	2074
134	826675	586	447516	379159	100	90	2.37612	0.763143	52	51.7	0	517	1882	1.07514	0.702609	2074
135	788750	529	428391	360359	100	90	2.43684	0.763143	52	51.7	0	517	1882	1.07583	0.692456	2074
136	762123	493	409103	342981	100	90	2.50613	0.763143	52	51.7	0	517	1882	1.08865	0.707724	2074
137	676585	419	359470	301433	100	90	2.53458	0.763143	52	51.7	0	517	1882	1.07906	0.702703	2074
138	609961	362	324486	270800	100	90	2.60783	0.763143	52	51.7	0	517	1882	1.07752	0.702006	2074
139	570744	319	303959	252852	100	90	2.62094	0.763143	52	51.7	0	517	1882	1.07647	0.68932	2074
140	554463	296	295593	245548	100	90	2.63843	0.763143	52	51.7	0	517	1882	1.07643	0.673611	2074
141	513646	278	281009	232637	100	90	2.66009	0.763143	52	51.7	0	517	1882	1.08591	0.67037	2074
142	244362	231	44334.8	200027	100	90	0.0959643	0.763143	52	51.7	234780	517	1882	1.00157	0.622943	2074
143	568673	197	230294	338380	100	90	0.0657065	0.763143	52	51.7	234780	517	1882	1.00097	0.618437	2074
144	791296	181	352907	438389	100	90	0.0667516	0.763143	52	51.7	234780	517	1882	1.00107	0.639547	2074
145	755235	166	354915	400320	100	90	0.0706296	0.763143	52	51.7	234780	517	1882	1.00136	0.673404	2074
146	835924	147	416279	419646	100	90	0.0835563	0.763143	52	51.7	234780	517	1882	1.00186	0.680497	2074
147	955434	2815	484389	471045	100	90	1.17094	0.763143	52	51.7	234780	517	1882	1.0027	0.683723	2074
148	1.01742e+006	2432	519812	497604	100	90	1.46763	0.763143	52	51.7	234780	517	1882	1.00441	0.681252	2074
149	1.01832e+006	1884	525566	492749	100	90	1.51853	0.763143	52	51.7	234780	517	1882	1.00691	0.664673	2074
150	746626	1610	264038	482588	100	90	1.58852	0.763143	49	51.7	234780	517	1882	1.09213	0.815576	2074
151	847403	1316	376501	463256	100	90	0.828009	0.763143	52	51.7	0	517	1882	1.03604	0.682636	2074
152	936608	1075	450563	475700	100	90	0.658332	0.763143	52	51.7	0	517	1882	1.02421	0.668565	2074
153	1.06539e+006	898	528197	525789	100	90	0.597985	0.763143	52	51.7	0	517	1882	1.02214	0.669509	2074
154	1.12051e+006	762	562639	547205	100	90	0.623052	0.763143	52	51.7	0	517	1882	1.02512	0.680869	2074
155	1.13769e+006	729	578641	549466	100	90	0.697737	0.763143	52	51.7	0	517	1882	1.02805	0.700062	2074
156	1.11319e+006	1557	578683	534507	100	90	1.41845	0.763143	52	51.7	0	517	1882	1.02994	0.705626	2074
157	1.0794e+006	1456	566147	513256	100	90	1.56183	0.763143	52	51.7	0	517	1882	1.03161	0.705916	2074
158	1.06176e+006	1393	562222	499541	100	90	1.79047	0.763143	52	51.7	0	517	1882	1.03404	0.700147	2074
159	1.02613e+006	1153	548333	477792	100	90	1.91525	0.763143	52	51.7	0	517	1882	1.0406	0.698667	2074
160	1.02992e+006	1005	553045	476876	100	90	2.01753	0.763143	52	51.7	0	517	1882	1.04693	0.697032	2074
161	994714	874	536102	458612	100	90	2.12575	0.763143	52	51.7	0	517	1882	1.05514	0.691402	2074
162	925607	749	500188	425419	100	90	2.19432	0.763143	52	51.7	0	517	1882	1.0574	0.695172	2074
163	873998	667	472986	401012	100	90	2.29266	0.763143	52	51.7	0	517	1882	1.07561	0.708268	2074
164	821533	600	445326	376207	100	90	2.31011	0.763143	52	51.7	0	517	1882	1.08287	0.70639	2074
165	780880	542	423476	357404	100	90	2.37934	0.763143	52	51.7	0	517	1882	1.08215	0.706334	2074
166	733521	486	393656	330490	100	90	2.44895	0.763143	52	51.7	0	517	1882	1.09346	0.728448	2074
167	687882	436	366351	305867	100	90	2.44567	0.763143	52	51.7	0	517	1882	1.09563	0.735084	2074
168	643518	395	342776	285598	100	90	2.4666	0.763143	52	51.7	0	517	1882	1.09767	0.722222	2074
169	582790	348	311483	257842	100	90	2.45264	0.763143	52	51.7	0	517	1882	1.09259	0.730303	2074
170	542528	318	290331	240060	100	90	2.48368	0.763143	52	51.7	0	517	1882	1.11178	0.755853	2074
171	484664	285	264997	219668	100	90	2.54436	0.763143	52	51.7	0	517	1882	1.12457	0.750943	2074
172	247674	260	46405.1	201269	100	90	0.102792	0.763143	52	51.7	222195	517	1882	1.00204	0.620651	2074
173	593254	245	240758	352496	100	90	0.0800319	0.763143	52	51.7	222195	517	1882	1.00152	0.615385	2074
174	783575	206	352468	431108	100	90	0.0738565	0.763143	52	51.7	222195	517	1882	1.00136	0.636459	2074
175	731721	180	346793	384929	100	90	0.0748941	0.763143	52	51.7	222195	517	1882	1.00187	0.66471	2074
176	827383	165	416023	411360	100	90	0.0929718	0.763143	52	51.7	222195	517	1882	1.00256	0.674535	2074
177	963123	2991	492333	470790	100	90	1.21209	0.763143	52	51.7	222195	517	1882	1.00355	0.68241	2074
178	1.01159e+006	2542	520505	491081	100	90	1.48184	0.763143	52	51.7	222195	517	1882	1.00555	0.686894	2074
179	1.03393e+006	2011	537709	496221	100	90	1.50665	0.763143	52	51.7	222195	517	1882	1.00714	0.68243	2074
180	769948	1780	274543	495405	100	90	1.59716	0.763143	52	51.7	222195	517	1882	1.09789	0.857143	2074
181	867600	1480	385114	474281	100	90	0.871387	0.763143	52	51.7	0	517	1882	1.03964	0.661805	2074
182	984625	1239	473269	499826	100	90	0.707645	0.763143	52	51.7	0	517	1882	1.02793	0.642806	2074
183	1.08807e+006	1012	539817	535634	100	90	0.637669	0.763143	52	51.7	0	517	1882	1.02446	0.646483	2074
184	1.14931e+006	881	579080	558081	100	90	0.68804	0.763143	52	51.7	0	517	1882	1.02894	0.662814	2074
185	1.14662e+006	822	586687	549316	100	90	0.77042	0.763143	52	51.7	0	517	1882	1.03267	0.688458	2074
186	1.14505e+006	1673	599442	545604	100	90	1.49742	0.763143	52	51.7	0	517	1882	1.0323	0.6883	2074
187	1.13608e+006	1527	598873	537208	100	90	1.70257	0.763143	52	51.7	0	517	1882	1.0378	0.682332	2074
188	1.09954e+006	1327	583267	516274	100	90	1.8452	0.763143	52	51.7	0	517	1882	1.04007	0.687017	2074
189	1.05099e+006	1094	561943	489050	100	90	1.9581	0.763143	52	51.7	0	517	1882	1.04762	0.678571	2074
190	985935	923	529496	456438	100	90	2.0444	0.763143	52	51.7	0	517	1882	1.05522	0.67706	2074
191	925234	798	499548	425686	100	90	2.13686	0.763143	52	51.7	0	517	1882	1.0728	0.686606	2074
192	873168	700	472500	400668	100	90	2.21921	0.763143	52	51.7	0	517	1882	1.07861	0.702663	2074
193	610318	642	223856	386462	100	90	2.29678	0.763143	52	51.7	0	517	1882	1.09031	0.709887	2074
194	639857	573	282769	357087	100	90	2.33159	0.763143	52	51.7	0	517	1882	1.09786	0.724138	2074
195	656045	519	321346	334699	100	90	2.35514	0.763143	52	51.7	0	517	1882	1.11444	0.752515	2074
196	643789	467	327488	308578	100	90	2.37696	0.763143	52	51.7	0	517	1882	1.12055	0.741573	2074
197	622819	424	321763	288200	100	90	2.40667	0.763143	52	51.7	0	517	1882	1.11947	0.733333	2074
198	591121	391	309349	269145	100	90	2.43827	0.763143	52	51.7	0	517	1882	1.13119	0.749326	2074
199	566012	368	298338	255821	100	90	2.45647	0.763143	52	51.7	0	517	1882	1.13333	0.744986	2074
200	484050	304	256260	218049	100	90	2.4803	0.763143	52	51.7	0	517	1882	1.15563	0.766784	2074
201	438261	277	237272	200989	100	90	2.51464	0.763143	52	51.7	0	517	1882	1.17978	0.774704	2074
202	227910	246	42928.9	184981	100	90	0.0916639	0.763143	52	51.7	195908	517	1882	1.00261	0.662726	2074
203	586080	221	243989	342091	100	90	0.0703462	0.763143	52	51.7	195908	517	1882	1.002	0.660528	2074
204	786559	193	356851	429708	100	90	0.0670219	0.763143	52	51.7	195908	517	1882	1.00171	0.68065	2074
205	724926	166	345440	379485	100	90	0.0674958	0.763143	52	51.7	195908	517	1882	1.00168	0.710767	2074
206	815896	140	411155	404741	100	90	0.0770372	0.763143	52	51.7	195908	517	1882	1.00238	0.717005	2074
207	941338	3248	482449	458890	100	90	1.22327	0.763143	52	51.7	195908	517	1882	1.00303	0.725373	2074
208	997935	2631	514590	483345	100	90	1.42395	0.763143	52	51.7	195908	517	1882	1.00445	0.725725	2074
209	991481	2112	516657	474824	100	90	1.45778	0.763143	52	51.7	195908	517	1882	1.00508	0.729131	2074
210	747943	1793	267991	479952	100	90	1.51994	0.763143	47	51.7	195908	517	1882	1.09037	0.883904	2074
211	839987	1468	374945	455886	100	90	0.80469	0.763143	52	51.7	0	517	1882	1.03433	0.700048	2074
212	952620	1204	459177	480775	100	90	0.647247	0.763143	52	51.7	0	517	1882	1.02479	0.691826	2074
213	1.06788e+006	997	531045	522963	100	90	0.581886	0.763143	52	51.7	0	517	1882	1.02269	0.687732	2074
214	1.13462e+006	873	572405	548727	100	90	0.632672	0.763143	52	51.7	0	517	1882	1.02526	0.701255	2074
215	1.12094e+006	841	574635	534424	100	90	0.751427	0.763143	52	51.7	0	517	1882	1.03086	0.71708	2074
216	1.125e+006	1713	590592	534409	100	90	1.46395	0.763143	52	51.7	0	517	1882	1.03179	0.720406	2074
217	1.10171e+006	1516	582853	518857	100	90	1.58799	0.763143	52	51.7	0	517	1882	1.03076	0.716885	2074
218	1.05706e+006	1392	564575	492490	100	90	1.79517	0.763143	52	51.7	0	517	1882	1.03421	0.710932	2074
219	1.02748e+006	1155	552628	474852	100	90	1.89023	0.763143	52	51.7	0	517	1882	1.04318	0.71302	2074
220	1.02013e+006	1028	550972	469155	100	90	1.93439	0.763143	52	51.7	0	517	1882	1.05214	0.709325	2074
221	986428	920	534928	451501	100	90	2.01544	0.763143	52	51.7	0	517	1882	1.05882	0.715871	2074
222	930117	816	505822	424295	100	90	2.07213	0.763143	52	51.7	0	517	1882	1.07102	0.73375	2074
223	902586	756	491975	410611	100	90	2.11974	0.763143	52	51.7	0	517	1882	1.07273	0.726783	2074
224	832178	666	454705	377473	100	90	2.15376	0.763143	52	51.7	0	517	1882	1.08396	0.733538	2074
225	783674	604	428752	354922	100	90	2.20476	0.763143	52	51.7	0	517	1882	1.07943	0.719864	2074
226	699646	513	379414	312768	100	90	2.20707	0.763143	52	51.7	0	517	1882	1.08919	0.714286	2074
227	624277	433	337068	275404	100	90	2.23398	0.763143	52	51.7	0	517	1882	1.10063	0.727488	2074
228	563896	387	305077	247806	100	90	2.24617	0.763143	52	51.7	0	517	1882	1.09353	0.70557	2074
229	527739	358	285906	231833	100	90	2.25301	0.763143	52	51.7	0	517	1882	1.09737	0.710983	2074
230	508734	335	275474	223793	100	90	2.28651	0.763143	52	51.7	0	517	1882	1.10057	0.71118	2074
231	470330	316	259721	210609	100	90	2.29073	0.763143	52	51.7	0	517	1882	1.10903	0.726667	2074
232	246074	291	46746.3	199328	100	90	0.103066	0.763143	52	51.7	214241	517	1882	1.00203	0.632378	2074
233	613446	268	252042	361404	100	90	0.0803947	0.763143	52	51.7	214241	517	1882	1.00155	0.631689	2074
234	820716	260	369177	451539	100	90	0.0838771	0.763143	52	51.7	214241	517	1882	1.00164	0.657393	2074
235	756204	223	358237	397966	100	90	0.0853483	0.763143	52	51.7	214241	517	1882	1.00167	0.689344	2074
236	851163	189	427916	423247	100	90	0.0974337	0.763143	52	51.7	214241	517	1882	1.00208	0.702092	2074
237	971895	3171	496032	475863	100	90	1.18313	0.763143	52	51.7	214241	517	1882	1.00315	0.705228	2074
238	1.02649e+006	2621	527454	499036	100	90	1.40277	0.763143	52	51.7	214241	517	1882	1.00486	0.706932	2074
239	1.01697e+006	2115	528001	488971	100	90	1.4322	0.763143	52	51.7	214241	517	1882	1.00655	0.708142	2074
240	755330	1842	269171	486159	100	90	1.46939	0.763143	46	51.7	214241	517	1882	1.08791	0.855507	2074
241	836382	1469	369874	457454	100	90	0.744643	0.763143	52	51.7	0	517	1882	1.03219	0.689905	2074
242	979872	1242	469516	497456	100	90	0.628841	0.763143	52	51.7	0	517	1882	1.02434	0.679889	2074
243	1.10672e+006	1043	547046	545121	100	90	0.57804	0.763143	52	51.7	0	517	1882	1.02183	0.678815	2074
244	1.16147e+006	911	583674	563833	100	90	0.636478	0.763143	52	51.7	0	517	1882	1.02602	0.695849	2074
245	1.15322e+006	853	589642	551396	100	90	0.70536	0.763143	52	51.7	0	517	1882	1.02877	0.717512	2074
246	1.14418e+006	1730	598907	545268	100	90	1.35355	0.763143	52	51.7	0	517	1882	1.02943	0.719933	2074
247	1.14099e+006	1647	602303	538690	100	90	1.5556	0.763143	52	51.7	0	517	1882	1.03224	0.71738	2074
248	1.12462e+006	1521	598491	526131	100	90	1.72872	0.763143	52	51.7	0	517	1882	1.03497	0.716107	2074
249	1.08459e+006	1246	581264	503323	100	90	1.82643	0.763143	52	51.7	0	517	1882	1.0426	0.712059	2074
250	1.0568e+006	1084	569985	486810	100	90	1.88462	0.763143	52	51.7	0	517	1882	1.04831	0.708373	2074
251	984013	926	532735	451278	100	90	1.94556	0.763143	52	51.7	0	517	1882	1.0569	0.713024	2074
252	892854	788	484877	407976	100	90	1.97994	0.763143	52	51.7	0	517	1882	1.06788	0.722078	2074
253	855502	705	464942	390559	100	90	2.04842	0.763143	52	51.7	0	517	1882	1.07928	0.730044	2074
254	808025	636	439639	368386	100	90	2.09101	0.763143	52	51.7	0	517	1882	1.07732	0.734727	2074
255	748995	577	408203	340792	100	90	2.13732	0.763143	52	51.7	0	517	1882	1.08567	0.744186	2074
256	699059	520	378493	313834	100	90	2.1974	0.763143	52	51.7	0	517	1882	1.09828	0.750499	2074
257	667544	480	358977	296812	100	90	2.20349	0.763143	52	51.7	0	517	1882	1.11538	0.766739	2074
258	647179	454	347816	287856	100	90	2.23308	0.763143	52	51.7	0	517	1882	1.11227	0.761574	2074
259	609921	415	328039	270535	100	90	2.25507	0.763143	52	51.7	0	517	1882	1.11187	0.744246	2074
260	547514	357	294351	242774	100	90	2.24466	0.763143	52	51.7	0	517	1882	1.12665	0.75	2074
261	470658	304	258701	211957	100	90	2.20468	0.763143	52	51.7	0	517	1882	1.1358	0.734266	2074
262	246210	279	44039.7	202170	100	90	0.0988447	0.763143	52	51.7	217672	517	1882	1.00223	0.651879	2074
263	609440	257	246698	362742	100	90	0.0779789	0.763143	52	51.7	217672	517	1882	1.00161	0.640046	2074
264	793007	234	356161	436846	100	90	0.0775345	0.763143	52	51.7	217672	517	1882	1.00147	0.663725	2074
265	750851	223	356660	394191	100	90	0.0863871	0.763143	52	51.7	217672	517	1882	1.00169	0.696606	2074
266	872440	218	438684	433756	100	90	0.115258	0.763143	52	51.7	217672	517	1882	1.00227	0.700922	2074
267	968519	3172	494408	474111	100	90	1.24547	0.763143	52	51.7	217672	517	1882	1.00282	0.714713	2074
268	1.0197e+006	2553	524191	495505	100	90	1.42341	0.763143	52	51.7	217672	517	1882	1.00406	0.718495	2074
269	1.0401e+006	2055	540814	499283	100	90	1.43976	0.763143	52	51.7	217672	517	1882	1.00559	0.721395	2074
270	775181	1797	276767	498414	100	90	1.49901	0.763143	49	51.7	217672	517	1882	1.10085	0.889944	2074
271	887377	1511	392655	485535	100	90	0.779661	0.763143	52	51.7	0	517	1882	1.03666	0.704057	2074
272	1.01366e+006	1282	485808	514757	100	90	0.649484	0.763143	52	51.7	0	517	1882	1.02626	0.688644	2074
273	1.12382e+006	1068	557542	552180	100	90	0.602317	0.763143	52	51.7	0	517	1882	1.02301	0.675742	2074
274	1.18229e+006	904	596889	572144	100	90	0.616186	0.763143	52	51.7	0	517	1882	1.02431	0.686953	2074
275	1.17367e+006	836	602072	559823	100	90	0.659735	0.763143	52	51.7	0	517	1882	1.02603	0.697181	2074
276	1.17628e+006	1735	617668	558609	100	90	1.34436	0.763143	52	51.7	0	517	1882	1.02596	0.6974	2074
277	1.15887e+006	1672	613498	545368	100	90	1.55533	0.763143	52	51.7	0	517	1882	1.0276	0.69487	2074
278	1.14622e+006	1522	611666	534556	100	90	1.72226	0.763143	52	51.7	0	517	1882	1.02882	0.696262	2074
279	1.10753e+006	1244	594841	512689	100	90	1.82128	0.763143	52	51.7	0	517	1882	1.0366	0.693878	2074
280	1.06495e+006	1070	575147	489799	100	90	1.89075	0.763143	52	51.7	0	517	1882	1.04411	0.695611	2074
281	1.02497e+006	942	554505	470463	100	90	1.96035	0.763143	52	51.7	0	517	1882	1.04802	0.695558	2074
282	957556	835	519791	437765	100	90	2.04196	0.763143	52	51.7	0	517	1882	1.05965	0.71481	2074
283	871094	725	474777	396317	100	90	2.08472	0.763143	52	51.7	0	517	1882	1.06935	0.723944	2074
284	819666	652	448583	371083	100	90	2.14615	0.763143	52	51.7	0	517	1882	1.06901	0.729984	2074
285	786688	602	431000	355687	100	90	2.19094	0.763143	52	51.7	0	517	1882	1.06967	0.736301	2074
286	738254	541	400652	329815	100	90	2.21559	0.763143	52	51.7	0	517	1882	1.07566	0.736641	2074
287	697867	494	375767	308462	100	90	2.22417	0.763143	52	51.7	0	517	1882	1.0929	0.746862	2074
288	638547	431	343284	281936	100	90	2.25516	0.763143	52	51.7	0	517	1882	1.08787	0.728814	2074
289	591715	383	318638	260648	100	90	2.25248	0.763143	52	51.7	0	517	1882	1.09976	0.735695	2074
290	543281	339	292665	239343	100	90	2.26016	0.763143	52	51.7	0	517	1882	1.11749	0.737654	2074
291	484462	300	267271	217192	100	90	2.27248	0.763143	52	51.7	0	517	1882	1.12934	0.758865	2074
292	246070	273	43946.9	202124	100	90	0.0998292	0.763143	52	51.7	228271	517	1882	1.00201	0.633281	2074
293	598987	250	241076	357911	100	90	0.0764449	0.763143	52	51.7	228271	517	1882	1.00143	0.626619	2074
294	775581	217	347275	428306	100	90	0.0722238	0.763143	52	51.7	228271	517	1882	1.00117	0.650971	2074
295	696103	184	331284	364818	100	90	0.0720952	0.763143	52	51.7	228271	517	1882	1.00121	0.683993	2074
296	827849	173	418669	409179	100	90	0.0926801	0.763143	52	51.7	228271	517	1882	1.00165	0.691911	2074
297	964614	3089	494785	469830	100	90	1.19239	0.763143	52	51.7	228271	517	1882	1.00204	0.697592	2074
298	989109	2514	510340	478769	100	90	1.44497	0.763143	52	51.7	228271	517	1882	1.00237	0.709994	2074
299	1.00288e+006	1975	523315	479566	100	90	1.45545	0.763143	52	51.7	228271	517	1882	1.00421	0.707568	2074
300	743243	1668	266524	476719	100	90	1.49436	0.763143	49	51.7	228271	517	1882	1.09808	0.868833	2074
301	827364	1378	369797	449508	100	90	0.749152	0.763143	52	51.7	0	517	1882	1.03344	0.685585	2074
302	961273	1172	463464	486079	100	90	0.617765	0.763143	52	51.7	0	517	1882	1.02285	0.671053	2074
303	1.08621e+006	971	540482	533350	100	90	0.558751	0.763143	52	51.7	0	517	1882	1.02041	0.665881	2074
304	1.14466e+006	830	577675	555369	100	90	0.602592	0.763143	52	51.7	0	517	1882	1.02279	0.677199	2074
305	1.09717e+006	736	561973	525474	100	90	0.663806	0.763143	52	51.7	0	517	1882	1.02653	0.690398	2074
306	1.12093e+006	1613	589176	531754	100	90	1.38907	0.763143	52	51.7	0	517	1882	1.03021	0.692925	2074
307	1.12799e+006	1514	597639	530354	100	90	1.57614	0.763143	52	51.7	0	517	1882	1.03396	0.693865	2074
308	1.10216e+006	1370	588514	513647	100	90	1.74536	0.763143	52	51.7	0	517	1882	1.0364	0.677539	2074
309	1.07135e+006	1145	574758	496593	100	90	1.88221	0.763143	52	51.7	0	517	1882	1.04444	0.678222	2074
310	999151	945	539642	459509	100	90	1.9374	0.763143	52	51.7	0	517	1882	1.04822	0.685684	2074
311	968250	838	525325	442925	100	90	1.965	0.763143	52	51.7	0	517	1882	1.05512	0.695493	2074
312	940317	771	511698	428619	100	90	2.01773	0.763143	52	51.7	0	517	1882	1.06496	0.708058	2074
313	863279	668	470141	393137	100	90	2.05621	0.763143	52	51.7	0	517	1882	1.07855	0.705793	2074
314	813284	600	443802	369483	100	90	2.11078	0.763143	52	51.7	0	517	1882	1.09354	0.720137	2074
315	767096	551	418979	348117	100	90	2.16407	0.763143	52	51.7	0	517	1882	1.10452	0.724719	2074
316	716299	497	386742	321331	100	90	2.22034	0.763143	52	51.7	0	517	1882	1.11131	0.727848	2074
317	654360	440	350734	290783	100	90	2.23986	0.763143	52	51.7	0	517	1882	1.11205	0.719048	2074
318	593451	388	317707	263665	100	90	2.24107	0.763143	52	51.7	0	517	1882	1.12077	0.73297	2074
319	549706	349	294826	243946	100	90	2.26112	0.763143	52	51.7	0	517	1882	1.13736	0.743902	2074
320	508226	326	273703	224693	100	90	2.2664	0.763143	52	51.7	0	517	1882	1.15408	0.762376	2074
321	458667	294	252557	206110	100	90	2.30332	0.763143	52	51.7	0	517	1882	1.14576	0.751825	2074
322	229571	255	40955.2	188615	100	90	0.0956794	0.763143	52	51.7	213282	517	1882	1.00272	0.638592	2074
323	575151	240	235420	339731	100	90	0.0739313	0.763143	52	51.7	213282	517	1882	1.0021	0.625693	2074
324	791046	227	357240	433806	100	90	0.0765295	0.763143	52	51.7	213282	517	1882	1.00207	0.646907	2074
325	764201	219	361320	402882	100	90	0.0850795	0.763143	52	51.7	213282	517	1882	1.00254	0.687557	2074
326	851110	191	425899	425212	100	90	0.0983503	0.763143	52	51.7	213282	517	1882	1.00339	0.706516	2074
327	997983	3170	509055	488928	100	90	1.15258	0.763143	52	51.7	213282	517	1882	1.00448	0.71471	2074
328	1.05035e+006	2728	539286	511065	100	90	1.37794	0.763143	52	51.7	213282	517	1882	1.00669	0.721017	2074
329	1.05149e+006	2131	545881	505605	100	90	1.41638	0.763143	52	51.7	213282	517	1882	1.0088	0.732605	2074
330	763315	1843	271570	491744	100	90	1.47475	0.763143	48	51.7	213282	517	1882	1.09225	0.895776	2074
331	862419	1529	381416	471898	100	90	0.833366	0.763143	52	51.7	0	517	1882	1.03752	0.683723	2074
332	979808	1277	468633	498374	100	90	0.693694	0.763143	52	51.7	0	517	1882	1.02687	0.660691	2074
333	1.09225e+006	1053	540065	538007	100	90	0.645395	0.763143	52	51.7	0	517	1882	1.02582	0.663365	2074
334	1.11912e+006	872	562811	543562	100	90	0.663737	0.763143	52	51.7	0	517	1882	1.02819	0.675862	2074
335	1.11691e+006	808	571398	534411	100	90	0.726589	0.763143	52	51.7	0	517	1882	1.03034	0.703835	2074
336	1.12026e+006	1609	587524	532733	100	90	1.40081	0.763143	52	51.7	0	517	1882	1.03399	0.71134	2074
337	1.10391e+006	1506	582770	521140	100	90	1.57582	0.763143	52	51.7	0	517	1882	1.04004	0.724197	2074
338	1.06778e+006	1390	567557	500220	100	90	1.72961	0.763143	52	51.7	0	517	1882	1.04324	0.720029	2074
339	1.03688e+006	1142	555606	481270	100	90	1.86722	0.763143	52	51.7	0	517	1882	1.05855	0.721925	2074
340	973553	949	524207	449346	100	90	1.94304	0.763143	52	51.7	0	517	1882	1.06049	0.721805	2074
341	878485	786	475303	403182	100	90	1.98556	0.763143	52	51.7	0	517	1882	1.08065	0.746094	2074
342	865248	722	469730	395518	100	90	2.04805	0.763143	52	51.7	0	517	1882	1.08495	0.756757	2074
343	825457	663	449254	376203	100	90	2.11778	0.763143	52	51.7	0	517	1882	1.10513	0.765528	2074
344	761940	590	414654	347286	100	90	2.15577	0.763143	52	51.7	0	517	1882	1.11391	0.758377	2074
345	700908	531	382282	318626	100	90	2.14843	0.763143	52	51.7	0	517	1882	1.1388	0.801961	2074
346	642990	469	347128	288498	100	90	2.16121	0.763143	52	51.7	0	517	1882	1.16311	0.822222	2074
347	616815	433	329649	274625	100	90	2.16795	0.763143	52	51.7	0	517	1882	1.17849	0.827251	2074
348	567647	385	303166	252357	100	90	2.18533	0.763143	52	51.7	0	517	1882	1.18735	0.826923	2074
349	548319	360	293681	243055	100	90	2.22775	0.763143	52	51.7	0	517	1882	1.16623	0.809942	2074
350	360601	318	136029	223019	100	90	2.25582	0.763143	52	51.7	0	517	1882	1.17523	0.814815	2074
351	374590	291	169542	205048	100	90	2.28739	0.763143	52	51.7	0	517	1882	1.19113	0.824427	2074
352	251441	284	46121.3	205320	100	90	0.10263	0.763143	52	51.7	165882	517	1882	1.00329	0.688408	2074
353	602188	259	243102	359086	100	90	0.0818375	0.763143	52	51.7	165882	517	1882	1.00267	0.690739	2074
354	792809	248	354818	437991	100	90	0.0868724	0.763143	52	51.7	165882	517	1882	1.00291	0.742507	2074
355	736054	221	349858	386196	100	90	0.090437	0.763143	52	51.7	165882	517	1882	1.00331	0.820684	2074
356	861323	190	433653	427670	100	90	0.105971	0.763143	52	51.7	165882	517	1882	1.00381	0.835712	2074
357	976230	3109	498748	477482	100	90	1.12917	0.763143	52	51.7	165882	517	1882	1.00508	0.85339	2074
358	980428	2423	505613	474815	100	90	1.28188	0.763143	52	51.7	165882	517	1882	1.00835	0.878971	2074
359	979269	1981	512908	466361	100	90	1.32837	0.763143	52	51.7	165882	517	1882	1.01082	0.882802	2074
360	724459	1779	261672	462787	100	90	1.35541	0.763143	48	51.7	165882	517	1882	1.12263	1.1058	2074
361	780777	1402	347873	421187	100	90	0.749213	0.763143	52	51.7	0	517	1882	1.05388	0.789152	2074
362	881709	1170	425183	439254	100	90	0.607699	0.763143	52	51.7	0	517	1882	1.04055	0.754908	2074
363	1.03388e+006	1022	513644	500626	100	90	0.573001	0.763143	52	51.7	0	517	1882	1.0376	0.752882	2074
364	1.0808e+006	880	544819	517264	100	90	0.603591	0.763143	52	51.7	0	517	1882	1.0406	0.780958	2074
365	1.07506e+006	876	551155	507018	100	90	0.720309	0.763143	52	51.7	0	517	1882	1.04766	0.820915	2074
366	1.06732e+006	1708	563736	503581	100	90	1.32834	0.763143	52	51.7	0	517	1882	1.04941	0.827265	2074
367	1.05458e+006	1574	562106	492477	100	90	1.47241	0.763143	52	51.7	0	517	1882	1.05169	0.831923	2074
368	1.04553e+006	1492	561589	483944	100	90	1.62389	0.763143	52	51.7	0	517	1882	1.05477	0.843858	2074
369	1.0181e+006	1272	551559	466538	100	90	1.74061	0.763143	52	51.7	0	517	1882	1.06002	0.850285	2074
370	921404	1042	501111	420293	100	90	1.74622	0.763143	52	51.7	0	517	1882	1.06386	0.842942	2074
371	874376	911	477645	396730	100	90	1.82154	0.763143	52	51.7	0	517	1882	1.07386	0.845103	2074
372	848992	843	464590	384402	100	90	1.86646	0.763143	52	51.7	0	517	1882	1.07895	0.856089	2074
373	786073	744	430540	355533	100	90	1.91461	0.763143	52	51.7	0	517	1882	1.08343	0.871148	2074
374	754871	692	414222	340649	100	90	1.94543	0.763143	52	51.7	0	517	1882	1.105	0.888386	2074
375	716410	635	393335	323075	100	90	1.99095	0.763143	52	51.7	0	517	1882	1.12732	0.904132	2074
376	672991	581	367298	302446	100	90	2.00443	0.763143	52	51.7	0	517	1882	1.14514	0.91833	2074
377	607637	514	331904	270741	100	90	1.99784	0.763143	52	51.7	0	517	1882	1.14568	0.908537	2074
378	567712	464	310193	252349	100	90	2.00231	0.763143	52	51.7	0	517	1882	1.16397	0.927107	2074
379	488721	389	267969	216177	100	90	2.02916	0.763143	52	51.7	0	517	1882	1.18114	0.926027	2074
380	447829	351	245980	197717	100	90	2.04101	0.763143	52	51.7	0	517	1882	1.17355	0.91411	2074
381	403155	312	223519	179636	100	90	2.03867	0.763143	52	51.7	0	517	1882	1.18354	0.943662	2074
382	202468	274	40819	161649	100	90	0.087631	0.763143	52	51.7	186740	517	1882	1.00257	0.746544	2074
383	588901	235	253497	335403	100	90	0.065359	0.763143	52	51.7	186740	517	1882	1.00171	0.746045	2074
384	763167	206	352546	410621	100	90	0.0627791	0.763143	52	51.7	186740	517	1882	1.00163	0.785044	2074
385	669899	174	324840	345059	100	90	0.0613114	0.763143	52	51.7	186740	517	1882	1.0017	0.841779	2074
386	801297	161	410048	391249	100	90	0.0766086	0.763143	52	51.7	186740	517	1882	1.00246	0.847129	2074
387	923256	3300	476556	446699	100	90	1.10346	0.763143	52	51.7	186740	517	1882	1.00332	0.864496	2074
388	984116	2753	511068	473048	100	90	1.31807	0.763143	52	51.7	186740	517	1882	1.00615	0.891573	2074
389	1.00178e+006	2221	525270	476511	100	90	1.35379	0.763143	52	51.7	186740	517	1882	1.008	0.88854	2074
390	745337	1944	268761	476576	100	90	1.39417	0.763143	46	51.7	186740	517	1882	1.11778	1.08786	2074
391	833349	1628	369722	450847	100	90	0.734181	0.763143	52	51.7	0	517	1882	1.04694	0.813687	2074
392	976912	1388	466812	491294	100	90	0.623259	0.763143	52	51.7	0	517	1882	1.03686	0.793069	2074
393	1.10486e+006	1152	545173	539653	100	90	0.567541	0.763143	52	51.7	0	517	1882	1.03316	0.793626	2074
394	1.14752e+006	980	575131	553063	100	90	0.597096	0.763143	52	51.7	0	517	1882	1.03723	0.825394	2074
395	1.12123e+006	931	574365	530209	100	90	0.675007	0.763143	52	51.7	0	517	1882	1.03983	0.848186	2074
396	1.113e+006	1914	587449	525550	100	90	1.29721	0.763143	52	51.7	0	517	1882	1.04391	0.852393	2074
397	1.09652e+006	1761	584429	512091	100	90	1.48311	0.763143	52	51.7	0	517	1882	1.05037	0.855567	2074
398	1.04549e+006	1493	562199	483291	100	90	1.6372	0.763143	52	51.7	0	517	1882	1.0575	0.86786	2074
399	988233	1215	534536	453697	100	90	1.71536	0.763143	52	51.7	0	517	1882	1.07135	0.87447	2074
400	944026	1058	513804	430222	100	90	1.75802	0.763143	52	51.7	0	517	1882	1.07195	0.871595	2074
401	879898	911	481577	398322	100	90	1.84072	0.763143	52	51.7	0	517	1882	1.07337	0.879369	2074
402	816201	786	447855	368346	100	90	1.89057	0.763143	52	51.7	0	517	1882	1.09026	0.897503	2074
403	801022	737	440886	360136	100	90	1.95031	0.763143	52	51.7	0	517	1882	1.10103	0.904628	2074
404	715893	620	394706	321187	100	90	1.98373	0.763143	52	51.7	0	517	1882	1.12696	0.919732	2074
405	679768	567	375811	303957	100	90	2.0068	0.763143	52	51.7	0	517	1882	1.13876	0.935897	2074
406	610965	494	336469	270932	100	90	1.99769	0.763143	52	51.7	0	517	1882	1.15527	0.943158	2074
407	561918	443	308213	247989	100	90	2.02084	0.763143	52	51.7	0	517	1882	1.18124	0.966427	2074
408	533674	415	292859	235531	100	90	2.01652	0.763143	52	51.7	0	517	1882	1.18415	0.96401	2074
409	500611	380	274740	220884	100	90	1.99191	0.763143	52	51.7	0	517	1882	1.20205	0.960674	2074
410	423049	313	233709	185164	100	90	1.99271	0.763143	52	51.7	0	517	1882	1.2163	0.972696	2074
411	392825	288	219656	173169	100	90	2.01406	0.763143	52	51.7	0	517	1882	1.22569	0.985019	2074
412	205536	271	40065.9	165470	100	90	0.0860312	0.763143	52	51.7	184667	517	1882	1.00312	0.76513	2074
413	596690	248	254141	342548	100	90	0.0700214	0.763143	52	51.7	184667	517	1882	1.00246	0.765014	2074
414	761064	222	349994	411070	100	90	0.0676538	0.763143	52	51.7	184667	517	1882	1.0025	0.796049	2074
415	686285	203	330664	355622	100	90	0.0715522	0.763143	52	51.7	184667	517	1882	1.00266	0.845811	2074
416	816115	192	414092	402022	100	90	0.0909934	0.763143	52	51.7	184667	517	1882	1.00353	0.852152	2074
417	942895	3237	485233	457662	100	90	1.09435	0.763143	52	51.7	184667	517	1882	1.00547	0.874034	2074
418	1.00389e+006	2804	519446	484442	100	90	1.31662	0.763143	52	51.7	184667	517	1882	1.00877	0.884316	2074
419	976336	2174	510023	466313	100	90	1.34779	0.763143	52	51.7	184667	517	1882	1.01051	0.880112	2074
420	701252	1816	251871	449381	100	90	1.35139	0.763143	45	51.7	184667	517	1882	1.11447	1.07922	2074
421	784751	1464	348614	424505	100	90	0.65261	0.763143	52	51.7	0	517	1882	1.04021	0.830297	2074
422	927293	1248	444022	465770	100	90	0.54105	0.763143	52	51.7	0	517	1882	1.03213	0.812348	2074
423	1.07897e+006	1070	531509	528366	100	90	0.513216	0.763143	52	51.7	0	517	1882	1.03057	0.80762	2074
424	1.08234e+006	884	541748	523449	100	90	0.512997	0.763143	52	51.7	0	517	1882	1.03019	0.829886	2074
425	1.09091e+006	848	556354	519386	100	90	0.586263	0.763143	52	51.7	0	517	1882	1.03282	0.8502	2074
426	1.06712e+006	1848	559867	507254	100	90	1.22583	0.763143	52	51.7	0	517	1882	1.03459	0.856814	2074
427	1.05313e+006	1728	558988	494140	100	90	1.40872	0.763143	52	51.7	0	517	1882	1.0403	0.865702	2074
428	1.0455e+006	1642	559467	486028	100	90	1.56538	0.763143	52	51.7	0	517	1882	1.04017	0.868372	2074
429	1.01328e+006	1356	545905	467372	100	90	1.65019	0.763143	52	51.7	0	517	1882	1.05019	0.873208	2074
430	960177	1156	520968	439209	100	90	1.68742	0.763143	52	51.7	0	517	1882	1.06342	0.890957	2074
431	933623	1029	509371	424252	100	90	1.76201	0.763143	52	51.7	0	517	1882	1.07158	0.898507	2074
432	856773	886	469001	387771	100	90	1.82991	0.763143	52	51.7	0	517	1882	1.08865	0.906032	2074
433	831950	825	456688	375262	100	90	1.88309	0.763143	52	51.7	0	517	1882	1.10306	0.912281	2074
434	791099	761	435089	356011	100	90	1.91804	0.763143	52	51.7	0	517	1882	1.11547	0.927694	2074
435	716187	672	394853	321334	100	90	1.97326	0.763143	52	51.7	0	517	1882	1.125	0.935636	2074
436	684073	624	376158	304738	100	90	1.96254	0.763143	52	51.7	0	517	1882	1.14006	0.940878	2074
437	626929	544	343960	277300	100	90	1.96195	0.763143	52	51.7	0	517	1882	1.15993	0.963391	2074
438	545227	447	299380	240690	100	90	1.97041	0.763143	52	51.7	0	517	1882	1.17505	0.962175	2074
439	519340	422	285243	229138	100	90	1.98942	0.763143	52	51.7	0	517	1882	1.17757	0.97201	2074
440	492645	393	271194	216916	100	90	1.98286	0.763143	52	51.7	0	517	1882	1.19593	0.972452	2074
441	437004	346	243267	193737	100	90	1.9925	0.763143	52	51.7	0	517	1882	1.21662	0.99359	2074
442	216339	305	42923.5	173416	100	90	0.0968751	0.763143	52	51.7	203416	517	1882	1.00337	0.743874	2074
443	591995	271	253055	338940	100	90	0.075103	0.763143	52	51.7	203416	517	1882	1.00261	0.743242	2074
444	771755	242	356096	415659	100	90	0.0729523	0.763143	52	51.7	203416	517	1882	1.00286	0.776109	2074
445	727438	223	352279	375159	100	90	0.0771074	0.763143	52	51.7	203416	517	1882	1.00327	0.815054	2074
446	835784	196	424894	410890	100	90	0.0914784	0.763143	52	51.7	203416	517	1882	1.0042	0.823506	2074
447	971331	3382	499438	471893	100	90	1.09604	0.763143	52	51.7	203416	517	1882	1.00551	0.831816	2074
448	993662	2814	514075	479587	100	90	1.30169	0.763143	52	51.7	203416	517	1882	1.00817	0.844974	2074
449	1.03209e+006	2321	540531	491561	100	90	1.37062	0.763143	52	51.7	203416	517	1882	1.0108	0.842186	2074
450	758802	2054	272902	485899	100	90	1.40718	0.763143	49	51.7	203416	517	1882	1.10125	1.01329	2074
451	830973	1651	366452	452698	100	90	0.743477	0.763143	52	51.7	0	517	1882	1.03968	0.808918	2074
452	962504	1394	459353	485829	100	90	0.607414	0.763143	52	51.7	0	517	1882	1.03059	0.788342	2074
453	1.09752e+006	1169	540321	538219	100	90	0.556425	0.763143	52	51.7	0	517	1882	1.02786	0.785968	2074
454	1.12701e+006	973	564006	545762	100	90	0.573446	0.763143	52	51.7	0	517	1882	1.03042	0.812443	2074
455	1.10352e+006	939	563076	525283	100	90	0.667904	0.763143	52	51.7	0	517	1882	1.03452	0.835712	2074
456	1.09686e+006	1852	576892	519966	100	90	1.26097	0.763143	52	51.7	0	517	1882	1.03707	0.83834	2074
457	769721	1713	267974	501747	100	90	1.40019	0.763143	52	51.7	0	517	1882	1.04184	0.839397	2074
458	839602	1627	359230	480372	100	90	1.57938	0.763143	52	51.7	0	517	1882	1.04159	0.839319	2074
459	881165	1353	424606	456560	100	90	1.70535	0.763143	52	51.7	0	517	1882	1.0522	0.844461	2074
460	893049	1143	458275	434774	100	90	1.80994	0.763143	52	51.7	0	517	1882	1.05388	0.832437	2074
461	874121	981	462858	411263	100	90	1.84661	0.763143	52	51.7	0	517	1882	1.05712	0.826903	2074
462	802631	830	432087	370543	100	90	1.88183	0.763143	52	51.7	0	517	1882	1.0581	0.828221	2074
463	733512	702	398933	334580	100	90	1.89962	0.763143	52	51.7	0	517	1882	1.06474	0.83115	2074
464	662246	604	362716	299530	100	90	1.91492	0.763143	52	51.7	0	517	1882	1.08732	0.862712	2074
465	604061	527	331664	272397	100	90	1.89781	0.763143	52	51.7	0	517	1882	1.09756	0.867961	2074
466	548523	460	299880	245183	100	90	1.9014	0.763143	52	51.7	0	517	1882	1.11111	0.873894	2074
467	527176	428	286868	234024	100	90	1.93591	0.763143	52	51.7	0	517	1882	1.12903	0.883777	2074
468	507324	400	276036	224900	100	90	1.96292	0.763143	52	51.7	0	517	1882	1.13712	0.88601	2074
469	496613	387	270277	219659	100	90	1.99108	0.763143	52	51.7	0	517	1882	1.15075	0.907104	2074
470	449123	344	244827	198467	100	90	2.03229	0.763143	52	51.7	0	517	1882	1.14	0.886154	2074
471	391191	307	216140	175051	100	90	2.06298	0.763143	52	51.7	0	517	1882	1.16054	0.917857	2074
472	194435	260	38209.5	156225	100	90	0.0823466	0.763143	52	51.7	179442	517	1882	1.00227	0.735107	2074
473	578076	229	248068	330008	100	90	0.0651915	0.763143	52	51.7	179442	517	1882	1.00184	0.732368	2074
474	772038	204	358147	413891	100	90	0.0623514	0.763143	52	51.7	179442	517	1882	1.00192	0.754336	2074
475	713701	185	345790	367911	100	90	0.0648173	0.763143	52	51.7	179442	517	1882	1.00222	0.787698	2074
476	837532	176	425036	412496	100	90	0.080404	0.763143	52	51.7	179442	517	1882	1.00293	0.79257	2074
477	958036	3484	491952	466084	100	90	1.09878	0.763143	52	51.7	179442	517	1882	1.00408	0.801288	2074
478	1.02375e+006	2924	528409	495340	100	90	1.27671	0.763143	52	51.7	179442	517	1882	1.00668	0.808629	2074
479	1.05611e+006	2501	550213	505899	100	90	1.35427	0.763143	52	51.7	179442	517	1882	1.00735	0.808442	2074
480	797009	2188	285279	511729	100	90	1.38457	0.763143	47	51.7	179442	517	1882	1.08327	0.947417	2074
481	872025	1761	382971	477158	100	90	0.780353	0.763143	52	51.7	0	517	1882	1.03629	0.793446	2074
482	985909	1403	469884	499258	100	90	0.611678	0.763143	52	51.7	0	517	1882	1.02671	0.772496	2074
483	1.12807e+006	1187	555762	553383	100	90	0.570262	0.763143	52	51.7	0	517	1882	1.02561	0.768041	2074
484	1.16712e+006	1020	584230	565047	100	90	0.612897	0.763143	52	51.7	0	517	1882	1.02774	0.788488	2074
485	1.16278e+006	970	593973	552951	100	90	0.692614	0.763143	52	51.7	0	517	1882	1.03068	0.802308	2074
486	1.14109e+006	1944	600258	540830	100	90	1.33107	0.763143	52	51.7	0	517	1882	1.02936	0.794996	2074
487	1.13288e+006	1700	601977	530907	100	90	1.48785	0.763143	52	51.7	0	517	1882	1.03271	0.790272	2074
488	1.144e+006	1626	612093	531908	100	90	1.64477	0.763143	52	51.7	0	517	1882	1.03345	0.78702	2074
489	1.09605e+006	1375	590104	505943	100	90	1.72855	0.763143	52	51.7	0	517	1882	1.04119	0.790923	2074
490	1.04806e+006	1180	568134	479928	100	90	1.76952	0.763143	52	51.7	0	517	1882	1.04249	0.785653	2074
491	1.02737e+006	1064	558746	468625	100	90	1.80945	0.763143	52	51.7	0	517	1882	1.04903	0.790431	2074
492	944001	916	515270	428732	100	90	1.85582	0.763143	52	51.7	0	517	1882	1.05285	0.792642	2074
493	871052	796	476848	394204	100	90	1.90469	0.763143	52	51.7	0	517	1882	1.06721	0.805913	2074
494	794460	692	435526	358934	100	90	1.95073	0.763143	52	51.7	0	517	1882	1.08519	0.818452	2074
495	722318	600	396592	325725	100	90	1.95656	0.763143	52	51.7	0	517	1882	1.11471	0.852941	2074
496	636543	509	347171	284160	100	90	1.9422	0.763143	52	51.7	0	517	1882	1.14085	0.881874	2074
497	610499	474	330875	270717	100	90	1.9779	0.763143	52	51.7	0	517	1882	1.14981	0.885714	2074
498	558795	423	302351	247859	100	90	1.99536	0.763143	52	51.7	0	517	1882	1.15487	0.877805	2074
499	522369	389	282693	231489	100	90	2.00331	0.763143	52	51.7	0	517	1882	1.17115	0.892857	2074
500	469841	341	254440	208224	100	90	1.98606	0.763143	52	51.7	0	517	1882	1.18333	0.88254	2074
501	446250	324	245814	200435	100	90	1.99522	0.763143	52	51.7	0	517	1882	1.17988	0.885135	2074
502	235509	300	43795.3	191714	100	90	0.0952807	0.763143	52	51.7	205814	517	1882	1.00309	0.72755	2074
503	614468	254	256576	357892	100	90	0.0710282	0.763143	52	51.7	205814	517	1882	1.00249	0.722848	2074
504	798590	229	362975	435614	100	90	0.0695901	0.763143	52	51.7	205814	517	1882	1.00242	0.749208	2074
505	743021	205	354060	388961	100	90	0.0723245	0.763143	52	51.7	205814	517	1882	1.00267	0.780316	2074
506	833691	165	419406	414285	100	90	0.0786186	0.763143	52	51.7	205814	517	1882	1.00301	0.784623	2074
507	977979	3468	499623	478357	100	90	1.10743	0.763143	52	51.7	205814	517	1882	1.0043	0.795446	2074
508	998238	2763	513851	484387	100	90	1.26887	0.763143	52	51.7	205814	517	1882	1.00642	0.804664	2074
509	1.00922e+006	2279	525315	483906	100	90	1.31383	0.763143	52	51.7	205814	517	1882	1.00802	0.797808	2074
510	766122	2063	273523	492599	100	90	1.39019	0.763143	50	51.7	205814	517	1882	1.08754	0.946237	2074
511	845793	1686	371060	463824	100	90	0.713237	0.763143	52	51.7	0	517	1882	1.03342	0.780392	2074
512	989079	1429	471225	502097	100	90	0.593988	0.763143	52	51.7	0	517	1882	1.02475	0.766621	2074
513	1.10645e+006	1159	544855	544587	100	90	0.538003	0.763143	52	51.7	0	517	1882	1.02329	0.761829	2074
514	1.14258e+006	961	571747	554792	100	90	0.536846	0.763143	52	51.7	0	517	1882	1.02366	0.779026	2074
515	1.12036e+006	883	572009	534366	100	90	0.580799	0.763143	52	51.7	0	517	1882	1.02617	0.792095	2074
516	1.10729e+006	2000	581654	525631	100	90	1.22634	0.763143	52	51.7	0	517	1882	1.02863	0.792368	2074
517	1.10686e+006	1813	586950	519909	100	90	1.38425	0.763143	52	51.7	0	517	1882	1.032	0.795151	2074
518	1.07932e+006	1646	577195	502128	100	90	1.54051	0.763143	52	51.7	0	517	1882	1.03452	0.783364	2074
519	1.03015e+006	1338	554144	476002	100	90	1.65182	0.763143	52	51.7	0	517	1882	1.04429	0.782277	2074
520	964666	1117	522857	441809	100	90	1.7093	0.763143	52	51.7	0	517	1882	1.04745	0.776364	2074
521	947159	999	515246	431913	100	90	1.77077	0.763143	52	51.7	0	517	1882	1.05725	0.780612	2074
522	917668	900	500048	417620	100	90	1.82939	0.763143	52	51.7	0	517	1882	1.06171	0.782805	2074
523	872997	809	476387	396610	100	90	1.88619	0.763143	52	51.7	0	517	1882	1.08116	0.802005	2074
524	839926	746	458593	381334	100	90	1.94305	0.763143	52	51.7	0	517	1882	1.08581	0.804378	2074
525	771606	667	421800	349806	100	90	1.96412	0.763143	52	51.7	0	517	1882	1.09855	0.814417	2074
526	718043	604	390416	322810	100	90	2.00428	0.763143	52	51.7	0	517	1882	1.10074	0.81431	2074
527	660140	535	357225	294107	100	90	2.02947	0.763143	52	51.7	0	517	1882	1.11073	0.82218	2074
528	601461	475	326104	267116	100	90	2.03912	0.763143	52	51.7	0	517	1882	1.12355	0.825054	2074
529	550665	418	298319	244494	100	90	2.04874	0.763143	52	51.7	0	517	1882	1.12222	0.819071	2074
530	485612	371	263771	215699	100	90	2.01756	0.763143	52	51.7	0	517	1882	1.11587	0.822715	2074
531	439229	337	242259	196970	100	90	2.04239	0.763143	52	51.7	0	517	1882	1.11732	0.817901	2074
532	226871	307	43732.3	183139	100	90	0.0995982	0.763143	52	51.7	204117	517	1882	1.0023	0.699351	2074
533	588638	275	248285	340353	100	90	0.0784544	0.763143	52	51.7	204117	517	1882	1.00168	0.695302	2074
534	805832	254	369423	436409	100	90	0.0774569	0.763143	52	51.7	204117	517	1882	1.00188	0.721709	2074
535	767334	244	368689	398645	100	90	0.0865599	0.763143	52	51.7	204117	517	1882	1.00229	0.760578	2074
536	851859	207	428721	423138	100	90	0.0970356	0.763143	52	51.7	204117	517	1882	1.00282	0.76307	2074
537	979592	3377	501069	478524	100	90	1.109	0.763143	52	51.7	204117	517	1882	1.00358	0.771933	2074
538	1.02777e+006	2784	530436	497338	100	90	1.26199	0.763143	52	51.7	204117	517	1882	1.00526	0.775881	2074
539	1.06485e+006	2399	556329	508519	100	90	1.32802	0.763143	52	51.7	204117	517	1882	1.00656	0.772977	2074
540	776698	2036	278831	497867	100	90	1.38091	0.763143	46	51.7	204117	517	1882	1.08745	0.92695	2074
541	894386	1710	394779	487453	100	90	0.77661	0.763143	52	51.7	0	517	1882	1.03687	0.759361	2074
542	1.03505e+006	1473	493912	523193	100	90	0.673038	0.763143	52	51.7	0	517	1882	1.03008	0.749699	2074
543	1.16551e+006	1251	574737	570981	100	90	0.626226	0.763143	52	51.7	0	517	1882	1.02765	0.742697	2074
544	1.19215e+006	1049	598033	575705	100	90	0.651557	0.763143	52	51.7	0	517	1882	1.03099	0.756377	2074
545	1.17461e+006	976	600698	557935	100	90	0.708398	0.763143	52	51.7	0	517	1882	1.03364	0.766347	2074
546	1.14923e+006	1898	605513	543721	100	90	1.31433	0.763143	52	51.7	0	517	1882	1.03355	0.768602	2074
547	1.1375e+006	1742	604853	532650	100	90	1.43688	0.763143	52	51.7	0	517	1882	1.03542	0.767624	2074
548	1.13186e+006	1613	606079	525780	100	90	1.5915	0.763143	52	51.7	0	517	1882	1.03856	0.763325	2074
549	1.0593e+006	1313	570211	489088	100	90	1.68619	0.763143	52	51.7	0	517	1882	1.0392	0.752521	2074
550	1.00417e+006	1115	544274	459896	100	90	1.749	0.763143	52	51.7	0	517	1882	1.04279	0.752511	2074
551	942461	941	512391	430071	100	90	1.79312	0.763143	52	51.7	0	517	1882	1.05956	0.763243	2074
552	895973	838	488520	407453	100	90	1.81948	0.763143	52	51.7	0	517	1882	1.07162	0.766061	2074
553	874517	783	477974	396543	100	90	1.87217	0.763143	52	51.7	0	517	1882	1.07849	0.775616	2074
554	812522	698	444326	368197	100	90	1.91333	0.763143	52	51.7	0	517	1882	1.08598	0.780702	2074
555	777911	644	426225	351686	100	90	1.95644	0.763143	52	51.7	0	517	1882	1.09454	0.780255	2074
556	721877	571	392960	323350	100	90	1.9859	0.763143	52	51.7	0	517	1882	1.10543	0.783394	2074
557	672638	523	364200	298734	100	90	1.99885	0.763143	52	51.7	0	517	1882	1.13051	0.814371	2074
558	612942	463	332386	271271	100	90	2.01435	0.763143	52	51.7	0	517	1882	1.13878	0.811927	2074
559	578358	434	314837	255018	100	90	2.02533	0.763143	52	51.7	0	517	1882	1.14318	0.811881	2074
560	513135	369	279370	225965	100	90	2.01497	0.763143	52	51.7	0	517	1882	1.15183	0.805797	2074
561	475529	340	263182	212347	100	90	2.03881	0.763143	52	51.7	0	517	1882	1.16522	0.82243	2074
562	237493	300	43012.7	194481	100	90	0.0976	0.763143	52	51.7	221626	517	1882	1.00302	0.688783	2074
563	603206	273	247527	355679	100	90	0.0767805	0.763143	52	51.7	221626	517	1882	1.00233	0.680898	2074
564	813950	257	366528	447421	100	90	0.0775806	0.763143	52	51.7	221626	517	1882	1.00232	0.69732	2074
565	773505	237	366487	407018	100	90	0.0817878	0.763143	52	51.7	221626	517	1882	1.00274	0.72803	2074
566	841500	193	421357	420143	100	90	0.0880799	0.763143	52	51.7	221626	517	1882	1.00332	0.74124	2074
567	975066	3371	498710	476357	100	90	1.07518	0.763143	51	51.7	221626	517	1882	1.00474	0.751102	2074
568	1.02454e+006	2819	528205	496339	100	90	1.25858	0.763143	51	51.7	221626	517	1882	1.00712	0.76636	2074
569	1.02351e+006	2239	532808	490705	100	90	1.3069	0.763143	51	51.7	221626	517	1882	1.00946	0.760903	2074
570	769388	2077	275452	493937	100	90	1.39361	0.763143	50	51.7	221626	517	1882	1.0834	0.902818	2074
571	883817	1756	388189	484008	100	90	0.728699	0.763143	52	51.7	0	517	1882	1.03249	0.736007	2074
572	1.00059e+006	1425	475402	509050	100	90	0.599139	0.763143	52	51.7	0	517	1882	1.02533	0.724933	2074
573	1.14844e+006	1222	563405	566502	100	90	0.578155	0.763143	52	51.7	0	517	1882	1.02542	0.733246	2074
574	1.18382e+006	1050	591586	574541	100	90	0.610745	0.763143	52	51.7	0	517	1882	1.02772	0.751175	2074
575	1.15159e+006	955	586416	550339	100	90	0.660868	0.763143	52	51.7	0	517	1882	1.0299	0.763851	2074
576	1.13188e+006	1940	592137	539746	100	90	1.28489	0.763143	52	51.7	0	517	1882	1.03196	0.764112	2074
577	1.13989e+006	1737	602273	537613	100	90	1.41692	0.763143	52	51.7	0	517	1882	1.03542	0.772727	2074
578	1.10693e+006	1673	589535	517396	100	90	1.58543	0.763143	52	51.7	0	517	1882	1.03805	0.773423	2074
579	1.05181e+006	1351	565009	486802	100	90	1.6591	0.763143	52	51.7	0	517	1882	1.04746	0.769172	2074
580	1.01591e+006	1143	549245	466662	100	90	1.69306	0.763143	52	51.7	0	517	1882	1.05137	0.772482	2074
581	943034	940	511805	431229	100	90	1.76831	0.763143	52	51.7	0	517	1882	1.0656	0.787047	2074
582	853983	792	464873	389110	100	90	1.82549	0.763143	52	51.7	0	517	1882	1.07692	0.781534	2074
583	793942	690	433291	360651	100	90	1.87515	0.763143	52	51.7	0	517	1882	1.08902	0.793155	2074
584	733906	611	401963	331944	100	90	1.93177	0.763143	52	51.7	0	517	1882	1.12377	0.82343	2074
585	646766	514	354397	292369	100	90	1.96425	0.763143	52	51.7	0	517	1882	1.13894	0.82996	2074
586	600313	445	326978	268557	100	90	1.98396	0.763143	52	51.7	0	517	1882	1.16701	0.849057	2074
587	524485	376	284486	232082	100	90	1.9881	0.763143	52	51.7	0	517	1882	1.17866	0.861111	2074
588	485027	341	263807	213963	100	90	1.98013	0.763143	52	51.7	0	517	1882	1.18768	0.878505	2074
589	451936	305	246037	199019	100	90	2.02892	0.763143	52	51.7	0	517	1882	1.19544	0.882979	2074
590	425414	285	232258	187026	100	90	2.06123	0.763143	52	51.7	0	517	1882	1.19643	0.875969	2074
591	289174	272	111246	177927	100	90	2.0774	0.763143	52	51.7	0	517	1882	1.20152	0.879167	2074
592	201103	237	35786.7	165317	100	90	0.0720833	0.763143	52	51.7	116450	517	1882	1.00238	0.683085	2074
593	604652	218	250705	353947	100	90	0.0627863	0.763143	52	51.7	116450	517	1882	1.00196	0.681192	2074
594	796586	198	359876	436710	100	90	0.0614459	0.763143	52	51.7	116450	517	1882	1.00206	0.709225	2074
595	733493	180	349733	383760	100	90	0.0638347	0.763143	52	51.7	116450	517	1882	1.00238	0.75196	2074
596	866490	167	435666	430824	100	90	0.0772647	0.763143	52	51.7	116450	517	1882	1.00307	0.755952	2074
597	1.01397e+006	3840	516961	497004	100	90	1.16415	0.763143	52	51.7	116450	517	1882	1.00475	0.77486	2074
598	1.05681e+006	2943	542138	514669	100	90	1.27446	0.763143	52	51.7	116450	517	1882	1.00732	0.790542	2074
599	1.07571e+006	2409	557578	518129	100	90	1.32314	0.763143	52	51.7	116450	517	1882	1.00941	0.788707	2074
600	808297	2125	287971	520326	100	90	1.36564	0.763143	48	51.7	116450	517	1882	1.09719	0.959067	2074
601	914677	1787	399943	502530	100	90	0.804908	0.763143	52	51.7	0	517	1882	1.04366	0.765572	2074
602	1.06533e+006	1525	505396	541200	100	90	0.705622	0.763143	52	51.7	0	517	1882	1.03765	0.751031	2074
603	1.18455e+006	1285	582078	582062	100	90	0.661911	0.763143	52	51.7	0	517	1882	1.0375	0.749435	2074
604	1.21868e+006	1101	611435	588256	100	90	0.701257	0.763143	52	51.7	0	517	1882	1.03878	0.767363	2074
605	1.20158e+006	1046	614339	570832	100	90	0.783581	0.763143	52	51.7	0	517	1882	1.04172	0.785891	2074
606	1.16219e+006	1802	612852	549336	100	90	1.34479	0.763143	52	51.7	0	517	1882	1.04333	0.778871	2074
607	1.14491e+006	1659	609868	535039	100	90	1.49405	0.763143	52	51.7	0	517	1882	1.04631	0.770845	2074
608	1.10221e+006	1481	591824	510384	100	90	1.63047	0.763143	52	51.7	0	517	1882	1.05076	0.773389	2074
609	1.02464e+006	1172	554960	469684	100	90	1.74044	0.763143	52	51.7	0	517	1882	1.06071	0.769231	2074
610	990467	1032	539184	451283	100	90	1.79568	0.763143	52	51.7	0	517	1882	1.06481	0.763419	2074
611	905086	886	494493	410592	100	90	1.8185	0.763143	52	51.7	0	517	1882	1.0633	0.76825	2074
612	827136	763	453088	374049	100	90	1.86071	0.763143	52	51.7	0	517	1882	1.07676	0.783893	2074
613	756804	657	415096	341709	100	90	1.9099	0.763143	52	51.7	0	517	1882	1.08645	0.784161	2074
614	721485	609	396482	325003	100	90	1.93594	0.763143	52	51.7	0	517	1882	1.10029	0.788591	2074
615	649290	531	357440	291850	100	90	1.96718	0.763143	52	51.7	0	517	1882	1.11337	0.80888	2074
616	587877	468	322092	262040	100	90	1.99631	0.763143	52	51.7	0	517	1882	1.11858	0.810989	2074
617	573457	443	312244	254125	100	90	1.99649	0.763143	52	51.7	0	517	1882	1.13859	0.826291	2074
618	534353	408	290844	236421	100	90	2.00859	0.763143	52	51.7	0	517	1882	1.14623	0.836317	2074
619	512422	379	278564	226935	100	90	2.04444	0.763143	52	51.7	0	517	1882	1.14948	0.842105	2074
620	438854	312	239046	194153	100	90	2.02969	0.763143	52	51.7	0	517	1882	1.14286	0.83165	2074
621	415518	299	230248	185270	100	90	2.05061	0.763143	52	51.7	0	517	1882	1.14474	0.840426	2074
622	215384	276	40507.3	174877	100	90	0.0882099	0.763143	52	51.7	193480	517	1882	1.00215	0.712645	2074
623	602141	251	253431	348710	100	90	0.0719678	0.763143	52	51.7	193480	517	1882	1.0016	0.708224	2074
624	795078	219	364570	430507	100	90	0.0672721	0.763143	52	51.7	193480	517	1882	1.00167	0.731342	2074
625	734871	210	353365	381506	100	90	0.0730947	0.763143	52	51.7	193480	517	1882	1.00188	0.761241	2074
626	861181	203	435153	426028	100	90	0.0917419	0.763143	52	51.7	193480	517	1882	1.00268	0.766642	2074
627	977520	3449	500635	476885	100	90	1.10907	0.763143	52	51.7	193480	517	1882	1.00384	0.77739	2074
628	1.02797e+006	2866	529671	498300	100	90	1.25686	0.763143	52	51.7	193480	517	1882	1.00557	0.782586	2074
629	1.04104e+006	2363	541848	499195	100	90	1.31061	0.763143	52	51.7	193480	517	1882	1.00712	0.779513	2074
630	761955	2069	272315	489641	100	90	1.396	0.763143	48	51.7	193480	517	1882	1.08919	0.932977	2074
631	827650	1599	364558	451837	100	90	0.713463	0.763143	52	51.7	0	517	1882	1.03649	0.769542	2074
632	978254	1357	467336	494090	100	90	0.585306	0.763143	52	51.7	0	517	1882	1.02733	0.754821	2074
633	1.14052e+006	1180	562138	559547	100	90	0.564855	0.763143	52	51.7	0	517	1882	1.02704	0.76224	2074
634	1.16716e+006	989	584902	564717	100	90	0.591491	0.763143	52	51.7	0	517	1882	1.02924	0.785436	2074
635	1.15125e+006	941	588398	547571	100	90	0.662113	0.763143	52	51.7	0	517	1882	1.03213	0.80582	2074
636	1.15314e+006	1879	606262	546879	100	90	1.24182	0.763143	52	51.7	0	517	1882	1.03426	0.800532	2074
637	1.14558e+006	1738	608347	537229	100	90	1.42562	0.763143	52	51.7	0	517	1882	1.04213	0.799696	2074
638	1.08947e+006	1615	582509	506965	100	90	1.6011	0.763143	52	51.7	0	517	1882	1.04561	0.790712	2074
639	1.06531e+006	1380	573245	492065	100	90	1.66298	0.763143	52	51.7	0	517	1882	1.05054	0.78481	2074
640	993723	1128	538374	455349	100	90	1.69685	0.763143	52	51.7	0	517	1882	1.05678	0.791629	2074
641	950829	981	517393	433436	100	90	1.77072	0.763143	52	51.7	0	517	1882	1.06083	0.795383	2074
642	921550	891	503045	418505	100	90	1.82596	0.763143	52	51.7	0	517	1882	1.07039	0.809249	2074
643	881521	805	481400	400120	100	90	1.8872	0.763143	52	51.7	0	517	1882	1.08621	0.822165	2074
644	813345	717	445305	368040	100	90	1.92339	0.763143	52	51.7	0	517	1882	1.09472	0.83115	2074
645	748734	631	410034	338700	100	90	1.9587	0.763143	52	51.7	0	517	1882	1.10608	0.83887	2074
646	658677	533	359231	295089	100	90	1.98298	0.763143	52	51.7	0	517	1882	1.12456	0.845545	2074
647	604832	466	329169	268423	100	90	1.97855	0.763143	52	51.7	0	517	1882	1.14754	0.874715	2074
648	514188	387	280879	227089	100	90	1.99834	0.763143	52	51.7	0	517	1882	1.16327	0.899721	2074
649	493363	361	269804	217239	100	90	2.01502	0.763143	52	51.7	0	517	1882	1.17746	0.930091	2074
650	450446	326	247209	198110	100	90	1.99651	0.763143	52	51.7	0	517	1882	1.1838	0.93266	2074
651	424952	305	236424	188528	100	90	2.01546	0.763143	52	51.7	0	517	1882	1.2	0.941818	2074
652	223654	291	42133.5	181520	100	90	0.0918735	0.763143	52	51.7	199969	517	1882	1.00324	0.743071	2074
653	619144	284	257178	361966	100	90	0.0790734	0.763143	52	51.7	199969	517	1882	1.00266	0.737189	2074
654	826501	266	375064	451437	100	90	0.0794921	0.763143	52	51.7	199969	517	1882	1.00264	0.760121	2074
655	755705	233	360207	395498	100	90	0.0809033	0.763143	52	51.7	199969	517	1882	1.00292	0.788542	2074
656	851856	199	427664	424192	100	90	0.0912913	0.763143	52	51.7	199969	517	1882	1.00402	0.790581	2074
657	977434	3455	498622	478812	100	90	1.09069	0.763143	52	51.7	199969	517	1882	1.00545	0.790206	2074
658	997929	2774	512723	485206	100	90	1.23382	0.763143	52	51.7	199969	517	1882	1.00694	0.793478	2074
659	1.00331e+006	2276	522541	480770	100	90	1.28138	0.763143	52	51.7	199969	517	1882	1.00868	0.783732	2074
660	750609	2026	269129	481480	100	90	1.35396	0.763143	49	51.7	199969	517	1882	1.09148	0.933167	2074
661	848285	1688	372869	463577	100	90	0.725457	0.763143	52	51.7	0	517	1882	1.03598	0.78959	2074
662	991981	1438	471778	503070	100	90	0.604672	0.763143	52	51.7	0	517	1882	1.02881	0.774572	2074
663	1.15837e+006	1219	569522	569723	100	90	0.556448	0.763143	52	51.7	0	517	1882	1.02771	0.77996	2074
664	1.19084e+006	1031	595383	577312	100	90	0.586653	0.763143	52	51.7	0	517	1882	1.03008	0.794737	2074
665	1.15165e+006	977	588752	547256	100	90	0.66836	0.763143	52	51.7	0	517	1882	1.03151	0.799717	2074
666	1.14905e+006	1956	605264	543785	100	90	1.27736	0.763143	52	51.7	0	517	1882	1.03509	0.791187	2074
667	1.15598e+006	1754	615487	540493	100	90	1.40609	0.763143	52	51.7	0	517	1882	1.04004	0.78966	2074
668	1.11623e+006	1617	599509	516724	100	90	1.57764	0.763143	52	51.7	0	517	1882	1.04151	0.781449	2074
669	1.09706e+006	1359	593750	503309	100	90	1.6905	0.763143	52	51.7	0	517	1882	1.04879	0.777273	2074
670	1.04575e+006	1158	568646	477103	100	90	1.73913	0.763143	52	51.7	0	517	1882	1.05276	0.781528	2074
671	994851	1039	543023	451828	100	90	1.78038	0.763143	52	51.7	0	517	1882	1.063	0.790675	2074
672	907716	887	496721	410995	100	90	1.82215	0.763143	52	51.7	0	517	1882	1.07527	0.799065	2074
673	818771	761	449257	369514	100	90	1.87786	0.763143	52	51.7	0	517	1882	1.08527	0.808219	2074
674	755610	670	414790	340821	100	90	1.89968	0.763143	52	51.7	0	517	1882	1.09653	0.81493	2074
675	713306	611	392458	320848	100	90	1.92407	0.763143	52	51.7	0	517	1882	1.11471	0.821918	2074
676	645761	536	353728	287340	100	90	1.94176	0.763143	52	51.7	0	517	1882	1.12652	0.835317	2074
677	597076	474	325119	263524	100	90	1.92519	0.763143	52	51.7	0	517	1882	1.13944	0.850679	2074
678	572242	440	311831	252246	100	90	1.93073	0.763143	52	51.7	0	517	1882	1.16157	0.867322	2074
679	549042	412	299228	241942	100	90	1.94007	0.763143	52	51.7	0	517	1882	1.17371	0.857143	2074
680	514084	382	280248	226681	100	90	1.95758	0.763143	52	51.7	0	517	1882	1.18088	0.833803	2074
681	431205	323	238526	192680	100	90	1.92638	0.763143	52	51.7	0	517	1882	1.19878	0.862416	2074
682	227334	303	42198.8	185135	100	90	0.094975	0.763143	52	51.7	202691	517	1882	1.00334	0.695596	2074
683	597416	267	251734	345682	100	90	0.0728426	0.763143	52	51.7	202691	517	1882	1.00262	0.692617	2074
684	799244	233	367148	432096	100	90	0.0689866	0.763143	52	51.7	202691	517	1882	1.00277	0.716098	2074
685	758621	218	364379	394242	100	90	0.0741866	0.763143	52	51.7	202691	517	1882	1.00302	0.74177	2074
686	868362	201	438521	429841	100	90	0.0885259	0.763143	52	51.7	202691	517	1882	1.00354	0.752925	2074
687	1.00086e+006	3757	511875	488984	100	90	1.112	0.763143	52	51.7	202691	517	1882	1.00478	0.766898	2074
688	1.04982e+006	3126	541041	508777	100	90	1.25051	0.763143	51	51.7	202691	517	1882	1.00682	0.776977	2074
689	1.07627e+006	2544	560313	515955	100	90	1.31974	0.763143	51	51.7	202691	517	1882	1.00924	0.771379	2074
690	777278	2210	278307	498971	100	90	1.36451	0.763143	48	51.7	202691	517	1882	1.07727	0.896536	2074
691	878724	1815	385318	481463	100	90	0.746687	0.763143	52	51.7	0	517	1882	1.03259	0.753031	2074
692	1.02244e+006	1534	486186	519076	100	90	0.636661	0.763143	52	51.7	0	517	1882	1.02634	0.742728	2074
693	1.13905e+006	1225	560290	560414	100	90	0.55842	0.763143	52	51.7	0	517	1882	1.02378	0.736193	2074
694	1.17788e+006	1031	589526	571010	100	90	0.579419	0.763143	52	51.7	0	517	1882	1.02548	0.751855	2074
695	1.16279e+006	982	594671	552454	100	90	0.660777	0.763143	52	51.7	0	517	1882	1.02771	0.772134	2074
696	1.14361e+006	1873	601179	542428	100	90	1.19641	0.763143	52	51.7	0	517	1882	1.02697	0.767991	2074
697	1.14243e+006	1816	606305	536121	100	90	1.3577	0.763143	52	51.7	0	517	1882	1.02785	0.778358	2074
698	1.11462e+006	1719	596441	518175	100	90	1.55352	0.763143	52	51.7	0	517	1882	1.02955	0.775872	2074
699	1.07922e+006	1454	580946	498277	100	90	1.65252	0.763143	52	51.7	0	517	1882	1.037	0.773743	2074
700	991466	1187	537233	454233	100	90	1.68664	0.763143	52	51.7	0	517	1882	1.03819	0.7716	2074
701	949525	1038	516505	433020	100	90	1.72783	0.763143	52	51.7	0	517	1882	1.04966	0.770588	2074
702	921264	933	502781	418482	100	90	1.77859	0.763143	52	51.7	0	517	1882	1.06235	0.779235	2074
703	910355	874	497495	412860	100	90	1.83546	0.763143	52	51.7	0	517	1882	1.07756	0.793224	2074
704	854204	792	466996	387208	100	90	1.86388	0.763143	52	51.7	0	517	1882	1.08395	0.801556	2074
705	807723	725	442161	365562	100	90	1.88416	0.763143	52	51.7	0	517	1882	1.09893	0.811159	2074
706	784064	680	427233	351421	100	90	1.89211	0.763143	52	51.7	0	517	1882	1.11518	0.820827	2074
707	664865	553	359787	295875	100	90	1.92055	0.763143	52	51.7	0	517	1882	1.13007	0.810247	2074
708	601005	483	325832	266061	100	90	1.95111	0.763143	52	51.7	0	517	1882	1.136	0.825221	2074
709	595810	458	323493	263214	100	90	1.96942	0.763143	52	51.7	0	517	1882	1.13376	0.816279	2074
710	568289	426	308816	250637	100	90	1.97916	0.763143	52	51.7	0	517	1882	1.14486	0.83038	2074
711	493807	374	273053	220753	100	90	1.9933	0.763143	52	51.7	0	517	1882	1.16529	0.843023	2074
712	256724	347	47589.5	209135	100	90	0.107358	0.763143	52	51.7	228105	517	1882	1.00308	0.690571	2074
713	634530	328	259361	375169	100	90	0.0892221	0.763143	52	51.7	228105	517	1882	1.00258	0.684774	2074
714	853513	309	384439	469074	100	90	0.089136	0.763143	52	51.7	228105	517	1882	1.00264	0.699826	2074
715	813928	289	384792	429136	100	90	0.0957326	0.763143	52	51.7	228105	517	1882	1.00324	0.730728	2074
716	922632	279	460131	462501	100	90	0.115924	0.763143	52	51.7	228105	517	1882	1.0045	0.742514	2074
717	1.03265e+006	3448	525080	507566	100	90	1.0515	0.763143	52	51.7	228105	517	1882	1.00536	0.764073	2074
718	1.06804e+006	2886	548730	519306	100	90	1.20714	0.763143	52	51.7	228105	517	1882	1.00781	0.774789	2074
719	1.04104e+006	2344	541517	499528	100	90	1.27865	0.763143	52	51.7	228105	517	1882	1.01145	0.788405	2074
720	771827	2068	276548	495279	100	90	1.37029	0.763143	48	51.7	228105	517	1882	1.09485	0.94439	2074
721	852504	1700	374346	466970	100	90	0.71669	0.763143	52	51.7	0	517	1882	1.03593	0.758537	2074
722	1.00301e+006	1414	476466	509714	100	90	0.578553	0.763143	52	51.7	0	517	1882	1.0281	0.744439	2074
723	1.13892e+006	1176	557748	562820	100	90	0.527542	0.763143	52	51.7	0	517	1882	1.02609	0.741815	2074
724	1.18867e+006	1012	592488	578990	100	90	0.556138	0.763143	52	51.7	0	517	1882	1.0274	0.754802	2074
725	1.15024e+006	952	585481	549806	100	90	0.614484	0.763143	52	51.7	0	517	1882	1.0303	0.77588	2074
726	1.13421e+006	1993	595122	539091	100	90	1.23098	0.763143	52	51.7	0	517	1882	1.03235	0.773318	2074
727	1.13717e+006	1857	602102	535066	100	90	1.36719	0.763143	52	51.7	0	517	1882	1.03458	0.779031	2074
728	1.10712e+006	1680	590798	516325	100	90	1.55476	0.763143	52	51.7	0	517	1882	1.03883	0.781022	2074
729	1.08348e+006	1416	582455	501025	100	90	1.65901	0.763143	52	51.7	0	517	1882	1.04381	0.779465	2074
730	986814	1136	534068	452746	100	90	1.65776	0.763143	52	51.7	0	517	1882	1.04707	0.777277	2074
731	958561	999	521922	436639	100	90	1.69134	0.763143	52	51.7	0	517	1882	1.05488	0.780738	2074
732	901381	873	492151	409230	100	90	1.78365	0.763143	52	51.7	0	517	1882	1.06172	0.774648	2074
733	851097	776	465692	385406	100	90	1.82039	0.763143	52	51.7	0	517	1882	1.07878	0.784392	2074
734	816213	706	447235	368978	100	90	1.84441	0.763143	52	51.7	0	517	1882	1.09759	0.805233	2074
735	748843	622	410571	338272	100	90	1.89288	0.763143	52	51.7	0	517	1882	1.10384	0.799669	2074
736	674626	539	367707	301654	100	90	1.91323	0.763143	52	51.7	0	517	1882	1.12116	0.825336	2074
737	651146	508	352890	288628	100	90	1.93608	0.763143	52	51.7	0	517	1882	1.14151	0.834356	2074
738	578210	448	313569	256103	100	90	1.95131	0.763143	52	51.7	0	517	1882	1.13943	0.826291	2074
739	544254	414	295945	240026	100	90	1.96168	0.763143	52	51.7	0	517	1882	1.14833	0.829082	2074
740	507497	381	275753	224156	100	90	1.99146	0.763143	52	51.7	0	517	1882	1.1455	0.832402	2074
741	458107	348	252779	205328	100	90	1.976	0.763143	52	51.7	0	517	1882	1.16035	0.832298	2074
742	226778	309	42806.9	183971	100	90	0.0969497	0.763143	52	51.7	210283	517	1882	1.00265	0.705126	2074
743	610066	289	255019	355048	100	90	0.0800217	0.763143	52	51.7	210283	517	1882	1.00234	0.695252	2074
744	814548	251	372419	442130	100	90	0.07471	0.763143	52	51.7	210283	517	1882	1.0024	0.711924	2074
745	762871	222	364858	398013	100	90	0.0764219	0.763143	52	51.7	210283	517	1882	1.00259	0.741072	2074
746	854824	205	428232	426592	100	90	0.0923176	0.763143	51	51.7	210283	517	1882	1.00349	0.747319	2074
747	971973	3311	494824	477149	100	90	1.05751	0.763143	51	51.7	210283	517	1882	1.00463	0.758992	2074
748	998675	2836	513103	485572	100	90	1.22524	0.763143	51	51.7	210283	517	1882	1.00615	0.769561	2074
749	1.03262e+006	2349	536901	495716	100	90	1.30029	0.763143	51	51.7	210283	517	1882	1.00828	0.771975	2074
750	764258	2066	272802	491456	100	90	1.38506	0.763143	49	51.7	210283	517	1882	1.08164	0.897324	2074
751	850998	1726	361516	478343	100	90	0.728938	0.763143	52	51.7	0	517	1882	1.03197	0.752035	2074
752	974926	1434	457569	502784	100	90	0.59504	0.763143	52	51.7	0	517	1882	1.02411	0.745427	2074
753	1.10992e+006	1190	541926	550642	100	90	0.530743	0.763143	52	51.7	0	517	1882	1.02139	0.740506	2074
754	1.15042e+006	1010	573423	561189	100	90	0.549688	0.763143	52	51.7	0	517	1882	1.02324	0.752519	2074
755	1.12551e+006	937	573728	537924	100	90	0.613827	0.763143	52	51.7	0	517	1882	1.02686	0.761456	2074
756	1.14518e+006	2019	600444	544732	100	90	1.2386	0.763143	52	51.7	0	517	1882	1.02842	0.763526	2074
757	1.1348e+006	1803	600474	534322	100	90	1.35446	0.763143	52	51.7	0	517	1882	1.03093	0.765397	2074
758	1.10253e+006	1670	588915	513617	100	90	1.54101	0.763143	52	51.7	0	517	1882	1.03419	0.766646	2074
759	759525	1371	272420	487105	100	90	1.63087	0.763143	52	51.7	0	517	1882	1.03916	0.767113	2074
760	786320	1146	342412	443908	100	90	1.6876	0.763143	52	51.7	0	517	1882	1.04371	0.768271	2074
761	806422	979	392795	413627	100	90	1.7714	0.763143	52	51.7	0	517	1882	1.05094	0.776963	2074
762	793911	835	410723	383188	100	90	1.85511	0.763143	52	51.7	0	517	1882	1.06232	0.778598	2074
763	775191	742	411745	363446	100	90	1.92391	0.763143	52	51.7	0	517	1882	1.0699	0.786408	2074
764	723030	631	389482	333549	100	90	1.93937	0.763143	52	51.7	0	517	1882	1.08277	0.786645	2074
765	694972	575	377679	317293	100	90	1.95465	0.763143	52	51.7	0	517	1882	1.09574	0.797491	2074
766	467605	513	175958	291296	100	90	1.95048	0.763143	52	51.7	0	517	1882	1.13089	0.828283	2074
767	480013	448	213930	262623	100	90	1.9512	0.763143	52	51.7	0	517	1882	1.14257	0.841492	2074
768	480734	403	236168	239259	100	90	1.9687	0.763143	52	51.7	0	517	1882	1.15765	0.860158	2074
769	471581	366	243965	221963	100	90	1.96628	0.763143	52	51.7	0	517	1882	1.15969	0.863372	2074
770	452869	334	240089	207576	100	90	1.98255	0.763143	52	51.7	0	517	1882	1.16474	0.854369	2074
771	405949	291	220442	185507	100	90	1.99447	0.763143	52	51.7	0	517	1882	1.18557	0.858779	2074
772	197468	242	34175	163293	100	90	0.0784527	0.763143	52	51.7	187955	517	1882	1.00243	0.686092	2074
773	573796	222	238864	334932	100	90	0.0632111	0.763143	52	51.7	187955	517	1882	1.00193	0.681217	2074
774	770471	192	349503	420968	100	90	0.0594474	0.763143	52	51.7	187955	517	1882	1.00163	0.706871	2074
775	720345	166	343856	376489	100	90	0.0592419	0.763143	52	51.7	187955	517	1882	1.00151	0.752799	2074
776	840435	153	423070	417365	100	90	0.0726121	0.763143	52	51.7	187955	517	1882	1.00179	0.766322	2074
777	982529	3508	501792	480737	100	90	1.12243	0.763143	52	51.7	187955	517	1882	1.00289	0.773724	2074
778	1.02134e+006	2873	525370	495975	100	90	1.26821	0.763143	52	51.7	187955	517	1882	1.00424	0.782183	2074
779	1.01166e+006	2334	527972	483685	100	90	1.29602	0.763143	52	51.7	187955	517	1882	1.00538	0.785608	2074
780	757177	2094	272111	485066	100	90	1.36025	0.763143	49	51.7	187955	517	1882	1.07619	0.916987	2074
781	850271	1734	375452	463041	100	90	0.779374	0.763143	52	51.7	0	517	1882	1.03469	0.751382	2074
782	979834	1444	468242	494839	100	90	0.639461	0.763143	52	51.7	0	517	1882	1.02662	0.73195	2074
783	1.12119e+006	1206	553674	548745	100	90	0.573854	0.763143	52	51.7	0	517	1882	1.02444	0.730105	2074
784	1.15223e+006	1003	578588	556085	100	90	0.59522	0.763143	52	51.7	0	517	1882	1.02663	0.747267	2074
785	1.13306e+006	916	579705	538409	100	90	0.641736	0.763143	52	51.7	0	517	1882	1.03002	0.765981	2074
786	1.12191e+006	1876	590859	531050	100	90	1.22871	0.763143	52	51.7	0	517	1882	1.02982	0.778401	2074
787	1.1032e+006	1709	586736	516467	100	90	1.40372	0.763143	52	51.7	0	517	1882	1.03448	0.791352	2074
788	1.08366e+006	1648	580494	503162	100	90	1.56158	0.763143	52	51.7	0	517	1882	1.0358	0.777915	2074
789	1.04272e+006	1371	561821	480901	100	90	1.65476	0.763143	52	51.7	0	517	1882	1.04229	0.77026	2074
790	977067	1139	530385	446682	100	90	1.70023	0.763143	52	51.7	0	517	1882	1.04461	0.778175	2074
791	892955	966	487751	405204	100	90	1.76704	0.763143	52	51.7	0	517	1882	1.05607	0.787751	2074
792	847296	858	463911	383385	100	90	1.81518	0.763143	52	51.7	0	517	1882	1.06985	0.798339	2074
793	832637	795	456643	375994	100	90	1.84098	0.763143	52	51.7	0	517	1882	1.07857	0.804878	2074
794	783290	715	429702	353588	100	90	1.87777	0.763143	52	51.7	0	517	1882	1.09176	0.801994	2074
795	727854	654	399600	328254	100	90	1.91813	0.763143	52	51.7	0	517	1882	1.10174	0.809449	2074
796	650526	561	355420	290601	100	90	1.93502	0.763143	52	51.7	0	517	1882	1.12882	0.825926	2074
797	596183	497	324150	264298	100	90	1.97453	0.763143	52	51.7	0	517	1882	1.14583	0.84322	2074
798	579190	470	314818	256338	100	90	1.99072	0.763143	52	51.7	0	517	1882	1.16082	0.844944	2074
799	520584	412	283250	229993	100	90	2.02496	0.763143	52	51.7	0	517	1882	1.17805	0.860465	2074
800	463390	358	252413	204819	100	90	2.0088	0.763143	52	51.7	0	517	1882	1.20506	0.88024	2074
801	420185	322	232304	187881	100	90	1.98983	0.763143	52	51.7	0	517	1882	1.21807	0.888889	2074
802	222201	299	42959.5	179241	100	90	0.0953542	0.763143	52	51.7	194682	517	1882	1.00349	0.693417	2074
803	609211	283	255664	353547	100	90	0.0796369	0.763143	52	51.7	194682	517	1882	1.00263	0.689593	2074
804	778448	250	355501	422947	100	90	0.0757097	0.763143	52	51.7	194682	517	1882	1.00268	0.712853	2074
805	716121	224	344047	372074	100	90	0.0784763	0.763143	52	51.7	194682	517	1882	1.00313	0.756842	2074
806	837526	192	425340	412186	100	90	0.0904583	0.763143	52	51.7	194682	517	1882	1.0036	0.765243	2074
807	958273	3342	492836	465437	100	90	1.125	0.763143	52	51.7	194682	517	1882	1.00518	0.771729	2074
808	1.03023e+006	2867	533299	496934	100	90	1.2903	0.763143	52	51.7	194682	517	1882	1.00659	0.778495	2074
809	1.01909e+006	2278	532745	486346	100	90	1.31564	0.763143	52	51.7	194682	517	1882	1.00789	0.778741	2074
810	753710	2046	270334	483377	100	90	1.3854	0.763143	49	51.7	194682	517	1882	1.08378	0.919489	2074
811	849713	1701	375640	462930	100	90	0.742473	0.763143	52	51.7	0	517	1882	1.03346	0.741746	2074
812	990589	1449	473829	500931	100	90	0.625447	0.763143	52	51.7	0	517	1882	1.02666	0.734959	2074
813	1.14065e+006	1235	563055	559049	100	90	0.58932	0.763143	52	51.7	0	517	1882	1.02575	0.728493	2074
814	1.16552e+006	1062	586228	561687	100	90	0.629608	0.763143	52	51.7	0	517	1882	1.02705	0.747378	2074
815	1.16148e+006	1009	595957	549801	100	90	0.70162	0.763143	52	51.7	0	517	1882	1.03078	0.765038	2074
816	1.1377e+006	1876	599915	537786	100	90	1.26685	0.763143	52	51.7	0	517	1882	1.03184	0.759798	2074
817	1.13058e+006	1744	601873	528711	100	90	1.48043	0.763143	52	51.7	0	517	1882	1.03876	0.760186	2074
818	1.08623e+006	1582	582195	504031	100	90	1.62758	0.763143	52	51.7	0	517	1882	1.0391	0.756286	2074
819	1.03622e+006	1319	558811	477406	100	90	1.70902	0.763143	52	51.7	0	517	1882	1.04509	0.750774	2074
820	995289	1138	540598	454691	100	90	1.74693	0.763143	52	51.7	0	517	1882	1.04782	0.753131	2074
821	916950	954	500323	416627	100	90	1.79778	0.763143	52	51.7	0	517	1882	1.05263	0.762058	2074
822	869626	847	475895	393731	100	90	1.86228	0.763143	52	51.7	0	517	1882	1.06027	0.7763	2074
823	808730	744	443048	365682	100	90	1.90116	0.763143	52	51.7	0	517	1882	1.07448	0.788674	2074
824	734018	653	402682	331336	100	90	1.94001	0.763143	52	51.7	0	517	1882	1.08936	0.807571	2074
825	684721	586	376030	308691	100	90	1.97573	0.763143	52	51.7	0	517	1882	1.09756	0.801056	2074
826	644309	533	351501	287945	100	90	1.96556	0.763143	52	51.7	0	517	1882	1.11301	0.817476	2074
827	609644	492	330618	270570	100	90	1.97963	0.763143	52	51.7	0	517	1882	1.11954	0.81104	2074
828	563623	444	306045	249596	100	90	1.98259	0.763143	52	51.7	0	517	1882	1.11603	0.803738	2074
829	511595	395	278026	226212	100	90	2.0054	0.763143	52	51.7	0	517	1882	1.13012	0.807895	2074
830	492097	373	267621	217618	100	90	2.02789	0.763143	52	51.7	0	517	1882	1.12887	0.798883	2074
831	465003	357	256574	208429	100	90	2.02643	0.763143	52	51.7	0	517	1882	1.14876	0.826866	2074
832	242903	332	45895.7	197007	100	90	0.10464	0.763143	52	51.7	213931	517	1882	1.00291	0.671391	2074
833	625457	297	261001	364456	100	90	0.0815546	0.763143	52	51.7	213931	517	1882	1.00226	0.665686	2074
834	800537	264	363557	436980	100	90	0.0793473	0.763143	52	51.7	213931	517	1882	1.00241	0.691696	2074
835	721705	209	346021	375684	100	90	0.0729319	0.763143	51	51.7	213931	517	1882	1.0025	0.732726	2074
836	846977	201	429914	417063	100	90	0.0941765	0.763143	50	51.7	213931	517	1882	1.00365	0.749738	2074
837	983337	3488	505494	477842	100	90	1.1358	0.763143	50	51.7	213931	517	1882	1.00508	0.76515	2074
838	1.01369e+006	2799	524014	489675	100	90	1.29327	0.763143	50	51.7	213931	517	1882	1.00721	0.784346	2074
839	1.01361e+006	2254	529770	483844	100	90	1.33713	0.763143	50	51.7	213931	517	1882	1.00905	0.777003	2074
840	740939	1981	265893	475046	100	90	1.3781	0.763143	49	51.7	213931	517	1882	1.08427	0.917091	2074
841	843813	1640	372992	460061	100	90	0.702304	0.763143	52	51.7	0	517	1882	1.03242	0.718006	2074
842	982500	1346	470112	496597	100	90	0.581877	0.763143	52	51.7	0	517	1882	1.02639	0.706302	2074
843	1.13e+006	1150	558459	554146	100	90	0.544515	0.763143	52	51.7	0	517	1882	1.02437	0.705868	2074
844	1.15102e+006	973	578968	555913	100	90	0.565989	0.763143	52	51.7	0	517	1882	1.02547	0.727388	2074
845	1.12242e+006	910	576094	531986	100	90	0.644263	0.763143	52	51.7	0	517	1882	1.02908	0.742753	2074
846	1.10439e+006	1905	582464	521928	100	90	1.30599	0.763143	52	51.7	0	517	1882	1.03147	0.753195	2074
847	1.10976e+006	1756	590933	518832	100	90	1.43507	0.763143	52	51.7	0	517	1882	1.03646	0.757653	2074
848	1.07844e+006	1559	578289	500152	100	90	1.59538	0.763143	52	51.7	0	517	1882	1.04081	0.749837	2074
849	1.03224e+006	1260	558212	474030	100	90	1.69882	0.763143	52	51.7	0	517	1882	1.0455	0.746377	2074
850	960192	1046	522186	438005	100	90	1.72509	0.763143	52	51.7	0	517	1882	1.05073	0.749027	2074
851	910013	905	497174	412839	100	90	1.7856	0.763143	52	51.7	0	517	1882	1.05795	0.757883	2074
852	868637	808	476385	392252	100	90	1.84721	0.763143	52	51.7	0	517	1882	1.06117	0.758838	2074
853	816347	725	448674	367673	100	90	1.90606	0.763143	52	51.7	0	517	1882	1.07777	0.776836	2074
854	772363	649	424974	347389	100	90	1.94262	0.763143	52	51.7	0	517	1882	1.08344	0.78022	2074
855	710754	579	391694	319060	100	90	2.00274	0.763143	52	51.7	0	517	1882	1.08996	0.782301	2074
856	675619	536	370056	300315	100	90	2.03299	0.763143	52	51.7	0	517	1882	1.10535	0.789168	2074
857	616534	474	335575	271703	100	90	2.03831	0.763143	52	51.7	0	517	1882	1.11845	0.806593	2074
858	567934	426	309340	249709	100	90	2.07505	0.763143	52	51.7	0	517	1882	1.1179	0.79803	2074
859	526417	380	286639	231404	100	90	2.08911	0.763143	52	51.7	0	517	1882	1.12935	0.787879	2074
860	498885	357	272581	218759	100	90	2.10106	0.763143	52	51.7	0	517	1882	1.12973	0.797059	2074
861	449711	322	249764	199948	100	90	2.10747	0.763143	52	51.7	0	517	1882	1.12766	0.8	2074
862	237375	306	42823	194552	100	90	0.0994431	0.763143	52	51.7	213431	517	1882	1.00218	0.679708	2074
863	605567	267	250540	355027	100	90	0.0757407	0.763143	52	51.7	213431	517	1882	1.00185	0.675141	2074
864	804233	213	365496	438737	100	90	0.0659735	0.763143	52	51.7	213431	517	1882	1.00171	0.698045	2074
865	757113	203	360372	396741	100	90	0.0720168	0.763143	52	51.7	213431	517	1882	1.00209	0.720978	2074
866	853136	178	429476	423661	100	90	0.0824174	0.763143	52	51.7	213431	517	1882	1.00281	0.727215	2074
867	965532	3456	493596	471936	100	90	1.10805	0.763143	52	51.7	213431	517	1882	1.00383	0.740957	2074
868	1.03004e+006	2965	530082	499953	100	90	1.3187	0.763143	52	51.7	213431	517	1882	1.00591	0.751639	2074
869	1.04097e+006	2361	541110	499864	100	90	1.36998	0.763143	52	51.7	213431	517	1882	1.00797	0.751903	2074
870	778905	2033	278484	500420	100	90	1.43368	0.763143	50	51.7	213431	517	1882	1.08985	0.895545	2074
871	867635	1680	380993	476039	100	90	0.761177	0.763143	52	51.7	0	517	1882	1.0368	0.735463	2074
872	1.00478e+006	1412	477438	511522	100	90	0.635263	0.763143	52	51.7	0	517	1882	1.0293	0.726282	2074
873	1.12738e+006	1160	554736	555875	100	90	0.581089	0.763143	52	51.7	0	517	1882	1.02765	0.722252	2074
874	1.17791e+006	993	590537	571237	100	90	0.620799	0.763143	52	51.7	0	517	1882	1.0298	0.737928	2074
875	1.16127e+006	938	593972	553053	100	90	0.702209	0.763143	52	51.7	0	517	1882	1.03183	0.758733	2074
876	1.12039e+006	1810	589465	530928	100	90	1.31723	0.763143	52	51.7	0	517	1882	1.03185	0.763621	2074
877	1.10334e+006	1598	587043	516298	100	90	1.49471	0.763143	52	51.7	0	517	1882	1.03826	0.77122	2074
878	1.04221e+006	1461	559337	482873	100	90	1.65591	0.763143	52	51.7	0	517	1882	1.03696	0.765449	2074
879	1.00748e+006	1220	544152	463326	100	90	1.76132	0.763143	52	51.7	0	517	1882	1.04092	0.747906	2074
880	944735	1009	514294	430441	100	90	1.76379	0.763143	52	51.7	0	517	1882	1.04706	0.73913	2074
881	887316	873	485270	402046	100	90	1.82584	0.763143	52	51.7	0	517	1882	1.0489	0.741176	2074
882	846879	770	464842	382037	100	90	1.86546	0.763143	52	51.7	0	517	1882	1.05924	0.744341	2074
883	769510	661	423293	346217	100	90	1.90452	0.763143	52	51.7	0	517	1882	1.07335	0.756589	2074
884	719681	595	396549	323132	100	90	1.95734	0.763143	52	51.7	0	517	1882	1.09209	0.779514	2074
885	647688	508	356778	290910	100	90	1.95546	0.763143	52	51.7	0	517	1882	1.11512	0.804082	2074
886	599619	459	327681	266833	100	90	1.9757	0.763143	52	51.7	0	517	1882	1.13439	0.821267	2074
887	545076	403	296066	240663	100	90	1.9599	0.763143	52	51.7	0	517	1882	1.14318	0.831169	2074
888	522169	378	284010	230115	100	90	1.98285	0.763143	52	51.7	0	517	1882	1.15136	0.840782	2074
889	502247	354	273174	221120	100	90	1.9898	0.763143	52	51.7	0	517	1882	1.15957	0.844776	2074
890	461887	320	251737	203032	100	90	2.02274	0.763143	52	51.7	0	517	1882	1.16463	0.846154	2074
891	431883	300	239510	192373	100	90	2.06407	0.763143	52	51.7	0	517	1882	1.17276	0.843972	2074
892	207374	254	36537.9	170836	100	90	0.0853718	0.763143	52	51.7	203035	517	1882	1.00229	0.669285	2074
893	582637	247	239273	343365	100	90	0.0709407	0.763143	52	51.7	203035	517	1882	1.00181	0.661518	2074
894	786577	219	354997	431581	100	90	0.067524	0.763143	52	51.7	203035	517	1882	1.00154	0.683642	2074
895	717349	187	341246	376103	100	90	0.066162	0.763143	52	51.7	203035	517	1882	1.00151	0.722955	2074
896	823039	167	415243	407797	100	90	0.0785556	0.763143	52	51.7	203035	517	1882	1.00192	0.739351	2074
897	952619	3399	489012	463607	100	90	1.11227	0.763143	52	51.7	203035	517	1882	1.00291	0.749205	2074
898	1.01168e+006	2894	522787	488893	100	90	1.31851	0.763143	52	51.7	203035	517	1882	1.00412	0.76228	2074
899	1.02365e+006	2241	533925	489727	100	90	1.32364	0.763143	52	51.7	203035	517	1882	1.00549	0.752273	2074
900	754931	1999	270619	484312	100	90	1.39339	0.763143	48	51.7	203035	517	1882	1.08193	0.89598	2074
901	855862	1646	377253	467899	100	90	0.750461	0.763143	52	51.7	0	517	1882	1.0339	0.724807	2074
902	988734	1384	471355	501787	100	90	0.627058	0.763143	52	51.7	0	517	1882	1.02725	0.711615	2074
903	1.12299e+006	1170	554455	551542	100	90	0.592454	0.763143	52	51.7	0	517	1882	1.02568	0.709038	2074
904	1.16621e+006	1007	585914	564092	100	90	0.64372	0.763143	52	51.7	0	517	1882	1.02914	0.726217	2074
905	1.14251e+006	932	585291	543094	100	90	0.720927	0.763143	52	51.7	0	517	1882	1.03271	0.737531	2074
906	1.14222e+006	1778	601797	540424	100	90	1.35845	0.763143	52	51.7	0	517	1882	1.03625	0.731995	2074
907	1.15414e+006	1650	614032	540108	100	90	1.49922	0.763143	52	51.7	0	517	1882	1.03866	0.725983	2074
908	1.11316e+006	1496	597139	516022	100	90	1.66012	0.763143	52	51.7	0	517	1882	1.04079	0.722488	2074
909	1.07033e+006	1261	579081	491250	100	90	1.75832	0.763143	52	51.7	0	517	1882	1.04267	0.724838	2074
910	1.04653e+006	1113	568694	477832	100	90	1.80154	0.763143	52	51.7	0	517	1882	1.0418	0.719927	2074
911	1.00402e+006	977	547328	456691	100	90	1.85255	0.763143	52	51.7	0	517	1882	1.04916	0.715031	2074
912	928901	858	507898	421003	100	90	1.89285	0.763143	52	51.7	0	517	1882	1.05505	0.724138	2074
913	892603	781	489459	403144	100	90	1.94922	0.763143	52	51.7	0	517	1882	1.06744	0.727749	2074
914	798980	673	438744	360237	100	90	1.97626	0.763143	52	51.7	0	517	1882	1.07791	0.737405	2074
915	554140	624	208725	345415	100	90	2.00565	0.763143	52	51.7	0	517	1882	1.08652	0.743421	2074
916	572320	545	255523	313061	100	90	2.01962	0.763143	52	51.7	0	517	1882	1.0938	0.758491	2074
917	584897	499	286715	291666	100	90	2.03708	0.763143	52	51.7	0	517	1882	1.11488	0.766667	2074
918	552199	438	285114	260197	100	90	2.05051	0.763143	52	51.7	0	517	1882	1.12035	0.776442	2074
919	544584	406	288049	249054	100	90	2.03342	0.763143	52	51.7	0	517	1882	1.13146	0.786458	2074
920	518098	371	277404	233762	100	90	2.03207	0.763143	52	51.7	0	517	1882	1.13731	0.792507	2074
921	498937	353	272365	226572	100	90	2.04055	0.763143	52	51.7	0	517	1882	1.14681	0.8	2074
922	250584	318	43993.1	206591	100	90	0.106365	0.763143	52	51.7	232058	517	1882	1.00303	0.701555	2074
923	602072	279	243112	358960	100	90	0.0788905	0.763143	52	51.7	232058	517	1882	1.00229	0.695776	2074
924	806773	237	362812	443961	100	90	0.0725741	0.763143	52	51.7	232058	517	1882	1.00217	0.710352	2074
925	759996	211	359417	400579	100	90	0.0742043	0.763143	52	51.7	232058	517	1882	1.00251	0.745185	2074
926	851612	193	425962	425650	100	90	0.0899043	0.763143	52	51.7	232058	517	1882	1.00316	0.756206	2074
927	971455	3293	496195	475260	100	90	1.07567	0.763143	52	51.7	232058	517	1882	1.00442	0.766222	2074
928	1.05049e+006	2973	540953	509532	100	90	1.30309	0.763143	52	51.7	232058	517	1882	1.00663	0.769479	2074
929	1.07232e+006	2412	558177	514144	100	90	1.37017	0.763143	52	51.7	232058	517	1882	1.00938	0.769202	2074
930	797020	2091	285023	511997	100	90	1.42002	0.763143	49	51.7	232058	517	1882	1.08019	0.907425	2074
