Time	totMass	NInd	abovemass	belowmass	mean_ares	mean_bres	shannon	meanShannon	NPFT	meanNPFT	Cutted	NNonClonal	NClonal	mean_generation	mean_genet_size	NGenets
1	443.8	0	221.9	221.9	100	60	0	0.455506	39	38.5	0	1	1978	1	0.878583	1621
2	8874.5	0	3479.16	5395.34	100	60	0	0.455506	39	38.5	0	1	1978	1	0.867903	1621
3	41096	0	19156.1	21939.8	100	60	0	0.455506	39	38.5	0	1	1978	1	0.868233	1621
4	122644	0	57510.7	65132.9	100	60	0	0.455506	39	38.5	0	1	1978	1	0.867155	1621
5	273730	0	128443	145286	100	60	0	0.455506	39	38.5	0	1	1978	1	0.868085	1621
6	482456	570	226840	255616	100	60	2.49708	0.455506	39	38.5	0	1	1978	1.00317	0.872156	1621
7	693907	787	328807	365100	100	60	3.18127	0.455506	39	38.5	0	1	1978	1.01278	0.882022	1621
8	863469	844	415023	448446	100	60	3.34118	0.455506	39	38.5	0	1	1978	1.02578	0.89455	1621
9	994510	802	484110	510400	100	60	3.18878	0.455506	39	38.5	0	1	1978	1.04886	0.920299	1621
10	1.07113e+006	756	526796	544338	100	60	3.05185	0.455506	39	38.5	0	1	1978	1.0663	0.94591	1621
11	1.14573e+006	731	569028	576700	100	60	2.96551	0.455506	39	38.5	0	1	1978	1.08632	0.965894	1621
12	1.21666e+006	714	608640	608018	100	60	2.91989	0.455506	39	38.5	0	1	1978	1.10599	1	1621
13	1.25591e+006	697	631637	624272	100	60	2.89108	0.455506	39	38.5	0	1	1978	1.12247	1.0189	1621
14	1.29067e+006	689	652457	638216	100	60	2.89594	0.455506	39	38.5	0	1	1978	1.13848	1.0237	1621
15	1.3223e+006	685	670654	651647	100	60	2.88393	0.455506	39	38.5	0	1	1978	1.17132	1.0494	1621
16	1.34797e+006	676	675636	652747	100	60	2.90415	0.455506	39	38.5	0	1	1978	1.18651	1.06718	1621
17	1.38691e+006	680	687566	661508	100	60	2.95217	0.455506	39	38.5	0	1	1978	1.19645	1.07573	1621
18	1.41522e+006	679	698898	672899	100	60	3.01227	0.455506	39	38.5	0	1	1978	1.19468	1.07367	1621
19	1.43589e+006	672	709140	682361	100	60	3.0464	0.455506	39	38.5	0	1	1978	1.18938	1.05556	1621
20	1.44898e+006	673	717027	688142	100	60	3.11957	0.455506	39	38.5	0	1	1978	1.18676	1.04019	1621
21	1.40872e+006	670	720012	688712	100	60	3.14593	0.455506	39	38.5	0	1	1978	1.1848	1.03105	1621
22	1.41306e+006	668	722815	690241	100	60	0.746535	0.455506	39	38.5	0	1	1978	1.029	0.898263	1621
23	1.43351e+006	661	726876	706635	100	60	0.753725	0.455506	39	38.5	0	1	1978	1.03207	0.908107	1621
24	1.44601e+006	648	730589	715417	100	60	0.760368	0.455506	39	38.5	0	1	1978	1.03465	0.931888	1621
25	1.43255e+006	628	724890	707660	100	60	0.836126	0.455506	39	38.5	0	1	1978	1.04013	0.958474	1621
26	1.45295e+006	619	734960	717987	100	60	0.965311	0.455506	39	38.5	0	1	1978	1.04843	0.978889	1621
27	1.48476e+006	1543	749233	735527	100	60	2.37981	0.455506	39	38.5	0	1	1978	1.06755	0.995995	1621
28	1.50972e+006	1417	760629	749089	100	60	2.50968	0.455506	39	38.5	0	1	1978	1.08593	1.00335	1621
29	1.53034e+006	1326	769336	761000	100	60	2.59431	0.455506	39	38.5	0	1	1978	1.10151	1.00986	1621
30	1.17881e+006	1273	395706	783105	100	60	2.24473	0.455506	39	38.5	0	1	1978	1.34679	1.42219	1621
31	1.18517e+006	1076	463515	721476	100	60	1.04516	0.455506	39	38.5	0	1	1978	1.0984	0.98498	1621
32	1.15292e+006	919	483154	669402	100	60	0.863883	0.455506	39	38.5	0	1	1978	1.07285	0.95483	1621
33	1.09723e+006	781	476060	620825	100	60	0.736234	0.455506	39	38.5	0	1	1978	1.05516	0.938208	1621
34	1.09542e+006	687	488128	606955	100	60	0.845273	0.455506	39	38.5	0	1	1978	1.06216	0.950198	1621
35	801034	735	229241	571549	100	60	1.1087	0.455506	39	38.5	0	1	1978	1.0756	0.978696	1621
36	808536	795	282986	525549	100	60	1.41258	0.455506	39	38.5	0	1	1978	1.08354	0.991613	1621
37	833208	911	330882	502326	100	60	1.87581	0.455506	39	38.5	0	1	1978	1.09421	1.00936	1621
38	857370	962	366735	490636	100	60	2.60641	0.455506	39	38.5	0	1	1978	1.12667	1.02727	1621
39	873026	811	391930	481097	100	60	2.69221	0.455506	39	38.5	0	1	1978	1.15094	1.04161	1621
40	607394	670	150249	457145	100	60	2.742	0.455506	39	38.5	269042	1	1978	1.18608	1.07084	1621
41	652499	606	211265	441234	100	60	2.79287	0.455506	39	38.5	269042	1	1978	1.2064	1.07299	1621
42	647615	522	248867	398747	100	60	2.83639	0.455506	39	38.5	269042	1	1978	1.22028	1.08547	1621
43	655360	470	280010	375350	100	60	2.89063	0.455506	39	38.5	269042	1	1978	1.22112	1.09264	1621
44	662883	428	300946	361937	100	60	2.92999	0.455506	39	38.5	269042	1	1978	1.23438	1.08247	1621
45	646167	385	303797	342370	100	60	2.89008	0.455506	39	38.5	269042	1	1978	1.26065	1.10029	1621
46	642300	361	304016	328107	100	60	2.89473	0.455506	39	38.5	269042	1	1978	1.27397	1.1118	1621
47	602147	323	285978	299092	100	60	2.87911	0.455506	39	38.5	269042	1	1978	1.28483	1.16667	1621
48	611104	311	293257	299558	100	60	2.91981	0.455506	39	38.5	269042	1	1978	1.28431	1.15273	1621
49	606595	298	292666	295468	100	60	2.97301	0.455506	39	38.5	269042	1	1978	1.29021	1.16538	1621
50	566820	271	275624	274585	100	60	2.99374	0.455506	39	38.5	269042	1	1978	1.29845	1.15319	1621
51	535250	258	268640	266610	100	60	3.02934	0.455506	39	38.5	269042	1	1978	1.30705	1.15385	1621
52	303073	228	61314.2	241758	100	60	0.129219	0.455506	39	38.5	478219	1	1978	1.00573	0.926314	1621
53	456323	206	145680	310642	100	60	0.0887569	0.455506	39	38.5	478219	1	1978	1.00372	0.922062	1621
54	642723	185	239783	402940	100	60	0.0851781	0.455506	39	38.5	478219	1	1978	1.00331	0.928178	1621
55	686604	168	267281	419323	100	60	0.0898522	0.455506	39	38.5	478219	1	1978	1.00395	0.936925	1621
56	653100	144	267244	385855	100	60	0.0964608	0.455506	39	38.5	478219	1	1978	1.00458	0.946884	1621
57	686506	2462	294669	391836	100	60	1.30991	0.455506	39	38.5	478219	1	1978	1.00581	0.94935	1621
58	751498	2414	329316	422182	100	60	1.63592	0.455506	39	38.5	478219	1	1978	1.00774	0.954457	1621
59	801772	2052	356392	445380	100	60	1.93785	0.455506	39	38.5	478219	1	1978	1.01068	0.955614	1621
60	529029	1779	87680.6	441348	100	60	2.06587	0.455506	39	38.5	478219	1	1978	1.07969	1.08107	1621
61	534850	1353	146951	387575	100	60	0.995397	0.455506	39	38.5	0	1	1978	1.03185	0.961389	1621
62	629847	1130	222881	406633	100	60	0.798901	0.455506	39	38.5	0	1	1978	1.02033	0.947277	1621
63	592411	960	146737	445564	100	60	0.752939	0.455506	39	38.5	0	1	1978	1.01664	0.942662	1621
64	695025	810	232210	462542	100	60	0.774016	0.455506	39	38.5	0	1	1978	1.01701	0.94158	1621
65	767283	730	296856	470182	100	60	0.851172	0.455506	39	38.5	0	1	1978	1.01759	0.945274	1621
66	834443	1621	348349	486094	100	60	1.9014	0.455506	39	38.5	0	1	1978	1.02169	0.950698	1621
67	841542	1513	370309	471233	100	60	2.1244	0.455506	39	38.5	0	1	1978	1.02544	0.948644	1621
68	873116	1402	395798	477318	100	60	2.3486	0.455506	39	38.5	0	1	1978	1.02877	0.955072	1621
69	882137	1152	409842	472295	100	60	2.36347	0.455506	39	38.5	0	1	1978	1.03606	0.960247	1621
70	686341	979	227409	458933	100	60	2.40466	0.455506	39	38.5	204049	1	1978	1.04291	0.965732	1621
71	570222	858	134035	436187	100	60	2.45535	0.455506	39	38.5	204049	1	1978	1.05008	0.978673	1621
72	600234	757	191762	408472	100	60	2.51449	0.455506	39	38.5	204049	1	1978	1.06014	0.989247	1621
73	631943	674	245410	386533	100	60	2.65561	0.455506	39	38.5	204049	1	1978	1.06917	0.984917	1621
74	660721	616	285758	374962	100	60	2.70735	0.455506	39	38.5	204049	1	1978	1.09621	1.01159	1621
75	665318	563	304255	361063	100	60	2.81649	0.455506	39	38.5	204049	1	1978	1.10585	1.01452	1621
76	642624	502	299104	333246	100	60	2.83218	0.455506	39	38.5	204049	1	1978	1.12271	1.03681	1621
77	633084	465	295678	319523	100	60	2.86363	0.455506	39	38.5	204049	1	1978	1.12298	1.02661	1621
78	645714	443	305281	321377	100	60	2.88293	0.455506	39	38.5	204049	1	1978	1.12179	1.02797	1621
79	611769	410	292756	300910	100	60	2.94656	0.455506	39	38.5	204049	1	1978	1.12143	1.02558	1621
80	585262	380	282237	286436	100	60	2.9656	0.455506	39	38.5	204049	1	1978	1.1178	1.02786	1621
81	537815	346	267622	270193	100	60	2.93725	0.455506	39	38.5	204049	1	1978	1.11966	1.03067	1621
82	346829	322	87356.1	259473	100	60	0.151352	0.455506	39	38.5	389740	1	1978	1.0033	0.937302	1621
83	520166	285	181222	338944	100	60	0.110305	0.455506	39	38.5	389740	1	1978	1.00284	0.935698	1621
84	556769	256	129034	427735	100	60	0.10491	0.455506	39	38.5	389740	1	1978	1.00287	0.943869	1621
85	510375	221	81353.5	429021	100	60	0.0898585	0.455506	39	38.5	389740	1	1978	1.00252	0.946644	1621
86	493039	186	121500	371539	100	60	0.0961432	0.455506	39	38.5	389740	1	1978	1.00275	0.948769	1621
87	563640	2507	183563	380077	100	60	1.10005	0.455506	39	38.5	389740	1	1978	1.00298	0.954873	1621
88	661655	2487	247593	414062	100	60	1.45582	0.455506	38	38.5	389740	1	1978	1.00419	0.959613	1621
89	727473	2058	292358	435115	100	60	1.63613	0.455506	38	38.5	389740	1	1978	1.00593	0.962518	1621
90	588406	1999	158335	430071	100	60	2.01611	0.455506	37	38.5	389740	1	1978	1.06204	1.05511	1621
91	659791	1586	237480	421976	100	60	1.08577	0.455506	39	38.5	0	1	1978	1.02715	0.970317	1621
92	743875	1296	299934	443446	100	60	0.897381	0.455506	39	38.5	0	1	1978	1.01892	0.957378	1621
93	632890	1040	168336	464349	100	60	0.789955	0.455506	39	38.5	0	1	1978	1.01412	0.954146	1621
94	739495	880	254314	484883	100	60	0.80153	0.455506	39	38.5	0	1	1978	1.01572	0.953785	1621
95	806564	763	316519	489808	100	60	0.83261	0.455506	39	38.5	0	1	1978	1.01712	0.955705	1621
96	837214	1592	351902	485311	100	60	1.7473	0.455506	39	38.5	0	1	1978	1.01908	0.953556	1621
97	847101	1508	372891	474210	100	60	1.88986	0.455506	39	38.5	0	1	1978	1.01663	0.955457	1621
98	862244	1441	392438	469806	100	60	2.12834	0.455506	39	38.5	0	1	1978	1.01972	0.957462	1621
99	840772	1170	391486	449286	100	60	2.15897	0.455506	39	38.5	0	1	1978	1.0238	0.967354	1621
100	691271	1027	239754	451517	100	60	2.22495	0.455506	39	38.5	178399	1	1978	1.03359	0.98237	1621
101	548046	861	130784	417262	100	60	2.32043	0.455506	39	38.5	178399	1	1978	1.04534	0.990665	1621
102	562512	739	184120	378391	100	60	2.38821	0.455506	39	38.5	178399	1	1978	1.05232	0.998641	1621
103	603969	676	238731	365239	100	60	2.48707	0.455506	39	38.5	178399	1	1978	1.0612	1.00896	1621
104	604220	596	263973	340247	100	60	2.57931	0.455506	39	38.5	178399	1	1978	1.06224	1.01358	1621
105	581444	525	268020	313424	100	60	2.61027	0.455506	39	38.5	178399	1	1978	1.07767	1.02918	1621
106	552287	463	259295	284036	100	60	2.60236	0.455506	39	38.5	178399	1	1978	1.10923	1.06623	1621
107	526043	408	248623	262529	100	60	2.65059	0.455506	39	38.5	178399	1	1978	1.11973	1.06234	1621
108	504548	358	241521	248223	100	60	2.67008	0.455506	39	38.5	178399	1	1978	1.12276	1.05966	1621
109	487354	331	235986	236880	100	60	2.69282	0.455506	39	38.5	178399	1	1978	1.11485	1.0559	1621
110	470978	314	229021	228469	100	60	2.77524	0.455506	39	38.5	178399	1	1978	1.12422	1.06312	1621
111	418090	281	210171	207919	100	60	2.83391	0.455506	39	38.5	178399	1	1978	1.12545	1.06084	1621
112	270645	258	72358.5	198287	100	60	0.118021	0.455506	39	38.5	318974	1	1978	1.00244	0.974324	1621
113	461164	232	167062	294102	100	60	0.0881453	0.455506	39	38.5	318974	1	1978	1.00183	0.975628	1621
114	641367	194	250985	390383	100	60	0.0793038	0.455506	39	38.5	318974	1	1978	1.00169	0.975133	1621
115	668934	173	268049	400884	100	60	0.0815774	0.455506	39	38.5	318974	1	1978	1.00189	0.976319	1621
116	630708	163	262022	368685	100	60	0.0918406	0.455506	39	38.5	318974	1	1978	1.00238	0.976541	1621
117	624492	2442	271262	353230	100	60	1.22377	0.455506	39	38.5	318974	1	1978	1.00313	0.976246	1621
118	711901	2287	316956	394945	100	60	1.42692	0.455506	39	38.5	318974	1	1978	1.00391	0.97871	1621
119	769619	1962	346692	422927	100	60	1.80822	0.455506	39	38.5	318974	1	1978	1.00654	0.981688	1621
120	615920	1739	181749	434172	100	60	1.97511	0.455506	37	38.5	318974	1	1978	1.09501	1.12918	1621
121	682630	1413	257358	424993	100	60	1.0465	0.455506	39	38.5	0	1	1978	1.03785	1.01553	1621
122	740083	1155	308758	430960	100	60	0.848088	0.455506	39	38.5	0	1	1978	1.02301	0.997337	1621
123	816083	950	358243	457427	100	60	0.715369	0.455506	39	38.5	0	1	1978	1.0169	0.98888	1621
124	872289	784	388888	483018	100	60	0.720176	0.455506	39	38.5	0	1	1978	1.01755	0.986724	1621
125	906467	708	408922	497211	100	60	0.779736	0.455506	39	38.5	0	1	1978	1.02065	0.986807	1621
126	903548	1628	412355	491193	100	60	1.71833	0.455506	39	38.5	0	1	1978	1.02364	0.98758	1621
127	889102	1509	411397	477705	100	60	1.84351	0.455506	39	38.5	0	1	1978	1.02605	0.994798	1621
128	890677	1416	417273	473404	100	60	2.09497	0.455506	39	38.5	0	1	1978	1.02914	1.00072	1621
129	862727	1161	408909	453818	100	60	2.10253	0.455506	39	38.5	0	1	1978	1.03035	0.999124	1621
130	670289	991	233676	436613	100	60	2.24041	0.455506	39	38.5	186210	1	1978	1.03904	1.00615	1621
131	674651	837	268570	406080	100	60	2.35397	0.455506	39	38.5	186210	1	1978	1.04908	1.01095	1621
132	682776	738	299453	383323	100	60	2.37843	0.455506	39	38.5	186210	1	1978	1.06612	1.03177	1621
133	705742	691	326006	379736	100	60	2.45655	0.455506	39	38.5	186210	1	1978	1.07283	1.03107	1621
134	632719	576	302016	330703	100	60	2.50745	0.455506	39	38.5	186210	1	1978	1.08249	1.03363	1621
135	598843	512	291360	307483	100	60	2.56489	0.455506	39	38.5	186210	1	1978	1.10256	1.05823	1621
136	553828	445	267918	276788	100	60	2.57808	0.455506	39	38.5	186210	1	1978	1.1087	1.05774	1621
137	524695	401	252974	255930	100	60	2.62228	0.455506	39	38.5	186210	1	1978	1.11791	1.05913	1621
138	523229	383	253703	253535	100	60	2.68107	0.455506	39	38.5	186210	1	1978	1.10437	1.04043	1621
139	489048	342	238978	235032	100	60	2.70505	0.455506	39	38.5	186210	1	1978	1.0884	1.0303	1621
140	335391	308	115705	216891	100	60	2.68082	0.455506	39	38.5	186210	1	1978	1.10462	1.03367	1621
141	349735	286	143292	206443	100	60	2.69313	0.455506	39	38.5	186210	1	1978	1.11785	1.03971	1621
142	256557	257	68907.8	187649	100	60	0.205785	0.455506	39	38.5	282893	1	1978	1.00429	0.990784	1621
143	346655	224	122957	223698	100	60	0.140977	0.455506	39	38.5	282893	1	1978	1.00352	0.989519	1621
144	546419	209	224998	321421	100	60	0.132647	0.455506	39	38.5	282893	1	1978	1.00351	0.990329	1621
145	680890	177	287618	393271	100	60	0.127154	0.455506	38	38.5	282893	1	1978	1.00376	0.993087	1621
146	701123	157	300072	401050	100	60	0.138568	0.455506	37	38.5	282893	1	1978	1.00456	0.996832	1621
147	727280	2119	319720	407560	100	60	1.20724	0.455506	36	38.5	282893	1	1978	1.0055	0.999173	1621
148	747227	1923	337688	409539	100	60	1.33671	0.455506	36	38.5	282893	1	1978	1.00706	1.00286	1621
149	805801	1723	372610	433191	100	60	1.55088	0.455506	36	38.5	282893	1	1978	1.00997	1.00576	1621
150	635673	1539	196531	439142	100	60	1.58519	0.455506	36	38.5	282893	1	1978	1.14311	1.25245	1621
151	685129	1285	271186	412687	100	60	1.35951	0.455506	39	38.5	0	1	1978	1.10271	1.11746	1621
152	716122	1056	316528	397748	100	60	1.26119	0.455506	39	38.5	0	1	1978	1.06873	1.05811	1621
153	758508	928	355393	400974	100	60	1.20982	0.455506	39	38.5	0	1	1978	1.05007	1.03121	1621
154	761286	775	367251	392072	100	60	1.19595	0.455506	39	38.5	0	1	1978	1.0475	1.0257	1621
155	792394	750	388347	402314	100	60	1.35658	0.455506	39	38.5	0	1	1978	1.05227	1.02561	1621
156	811198	1061	401559	409639	100	60	1.89285	0.455506	39	38.5	0	1	1978	1.06162	1.03655	1621
157	815786	1071	408003	407782	100	60	2.11351	0.455506	39	38.5	0	1	1978	1.07016	1.03928	1621
158	792688	1023	400365	392324	100	60	2.2181	0.455506	39	38.5	0	1	1978	1.07692	1.042	1621
159	779075	901	397772	381303	100	60	2.19675	0.455506	39	38.5	0	1	1978	1.07982	1.05125	1621
160	594419	783	240922	353497	100	60	2.19524	0.455506	39	38.5	156366	1	1978	1.08751	1.05997	1621
161	593563	687	269982	323581	100	60	2.2133	0.455506	39	38.5	156366	1	1978	1.101	1.06825	1621
162	581983	602	283147	298836	100	60	2.22456	0.455506	39	38.5	156366	1	1978	1.10086	1.07797	1621
163	560897	534	283178	277720	100	60	2.24491	0.455506	39	38.5	156366	1	1978	1.11258	1.08779	1621
164	533051	473	275010	258041	100	60	2.2919	0.455506	39	38.5	156366	1	1978	1.13102	1.10606	1621
165	506804	430	264607	242197	100	60	2.31032	0.455506	39	38.5	156366	1	1978	1.15232	1.12649	1621
166	354670	396	127776	225526	100	60	2.29435	0.455506	39	38.5	156366	1	1978	1.17233	1.14621	1621
167	371976	371	154686	210468	100	60	2.31152	0.455506	39	38.5	156366	1	1978	1.19303	1.1728	1621
168	372304	336	169462	194176	100	60	2.35165	0.455506	39	38.5	156366	1	1978	1.2	1.1879	1621
169	280096	310	92382.4	186080	100	60	2.35852	0.455506	39	38.5	156366	1	1978	1.19737	1.17869	1621
170	294661	296	117678	175580	100	60	2.36573	0.455506	39	38.5	156366	1	1978	1.24643	1.21852	1621
171	286548	268	130908	155640	100	60	2.29442	0.455506	39	38.5	156366	1	1978	1.26	1.21339	1621
172	233507	252	84680.8	148827	100	60	0.158472	0.455506	39	38.5	217365	1	1978	1.00682	1.00486	1621
173	357474	233	146163	211310	100	60	0.119131	0.455506	39	38.5	217365	1	1978	1.00542	1.00359	1621
174	558754	201	244354	314399	100	60	0.105599	0.455506	39	38.5	217365	1	1978	1.00502	1.00304	1621
175	683358	176	296091	387267	100	60	0.102861	0.455506	39	38.5	217365	1	1978	1.00486	1.00334	1621
176	689135	159	301339	387797	100	60	0.112419	0.455506	38	38.5	217365	1	1978	1.00598	1.00669	1621
177	675412	2236	303635	371778	100	60	0.910435	0.455506	37	38.5	217365	1	1978	1.00641	1.00851	1621
178	720106	1971	331431	388675	100	60	0.990109	0.455506	37	38.5	217365	1	1978	1.00751	1.01178	1621
179	761302	1684	357877	403426	100	60	1.12957	0.455506	37	38.5	217365	1	1978	1.00846	1.01236	1621
180	491425	1543	87231.4	404193	100	60	1.19035	0.455506	34	38.5	217365	1	1978	1.12461	1.23679	1621
181	430200	1262	71853.1	357846	100	60	0.896598	0.455506	39	38.5	0	1	1978	1.0682	1.0801	1621
182	485684	1110	141284	341880	100	60	0.789878	0.455506	39	38.5	0	1	1978	1.0426	1.0407	1621
183	584758	990	226353	355311	100	60	0.78188	0.455506	39	38.5	0	1	1978	1.02877	1.02107	1621
184	698012	895	306305	386962	100	60	0.836349	0.455506	39	38.5	0	1	1978	1.02829	1.01308	1621
185	771748	830	359776	407826	100	60	0.943566	0.455506	39	38.5	0	1	1978	1.03242	1.01283	1621
186	809567	1277	391493	418074	100	60	1.39126	0.455506	39	38.5	0	1	1978	1.03489	1.01593	1621
187	609468	1295	195859	413609	100	60	1.57943	0.455506	39	38.5	0	1	1978	1.04018	1.02607	1621
188	648221	1205	257454	390767	100	60	1.65577	0.455506	39	38.5	0	1	1978	1.03952	1.02353	1621
189	692690	1061	313155	379535	100	60	1.66281	0.455506	39	38.5	0	1	1978	1.04536	1.03155	1621
190	679695	958	307234	372461	100	60	1.7011	0.455506	39	38.5	47372.4	1	1978	1.05761	1.04334	1621
191	673470	837	328330	345139	100	60	1.69295	0.455506	39	38.5	47372.4	1	1978	1.07418	1.05683	1621
192	652876	738	331169	321707	100	60	1.72353	0.455506	39	38.5	47372.4	1	1978	1.09028	1.07015	1621
193	641036	672	332366	308670	100	60	1.74783	0.455506	39	38.5	47372.4	1	1978	1.10323	1.0812	1621
194	622723	623	326788	295935	100	60	1.73975	0.455506	39	38.5	47372.4	1	1978	1.12181	1.10098	1621
195	592468	568	313086	279383	100	60	1.7353	0.455506	39	38.5	47372.4	1	1978	1.14308	1.10893	1621
196	553755	513	291183	255911	100	60	1.71843	0.455506	39	38.5	47372.4	1	1978	1.16216	1.13226	1621
197	500641	446	263060	226067	100	60	1.67492	0.455506	39	38.5	47372.4	1	1978	1.19616	1.17209	1621
198	451142	387	237147	203669	100	60	1.66235	0.455506	39	38.5	47372.4	1	1978	1.21182	1.18449	1621
199	410374	342	216495	184746	100	60	1.68456	0.455506	39	38.5	47372.4	1	1978	1.21714	1.1821	1621
200	376040	313	198479	169546	100	60	1.69218	0.455506	39	38.5	47372.4	1	1978	1.25806	1.2116	1621
201	335937	281	181402	154535	100	60	1.70677	0.455506	39	38.5	47372.4	1	1978	1.27273	1.21839	1621
202	243826	249	105302	138525	100	60	0.078972	0.455506	39	38.5	112944	1	1978	1.00385	0.999435	1621
203	469012	222	197518	271494	100	60	0.0645448	0.455506	39	38.5	112944	1	1978	1.00359	0.999172	1621
204	617767	197	257493	360274	100	60	0.060872	0.455506	39	38.5	112944	1	1978	1.00331	1.00006	1621
205	608886	189	259497	349390	100	60	0.0693549	0.455506	39	38.5	112944	1	1978	1.00398	1.00347	1621
206	554123	158	245154	308969	100	60	0.0697533	0.455506	39	38.5	112944	1	1978	1.0043	1.00596	1621
207	637317	2448	291023	346294	100	60	0.911245	0.455506	39	38.5	112944	1	1978	1.00631	1.0086	1621
208	537961	2269	149898	388063	100	60	1.09531	0.455506	39	38.5	112944	1	1978	1.00833	1.01163	1621
209	600945	1982	215540	385404	100	60	1.31869	0.455506	39	38.5	112944	1	1978	1.01296	1.01578	1621
210	520949	1812	135487	385462	100	60	1.48152	0.455506	37	38.5	112944	1	1978	1.06407	1.11142	1621
211	588087	1472	217111	368432	100	60	0.691128	0.455506	39	38.5	0	1	1978	1.02012	1.01631	1621
212	687546	1240	288820	395912	100	60	0.577147	0.455506	39	38.5	0	1	1978	1.01195	1.00755	1621
213	774086	1032	346033	423924	100	60	0.530171	0.455506	39	38.5	0	1	1978	1.00902	1.00331	1621
214	829349	874	380266	445531	100	60	0.568048	0.455506	39	38.5	0	1	1978	1.01042	1.00528	1621
215	825762	744	386355	436485	100	60	0.595505	0.455506	39	38.5	0	1	1978	1.0127	1.00625	1621
216	824200	1619	396219	427981	100	60	1.22174	0.455506	39	38.5	0	1	1978	1.01573	1.01012	1621
217	815848	1518	398180	417667	100	60	1.35162	0.455506	39	38.5	0	1	1978	1.01846	1.01941	1621
218	814507	1447	402117	412390	100	60	1.54997	0.455506	39	38.5	0	1	1978	1.02018	1.01958	1621
219	823435	1231	412098	411337	100	60	1.62731	0.455506	39	38.5	0	1	1978	1.02756	1.03298	1621
220	720239	1048	329149	391090	100	60	1.707	0.455506	39	38.5	83242	1	1978	1.03964	1.04259	1621
221	687878	890	334187	353690	100	60	1.74136	0.455506	39	38.5	83242	1	1978	1.05428	1.05929	1621
222	667047	779	336834	330213	100	60	1.74974	0.455506	39	38.5	83242	1	1978	1.07271	1.08021	1621
223	645952	705	334279	311674	100	60	1.79057	0.455506	39	38.5	83242	1	1978	1.09029	1.09585	1621
224	451183	636	158426	292757	100	60	1.82505	0.455506	39	38.5	83242	1	1978	1.09763	1.09539	1621
225	474129	588	199118	275010	100	60	1.86218	0.455506	39	38.5	83242	1	1978	1.10963	1.11285	1621
226	491969	542	228028	256809	100	60	1.91501	0.455506	39	38.5	83242	1	1978	1.12838	1.12053	1621
227	354148	483	119689	232591	100	60	1.95148	0.455506	39	38.5	83242	1	1978	1.13725	1.12766	1621
228	364907	432	146543	212608	100	60	2.0236	0.455506	39	38.5	83242	1	1978	1.14253	1.1274	1621
229	288337	395	88218.7	198595	100	60	2.0541	0.455506	39	38.5	83242	1	1978	1.15404	1.12073	1621
230	305598	363	119769	184489	100	60	2.03436	0.455506	39	38.5	83242	1	1978	1.18436	1.16232	1621
231	294873	310	134537	160336	100	60	1.95502	0.455506	39	38.5	83242	1	1978	1.19808	1.17057	1621
232	265841	294	111585	154256	100	60	0.140791	0.455506	39	38.5	126502	1	1978	1.00556	1.00401	1621
233	405354	264	175046	230308	100	60	0.109216	0.455506	39	38.5	126502	1	1978	1.00414	1.00328	1621
234	620195	239	270880	349314	100	60	0.101839	0.455506	39	38.5	126502	1	1978	1.00366	1.00299	1621
235	702569	221	304171	398398	100	60	0.107458	0.455506	39	38.5	126502	1	1978	1.00381	1.00387	1621
236	493541	209	124696	368845	100	60	0.123933	0.455506	39	38.5	126502	1	1978	1.00446	1.00705	1621
237	400585	2138	68923.6	331662	100	60	0.827523	0.455506	39	38.5	126502	1	1978	1.00568	1.01138	1621
238	386955	1998	60852.2	326102	100	60	0.97805	0.455506	39	38.5	126502	1	1978	1.00735	1.01444	1621
239	455005	1889	130480	324524	100	60	1.17154	0.455506	39	38.5	126502	1	1978	1.00927	1.01417	1621
240	463572	1864	106424	357148	100	60	1.36574	0.455506	35	38.5	126502	1	1978	1.05924	1.08505	1621
241	463418	1599	95855.9	366677	100	60	0.914832	0.455506	39	38.5	0	1	1978	1.02892	1.02873	1621
242	514437	1301	165310	345891	100	60	0.740737	0.455506	39	38.5	0	1	1978	1.01759	1.01187	1621
243	622333	1097	250069	368644	100	60	0.694669	0.455506	39	38.5	0	1	1978	1.0145	1.00703	1621
244	752119	973	332715	413829	100	60	0.732151	0.455506	39	38.5	0	1	1978	1.01441	1.00504	1621
245	817224	851	378591	434154	100	60	0.79562	0.455506	39	38.5	0	1	1978	1.01646	1.0064	1621
246	619829	1509	190692	429136	100	60	1.26122	0.455506	39	38.5	0	1	1978	1.01844	1.00811	1621
247	648737	1446	250439	398298	100	60	1.3507	0.455506	39	38.5	0	1	1978	1.02003	1.00928	1621
248	676364	1292	298888	377476	100	60	1.41457	0.455506	39	38.5	0	1	1978	1.02431	1.01716	1621
249	697781	1082	333501	364280	100	60	1.44494	0.455506	39	38.5	0	1	1978	1.03061	1.02796	1621
250	676380	956	318861	357519	100	60	1.46721	0.455506	39	38.5	42874.3	1	1978	1.04247	1.04211	1621
251	661033	830	329674	331359	100	60	1.50615	0.455506	39	38.5	42874.3	1	1978	1.04831	1.04595	1621
252	640067	728	329669	310399	100	60	1.56423	0.455506	39	38.5	42874.3	1	1978	1.07072	1.06621	1621
253	625069	671	327698	297371	100	60	1.57833	0.455506	39	38.5	42874.3	1	1978	1.09091	1.08559	1621
254	593986	608	315308	278678	100	60	1.58863	0.455506	39	38.5	42874.3	1	1978	1.12303	1.11628	1621
255	527689	522	282918	244772	100	60	1.58436	0.455506	39	38.5	42874.3	1	1978	1.15225	1.1409	1621
256	482666	458	256907	219939	100	60	1.57435	0.455506	39	38.5	42874.3	1	1978	1.174	1.1704	1621
257	450923	410	238169	202857	100	60	1.53741	0.455506	39	38.5	42874.3	1	1978	1.2	1.19298	1621
258	400999	350	212323	179970	100	60	1.56339	0.455506	39	38.5	42874.3	1	1978	1.20643	1.19527	1621
259	391854	335	207942	175353	100	60	1.55977	0.455506	39	38.5	42874.3	1	1978	1.22923	1.2125	1621
260	368630	309	195944	164856	100	60	1.56775	0.455506	39	38.5	42874.3	1	1978	1.24762	1.2268	1621
261	340962	289	185402	155559	100	60	1.54822	0.455506	39	38.5	42874.3	1	1978	1.26298	1.2566	1621
262	269766	275	119229	150537	100	60	0.0842757	0.455506	39	38.5	106564	1	1978	1.00383	0.998107	1621
263	491607	251	210393	281214	100	60	0.0726096	0.455506	39	38.5	106564	1	1978	1.00379	0.998246	1621
264	619150	218	262396	356754	100	60	0.0665413	0.455506	39	38.5	106564	1	1978	1.00332	0.999251	1621
265	607337	199	262528	344809	100	60	0.0715874	0.455506	39	38.5	106564	1	1978	1.00363	1.00148	1621
266	580141	183	259462	320680	100	60	0.0773111	0.455506	39	38.5	106564	1	1978	1.00369	1.0035	1621
267	663698	2583	305776	357922	100	60	0.921272	0.455506	39	38.5	106564	1	1978	1.00566	1.0062	1621
268	729407	2267	338498	390909	100	60	1.05012	0.455506	39	38.5	106564	1	1978	1.00741	1.00978	1621
269	760223	2013	357249	402973	100	60	1.26264	0.455506	39	38.5	106564	1	1978	1.01037	1.01251	1621
270	590212	1901	186091	404121	100	60	1.40547	0.455506	34	38.5	106564	1	1978	1.07523	1.13808	1621
271	636703	1527	255994	377770	100	60	0.703261	0.455506	39	38.5	0	1	1978	1.02412	1.02164	1621
272	553637	1277	154465	398280	100	60	0.569422	0.455506	39	38.5	0	1	1978	1.0144	1.00843	1621
273	659606	1049	244260	412882	100	60	0.466419	0.455506	39	38.5	0	1	1978	1.00831	1.00167	1621
274	753094	876	312596	437940	100	60	0.474848	0.455506	39	38.5	0	1	1978	1.00842	1.00102	1621
275	785985	793	348332	435419	100	60	0.530011	0.455506	39	38.5	0	1	1978	1.01037	1.00443	1621
276	778246	1723	361349	416897	100	60	1.08659	0.455506	39	38.5	0	1	1978	1.01409	1.00751	1621
277	583608	1638	173894	409713	100	60	1.2532	0.455506	39	38.5	0	1	1978	1.01557	1.01187	1621
278	633742	1667	240175	393567	100	60	1.49485	0.455506	39	38.5	0	1	1978	1.01547	1.00964	1621
279	702309	1421	304427	397882	100	60	1.56738	0.455506	39	38.5	0	1	1978	1.01945	1.01344	1621
280	710120	1240	316269	393852	100	60	1.65801	0.455506	39	38.5	32414.1	1	1978	1.02263	1.0178	1621
281	701052	1055	334246	366806	100	60	1.68819	0.455506	39	38.5	32414.1	1	1978	1.02993	1.02759	1621
282	662076	878	330715	331361	100	60	1.71027	0.455506	39	38.5	32414.1	1	1978	1.0412	1.04119	1621
283	671194	811	344668	326526	100	60	1.7387	0.455506	39	38.5	32414.1	1	1978	1.0546	1.05569	1621
284	644976	723	337270	307706	100	60	1.75403	0.455506	39	38.5	32414.1	1	1978	1.06674	1.06777	1621
285	618900	653	327119	291781	100	60	1.77846	0.455506	39	38.5	32414.1	1	1978	1.07955	1.08282	1621
286	575228	580	302862	264465	100	60	1.79181	0.455506	39	38.5	32414.1	1	1978	1.08626	1.08076	1621
287	532157	509	277662	240384	100	60	1.8049	0.455506	39	38.5	32414.1	1	1978	1.11034	1.1063	1621
288	485461	442	253959	218816	100	60	1.83497	0.455506	39	38.5	32414.1	1	1978	1.10591	1.10321	1621
289	425656	367	223109	191194	100	60	1.86794	0.455506	39	38.5	32414.1	1	1978	1.09645	1.09524	1621
290	404340	339	212802	181067	100	60	1.8648	0.455506	39	38.5	32414.1	1	1978	1.10924	1.10638	1621
291	380202	325	207096	173106	100	60	1.86045	0.455506	39	38.5	32414.1	1	1978	1.11538	1.11746	1621
292	285783	304	122921	162862	100	60	0.0975069	0.455506	39	38.5	113322	1	1978	1.0023	1.00194	1621
293	399098	278	106822	292276	100	60	0.0845901	0.455506	39	38.5	113322	1	1978	1.00261	1.00232	1621
294	550015	240	186060	363955	100	60	0.0699004	0.455506	39	38.5	113322	1	1978	1.0022	1.00188	1621
295	570516	199	212573	357943	100	60	0.0684629	0.455506	39	38.5	113322	1	1978	1.00232	1.00188	1621
296	548807	175	220870	327936	100	60	0.0748195	0.455506	39	38.5	113322	1	1978	1.00233	1.00168	1621
297	466984	2604	113735	353248	100	60	0.947796	0.455506	39	38.5	113322	1	1978	1.00319	1.00307	1621
298	533744	2342	178842	354902	100	60	1.12411	0.455506	39	38.5	113322	1	1978	1.00373	1.00447	1621
299	640530	2325	250790	389740	100	60	1.43452	0.455506	39	38.5	113322	1	1978	1.00472	1.00626	1621
300	564740	2156	154117	410623	100	60	1.62799	0.455506	37	38.5	113322	1	1978	1.05392	1.0836	1621
301	500404	1722	111483	388454	100	60	0.826142	0.455506	39	38.5	0	1	1978	1.01783	1.01666	1621
302	596339	1478	194768	399728	100	60	0.640761	0.455506	39	38.5	0	1	1978	1.00998	1.00782	1621
303	713970	1227	282672	429200	100	60	0.57794	0.455506	39	38.5	0	1	1978	1.00679	1.00333	1621
304	794167	1044	338944	452351	100	60	0.622858	0.455506	39	38.5	0	1	1978	1.00746	1.00312	1621
305	814160	904	365321	446305	100	60	0.690492	0.455506	39	38.5	0	1	1978	1.00947	1.0043	1621
306	825524	1630	385593	439931	100	60	1.23455	0.455506	39	38.5	0	1	1978	1.01129	1.00639	1621
307	827709	1676	396497	431212	100	60	1.4601	0.455506	39	38.5	0	1	1978	1.01129	1.00721	1621
308	817790	1513	399603	418187	100	60	1.62546	0.455506	39	38.5	0	1	1978	1.01577	1.01258	1621
309	803061	1254	400548	402513	100	60	1.69923	0.455506	39	38.5	0	1	1978	1.01567	1.01438	1621
310	701809	1077	310931	390878	100	60	1.81084	0.455506	39	38.5	96692.5	1	1978	1.02154	1.02233	1621
311	704130	961	332756	371375	100	60	1.87232	0.455506	39	38.5	96692.5	1	1978	1.02992	1.03122	1621
312	680417	839	334328	346090	100	60	1.91796	0.455506	39	38.5	96692.5	1	1978	1.0461	1.0537	1621
313	480319	735	161563	318756	100	60	1.95255	0.455506	39	38.5	96692.5	1	1978	1.05849	1.06267	1621
314	502226	672	203129	299097	100	60	1.99426	0.455506	39	38.5	96692.5	1	1978	1.06497	1.06083	1621
315	515812	614	234999	280813	100	60	2.04479	0.455506	39	38.5	96692.5	1	1978	1.06429	1.0624	1621
316	526421	568	252199	265955	100	60	2.07291	0.455506	39	38.5	96692.5	1	1978	1.07425	1.06915	1621
317	516712	515	253741	248570	100	60	2.10416	0.455506	39	38.5	96692.5	1	1978	1.09964	1.09703	1621
318	474447	447	238538	222767	100	60	2.13699	0.455506	39	38.5	96692.5	1	1978	1.09052	1.07991	1621
319	463160	411	235778	214546	100	60	2.17502	0.455506	39	38.5	96692.5	1	1978	1.08941	1.07711	1621
320	449809	387	231558	206309	100	60	2.2083	0.455506	39	38.5	96692.5	1	1978	1.08397	1.07447	1621
321	385349	333	205364	179986	100	60	2.17697	0.455506	39	38.5	96692.5	1	1978	1.08929	1.08438	1621
322	282769	311	110234	172535	100	60	0.101324	0.455506	39	38.5	191987	1	1978	1.00192	0.997927	1621
323	506200	278	208270	297930	100	60	0.0844753	0.455506	39	38.5	191987	1	1978	1.0016	0.997065	1621
324	654243	268	272698	381545	100	60	0.086207	0.455506	39	38.5	191987	1	1978	1.00176	0.997211	1621
325	647691	251	277259	370431	100	60	0.0970488	0.455506	39	38.5	191987	1	1978	1.00192	0.997682	1621
326	605852	214	267501	338351	100	60	0.0992709	0.455506	39	38.5	191987	1	1978	1.00195	0.999011	1621
327	647595	2714	294512	353084	100	60	1.07504	0.455506	39	38.5	191987	1	1978	1.00288	1.00062	1621
328	738285	2514	340093	398192	100	60	1.24342	0.455506	39	38.5	191987	1	1978	1.0044	1.00282	1621
329	800684	2251	372815	427869	100	60	1.4638	0.455506	39	38.5	191987	1	1978	1.00577	1.00416	1621
330	617690	2014	191590	426100	100	60	1.60026	0.455506	35	38.5	191987	1	1978	1.07364	1.12413	1621
331	662559	1619	260512	400080	100	60	0.767047	0.455506	39	38.5	0	1	1978	1.02369	1.02191	1621
332	756578	1380	326161	427904	100	60	0.633799	0.455506	39	38.5	0	1	1978	1.01388	1.00972	1621
333	642258	1150	182567	459031	100	60	0.586201	0.455506	39	38.5	0	1	1978	1.01041	1.00431	1621
334	708727	948	254051	453170	100	60	0.592108	0.455506	39	38.5	0	1	1978	1.00893	1.00168	1621
335	751533	845	306306	444025	100	60	0.645965	0.455506	39	38.5	0	1	1978	1.00883	1.00328	1621
336	780695	1876	342994	437701	100	60	1.36959	0.455506	39	38.5	0	1	1978	1.01192	1.00963	1621
337	801383	1811	368717	432666	100	60	1.53624	0.455506	39	38.5	0	1	1978	1.01368	1.01223	1621
338	824139	1717	390085	434054	100	60	1.73594	0.455506	39	38.5	0	1	1978	1.01782	1.01587	1621
339	814314	1439	395317	418997	100	60	1.76919	0.455506	39	38.5	0	1	1978	1.01931	1.01186	1621
340	711542	1203	311396	400146	100	60	1.82041	0.455506	39	38.5	91629.1	1	1978	1.02566	1.02005	1621
341	703295	1035	327923	375371	100	60	1.88966	0.455506	39	38.5	91629.1	1	1978	1.03026	1.02529	1621
342	688159	909	334401	353758	100	60	1.91749	0.455506	39	38.5	91629.1	1	1978	1.03231	1.02547	1621
343	681296	820	340560	340736	100	60	1.97182	0.455506	39	38.5	91629.1	1	1978	1.03777	1.0319	1621
344	668448	751	340226	328222	100	60	2.0294	0.455506	39	38.5	91629.1	1	1978	1.04897	1.04424	1621
345	617263	662	318920	298343	100	60	2.06607	0.455506	39	38.5	91629.1	1	1978	1.06418	1.05623	1621
346	576640	579	296789	271374	100	60	2.10343	0.455506	39	38.5	91629.1	1	1978	1.07077	1.06446	1621
347	553969	530	283342	255576	100	60	2.12035	0.455506	39	38.5	91629.1	1	1978	1.07427	1.06286	1621
348	550884	503	282788	252745	100	60	2.14641	0.455506	39	38.5	91629.1	1	1978	1.07407	1.06036	1621
349	507901	449	261748	231629	100	60	2.15733	0.455506	39	38.5	91629.1	1	1978	1.07611	1.06122	1621
350	464951	392	240290	211681	100	60	2.15736	0.455506	39	38.5	91629.1	1	1978	1.08273	1.0625	1621
351	415422	355	221641	193780	100	60	2.14375	0.455506	39	38.5	91629.1	1	1978	1.0929	1.07558	1621
352	300407	332	116621	183785	100	60	0.108909	0.455506	39	38.5	196865	1	1978	1.00218	0.992351	1621
353	506878	287	206266	300612	100	60	0.0879864	0.455506	39	38.5	196865	1	1978	1.00206	0.99233	1621
354	662298	256	272677	389621	100	60	0.0819546	0.455506	39	38.5	196865	1	1978	1.00178	0.992366	1621
355	679461	244	285082	394379	100	60	0.0904636	0.455506	39	38.5	196865	1	1978	1.00226	0.993216	1621
356	631905	223	273649	358256	100	60	0.10004	0.455506	39	38.5	196865	1	1978	1.00256	0.993443	1621
357	676329	3019	303846	372483	100	60	1.11973	0.455506	39	38.5	196865	1	1978	1.00385	0.994751	1621
358	745558	2614	341229	404328	100	60	1.25716	0.455506	39	38.5	196865	1	1978	1.00523	0.995814	1621
359	774629	2268	358591	416037	100	60	1.47171	0.455506	39	38.5	196865	1	1978	1.00694	0.998547	1621
360	614893	2153	189786	425107	100	60	1.6777	0.455506	35	38.5	196865	1	1978	1.06768	1.10163	1621
361	657602	1709	257437	398976	100	60	0.812819	0.455506	39	38.5	0	1	1978	1.0228	1.01418	1621
362	734220	1418	314701	417776	100	60	0.656697	0.455506	39	38.5	0	1	1978	1.01321	1.00216	1621
363	628076	1172	179080	448497	100	60	0.580207	0.455506	39	38.5	0	1	1978	1.00941	0.998542	1621
364	714756	972	256246	457559	100	60	0.579929	0.455506	39	38.5	0	1	1978	1.00913	0.996425	1621
365	763537	854	308358	454353	100	60	0.599335	0.455506	39	38.5	0	1	1978	1.01002	0.998036	1621
366	775009	1976	337455	437555	100	60	1.32041	0.455506	39	38.5	0	1	1978	1.01252	0.999678	1621
367	788095	1874	359420	428675	100	60	1.44983	0.455506	39	38.5	0	1	1978	1.01278	0.999125	1621
368	822584	1826	387333	435251	100	60	1.72578	0.455506	39	38.5	0	1	1978	1.01538	0.99945	1621
369	839276	1556	403952	435324	100	60	1.79666	0.455506	39	38.5	0	1	1978	1.01834	1.00129	1621
370	722271	1297	306962	415309	100	60	1.86529	0.455506	39	38.5	101750	1	1978	1.02294	1.00464	1621
371	711014	1101	323392	387621	100	60	1.95814	0.455506	39	38.5	101750	1	1978	1.03209	1.01455	1621
372	715339	985	340699	374640	100	60	1.98213	0.455506	39	38.5	101750	1	1978	1.03988	1.02335	1621
373	505828	845	165182	340646	100	60	2.01656	0.455506	39	38.5	101750	1	1978	1.04643	1.02966	1621
374	523624	761	205294	318329	100	60	2.08536	0.455506	39	38.5	101750	1	1978	1.05344	1.03958	1621
375	517159	663	230390	286769	100	60	2.13838	0.455506	39	38.5	101750	1	1978	1.06307	1.04414	1621
376	384316	589	120919	262047	100	60	2.14595	0.455506	39	38.5	101750	1	1978	1.07458	1.05508	1621
377	410244	547	156688	246001	100	60	2.18201	0.455506	39	38.5	101750	1	1978	1.07445	1.05981	1621
378	305042	461	87771.8	215698	100	60	2.17372	0.455506	39	38.5	101750	1	1978	1.08417	1.06889	1621
379	317540	415	115187	196735	100	60	2.18028	0.455506	39	38.5	101750	1	1978	1.09132	1.07654	1621
380	312600	360	134303	173409	100	60	2.19332	0.455506	39	38.5	101750	1	1978	1.08	1.07955	1621
381	311524	332	147836	163688	100	60	2.19349	0.455506	39	38.5	101750	1	1978	1.08696	1.09288	1621
382	237439	287	89113.8	148325	100	60	0.1287	0.455506	39	38.5	165736	1	1978	1.0023	0.997627	1621
383	398272	259	162593	235680	100	60	0.0996833	0.455506	39	38.5	165736	1	1978	1.00182	0.997943	1621
384	631101	251	266149	364952	100	60	0.100062	0.455506	39	38.5	165736	1	1978	1.00213	0.998251	1621
385	698382	220	293859	404523	100	60	0.0997123	0.455506	39	38.5	165736	1	1978	1.00221	0.998926	1621
386	647911	191	278397	369514	100	60	0.103526	0.455506	39	38.5	165736	1	1978	1.00217	1.00042	1621
387	469393	2647	117161	352232	100	60	1.09233	0.455506	39	38.5	165736	1	1978	1.00289	1.00191	1621
388	543727	2395	183941	359786	100	60	1.23187	0.455506	39	38.5	165736	1	1978	1.00345	1.00291	1621
389	653872	2172	257454	396419	100	60	1.51215	0.455506	39	38.5	165736	1	1978	1.00542	1.00487	1621
390	567830	1994	154263	413567	100	60	1.73382	0.455506	35	38.5	165736	1	1978	1.08274	1.12236	1621
391	603304	1547	222858	379099	100	60	1.05066	0.455506	39	38.5	0	1	1978	1.03703	1.03483	1621
392	667154	1279	281516	384065	100	60	0.867668	0.455506	39	38.5	0	1	1978	1.02298	1.0166	1621
393	731092	1074	330501	398376	100	60	0.793321	0.455506	39	38.5	0	1	1978	1.01508	1.0063	1621
394	808557	942	376297	430300	100	60	0.835347	0.455506	39	38.5	0	1	1978	1.01439	1.00599	1621
395	872184	884	412914	457419	100	60	0.915622	0.455506	39	38.5	0	1	1978	1.01697	1.00771	1621
396	895025	1607	429013	466013	100	60	1.58799	0.455506	39	38.5	0	1	1978	1.02019	1.00819	1621
397	904325	1615	438619	465706	100	60	1.76087	0.455506	39	38.5	0	1	1978	1.0253	1.01371	1621
398	865604	1487	424750	440854	100	60	1.88661	0.455506	39	38.5	0	1	1978	1.02975	1.01694	1621
399	621563	1232	200632	420931	100	60	1.89436	0.455506	39	38.5	0	1	1978	1.03956	1.0311	1621
400	637925	1085	240152	397773	100	60	1.95351	0.455506	39	38.5	19147.2	1	1978	1.04928	1.04275	1621
401	671245	970	290022	381224	100	60	1.98063	0.455506	39	38.5	19147.2	1	1978	1.0462	1.03423	1621
402	682686	880	318557	364129	100	60	2.00307	0.455506	39	38.5	19147.2	1	1978	1.05581	1.04343	1621
403	648384	758	316603	331781	100	60	2.07745	0.455506	39	38.5	19147.2	1	1978	1.05954	1.03699	1621
404	468858	687	156190	312668	100	60	2.13777	0.455506	39	38.5	19147.2	1	1978	1.06986	1.04545	1621
405	492127	634	198720	293407	100	60	2.15454	0.455506	39	38.5	19147.2	1	1978	1.08081	1.05882	1621
406	494922	565	220960	265938	100	60	2.17108	0.455506	39	38.5	19147.2	1	1978	1.10579	1.07117	1621
407	479588	500	225652	241755	100	60	2.19768	0.455506	39	38.5	19147.2	1	1978	1.11686	1.08519	1621
408	476064	458	232145	230748	100	60	2.20806	0.455506	39	38.5	19147.2	1	1978	1.11158	1.07285	1621
409	466771	425	232386	221061	100	60	2.23301	0.455506	39	38.5	19147.2	1	1978	1.10755	1.06683	1621
410	329338	391	117301	209504	100	60	2.2295	0.455506	39	38.5	19147.2	1	1978	1.10149	1.06494	1621
411	317879	344	133007	184871	100	60	2.19687	0.455506	39	38.5	19147.2	1	1978	1.12784	1.09524	1621
412	267515	302	100582	166934	100	60	0.147317	0.455506	39	38.5	67935.2	1	1978	1.00363	1.00194	1621
413	420298	286	171877	248421	100	60	0.119282	0.455506	39	38.5	67935.2	1	1978	1.00317	1.00185	1621
414	632126	267	268331	363795	100	60	0.115241	0.455506	39	38.5	67935.2	1	1978	1.00314	1.0021	1621
415	688570	214	291678	396892	100	60	0.105741	0.455506	39	38.5	67935.2	1	1978	1.00293	1.00221	1621
416	648144	202	281399	366745	100	60	0.121168	0.455506	39	38.5	67935.2	1	1978	1.00365	1.0042	1621
417	654254	2231	295076	359177	100	60	0.889711	0.455506	39	38.5	67935.2	1	1978	1.00507	1.00706	1621
418	541286	2031	149674	391611	100	60	1.00177	0.455506	39	38.5	67935.2	1	1978	1.00657	1.00915	1621
419	621057	1863	223589	397467	100	60	1.20948	0.455506	39	38.5	67935.2	1	1978	1.00739	1.00708	1621
420	547188	1721	141886	405302	100	60	1.35678	0.455506	36	38.5	67935.2	1	1978	1.10033	1.15869	1621
421	486021	1409	106875	378489	100	60	0.907618	0.455506	39	38.5	0	1	1978	1.04421	1.04379	1621
422	563719	1239	184449	376746	100	60	0.763877	0.455506	39	38.5	0	1	1978	1.02508	1.02098	1621
423	656753	1058	265077	388507	100	60	0.712815	0.455506	39	38.5	0	1	1978	1.01734	1.01135	1621
424	741756	910	328146	409622	100	60	0.765221	0.455506	39	38.5	0	1	1978	1.01771	1.00938	1621
425	800792	792	371220	426250	100	60	0.827159	0.455506	39	38.5	0	1	1978	1.02106	1.00793	1621
426	824185	1400	395559	428626	100	60	1.35471	0.455506	39	38.5	0	1	1978	1.02494	1.01069	1621
427	816992	1431	400932	416059	100	60	1.51277	0.455506	39	38.5	0	1	1978	1.02559	1.0131	1621
428	799381	1315	400386	398995	100	60	1.5919	0.455506	39	38.5	0	1	1978	1.02932	1.01534	1621
429	783354	1129	399475	383879	100	60	1.58078	0.455506	39	38.5	0	1	1978	1.03963	1.03122	1621
430	691817	972	325611	366206	100	60	1.61408	0.455506	39	38.5	73902.4	1	1978	1.04865	1.04461	1621
431	651000	816	321505	329496	100	60	1.64244	0.455506	39	38.5	73902.4	1	1978	1.07363	1.07645	1621
432	637490	731	325424	312066	100	60	1.66671	0.455506	39	38.5	73902.4	1	1978	1.0871	1.08803	1621
433	611477	659	318606	292871	100	60	1.70715	0.455506	39	38.5	73902.4	1	1978	1.11392	1.1135	1621
434	548722	560	289893	258828	100	60	1.75232	0.455506	39	38.5	73902.4	1	1978	1.11544	1.11111	1621
435	504387	494	269880	234507	100	60	1.75753	0.455506	39	38.5	73902.4	1	1978	1.14126	1.12629	1621
436	449502	424	239279	203757	100	60	1.74391	0.455506	39	38.5	73902.4	1	1978	1.16481	1.15196	1621
437	418014	376	220404	186372	100	60	1.76499	0.455506	39	38.5	73902.4	1	1978	1.16582	1.15512	1621
438	393171	339	207762	174939	100	60	1.77667	0.455506	39	38.5	73902.4	1	1978	1.1657	1.16149	1621
439	249672	289	94333.4	153804	100	60	1.76465	0.455506	39	38.5	73902.4	1	1978	1.16376	1.16974	1621
440	254703	263	110721	142599	100	60	1.77386	0.455506	39	38.5	73902.4	1	1978	1.18992	1.20082	1621
441	258720	249	125250	133469	100	60	1.75536	0.455506	39	38.5	73902.4	1	1978	1.20833	1.23009	1621
442	208893	218	89109.7	119784	100	60	0.0979823	0.455506	39	38.5	115765	1	1978	1.00426	1.00337	1621
443	369071	199	156173	212898	100	60	0.0770566	0.455506	39	38.5	115765	1	1978	1.00379	1.00293	1621
444	588034	170	251233	336802	100	60	0.0696984	0.455506	39	38.5	115765	1	1978	1.00343	1.00256	1621
445	679827	159	289183	390644	100	60	0.0737203	0.455506	39	38.5	115765	1	1978	1.00362	1.00294	1621
446	625807	130	271092	354715	100	60	0.0732239	0.455506	38	38.5	115765	1	1978	1.00405	1.00415	1621
447	616689	2203	277239	339450	100	60	0.746538	0.455506	38	38.5	115765	1	1978	1.00466	1.00483	1621
448	708513	1981	326584	381928	100	60	0.819948	0.455506	38	38.5	115765	1	1978	1.00601	1.00736	1621
449	779125	1770	366073	413052	100	60	0.977239	0.455506	38	38.5	115765	1	1978	1.00934	1.00923	1621
450	590146	1639	186980	403165	100	60	1.11136	0.455506	32	38.5	115765	1	1978	1.1131	1.19412	1621
451	627384	1306	255380	368291	100	60	0.800225	0.455506	39	38.5	0	1	1978	1.05536	1.05813	1621
452	687383	1117	311488	371005	100	60	0.701279	0.455506	39	38.5	0	1	1978	1.03041	1.02583	1621
453	548830	934	171526	376110	100	60	0.636827	0.455506	39	38.5	0	1	1978	1.02058	1.01197	1621
454	669905	850	263999	402688	100	60	0.674446	0.455506	39	38.5	0	1	1978	1.01969	1.00943	1621
455	751812	761	331493	417604	100	60	0.708929	0.455506	39	38.5	0	1	1978	1.02146	1.00917	1621
456	798513	1406	374108	424405	100	60	1.11411	0.455506	39	38.5	0	1	1978	1.02413	1.00814	1621
457	799813	1398	388076	411737	100	60	1.2205	0.455506	39	38.5	0	1	1978	1.02905	1.01361	1621
458	790267	1296	393711	396555	100	60	1.32773	0.455506	39	38.5	0	1	1978	1.03248	1.01549	1621
459	772592	1088	392392	380200	100	60	1.3429	0.455506	39	38.5	0	1	1978	1.03678	1.02493	1621
460	680021	920	327011	353010	100	60	1.38455	0.455506	39	38.5	55173	1	1978	1.05251	1.04258	1621
461	659253	794	329885	329368	100	60	1.44449	0.455506	39	38.5	55173	1	1978	1.06916	1.06068	1621
462	644069	716	331521	312548	100	60	1.45989	0.455506	39	38.5	55173	1	1978	1.08216	1.07736	1621
463	622703	653	326237	296466	100	60	1.47723	0.455506	39	38.5	55173	1	1978	1.10453	1.09846	1621
464	608956	611	322002	286954	100	60	1.50354	0.455506	39	38.5	55173	1	1978	1.13803	1.12871	1621
465	552024	537	294628	257396	100	60	1.52817	0.455506	39	38.5	55173	1	1978	1.1532	1.13722	1621
466	516043	498	273686	236400	100	60	1.50623	0.455506	39	38.5	55173	1	1978	1.16604	1.15638	1621
467	479944	450	252873	216958	100	60	1.50263	0.455506	39	38.5	55173	1	1978	1.19313	1.17865	1621
468	443572	403	234123	200395	100	60	1.50439	0.455506	39	38.5	55173	1	1978	1.20538	1.1916	1621
469	401129	356	212605	180459	100	60	1.48397	0.455506	39	38.5	55173	1	1978	1.22472	1.20359	1621
470	385448	337	204820	173116	100	60	1.48766	0.455506	39	38.5	55173	1	1978	1.23881	1.21019	1621
471	345235	300	187003	158233	100	60	1.48131	0.455506	39	38.5	55173	1	1978	1.27304	1.25455	1621
472	282830	284	129264	153567	100	60	0.0883528	0.455506	39	38.5	110854	1	1978	1.00488	0.995173	1621
473	387561	260	107777	279784	100	60	0.0759947	0.455506	39	38.5	110854	1	1978	1.0042	0.994714	1621
474	554910	229	192438	362472	100	60	0.0642663	0.455506	39	38.5	110854	1	1978	1.00374	0.997208	1621
475	571699	205	217066	354633	100	60	0.0702524	0.455506	39	38.5	110854	1	1978	1.00415	0.99962	1621
476	414691	158	94908.6	319782	100	60	0.067397	0.455506	39	38.5	110854	1	1978	1.00404	0.999741	1621
477	462861	2382	153284	309577	100	60	0.822825	0.455506	39	38.5	110854	1	1978	1.00594	1.00083	1621
478	573593	2193	228348	345245	100	60	1.02914	0.455506	39	38.5	110854	1	1978	1.0069	1.00263	1621
479	670047	2186	289675	380372	100	60	1.25118	0.455506	38	38.5	110854	1	1978	1.0079	1.00388	1621
480	547821	1946	161529	386292	100	60	1.37205	0.455506	33	38.5	110854	1	1978	1.0557	1.08664	1621
481	598436	1531	234631	360833	100	60	0.729734	0.455506	39	38.5	0	1	1978	1.01881	1.01111	1621
482	681799	1262	299170	379203	100	60	0.593508	0.455506	39	38.5	0	1	1978	1.01133	1.003	1621
483	769611	1043	355568	409160	100	60	0.529209	0.455506	39	38.5	0	1	1978	1.0082	0.999568	1621
484	855593	939	403724	447335	100	60	0.590039	0.455506	39	38.5	0	1	1978	1.00883	0.998244	1621
485	840495	802	402760	433824	100	60	0.618726	0.455506	39	38.5	0	1	1978	1.01023	1.00057	1621
486	823442	1591	403318	420123	100	60	1.16576	0.455506	39	38.5	0	1	1978	1.01207	1.00165	1621
487	801195	1480	398035	403159	100	60	1.2512	0.455506	39	38.5	0	1	1978	1.01303	1.00827	1621
488	573927	1404	186367	387560	100	60	1.42707	0.455506	39	38.5	0	1	1978	1.01586	1.01431	1621
489	629942	1227	252307	377635	100	60	1.47093	0.455506	39	38.5	0	1	1978	1.02017	1.02044	1621
490	511842	1067	146280	365563	100	60	1.55414	0.455506	39	38.5	364.198	1	1978	1.02541	1.02639	1621
491	530810	906	200526	330284	100	60	1.6382	0.455506	39	38.5	364.198	1	1978	1.0403	1.04107	1621
492	569214	819	253562	315652	100	60	1.69117	0.455506	39	38.5	364.198	1	1978	1.05808	1.0602	1621
493	590183	745	287376	302807	100	60	1.695	0.455506	39	38.5	364.198	1	1978	1.08072	1.08152	1621
494	564995	642	288577	276418	100	60	1.70024	0.455506	39	38.5	364.198	1	1978	1.09139	1.09479	1621
495	544746	573	285910	258837	100	60	1.71884	0.455506	39	38.5	364.198	1	1978	1.10567	1.10973	1621
496	511463	508	268980	235317	100	60	1.7258	0.455506	39	38.5	364.198	1	1978	1.11573	1.11562	1621
497	471698	448	247678	211624	100	60	1.70759	0.455506	39	38.5	364.198	1	1978	1.13389	1.13225	1621
498	437997	399	230715	196009	100	60	1.71037	0.455506	39	38.5	364.198	1	1978	1.14387	1.14398	1621
499	414417	369	219487	184526	100	60	1.68231	0.455506	39	38.5	364.198	1	1978	1.15897	1.16954	1621
500	378338	328	201528	167769	100	60	1.70659	0.455506	39	38.5	364.198	1	1978	1.16467	1.16505	1621
501	337201	291	184383	152817	100	60	1.67071	0.455506	39	38.5	364.198	1	1978	1.189	1.1875	1621
502	270268	282	120403	149865	100	60	0.084164	0.455506	39	38.5	65058.3	1	1978	1.00281	0.999753	1621
503	515950	273	219634	296316	100	60	0.0783665	0.455506	39	38.5	65058.3	1	1978	1.00276	0.999626	1621
504	646172	253	273589	372583	100	60	0.0771118	0.455506	39	38.5	65058.3	1	1978	1.00303	1.001	1621
505	469162	233	115212	353949	100	60	0.0857023	0.455506	39	38.5	65058.3	1	1978	1.0039	1.00337	1621
506	456359	203	144983	311376	100	60	0.0904797	0.455506	39	38.5	65058.3	1	1978	1.00421	1.0034	1621
507	555112	2499	214506	340606	100	60	0.954566	0.455506	39	38.5	65058.3	1	1978	1.00691	1.0056	1621
508	656401	2202	277710	378691	100	60	1.15541	0.455506	39	38.5	65058.3	1	1978	1.0103	1.0101	1621
509	546447	1951	147882	398565	100	60	1.30936	0.455506	39	38.5	65058.3	1	1978	1.01304	1.01189	1621
510	461253	1759	99571.2	361682	100	60	1.44247	0.455506	36	38.5	65058.3	1	1978	1.06892	1.11276	1621
511	416865	1415	82965.6	333390	100	60	0.596045	0.455506	39	38.5	0	1	1978	1.01673	1.01317	1621
512	433825	1215	81268.5	352258	100	60	0.466824	0.455506	39	38.5	0	1	1978	1.01025	1.00605	1621
513	566233	1009	179186	385443	100	60	0.402384	0.455506	39	38.5	0	1	1978	1.00731	1.00056	1621
514	681214	855	261157	418372	100	60	0.427998	0.455506	39	38.5	0	1	1978	1.00641	0.998563	1621
515	742976	767	312827	428693	100	60	0.479785	0.455506	39	38.5	0	1	1978	1.00727	1	1621
516	761015	1930	341208	419807	100	60	1.13655	0.455506	39	38.5	0	1	1978	1.0095	1.00407	1621
517	577677	1749	166711	410967	100	60	1.30132	0.455506	39	38.5	0	1	1978	1.01144	1.0074	1621
518	621739	1608	230961	390778	100	60	1.50867	0.455506	39	38.5	0	1	1978	1.01341	1.01061	1621
519	671483	1345	289328	382155	100	60	1.60855	0.455506	39	38.5	0	1	1978	1.01663	1.01567	1621
520	662818	1138	293475	369343	100	60	1.71871	0.455506	39	38.5	36591.2	1	1978	1.02439	1.02469	1621
521	678060	998	323594	354465	100	60	1.81459	0.455506	39	38.5	36591.2	1	1978	1.03331	1.03116	1621
522	656098	850	329119	326979	100	60	1.87626	0.455506	39	38.5	36591.2	1	1978	1.04282	1.03901	1621
523	640774	754	331334	309441	100	60	1.89039	0.455506	39	38.5	36591.2	1	1978	1.05077	1.04412	1621
524	596098	655	314368	281730	100	60	1.89506	0.455506	39	38.5	36591.2	1	1978	1.07532	1.06944	1621
525	566121	596	302200	263922	100	60	1.89218	0.455506	39	38.5	36591.2	1	1978	1.09091	1.08007	1621
526	514004	516	271869	234801	100	60	1.94016	0.455506	39	38.5	36591.2	1	1978	1.10087	1.08696	1621
527	481674	462	252820	216139	100	60	1.90654	0.455506	39	38.5	36591.2	1	1978	1.11984	1.09934	1621
528	450019	409	236382	201369	100	60	1.9367	0.455506	39	38.5	36591.2	1	1978	1.11338	1.09524	1621
529	435631	391	229801	193763	100	60	1.97426	0.455506	39	38.5	36591.2	1	1978	1.11002	1.08707	1621
530	379487	332	201252	168200	100	60	1.98641	0.455506	39	38.5	36591.2	1	1978	1.13411	1.10345	1621
531	334994	292	182530	152463	100	60	1.97734	0.455506	39	38.5	36591.2	1	1978	1.15541	1.11786	1621
532	249456	269	107341	142115	100	60	0.0885367	0.455506	39	38.5	108360	1	1978	1.00259	0.998653	1621
533	479684	244	202352	277332	100	60	0.0746213	0.455506	39	38.5	108360	1	1978	1.00248	0.998596	1621
534	629322	217	264092	365231	100	60	0.0705991	0.455506	39	38.5	108360	1	1978	1.00226	0.998809	1621
535	612001	200	262728	349273	100	60	0.0777537	0.455506	39	38.5	108360	1	1978	1.00252	1.00067	1621
536	586640	186	261137	325502	100	60	0.0842192	0.455506	39	38.5	108360	1	1978	1.00298	1.00223	1621
537	649748	2588	298507	351242	100	60	1.03483	0.455506	39	38.5	108360	1	1978	1.00472	1.00379	1621
538	729670	2339	340309	389361	100	60	1.20936	0.455506	39	38.5	108360	1	1978	1.00635	1.0068	1621
539	768985	2033	364092	404893	100	60	1.48336	0.455506	38	38.5	108360	1	1978	1.00911	1.01058	1621
540	584883	1777	185264	399618	100	60	1.58019	0.455506	37	38.5	108360	1	1978	1.08791	1.14737	1621
541	628399	1428	255183	371644	100	60	0.768351	0.455506	39	38.5	0	1	1978	1.02858	1.02643	1621
542	554182	1242	155535	398154	100	60	0.646314	0.455506	39	38.5	0	1	1978	1.01515	1.01046	1621
543	655462	1035	243068	410947	100	60	0.531903	0.455506	39	38.5	0	1	1978	1.0078	1.00223	1621
544	761540	902	318238	441638	100	60	0.560898	0.455506	39	38.5	0	1	1978	1.0073	1.00048	1621
545	792603	780	352778	438454	100	60	0.606087	0.455506	39	38.5	0	1	1978	1.00763	1.00164	1621
546	799076	1750	370923	428153	100	60	1.30844	0.455506	39	38.5	0	1	1978	1.00895	1.00283	1621
547	802495	1662	383792	418704	100	60	1.48037	0.455506	39	38.5	0	1	1978	1.01149	1.0079	1621
548	803693	1576	393097	410596	100	60	1.69313	0.455506	39	38.5	0	1	1978	1.01439	1.01144	1621
549	808658	1314	402838	405820	100	60	1.77847	0.455506	39	38.5	0	1	1978	1.01871	1.01371	1621
550	696388	1129	303723	392665	100	60	1.84141	0.455506	39	38.5	109194	1	1978	1.02052	1.01504	1621
551	688506	972	322914	365592	100	60	1.92547	0.455506	39	38.5	109194	1	1978	1.02261	1.01542	1621
552	692433	874	340342	352090	100	60	1.99891	0.455506	39	38.5	109194	1	1978	1.0303	1.024	1621
553	673265	789	342261	331004	100	60	2.04673	0.455506	39	38.5	109194	1	1978	1.03823	1.03185	1621
554	642264	701	333684	308581	100	60	2.0662	0.455506	39	38.5	109194	1	1978	1.05122	1.04143	1621
555	599900	622	316299	283602	100	60	2.10869	0.455506	39	38.5	109194	1	1978	1.06036	1.04662	1621
556	571560	563	299563	262949	100	60	2.16109	0.455506	39	38.5	109194	1	1978	1.07556	1.05872	1621
557	540931	511	280624	244169	100	60	2.15119	0.455506	39	38.5	109194	1	1978	1.09253	1.07059	1621
558	373011	462	138628	231232	100	60	2.17869	0.455506	39	38.5	109194	1	1978	1.086	1.06522	1621
559	377442	414	159699	210597	100	60	2.18862	0.455506	39	38.5	109194	1	1978	1.08844	1.06341	1621
560	355588	354	167307	182099	100	60	2.17651	0.455506	39	38.5	109194	1	1978	1.10243	1.06571	1621
561	321975	298	162481	159494	100	60	2.19937	0.455506	39	38.5	109194	1	1978	1.11726	1.07167	1621
562	243631	275	92239.7	151392	100	60	0.107975	0.455506	39	38.5	188346	1	1978	1.0025	0.999817	1621
563	430724	244	173671	257053	100	60	0.0857236	0.455506	39	38.5	188346	1	1978	1.00204	0.999318	1621
564	623358	225	259183	364176	100	60	0.0832127	0.455506	39	38.5	188346	1	1978	1.00248	0.99994	1621
565	510112	216	125891	384221	100	60	0.0920131	0.455506	38	38.5	188346	1	1978	1.00291	1.00041	1621
566	474814	195	145514	329300	100	60	0.100752	0.455506	38	38.5	188346	1	1978	1.00295	1.00145	1621
567	543919	2403	202645	341273	100	60	0.992371	0.455506	38	38.5	188346	1	1978	1.00425	1.0029	1621
568	509390	2263	125161	384230	100	60	1.2219	0.455506	38	38.5	188346	1	1978	1.00485	1.00479	1621
569	552324	1986	184279	368044	100	60	1.43863	0.455506	38	38.5	188346	1	1978	1.00626	1.00669	1621
570	507638	1915	125649	381988	100	60	1.66598	0.455506	37	38.5	188346	1	1978	1.06058	1.09716	1621
571	590770	1592	210332	378295	100	60	0.907349	0.455506	39	38.5	0	1	1978	1.02325	1.02317	1621
572	675224	1345	279433	393461	100	60	0.779926	0.455506	39	38.5	0	1	1978	1.01443	1.01081	1621
573	742324	1101	332416	406631	100	60	0.703341	0.455506	39	38.5	0	1	1978	1.00809	1.00429	1621
574	808963	931	374474	431556	100	60	0.72305	0.455506	39	38.5	0	1	1978	1.00779	1.0035	1621
575	646059	834	194987	450851	100	60	0.768876	0.455506	39	38.5	0	1	1978	1.0106	1.00587	1621
576	669155	1611	248972	420182	100	60	1.42145	0.455506	39	38.5	0	1	1978	1.01312	1.00985	1621
577	746121	1664	316888	429233	100	60	1.58604	0.455506	39	38.5	0	1	1978	1.01451	1.01161	1621
578	772449	1515	354025	418423	100	60	1.74471	0.455506	39	38.5	0	1	1978	1.01786	1.0179	1621
579	768348	1244	370046	398303	100	60	1.78379	0.455506	39	38.5	0	1	1978	1.01934	1.02015	1621
580	678540	1062	300397	378143	100	60	1.85692	0.455506	39	38.5	81824.2	1	1978	1.02546	1.0283	1621
581	500925	915	151162	349764	100	60	1.92871	0.455506	39	38.5	81824.2	1	1978	1.0282	1.02735	1621
582	522261	804	202460	319802	100	60	1.96218	0.455506	39	38.5	81824.2	1	1978	1.03435	1.03607	1621
583	532237	708	238808	293430	100	60	2.0108	0.455506	39	38.5	81824.2	1	1978	1.04805	1.05248	1621
584	546809	653	265342	281467	100	60	2.037	0.455506	39	38.5	81824.2	1	1978	1.06547	1.06452	1621
585	526094	580	266428	259666	100	60	2.08443	0.455506	39	38.5	81824.2	1	1978	1.06886	1.0639	1621
586	500509	515	255558	236907	100	60	2.0849	0.455506	39	38.5	81824.2	1	1978	1.07204	1.06823	1621
587	476263	463	243231	219271	100	60	2.08666	0.455506	39	38.5	81824.2	1	1978	1.09037	1.08753	1621
588	440036	401	226376	201010	100	60	2.10349	0.455506	39	38.5	81824.2	1	1978	1.09655	1.08861	1621
589	423758	374	219639	191913	100	60	2.12943	0.455506	39	38.5	81824.2	1	1978	1.08564	1.08719	1621
590	283977	333	105278	176603	100	60	2.16377	0.455506	39	38.5	81824.2	1	1978	1.08671	1.08282	1621
591	303739	321	131392	172347	100	60	2.15591	0.455506	39	38.5	81824.2	1	1978	1.1	1.09295	1621
592	272271	309	106319	165952	100	60	0.2211	0.455506	39	38.5	130125	1	1978	1.00522	1.00418	1621
593	356925	279	150910	206015	100	60	0.163193	0.455506	39	38.5	130125	1	1978	1.00329	1.0021	1621
594	531022	251	238102	292920	100	60	0.149537	0.455506	39	38.5	130125	1	1978	1.00372	1.00254	1621
595	686493	227	304543	381950	100	60	0.148858	0.455506	38	38.5	130125	1	1978	1.00375	1.00299	1621
596	716708	197	318783	397925	100	60	0.156146	0.455506	37	38.5	130125	1	1978	1.00484	1.00507	1621
597	702476	2185	318898	383578	100	60	0.979322	0.455506	37	38.5	130125	1	1978	1.00525	1.00689	1621
598	706510	1775	329199	377311	100	60	0.997009	0.455506	37	38.5	130125	1	1978	1.00422	1.00731	1621
599	777566	1605	371498	406068	100	60	1.13238	0.455506	37	38.5	130125	1	1978	1.00512	1.00861	1621
600	614716	1527	198431	416285	100	60	1.15019	0.455506	35	38.5	130125	1	1978	1.17052	1.31929	1621
601	638779	1223	264520	372528	100	60	0.982465	0.455506	39	38.5	0	1	1978	1.10695	1.13316	1621
602	679448	1038	312956	363808	100	60	0.9424	0.455506	39	38.5	0	1	1978	1.05896	1.05961	1621
603	723586	921	352749	367808	100	60	0.915127	0.455506	39	38.5	0	1	1978	1.03437	1.02694	1621
604	759961	803	380516	376587	100	60	0.93014	0.455506	39	38.5	0	1	1978	1.03152	1.01703	1621
605	777965	731	394063	381416	100	60	0.983701	0.455506	39	38.5	0	1	1978	1.03901	1.01907	1621
606	788576	1070	401882	386694	100	60	1.40111	0.455506	39	38.5	0	1	1978	1.04638	1.02413	1621
607	784281	1097	402458	381823	100	60	1.57927	0.455506	39	38.5	0	1	1978	1.05125	1.02808	1621
608	768593	1039	398439	370155	100	60	1.65594	0.455506	39	38.5	0	1	1978	1.0498	1.02534	1621
609	745714	889	390625	355089	100	60	1.67936	0.455506	39	38.5	0	1	1978	1.0555	1.03307	1621
610	637293	802	294956	342337	100	60	1.67182	0.455506	39	38.5	97848.6	1	1978	1.07566	1.05436	1621
611	616806	704	305280	311525	100	60	1.66109	0.455506	39	38.5	97848.6	1	1978	1.08353	1.06322	1621
612	604598	637	311527	293070	100	60	1.66956	0.455506	39	38.5	97848.6	1	1978	1.08707	1.07166	1621
613	569250	565	299403	269847	100	60	1.71547	0.455506	39	38.5	97848.6	1	1978	1.08923	1.07527	1621
614	543456	514	290110	253347	100	60	1.73722	0.455506	39	38.5	97848.6	1	1978	1.09929	1.08515	1621
615	516211	472	277629	238581	100	60	1.73975	0.455506	39	38.5	97848.6	1	1978	1.10959	1.09719	1621
616	489404	432	260035	221412	100	60	1.73193	0.455506	39	38.5	97848.6	1	1978	1.15033	1.15072	1621
617	460757	395	242227	204797	100	60	1.73401	0.455506	39	38.5	97848.6	1	1978	1.17476	1.17414	1621
618	438128	365	230342	194721	100	60	1.76654	0.455506	39	38.5	97848.6	1	1978	1.1712	1.17544	1621
619	307772	346	116423	188854	100	60	1.78088	0.455506	39	38.5	97848.6	1	1978	1.18314	1.18692	1621
620	313491	318	137101	174148	100	60	1.75604	0.455506	39	38.5	97848.6	1	1978	1.17925	1.18182	1621
621	293389	281	140959	152430	100	60	1.78902	0.455506	39	38.5	97848.6	1	1978	1.18841	1.17899	1621
622	208584	256	67007.1	141577	100	60	0.114696	0.455506	39	38.5	104391	1	1978	1.00404	1.00267	1621
623	371274	236	144718	226555	100	60	0.0880954	0.455506	39	38.5	104391	1	1978	1.00297	1.00182	1621
624	591566	206	245641	345925	100	60	0.0819042	0.455506	39	38.5	104391	1	1978	1.00278	1.00196	1621
625	665533	194	279689	385844	100	60	0.087051	0.455506	39	38.5	104391	1	1978	1.00314	1.00274	1621
626	482068	185	118327	363741	100	60	0.0988677	0.455506	39	38.5	104391	1	1978	1.00377	1.00462	1621
627	489961	2222	161155	328806	100	60	0.764587	0.455506	39	38.5	104391	1	1978	1.00536	1.00714	1621
628	593096	2085	237394	355702	100	60	0.880454	0.455506	39	38.5	104391	1	1978	1.00637	1.00868	1621
629	702263	1855	305282	396981	100	60	1.0201	0.455506	39	38.5	104391	1	1978	1.009	1.01301	1621
630	555139	1654	165956	389184	100	60	1.14751	0.455506	34	38.5	104391	1	1978	1.10534	1.16809	1621
631	599186	1307	238150	357768	100	60	0.784111	0.455506	39	38.5	0	1	1978	1.04844	1.05421	1621
632	673230	1109	302344	366800	100	60	0.670887	0.455506	39	38.5	0	1	1978	1.0253	1.02225	1621
633	732892	953	348464	378787	100	60	0.624382	0.455506	39	38.5	0	1	1978	1.01578	1.01077	1621
634	787948	821	383825	399049	100	60	0.646813	0.455506	39	38.5	0	1	1978	1.01597	1.00741	1621
635	823320	744	404997	413915	100	60	0.696493	0.455506	39	38.5	0	1	1978	1.01796	1.00844	1621
636	821525	1350	407801	413724	100	60	1.14757	0.455506	39	38.5	0	1	1978	1.02304	1.01104	1621
637	825722	1368	415057	410665	100	60	1.2586	0.455506	39	38.5	0	1	1978	1.02701	1.01746	1621
638	811271	1299	412392	398878	100	60	1.33357	0.455506	39	38.5	0	1	1978	1.0339	1.02722	1621
639	768725	1068	395835	372890	100	60	1.32878	0.455506	39	38.5	0	1	1978	1.04243	1.04447	1621
640	689992	924	337006	352986	100	60	1.34016	0.455506	39	38.5	55231.6	1	1978	1.05869	1.06332	1621
641	672226	812	341181	331045	100	60	1.36931	0.455506	39	38.5	55231.6	1	1978	1.0711	1.07329	1621
642	624083	692	324510	299573	100	60	1.38012	0.455506	39	38.5	55231.6	1	1978	1.09071	1.09144	1621
643	588289	619	310983	277306	100	60	1.40376	0.455506	39	38.5	55231.6	1	1978	1.11851	1.10966	1621
644	574719	583	306636	268083	100	60	1.41408	0.455506	39	38.5	55231.6	1	1978	1.14027	1.12632	1621
645	538823	534	289686	249137	100	60	1.43101	0.455506	39	38.5	55231.6	1	1978	1.16667	1.13846	1621
646	491757	474	262640	223324	100	60	1.42498	0.455506	39	38.5	55231.6	1	1978	1.18379	1.15618	1621
647	473148	445	250529	211653	100	60	1.45093	0.455506	39	38.5	55231.6	1	1978	1.19222	1.15814	1621
648	436282	399	231700	194796	100	60	1.45998	0.455506	39	38.5	55231.6	1	1978	1.19853	1.16579	1621
649	416658	372	222730	184990	100	60	1.42881	0.455506	39	38.5	55231.6	1	1978	1.20157	1.15775	1621
650	395749	349	211808	175662	100	60	1.42683	0.455506	39	38.5	55231.6	1	1978	1.23249	1.19637	1621
651	242046	296	92095.8	149951	100	60	1.36786	0.455506	39	38.5	55231.6	1	1978	1.25503	1.21147	1621
652	239327	270	101329	137997	100	60	0.0727861	0.455506	39	38.5	66461	1	1978	1.00349	0.997517	1621
653	482731	240	200405	282326	100	60	0.0644715	0.455506	39	38.5	66461	1	1978	1.00336	0.997263	1621
654	603239	204	249779	353460	100	60	0.0593905	0.455506	39	38.5	66461	1	1978	1.00361	0.999079	1621
655	566668	171	240122	326547	100	60	0.0605757	0.455506	39	38.5	66461	1	1978	1.00335	0.999493	1621
656	547285	162	243405	303880	100	60	0.0679842	0.455506	39	38.5	66461	1	1978	1.00377	1.00089	1621
657	636401	2649	290205	346196	100	60	0.888057	0.455506	39	38.5	66461	1	1978	1.00638	1.00356	1621
658	726319	2237	334962	391357	100	60	0.968693	0.455506	39	38.5	66461	1	1978	1.00812	1.00565	1621
659	757481	1921	354226	403255	100	60	1.12126	0.455506	39	38.5	66461	1	1978	1.01034	1.00766	1621
660	571432	1742	178708	392724	100	60	1.24831	0.455506	35	38.5	66461	1	1978	1.06745	1.11663	1621
661	636614	1434	256654	377000	100	60	0.617672	0.455506	39	38.5	0	1	1978	1.02081	1.01792	1621
662	723474	1192	319633	400063	100	60	0.507507	0.455506	39	38.5	0	1	1978	1.012	1.00562	1621
663	797567	971	367979	424920	100	60	0.44825	0.455506	39	38.5	0	1	1978	1.00853	1.00101	1621
664	825973	810	387776	434248	100	60	0.468413	0.455506	39	38.5	0	1	1978	1.00993	1.00123	1621
665	810947	725	388974	418653	100	60	0.523451	0.455506	39	38.5	0	1	1978	1.01064	1.00083	1621
666	585846	1609	180051	405795	100	60	1.06384	0.455506	39	38.5	0	1	1978	1.01371	1.00331	1621
667	630348	1520	243169	387179	100	60	1.18021	0.455506	39	38.5	0	1	1978	1.01524	1.00385	1621
668	685261	1486	301531	383730	100	60	1.38813	0.455506	39	38.5	0	1	1978	1.01569	1.00337	1621
669	719547	1257	340623	378925	100	60	1.45616	0.455506	39	38.5	0	1	1978	1.0191	1.01276	1621
670	681064	1065	318021	363043	100	60	1.51878	0.455506	39	38.5	40144.6	1	1978	1.03274	1.0301	1621
671	500897	909	159864	341033	100	60	1.53321	0.455506	39	38.5	40144.6	1	1978	1.03909	1.03974	1621
672	540357	822	219141	321215	100	60	1.56392	0.455506	39	38.5	40144.6	1	1978	1.0552	1.05372	1621
673	560188	729	259108	301080	100	60	1.57164	0.455506	39	38.5	40144.6	1	1978	1.06933	1.06456	1621
674	565029	664	280784	284245	100	60	1.5828	0.455506	39	38.5	40144.6	1	1978	1.07976	1.07716	1621
675	561814	611	289994	271821	100	60	1.61671	0.455506	39	38.5	40144.6	1	1978	1.10591	1.09967	1621
676	551727	569	286210	257815	100	60	1.69199	0.455506	39	38.5	40144.6	1	1978	1.12033	1.10592	1621
677	524678	520	271584	239303	100	60	1.7176	0.455506	39	38.5	40144.6	1	1978	1.12177	1.10693	1621
678	495344	471	257704	224805	100	60	1.73402	0.455506	39	38.5	40144.6	1	1978	1.11499	1.10066	1621
679	461124	429	241189	208054	100	60	1.73258	0.455506	39	38.5	40144.6	1	1978	1.11136	1.09685	1621
680	418714	380	220709	187748	100	60	1.72489	0.455506	39	38.5	40144.6	1	1978	1.11688	1.10221	1621
681	401152	367	217418	183734	100	60	1.71008	0.455506	39	38.5	40144.6	1	1978	1.13279	1.12104	1621
682	285979	307	128404	157575	100	60	0.0950395	0.455506	39	38.5	109762	1	1978	1.00265	0.993494	1621
683	508456	274	218929	289527	100	60	0.0793046	0.455506	39	38.5	109762	1	1978	1.00253	0.993212	1621
684	499375	257	128806	370569	100	60	0.0781129	0.455506	39	38.5	109762	1	1978	1.0026	0.996585	1621
685	501428	239	154427	347000	100	60	0.0758725	0.455506	39	38.5	109762	1	1978	1.00255	0.997532	1621
686	499953	196	179666	320287	100	60	0.0779982	0.455506	39	38.5	109762	1	1978	1.00289	0.996698	1621
687	562149	2318	230399	331749	100	60	0.79724	0.455506	38	38.5	109762	1	1978	1.00413	0.997211	1621
688	647332	2164	282746	364586	100	60	0.99937	0.455506	38	38.5	109762	1	1978	1.00581	1.00082	1621
689	695977	1847	316091	379885	100	60	1.17234	0.455506	38	38.5	109762	1	1978	1.00836	1.00333	1621
690	545455	1772	167340	378115	100	60	1.39991	0.455506	35	38.5	109762	1	1978	1.07277	1.11928	1621
691	596809	1403	238241	356194	100	60	0.65255	0.455506	39	38.5	0	1	1978	1.02094	1.01612	1621
692	690211	1165	302547	384551	100	60	0.527582	0.455506	39	38.5	0	1	1978	1.0123	1.00656	1621
693	783576	986	359300	420357	100	60	0.493114	0.455506	39	38.5	0	1	1978	1.00828	1.00065	1621
694	858163	875	399639	454853	100	60	0.532048	0.455506	39	38.5	0	1	1978	1.00846	0.999826	1621
695	863400	808	409376	450631	100	60	0.616978	0.455506	39	38.5	0	1	1978	1.01111	1.00353	1621
696	840897	1628	406172	434726	100	60	1.17336	0.455506	39	38.5	0	1	1978	1.0136	1.00644	1621
697	620107	1590	192933	427174	100	60	1.32551	0.455506	39	38.5	0	1	1978	1.0172	1.01362	1621
698	659991	1480	252913	407078	100	60	1.51647	0.455506	39	38.5	0	1	1978	1.02236	1.0177	1621
699	699874	1244	305035	394839	100	60	1.57336	0.455506	39	38.5	0	1	1978	1.02763	1.02184	1621
700	698479	1090	309930	388549	100	60	1.64967	0.455506	39	38.5	36659.5	1	1978	1.03914	1.03697	1621
701	705061	943	335110	369951	100	60	1.7424	0.455506	39	38.5	36659.5	1	1978	1.04874	1.04269	1621
702	504234	814	163692	340542	100	60	1.79956	0.455506	39	38.5	36659.5	1	1978	1.05794	1.05074	1621
703	516538	716	206380	310158	100	60	1.85006	0.455506	39	38.5	36659.5	1	1978	1.06888	1.06206	1621
704	494798	599	227950	266849	100	60	1.81412	0.455506	39	38.5	36659.5	1	1978	1.08883	1.07731	1621
705	476858	521	237208	239650	100	60	1.81472	0.455506	39	38.5	36659.5	1	1978	1.10978	1.09728	1621
706	337765	462	118319	218468	100	60	1.83475	0.455506	39	38.5	36659.5	1	1978	1.12079	1.10066	1621
707	279893	423	77086.8	201850	100	60	1.81162	0.455506	39	38.5	36659.5	1	1978	1.13407	1.1199	1621
708	315520	406	116471	194159	100	60	1.84666	0.455506	39	38.5	36659.5	1	1978	1.14184	1.13198	1621
709	263057	379	76541	185341	100	60	1.86552	0.455506	39	38.5	36659.5	1	1978	1.14508	1.12842	1621
710	277371	341	106530	169727	100	60	1.84349	0.455506	39	38.5	36659.5	1	1978	1.16427	1.14286	1621
711	272966	297	124045	148922	100	60	1.82877	0.455506	39	38.5	36659.5	1	1978	1.17726	1.15493	1621
712	222996	248	94069	128927	100	60	0.114949	0.455506	39	38.5	74484.9	1	1978	1.0042	1.00272	1621
713	378206	224	161926	216280	100	60	0.0885655	0.455506	39	38.5	74484.9	1	1978	1.0032	1.00232	1621
714	589567	194	254302	335265	100	60	0.0819254	0.455506	39	38.5	74484.9	1	1978	1.00275	1.00195	1621
715	681124	178	292284	388840	100	60	0.0842073	0.455506	38	38.5	74484.9	1	1978	1.00303	1.00229	1621
716	643089	161	281889	361200	100	60	0.0913207	0.455506	38	38.5	74484.9	1	1978	1.00364	1.0035	1621
717	628607	2151	286474	342133	100	60	0.76784	0.455506	37	38.5	74484.9	1	1978	1.00476	1.00561	1621
718	698191	1886	326208	371983	100	60	0.865471	0.455506	37	38.5	74484.9	1	1978	1.00599	1.00779	1621
719	762102	1703	361942	400160	100	60	1.01829	0.455506	36	38.5	74484.9	1	1978	1.00715	1.00808	1621
720	602578	1577	193773	408805	100	60	1.12032	0.455506	33	38.5	74484.9	1	1978	1.14132	1.23791	1621
721	648513	1300	267195	377295	100	60	0.815733	0.455506	39	38.5	0	1	1978	1.06668	1.06898	1621
722	693604	1071	317967	370559	100	60	0.693208	0.455506	39	38.5	0	1	1978	1.03548	1.03193	1621
723	754137	931	364049	383354	100	60	0.651827	0.455506	39	38.5	0	1	1978	1.02381	1.01704	1621
724	796155	791	390892	399145	100	60	0.662809	0.455506	39	38.5	0	1	1978	1.02288	1.01487	1621
725	826251	731	408380	412646	100	60	0.715025	0.455506	39	38.5	0	1	1978	1.0255	1.01725	1621
726	808978	1351	403933	405045	100	60	1.10052	0.455506	39	38.5	0	1	1978	1.03144	1.02281	1621
727	785732	1322	396291	389441	100	60	1.20586	0.455506	39	38.5	0	1	1978	1.03566	1.02547	1621
728	778204	1224	397176	381028	100	60	1.26498	0.455506	39	38.5	0	1	1978	1.03821	1.0305	1621
729	748585	1020	387196	361389	100	60	1.30342	0.455506	39	38.5	0	1	1978	1.04228	1.03458	1621
730	652192	858	314930	337262	100	60	1.35119	0.455506	39	38.5	62766.6	1	1978	1.05574	1.04807	1621
731	488561	779	163236	325325	100	60	1.38969	0.455506	39	38.5	62766.6	1	1978	1.06335	1.05685	1621
732	495844	675	205420	290424	100	60	1.43279	0.455506	39	38.5	62766.6	1	1978	1.08485	1.07899	1621
733	513078	612	242088	270990	100	60	1.44459	0.455506	39	38.5	62766.6	1	1978	1.10504	1.09076	1621
734	525321	570	265293	260028	100	60	1.46387	0.455506	39	38.5	62766.6	1	1978	1.13522	1.11765	1621
735	493548	506	258714	234834	100	60	1.44359	0.455506	39	38.5	62766.6	1	1978	1.17407	1.14777	1621
736	462864	453	243421	214334	100	60	1.40668	0.455506	39	38.5	62766.6	1	1978	1.21667	1.19406	1621
737	428259	404	224919	194265	100	60	1.41544	0.455506	39	38.5	62766.6	1	1978	1.2524	1.22165	1621
738	398830	363	210475	180089	100	60	1.41718	0.455506	39	38.5	62766.6	1	1978	1.27147	1.24128	1621
739	369793	331	195970	166218	100	60	1.40904	0.455506	39	38.5	62766.6	1	1978	1.2638	1.23151	1621
740	348964	309	185330	156759	100	60	1.39211	0.455506	39	38.5	62766.6	1	1978	1.29097	1.26761	1621
741	330696	302	179375	151321	100	60	1.38708	0.455506	39	38.5	62766.6	1	1978	1.2993	1.27341	1621
742	274226	286	127334	146892	100	60	0.0818402	0.455506	39	38.5	112888	1	1978	1.0045	1.00005	1621
743	503017	260	218573	284444	100	60	0.0718414	0.455506	39	38.5	112888	1	1978	1.00401	0.999764	1621
744	629511	234	268511	361000	100	60	0.0689249	0.455506	38	38.5	112888	1	1978	1.0042	1.00212	1621
745	615115	214	267336	347779	100	60	0.0744512	0.455506	38	38.5	112888	1	1978	1.00505	1.00259	1621
746	580797	190	260463	320334	100	60	0.0786085	0.455506	38	38.5	112888	1	1978	1.00542	1.00483	1621
747	659893	2498	303516	356376	100	60	0.863609	0.455506	38	38.5	112888	1	1978	1.00781	1.00673	1621
748	743206	2188	345878	397329	100	60	1.00614	0.455506	38	38.5	112888	1	1978	1.01128	1.0139	1621
749	791060	1947	372771	418289	100	60	1.16512	0.455506	38	38.5	112888	1	1978	1.01471	1.01706	1621
750	609301	1802	192509	416792	100	60	1.27909	0.455506	36	38.5	112888	1	1978	1.09918	1.17377	1621
751	484142	1067	195490	287059	100	60	0.550138	0.455506	39	38.5	0	1	1978	1.0289	1.01633	1621
752	623390	955	282681	338143	100	60	0.457728	0.455506	39	38.5	0	1	1978	1.01598	1.00547	1621
753	760339	857	357196	399931	100	60	0.432335	0.455506	39	38.5	0	1	1978	1.01226	1.0032	1621
754	815211	741	385615	426671	100	60	0.461542	0.455506	39	38.5	0	1	1978	1.01197	1.00324	1621
755	821580	665	392843	426168	100	60	0.501803	0.455506	39	38.5	0	1	1978	1.01354	1.00472	1621
756	809157	1606	394463	414694	100	60	1.09039	0.455506	39	38.5	0	1	1978	1.01548	1.00913	1621
757	800669	1537	395117	405553	100	60	1.18579	0.455506	39	38.5	0	1	1978	1.01938	1.01804	1621
758	780900	1478	388414	392486	100	60	1.35547	0.455506	39	38.5	0	1	1978	1.02159	1.0163	1621
759	803618	1270	404489	399129	100	60	1.43188	0.455506	39	38.5	0	1	1978	1.02542	1.02215	1621
760	715507	1065	333974	381533	100	60	1.4973	0.455506	39	38.5	69840.2	1	1978	1.03127	1.02738	1621
761	674859	883	330404	344454	100	60	1.56808	0.455506	39	38.5	69840.2	1	1978	1.03545	1.02951	1621
762	666086	790	337939	328147	100	60	1.5544	0.455506	39	38.5	69840.2	1	1978	1.04939	1.04309	1621
763	652614	712	338188	314426	100	60	1.58455	0.455506	39	38.5	69840.2	1	1978	1.06997	1.06742	1621
764	616781	638	323879	292902	100	60	1.61319	0.455506	39	38.5	69840.2	1	1978	1.0908	1.08163	1621
765	583425	576	308864	274561	100	60	1.67381	0.455506	39	38.5	69840.2	1	1978	1.11669	1.10279	1621
766	545351	515	286790	251064	100	60	1.70423	0.455506	39	38.5	69840.2	1	1978	1.12931	1.11176	1621
767	494790	454	258103	223900	100	60	1.68184	0.455506	39	38.5	69840.2	1	1978	1.16932	1.14477	1621
768	475007	422	248709	214135	100	60	1.66193	0.455506	39	38.5	69840.2	1	1978	1.16269	1.13702	1621
769	434154	373	228257	194632	100	60	1.69857	0.455506	39	38.5	69840.2	1	1978	1.155	1.12055	1621
770	398009	337	209703	178387	100	60	1.72715	0.455506	39	38.5	69840.2	1	1978	1.16332	1.12384	1621
771	349508	304	188781	160727	100	60	1.70953	0.455506	39	38.5	69840.2	1	1978	1.18241	1.14386	1621
772	245128	253	107578	137551	100	60	0.0799024	0.455506	39	38.5	136999	1	1978	1.00278	1.00186	1621
773	472776	230	200057	272719	100	60	0.0681848	0.455506	39	38.5	136999	1	1978	1.00244	1.0015	1621
774	626911	212	264152	362759	100	60	0.0651052	0.455506	39	38.5	136999	1	1978	1.00252	1.00185	1621
775	602566	182	257871	344695	100	60	0.0676904	0.455506	39	38.5	136999	1	1978	1.0026	1.00249	1621
776	564805	169	250865	313940	100	60	0.0750525	0.455506	39	38.5	136999	1	1978	1.00316	1.00372	1621
777	623193	2379	286336	336857	100	60	0.944228	0.455506	39	38.5	136999	1	1978	1.00524	1.00586	1621
778	700799	2178	325489	375310	100	60	1.11448	0.455506	39	38.5	136999	1	1978	1.00705	1.00945	1621
779	741081	1863	347742	393339	100	60	1.29501	0.455506	39	38.5	136999	1	1978	1.00864	1.01076	1621
780	558869	1672	175597	383272	100	60	1.44826	0.455506	35	38.5	136999	1	1978	1.09505	1.15935	1621
781	600990	1347	240927	357995	100	60	0.6685	0.455506	39	38.5	0	1	1978	1.02556	1.02522	1621
782	675310	1111	296175	376321	100	60	0.526375	0.455506	39	38.5	0	1	1978	1.0133	1.00981	1621
783	793052	967	363112	426486	100	60	0.496944	0.455506	39	38.5	0	1	1978	1.00992	1.00534	1621
784	834719	811	386287	445484	100	60	0.512726	0.455506	39	38.5	0	1	1978	1.01022	1.00469	1621
785	859128	748	403834	452707	100	60	0.568739	0.455506	39	38.5	0	1	1978	1.0134	1.00794	1621
786	846555	1714	405959	440596	100	60	1.1786	0.455506	39	38.5	0	1	1978	1.01584	1.01215	1621
787	824267	1604	400944	423323	100	60	1.29608	0.455506	39	38.5	0	1	1978	1.01617	1.01289	1621
788	816140	1576	401935	414205	100	60	1.50782	0.455506	39	38.5	0	1	1978	1.01713	1.01465	1621
789	597054	1292	193504	403550	100	60	1.57367	0.455506	39	38.5	0	1	1978	1.01931	1.01788	1621
790	588869	1056	226653	362216	100	60	1.6442	0.455506	39	38.5	10633.4	1	1978	1.02883	1.02767	1621
791	602685	904	265743	336942	100	60	1.7216	0.455506	39	38.5	10633.4	1	1978	1.03223	1.03125	1621
792	613636	791	292659	320977	100	60	1.75406	0.455506	39	38.5	10633.4	1	1978	1.03992	1.04092	1621
793	604470	703	303272	301198	100	60	1.7736	0.455506	39	38.5	10633.4	1	1978	1.0583	1.05891	1621
794	593917	641	306708	287210	100	60	1.8212	0.455506	39	38.5	10633.4	1	1978	1.07592	1.07402	1621
795	567061	575	297416	269645	100	60	1.8288	0.455506	39	38.5	10633.4	1	1978	1.09281	1.08757	1621
796	394930	524	141844	251520	100	60	1.87104	0.455506	39	38.5	10633.4	1	1978	1.09075	1.08301	1621
797	403804	471	166965	229823	100	60	1.87824	0.455506	39	38.5	10633.4	1	1978	1.09766	1.09657	1621
798	393757	405	180164	205047	100	60	1.89054	0.455506	39	38.5	10633.4	1	1978	1.10417	1.0975	1621
799	374596	353	182870	181940	100	60	1.902	0.455506	39	38.5	10633.4	1	1978	1.11444	1.10375	1621
800	366380	325	185278	172237	100	60	1.94714	0.455506	39	38.5	10633.4	1	1978	1.11178	1.09554	1621
801	348743	304	184348	164395	100	60	1.95825	0.455506	39	38.5	10633.4	1	1978	1.1204	1.10727	1621
802	265769	283	107468	158301	100	60	0.0932172	0.455506	39	38.5	90401.1	1	1978	1.00222	0.998575	1621
803	494695	263	204996	289699	100	60	0.080298	0.455506	39	38.5	90401.1	1	1978	1.0021	0.99876	1621
804	649859	240	269914	379944	100	60	0.0775823	0.455506	39	38.5	90401.1	1	1978	1.00215	0.999075	1621
805	634371	215	269649	364723	100	60	0.0838609	0.455506	39	38.5	90401.1	1	1978	1.00227	1.00017	1621
806	587338	197	259767	327571	100	60	0.0925726	0.455506	39	38.5	90401.1	1	1978	1.00248	1.00139	1621
807	656024	2529	299353	356671	100	60	0.989146	0.455506	39	38.5	90401.1	1	1978	1.00456	1.00573	1621
808	730252	2232	336369	393883	100	60	1.11785	0.455506	39	38.5	90401.1	1	1978	1.00581	1.00851	1621
809	775643	1969	361973	413671	100	60	1.34783	0.455506	39	38.5	90401.1	1	1978	1.00847	1.00947	1621
810	602344	1747	188129	414215	100	60	1.47181	0.455506	39	38.5	90401.1	1	1978	1.10058	1.16667	1621
811	665989	1428	264761	399326	100	60	0.733516	0.455506	39	38.5	0	1	1978	1.03106	1.02899	1621
812	742922	1211	323923	416285	100	60	0.617597	0.455506	39	38.5	0	1	1978	1.01978	1.01555	1621
813	811788	1018	369885	439013	100	60	0.566364	0.455506	39	38.5	0	1	1978	1.01339	1.00845	1621
814	858988	868	397976	458275	100	60	0.591528	0.455506	39	38.5	0	1	1978	1.01397	1.00752	1621
815	849981	773	400554	447099	100	60	0.645896	0.455506	39	38.5	0	1	1978	1.0158	1.00796	1621
816	823659	1566	394475	429184	100	60	1.2417	0.455506	39	38.5	0	1	1978	1.0182	1.01079	1621
817	814102	1464	396614	417488	100	60	1.37606	0.455506	39	38.5	0	1	1978	1.01788	1.01391	1621
818	800756	1382	395155	405601	100	60	1.61311	0.455506	39	38.5	0	1	1978	1.02195	1.01607	1621
819	806675	1177	403388	403287	100	60	1.68478	0.455506	39	38.5	0	1	1978	1.02958	1.02487	1621
820	680959	1010	297148	383812	100	60	1.76876	0.455506	39	38.5	107354	1	1978	1.04433	1.04096	1621
821	667900	872	312206	355694	100	60	1.81497	0.455506	39	38.5	107354	1	1978	1.05345	1.05087	1621
822	673288	794	329493	343795	100	60	1.8622	0.455506	39	38.5	107354	1	1978	1.05686	1.05203	1621
823	494597	725	164578	330019	100	60	1.89834	0.455506	39	38.5	107354	1	1978	1.07399	1.07252	1621
824	514731	661	207267	307464	100	60	1.94235	0.455506	39	38.5	107354	1	1978	1.08729	1.07527	1621
825	525791	606	241153	284638	100	60	1.95601	0.455506	39	38.5	107354	1	1978	1.09884	1.07899	1621
826	511511	537	245955	257340	100	60	1.96964	0.455506	39	38.5	107354	1	1978	1.115	1.10038	1621
827	501506	486	246577	241108	100	60	2.00575	0.455506	39	38.5	107354	1	1978	1.13384	1.11691	1621
828	343659	427	120613	220408	100	60	2.0311	0.455506	39	38.5	107354	1	1978	1.12611	1.1	1621
829	368127	400	150093	211403	100	60	2.01588	0.455506	39	38.5	107354	1	1978	1.12972	1.10152	1621
830	289243	373	87981.5	200081	100	60	2.0549	0.455506	39	38.5	107354	1	1978	1.13437	1.10193	1621
831	296630	344	115019	181611	100	60	2.06593	0.455506	39	38.5	107354	1	1978	1.13218	1.10241	1621
832	284408	327	110966	173442	100	60	0.171873	0.455506	39	38.5	138957	1	1978	1.00502	1.00307	1621
833	405086	296	171802	233284	100	60	0.134181	0.455506	39	38.5	138957	1	1978	1.00396	1.00206	1621
834	592165	243	260011	332153	100	60	0.114598	0.455506	39	38.5	138957	1	1978	1.0037	1.00164	1621
835	533671	210	144095	389576	100	60	0.112609	0.455506	39	38.5	138957	1	1978	1.00339	1.00119	1621
836	544247	176	179248	365000	100	60	0.113375	0.455506	38	38.5	138957	1	1978	1.00293	1.00144	1621
837	569835	2201	218815	351020	100	60	0.818909	0.455506	38	38.5	138957	1	1978	1.00293	1.00158	1621
838	657420	1971	278322	379098	100	60	0.914092	0.455506	38	38.5	138957	1	1978	1.00364	1.00345	1621
839	746654	1783	335158	411497	100	60	1.06475	0.455506	38	38.5	138957	1	1978	1.00488	1.00492	1621
840	598356	1614	182152	416204	100	60	1.13884	0.455506	33	38.5	138957	1	1978	1.12055	1.21007	1621
841	500837	1301	122153	377873	100	60	0.867287	0.455506	39	38.5	0	1	1978	1.06675	1.07649	1621
842	554184	1102	193468	357613	100	60	0.731431	0.455506	39	38.5	0	1	1978	1.03534	1.03345	1621
843	630536	934	264927	361632	100	60	0.678088	0.455506	39	38.5	0	1	1978	1.0196	1.01548	1621
844	728979	831	334202	389517	100	60	0.719416	0.455506	39	38.5	0	1	1978	1.02062	1.01417	1621
845	799040	777	381126	413196	100	60	0.794377	0.455506	39	38.5	0	1	1978	1.02588	1.01552	1621
846	807126	1285	395014	412111	100	60	1.19814	0.455506	39	38.5	0	1	1978	1.02918	1.01779	1621
847	799292	1310	396928	402364	100	60	1.3379	0.455506	39	38.5	0	1	1978	1.03209	1.02123	1621
848	782665	1202	394974	387691	100	60	1.42515	0.455506	39	38.5	0	1	1978	1.03578	1.02775	1621
849	751320	996	385681	365639	100	60	1.4399	0.455506	39	38.5	0	1	1978	1.04185	1.03644	1621
850	684310	888	326017	358293	100	60	1.46635	0.455506	39	38.5	64399.1	1	1978	1.04918	1.04989	1621
851	688067	812	342380	345687	100	60	1.49825	0.455506	39	38.5	64399.1	1	1978	1.06035	1.06328	1621
852	680459	748	349397	331062	100	60	1.5095	0.455506	39	38.5	64399.1	1	1978	1.08012	1.08367	1621
853	642294	669	335202	307091	100	60	1.56291	0.455506	39	38.5	64399.1	1	1978	1.10139	1.10167	1621
854	437073	597	155176	281897	100	60	1.56784	0.455506	39	38.5	64399.1	1	1978	1.13265	1.13435	1621
855	455638	549	193269	262369	100	60	1.58152	0.455506	39	38.5	64399.1	1	1978	1.14524	1.14153	1621
856	352790	501	110127	241987	100	60	1.57158	0.455506	39	38.5	64399.1	1	1978	1.17724	1.16769	1621
857	394281	487	154903	234285	100	60	1.58435	0.455506	39	38.5	64399.1	1	1978	1.20513	1.18511	1621
858	405743	445	183087	216388	100	60	1.54823	0.455506	39	38.5	64399.1	1	1978	1.24236	1.21077	1621
859	299287	406	100407	197687	100	60	1.51594	0.455506	39	38.5	64399.1	1	1978	1.26173	1.22487	1621
860	306476	363	127563	177850	100	60	1.51715	0.455506	39	38.5	64399.1	1	1978	1.27273	1.23952	1621
861	316519	335	150283	166236	100	60	1.49271	0.455506	39	38.5	64399.1	1	1978	1.2884	1.26316	1621
862	245815	320	81865.8	163949	100	60	0.119561	0.455506	39	38.5	66101.3	1	1978	1.00662	1.00538	1621
863	423295	290	166690	256605	100	60	0.0934087	0.455506	39	38.5	66101.3	1	1978	1.00502	1.00384	1621
864	624045	263	259132	364913	100	60	0.0902985	0.455506	38	38.5	66101.3	1	1978	1.0052	1.00367	1621
865	686748	237	289508	397240	100	60	0.0931343	0.455506	38	38.5	66101.3	1	1978	1.0062	1.00495	1621
866	646953	220	281666	365287	100	60	0.102446	0.455506	38	38.5	66101.3	1	1978	1.00711	1.00841	1621
867	663445	2311	300703	362742	100	60	0.723326	0.455506	38	38.5	66101.3	1	1978	1.00958	1.01254	1621
868	748806	2000	347859	400946	100	60	0.815156	0.455506	38	38.5	66101.3	1	1978	1.01357	1.02011	1621
869	602613	1772	175967	426646	100	60	0.96888	0.455506	38	38.5	66101.3	1	1978	1.01879	1.02519	1621
870	511894	1609	117865	394029	100	60	1.07485	0.455506	34	38.5	66101.3	1	1978	1.13351	1.22082	1621
871	561572	1307	197833	359760	100	60	0.687281	0.455506	39	38.5	0	1	1978	1.05026	1.0535	1621
872	649557	1115	273341	372012	100	60	0.596239	0.455506	39	38.5	0	1	1978	1.03058	1.02608	1621
873	719829	943	329382	383624	100	60	0.558735	0.455506	39	38.5	0	1	1978	1.02009	1.0123	1621
874	809511	829	383472	419715	100	60	0.587566	0.455506	39	38.5	0	1	1978	1.02064	1.00968	1621
875	884914	793	426477	452897	100	60	0.646576	0.455506	39	38.5	0	1	1978	1.02634	1.0126	1621
876	878648	1524	430797	447851	100	60	1.0081	0.455506	39	38.5	0	1	1978	1.02766	1.01354	1621
877	860282	1485	427042	433240	100	60	1.11793	0.455506	39	38.5	0	1	1978	1.02891	1.01673	1621
878	839498	1335	422920	416578	100	60	1.19054	0.455506	39	38.5	0	1	1978	1.03005	1.01968	1621
879	597237	1127	199320	397917	100	60	1.21799	0.455506	39	38.5	0	1	1978	1.03749	1.02862	1621
880	612760	966	249777	362984	100	60	1.24662	0.455506	39	38.5	4765.92	1	1978	1.03761	1.0334	1621
881	625054	839	287860	337194	100	60	1.28127	0.455506	39	38.5	4765.92	1	1978	1.05226	1.05288	1621
882	604048	715	298777	305271	100	60	1.30443	0.455506	39	38.5	4765.92	1	1978	1.07692	1.0779	1621
883	575885	624	295428	280457	100	60	1.34061	0.455506	39	38.5	4765.92	1	1978	1.12138	1.11889	1621
884	542196	553	284264	257932	100	60	1.34692	0.455506	39	38.5	4765.92	1	1978	1.14677	1.14391	1621
885	488674	474	259593	229081	100	60	1.36485	0.455506	39	38.5	4765.92	1	1978	1.18426	1.17026	1621
886	446503	412	236290	205346	100	60	1.40338	0.455506	39	38.5	4765.92	1	1978	1.19495	1.17632	1621
887	415806	372	218840	188377	100	60	1.36392	0.455506	39	38.5	4765.92	1	1978	1.25	1.23164	1621
888	391047	344	206409	176769	100	60	1.34456	0.455506	39	38.5	4765.92	1	1978	1.27378	1.26087	1621
889	259320	308	97814.5	160234	100	60	1.31842	0.455506	39	38.5	4765.92	1	1978	1.27124	1.25704	1621
890	260024	281	113301	145639	100	60	1.32052	0.455506	39	38.5	4765.92	1	1978	1.29588	1.29719	1621
891	268452	265	130389	138063	100	60	1.28087	0.455506	39	38.5	4765.92	1	1978	1.32271	1.32906	1621
892	235070	238	108134	126937	100	60	0.0816677	0.455506	39	38.5	31356.3	1	1978	1.00479	1.00393	1621
893	424921	220	184638	240283	100	60	0.0681858	0.455506	39	38.5	31356.3	1	1978	1.00412	1.00338	1621
894	619048	194	263216	355832	100	60	0.0636803	0.455506	39	38.5	31356.3	1	1978	1.00402	1.00381	1621
895	667757	182	284865	382892	100	60	0.0688627	0.455506	39	38.5	31356.3	1	1978	1.00451	1.00444	1621
896	614722	157	269454	345268	100	60	0.0710891	0.455506	37	38.5	31356.3	1	1978	1.00508	1.00665	1621
897	634040	2326	287973	346067	100	60	0.680747	0.455506	37	38.5	31356.3	1	1978	1.00721	1.01016	1621
898	717936	1981	331951	385985	100	60	0.748255	0.455506	37	38.5	31356.3	1	1978	1.00788	1.01178	1621
899	760969	1718	357721	403248	100	60	0.869603	0.455506	37	38.5	31356.3	1	1978	1.01104	1.01631	1621
900	583154	1612	184431	398723	100	60	0.958187	0.455506	34	38.5	31356.3	1	1978	1.12461	1.22174	1621
901	628035	1280	255901	367329	100	60	0.629895	0.455506	39	38.5	0	1	1978	1.04889	1.05201	1621
902	690269	1076	311036	373056	100	60	0.53319	0.455506	39	38.5	0	1	1978	1.02872	1.02527	1621
903	759332	920	359194	392395	100	60	0.497971	0.455506	39	38.5	0	1	1978	1.01856	1.01345	1621
904	815329	793	392021	416511	100	60	0.524501	0.455506	39	38.5	0	1	1978	1.01892	1.01155	1621
905	820077	717	398115	416363	100	60	0.569808	0.455506	39	38.5	0	1	1978	1.02058	1.01213	1621
906	816896	1446	402651	414245	100	60	0.925273	0.455506	39	38.5	0	1	1978	1.02535	1.01622	1621
907	803089	1342	401140	401949	100	60	1.00401	0.455506	39	38.5	0	1	1978	1.0289	1.02359	1621
908	784916	1329	396029	388887	100	60	1.07291	0.455506	39	38.5	0	1	1978	1.03315	1.02435	1621
909	761097	1107	388123	372974	100	60	1.09011	0.455506	39	38.5	0	1	1978	1.03899	1.03656	1621
910	714144	965	353442	360702	100	60	1.13369	0.455506	39	38.5	34391.9	1	1978	1.05172	1.05126	1621
911	495203	817	167171	328032	100	60	1.17526	0.455506	39	38.5	34391.9	1	1978	1.06806	1.07196	1621
912	534231	755	223108	311123	100	60	1.19502	0.455506	39	38.5	34391.9	1	1978	1.08425	1.08883	1621
913	544088	673	256287	287800	100	60	1.2077	0.455506	39	38.5	34391.9	1	1978	1.1247	1.1203	1621
914	527528	595	264978	262549	100	60	1.23107	0.455506	39	38.5	34391.9	1	1978	1.14101	1.12887	1621
915	502388	528	260647	241741	100	60	1.24224	0.455506	39	38.5	34391.9	1	1978	1.19072	1.18343	1621
916	482592	484	252098	225955	100	60	1.26284	0.455506	39	38.5	34391.9	1	1978	1.20696	1.18438	1621
917	449473	431	235181	206584	100	60	1.25048	0.455506	39	38.5	34391.9	1	1978	1.2427	1.21675	1621
918	403354	374	212438	184047	100	60	1.22453	0.455506	39	38.5	34391.9	1	1978	1.29333	1.2659	1621
919	372025	334	197302	168684	100	60	1.17325	0.455506	39	38.5	34391.9	1	1978	1.33746	1.30132	1621
920	256948	312	96359.7	159971	100	60	1.16681	0.455506	39	38.5	34391.9	1	1978	1.35172	1.32971	1621
921	266143	290	116976	149167	100	60	1.1551	0.455506	39	38.5	34391.9	1	1978	1.37405	1.34661	1621
922	262894	276	120428	142466	100	60	0.0907645	0.455506	39	38.5	50106.8	1	1978	1.00639	1.00551	1621
923	427249	237	187469	239780	100	60	0.0701522	0.455506	39	38.5	50106.8	1	1978	1.00505	1.0045	1621
924	486018	206	132519	353498	100	60	0.0642578	0.455506	39	38.5	50106.8	1	1978	1.00491	1.00439	1621
925	551049	195	177868	373181	100	60	0.063638	0.455506	39	38.5	50106.8	1	1978	1.00458	1.00431	1621
926	534603	162	197033	337570	100	60	0.065998	0.455506	39	38.5	50106.8	1	1978	1.00536	1.00474	1621
927	556000	2248	228943	327057	100	60	0.612444	0.455506	38	38.5	50106.8	1	1978	1.00755	1.00602	1621
928	652098	1911	287120	364978	100	60	0.706849	0.455506	38	38.5	50106.8	1	1978	1.01101	1.01105	1621
929	717166	1651	327890	389275	100	60	0.808802	0.455506	38	38.5	50106.8	1	1978	1.01422	1.01302	1621
930	578382	1636	178938	399444	100	60	0.917055	0.455506	37	38.5	50106.8	1	1978	1.12968	1.22023	1621
