Time	totMass	NInd	abovemass	belowmass	mean_ares	mean_bres	shannon	meanShannon	NPFT	meanNPFT	Cutted	NNonClonal	NClonal	mean_generation	mean_genet_size	NGenets
1	474.6	0	237.3	237.3	100	60	0	0.742072	39	38.3	0	42	1944	1	0.868739	1777
2	8721.15	0	3430.44	5290.71	100	60	0	0.742072	39	38.3	0	42	1944	1	0.866279	1777
3	40828.8	0	19003.3	21825.5	100	60	0	0.742072	39	38.3	0	42	1944	1	0.866273	1777
4	123269	0	57737.7	65531.6	100	60	0	0.742072	39	38.3	0	42	1944	1	0.867265	1777
5	277794	0	129924	147869	100	60	0	0.742072	39	38.3	0	42	1944	1	0.867482	1777
6	489738	559	229161	260577	100	60	2.38669	0.742072	39	38.3	0	42	1944	1.00407	0.871741	1777
7	710629	791	335131	375498	100	60	3.09526	0.742072	39	38.3	0	42	1944	1.01431	0.87905	1777
8	888535	874	424173	464362	100	60	3.31702	0.742072	39	38.3	0	42	1944	1.02778	0.892571	1777
9	1.02971e+006	836	497615	532095	100	60	3.18515	0.742072	39	38.3	0	42	1944	1.04668	0.915072	1777
10	1.11563e+006	786	544294	571332	100	60	3.03119	0.742072	39	38.3	0	42	1944	1.06519	0.934094	1777
11	1.18564e+006	750	583641	601995	100	60	2.95585	0.742072	39	38.3	0	42	1944	1.06989	0.957333	1777
12	1.25428e+006	730	622814	631466	100	60	2.924	0.742072	39	38.3	0	42	1944	1.08518	0.968363	1777
13	1.29215e+006	709	645304	646848	100	60	2.89432	0.742072	39	38.3	0	42	1944	1.10653	0.98862	1777
14	1.32651e+006	697	665296	661213	100	60	2.88368	0.742072	39	38.3	0	42	1944	1.12161	1	1777
15	1.34668e+006	688	677942	668734	100	60	2.886	0.742072	39	38.3	0	42	1944	1.14251	1.01475	1777
16	1.38228e+006	686	688005	674249	100	60	2.87973	0.742072	39	38.3	0	42	1944	1.17005	1.04641	1777
17	1.42372e+006	686	700095	684774	100	60	2.92359	0.742072	39	38.3	0	42	1944	1.18435	1.07089	1777
18	1.45403e+006	683	713202	696827	100	60	2.99167	0.742072	39	38.3	0	42	1944	1.18897	1.06697	1777
19	1.47901e+006	686	725813	708140	100	60	3.04595	0.742072	39	38.3	0	42	1944	1.19128	1.05846	1777
20	1.48468e+006	685	729154	711323	100	60	3.10639	0.742072	39	38.3	0	42	1944	1.18364	1.03599	1777
21	1.4488e+006	680	734343	714453	100	60	3.11754	0.742072	39	38.3	0	42	1944	1.19096	1.02556	1777
22	1.4586e+006	680	739806	718790	100	60	0.840444	0.742072	39	38.3	0	42	1944	1.03312	0.88763	1777
23	1.47424e+006	672	742652	731592	100	60	0.848357	0.742072	39	38.3	0	42	1944	1.03747	0.894352	1777
24	1.49362e+006	665	750442	743181	100	60	0.886518	0.742072	39	38.3	0	42	1944	1.0385	0.922773	1777
25	1.48359e+006	647	746028	737563	100	60	0.97917	0.742072	39	38.3	0	42	1944	1.04671	0.961319	1777
26	1.51001e+006	644	759033	750972	100	60	1.13089	0.742072	39	38.3	0	42	1944	1.06098	0.986265	1777
27	1.53387e+006	1399	769979	763892	100	60	2.48128	0.742072	39	38.3	0	42	1944	1.08268	1.00512	1777
28	1.55451e+006	1321	777933	776574	100	60	2.61513	0.742072	39	38.3	0	42	1944	1.10034	1.02327	1777
29	1.56596e+006	1218	782546	783411	100	60	2.61195	0.742072	39	38.3	0	42	1944	1.11249	1.03154	1777
30	1.19649e+006	1167	398297	798190	100	60	2.21201	0.742072	39	38.3	0	42	1944	1.3814	1.47779	1777
31	1.19322e+006	982	464726	728383	100	60	0.998853	0.742072	39	38.3	0	42	1944	1.1022	0.972404	1777
32	914355	835	236606	677594	100	60	0.824605	0.742072	39	38.3	0	42	1944	1.07006	0.93006	1777
33	970210	742	318691	651329	100	60	0.503948	0.742072	39	38.3	0	42	1944	1.03469	0.888176	1777
34	996400	646	369020	627190	100	60	0.580257	0.742072	39	38.3	0	42	1944	1.04179	0.905358	1777
35	965956	675	385043	580781	100	60	0.827801	0.742072	39	38.3	0	42	1944	1.05674	0.945605	1777
36	753361	806	194992	558369	100	60	1.21935	0.742072	39	38.3	0	42	1944	1.0686	0.966403	1777
37	788277	907	260234	528043	100	60	1.68289	0.742072	39	38.3	0	42	1944	1.08011	0.982081	1777
38	830286	1257	321621	508665	100	60	2.57999	0.742072	39	38.3	0	42	1944	1.08876	0.9841	1777
39	838633	1006	352290	486343	100	60	2.60319	0.742072	39	38.3	0	42	1944	1.10395	1.0042	1777
40	619704	812	156510	463194	100	60	2.56344	0.742072	39	38.3	230056	42	1944	1.10667	1.01704	1777
41	657697	704	214293	443404	100	60	2.58031	0.742072	39	38.3	230056	42	1944	1.10973	1.02121	1777
42	675630	597	255888	419742	100	60	2.652	0.742072	39	38.3	230056	42	1944	1.125	1.01607	1777
43	685721	535	287026	398695	100	60	2.70527	0.742072	39	38.3	230056	42	1944	1.13012	1.02574	1777
44	702040	489	311174	390866	100	60	2.78053	0.742072	39	38.3	230056	42	1944	1.15059	1.03696	1777
45	683562	434	314757	368805	100	60	2.76701	0.742072	39	38.3	230056	42	1944	1.17934	1.05419	1777
46	676757	395	314400	351983	100	60	2.83824	0.742072	39	38.3	230056	42	1944	1.20682	1.09041	1777
47	614837	346	287271	310270	100	60	2.89211	0.742072	39	38.3	230056	42	1944	1.19892	1.08491	1777
48	601215	316	286018	297394	100	60	2.87629	0.742072	39	38.3	230056	42	1944	1.20821	1.07534	1777
49	549575	274	263928	269284	100	60	2.90964	0.742072	39	38.3	230056	42	1944	1.22145	1.06324	1777
50	514608	244	250687	249320	100	60	2.97166	0.742072	39	38.3	230056	42	1944	1.236	1.08559	1777
51	478435	228	241030	237405	100	60	3.05655	0.742072	39	38.3	230056	42	1944	1.22174	1.06763	1777
52	288392	209	58149	230243	100	60	0.135466	0.742072	39	38.3	419020	42	1944	1.00446	0.909481	1777
53	343780	168	66800.3	276980	100	60	0.0820532	0.742072	39	38.3	419020	42	1944	1.00277	0.912773	1777
54	533335	137	165526	367810	100	60	0.0656155	0.742072	39	38.3	419020	42	1944	1.00176	0.918981	1777
55	616265	116	214026	402239	100	60	0.0628391	0.742072	39	38.3	419020	42	1944	1.00185	0.933901	1777
56	607501	96	228279	379222	100	60	0.0650537	0.742072	39	38.3	419020	42	1944	1.00227	0.944139	1777
57	503536	2406	114109	389427	100	60	1.24837	0.742072	39	38.3	419020	42	1944	1.00332	0.945712	1777
58	578028	2482	180078	397950	100	60	1.60502	0.742072	39	38.3	419020	42	1944	1.00414	0.947616	1777
59	688832	2345	251163	437669	100	60	2.04526	0.742072	39	38.3	419020	42	1944	1.0051	0.946112	1777
60	624523	2097	154321	470202	100	60	2.20019	0.742072	39	38.3	419020	42	1944	1.07101	1.05019	1777
61	686688	1651	231608	454808	100	60	1.51523	0.742072	39	38.3	0	42	1944	1.04308	0.970621	1777
62	745130	1347	289324	455461	100	60	1.24168	0.742072	39	38.3	0	42	1944	1.03081	0.952956	1777
63	809285	1110	342765	466085	100	60	1.1284	0.742072	39	38.3	0	42	1944	1.02453	0.940867	1777
64	867356	940	382087	484871	100	60	1.15771	0.742072	39	38.3	0	42	1944	1.02673	0.938667	1777
65	926935	871	416603	509981	100	60	1.24847	0.742072	39	38.3	0	42	1944	1.0302	0.944141	1777
66	733290	1298	211447	521843	100	60	1.96964	0.742072	39	38.3	0	42	1944	1.0344	0.947591	1777
67	791320	1346	280353	510967	100	60	2.25101	0.742072	39	38.3	0	42	1944	1.03947	0.948635	1777
68	827007	1236	332227	494780	100	60	2.42346	0.742072	39	38.3	0	42	1944	1.04794	0.959902	1777
69	851766	1049	368297	483469	100	60	2.40242	0.742072	39	38.3	0	42	1944	1.05435	0.962428	1777
70	687974	905	224536	463438	100	60	2.4508	0.742072	39	38.3	178210	42	1944	1.06216	0.979843	1777
71	706670	781	269713	436957	100	60	2.53643	0.742072	39	38.3	178210	42	1944	1.06699	0.989597	1777
72	739691	713	313161	426530	100	60	2.6309	0.742072	39	38.3	178210	42	1944	1.07743	1	1777
73	709975	610	319947	390028	100	60	2.67017	0.742072	39	38.3	178210	42	1944	1.09079	1.01843	1777
74	706789	552	331755	375034	100	60	2.69879	0.742072	39	38.3	178210	42	1944	1.10319	1.02768	1777
75	672476	485	323257	349220	100	60	2.75127	0.742072	39	38.3	178210	42	1944	1.11586	1.03361	1777
76	620288	410	299687	310822	100	60	2.74742	0.742072	39	38.3	178210	42	1944	1.13261	1.05473	1777
77	621389	391	297770	306197	100	60	2.76127	0.742072	39	38.3	178210	42	1944	1.14387	1.07713	1777
78	582498	353	281611	283666	100	60	2.79886	0.742072	39	38.3	178210	42	1944	1.14745	1.06269	1777
79	557803	324	270952	269963	100	60	2.82267	0.742072	39	38.3	178210	42	1944	1.14201	1.04902	1777
80	508435	280	248401	245308	100	60	2.87174	0.742072	39	38.3	178210	42	1944	1.13986	1.03802	1777
81	338721	246	112482	226240	100	60	2.87447	0.742072	39	38.3	178210	42	1944	1.16872	1.06608	1777
82	283872	231	66003.5	217868	100	60	0.105059	0.742072	39	38.3	257093	42	1944	1.00264	0.935732	1777
83	473511	220	157451	316061	100	60	0.0887158	0.742072	39	38.3	257093	42	1944	1.00271	0.936074	1777
84	667242	196	248952	418291	100	60	0.0847489	0.742072	39	38.3	257093	42	1944	1.00273	0.939609	1777
85	717726	180	279639	438087	100	60	0.0898538	0.742072	39	38.3	257093	42	1944	1.00297	0.946474	1777
86	659675	161	268448	391227	100	60	0.0998539	0.742072	39	38.3	257093	42	1944	1.00318	0.951195	1777
87	684242	2632	292275	391967	100	60	1.326	0.742072	39	38.3	257093	42	1944	1.00414	0.955424	1777
88	770587	2381	337925	432662	100	60	1.48661	0.742072	39	38.3	257093	42	1944	1.00577	0.958099	1777
89	820923	2016	365172	455751	100	60	1.82471	0.742072	39	38.3	257093	42	1944	1.00825	0.959408	1777
90	643118	1828	186335	456783	100	60	2.06073	0.742072	39	38.3	257093	42	1944	1.07817	1.07692	1777
91	704268	1452	259877	443957	100	60	1.16285	0.742072	39	38.3	0	42	1944	1.03625	0.983625	1777
92	582441	1150	146309	435865	100	60	0.934535	0.742072	39	38.3	0	42	1944	1.02445	0.968324	1777
93	692879	989	233594	458747	100	60	0.762818	0.742072	39	38.3	0	42	1944	1.0164	0.953035	1777
94	798386	853	309674	488285	100	60	0.790018	0.742072	39	38.3	0	42	1944	1.01779	0.95607	1777
95	888444	804	367626	520445	100	60	0.887539	0.742072	39	38.3	0	42	1944	1.0205	0.958097	1777
96	917187	1588	397477	519711	100	60	1.78323	0.742072	39	38.3	0	42	1944	1.02295	0.959298	1777
97	917295	1473	409830	507465	100	60	1.98562	0.742072	39	38.3	0	42	1944	1.02801	0.960179	1777
98	911986	1440	418090	493896	100	60	2.25879	0.742072	39	38.3	0	42	1944	1.02633	0.959298	1777
99	901682	1193	420923	480759	100	60	2.30103	0.742072	39	38.3	0	42	1944	1.02928	0.961897	1777
100	707013	1018	242875	464138	100	60	2.37921	0.742072	39	38.3	193108	42	1944	1.03852	0.969154	1777
101	719385	874	280347	439038	100	60	2.4341	0.742072	39	38.3	193108	42	1944	1.04665	0.969803	1777
102	726138	769	309496	416642	100	60	2.50968	0.742072	39	38.3	193108	42	1944	1.06517	0.990741	1777
103	714607	670	323001	391606	100	60	2.55044	0.742072	39	38.3	193108	42	1944	1.08813	1.01362	1777
104	713225	615	335224	378002	100	60	2.60208	0.742072	39	38.3	193108	42	1944	1.10739	1.02985	1777
105	525009	564	166335	358674	100	60	2.63429	0.742072	39	38.3	193108	42	1944	1.11285	1.03074	1777
106	528838	495	195883	324946	100	60	2.63525	0.742072	39	38.3	193108	42	1944	1.12658	1.03719	1777
107	509357	419	211260	286978	100	60	2.6649	0.742072	39	38.3	193108	42	1944	1.14286	1.04878	1777
108	527172	391	233689	279040	100	60	2.69707	0.742072	39	38.3	193108	42	1944	1.14183	1.04762	1777
109	498508	344	229799	254552	100	60	2.77313	0.742072	39	38.3	193108	42	1944	1.14972	1.04878	1777
110	448296	294	212695	223536	100	60	2.77699	0.742072	39	38.3	193108	42	1944	1.13712	1.04659	1777
111	442341	283	219213	223128	100	60	2.78301	0.742072	39	38.3	193108	42	1944	1.15088	1.04478	1777
112	269194	252	64502.2	204692	100	60	0.121718	0.742072	39	38.3	236543	42	1944	1.0032	0.95955	1777
113	449920	233	154865	295055	100	60	0.0902331	0.742072	39	38.3	236543	42	1944	1.0025	0.959125	1777
114	660508	208	252534	407975	100	60	0.0855096	0.742072	39	38.3	236543	42	1944	1.00225	0.957038	1777
115	701408	183	276766	424642	100	60	0.0884648	0.742072	39	38.3	236543	42	1944	1.00266	0.956539	1777
116	501005	166	114436	386569	100	60	0.0980158	0.742072	39	38.3	236543	42	1944	1.00371	0.962338	1777
117	522546	2471	159028	363518	100	60	1.20616	0.742072	39	38.3	236543	42	1944	1.0052	0.966185	1777
118	648289	2554	235854	412434	100	60	1.56798	0.742072	39	38.3	236543	42	1944	1.00632	0.971282	1777
119	751980	2301	298712	453268	100	60	1.84869	0.742072	39	38.3	236543	42	1944	1.00858	0.974379	1777
120	526115	1949	75610.7	450504	100	60	2.03428	0.742072	39	38.3	236543	42	1944	1.07796	1.08936	1777
121	551857	1574	142403	408879	100	60	0.980709	0.742072	39	38.3	0	42	1944	1.02772	0.990077	1777
122	650832	1315	223309	426869	100	60	0.818265	0.742072	39	38.3	0	42	1944	1.01931	0.977919	1777
123	753775	1075	293982	458761	100	60	0.752966	0.742072	39	38.3	0	42	1944	1.01702	0.974626	1777
124	844957	921	350425	493558	100	60	0.803555	0.742072	39	38.3	0	42	1944	1.01978	0.97356	1777
125	868285	822	372962	494528	100	60	0.893739	0.742072	39	38.3	0	42	1944	1.02349	0.974526	1777
126	861216	1616	379812	481404	100	60	1.78318	0.742072	39	38.3	0	42	1944	1.02653	0.976879	1777
127	859342	1454	388713	470629	100	60	1.9321	0.742072	39	38.3	0	42	1944	1.03259	0.985428	1777
128	875024	1387	402521	472503	100	60	2.13703	0.742072	39	38.3	0	42	1944	1.03383	0.984627	1777
129	646483	1132	192003	454480	100	60	2.13198	0.742072	39	38.3	0	42	1944	1.04205	0.994604	1777
130	635307	969	208002	427305	100	60	2.22951	0.742072	39	38.3	42095.3	42	1944	1.05252	1.0063	1777
131	664454	842	256937	407516	100	60	2.3718	0.742072	39	38.3	42095.3	42	1944	1.06685	1.02555	1777
132	686292	759	291554	394739	100	60	2.4384	0.742072	39	38.3	42095.3	42	1944	1.077	1.03248	1777
133	669851	670	300585	369266	100	60	2.44617	0.742072	39	38.3	42095.3	42	1944	1.09046	1.04769	1777
134	498868	606	151143	347724	100	60	2.5371	0.742072	39	38.3	42095.3	42	1944	1.09429	1.0477	1777
135	508308	536	187357	320951	100	60	2.5836	0.742072	39	38.3	42095.3	42	1944	1.10553	1.05769	1777
136	513918	476	209801	295651	100	60	2.61337	0.742072	39	38.3	42095.3	42	1944	1.1277	1.07205	1777
137	483516	398	210385	260752	100	60	2.60295	0.742072	39	38.3	42095.3	42	1944	1.15588	1.10554	1777
138	437838	339	198529	226895	100	60	2.6295	0.742072	39	38.3	42095.3	42	1944	1.16232	1.1041	1777
139	324953	311	103241	219012	100	60	2.63421	0.742072	39	38.3	42095.3	42	1944	1.1672	1.10727	1777
140	346674	297	132923	211181	100	60	2.62211	0.742072	39	38.3	42095.3	42	1944	1.18557	1.13653	1777
141	364341	290	157433	206908	100	60	2.65704	0.742072	39	38.3	42095.3	42	1944	1.18705	1.14341	1777
142	276033	270	78671.6	197361	100	60	0.207244	0.742072	39	38.3	135293	42	1944	1.0064	1.00296	1777
143	381122	252	138887	242235	100	60	0.1531	0.742072	39	38.3	135293	42	1944	1.0046	1.00193	1777
144	464950	233	120843	344107	100	60	0.144282	0.742072	39	38.3	135293	42	1944	1.00471	1.00232	1777
145	516732	216	96595.4	420137	100	60	0.134307	0.742072	39	38.3	135293	42	1944	1.00467	1.00206	1777
146	489041	190	70321.6	418719	100	60	0.142501	0.742072	39	38.3	135293	42	1944	1.00558	1.00333	1777
147	509378	2217	128289	381089	100	60	1.09721	0.742072	39	38.3	135293	42	1944	1.00731	1.00508	1777
148	592488	2214	199893	392595	100	60	1.30816	0.742072	39	38.3	135293	42	1944	1.00896	1.00625	1777
149	696071	2014	270235	425836	100	60	1.48378	0.742072	39	38.3	135293	42	1944	1.01118	1.00763	1777
150	572994	1890	151585	421409	100	60	1.66398	0.742072	37	38.3	135293	42	1944	1.0783	1.11637	1777
151	608345	1455	221150	384942	100	60	1.30719	0.742072	39	38.3	0	42	1944	1.05716	1.06073	1777
152	653549	1181	273802	376979	100	60	1.15118	0.742072	39	38.3	0	42	1944	1.03957	1.03525	1777
153	707714	1014	318158	385882	100	60	1.08367	0.742072	39	38.3	0	42	1944	1.02773	1.018	1777
154	777016	911	363472	410041	100	60	1.15293	0.742072	39	38.3	0	42	1944	1.02909	1.01776	1777
155	610082	832	187830	421313	100	60	1.25873	0.742072	39	38.3	0	42	1944	1.03527	1.02169	1777
156	679807	1178	259370	420438	100	60	1.81534	0.742072	39	38.3	0	42	1944	1.03516	1.01758	1777
157	723988	1157	313396	410592	100	60	2.00402	0.742072	39	38.3	0	42	1944	1.04319	1.02584	1777
158	732942	1070	339024	393918	100	60	2.13165	0.742072	39	38.3	0	42	1944	1.05446	1.03777	1777
159	726343	926	349390	376953	100	60	2.10553	0.742072	39	38.3	0	42	1944	1.06334	1.04689	1777
160	592843	772	250091	342751	100	60	2.09176	0.742072	39	38.3	95424.7	42	1944	1.0738	1.0616	1777
161	588277	664	270035	318242	100	60	2.11291	0.742072	39	38.3	95424.7	42	1944	1.08739	1.07458	1777
162	591184	601	285311	305873	100	60	2.11093	0.742072	39	38.3	95424.7	42	1944	1.10909	1.10135	1777
163	573033	542	284771	288263	100	60	2.11094	0.742072	39	38.3	95424.7	42	1944	1.1278	1.1161	1777
164	558583	498	283266	275317	100	60	2.14041	0.742072	39	38.3	95424.7	42	1944	1.14156	1.12526	1777
165	520434	445	266650	253784	100	60	2.15228	0.742072	39	38.3	95424.7	42	1944	1.15272	1.13426	1777
166	504384	409	256631	240396	100	60	2.15495	0.742072	39	38.3	95424.7	42	1944	1.17633	1.15776	1777
167	477648	372	241419	224340	100	60	2.16045	0.742072	39	38.3	95424.7	42	1944	1.17969	1.15297	1777
168	448893	335	226544	210830	100	60	2.19637	0.742072	39	38.3	95424.7	42	1944	1.18529	1.16667	1777
169	305312	297	107626	195354	100	60	2.22053	0.742072	39	38.3	95424.7	42	1944	1.18482	1.15827	1777
170	313570	281	128341	182932	100	60	2.19348	0.742072	39	38.3	95424.7	42	1944	1.20357	1.18462	1777
171	318992	268	145119	173873	100	60	2.18853	0.742072	39	38.3	95424.7	42	1944	1.25097	1.2428	1777
172	226786	217	79929.6	146856	100	60	0.139498	0.742072	39	38.3	159728	42	1944	1.00707	1.00541	1777
173	351818	211	139782	212036	100	60	0.107014	0.742072	39	38.3	159728	42	1944	1.00542	1.00401	1777
174	544813	178	231747	313065	100	60	0.0938101	0.742072	39	38.3	159728	42	1944	1.00515	1.00325	1777
175	668426	158	283604	384823	100	60	0.0938931	0.742072	38	38.3	159728	42	1944	1.00552	1.00374	1777
176	670653	140	287192	383461	100	60	0.102462	0.742072	38	38.3	159728	42	1944	1.00572	1.00438	1777
177	671407	2080	296538	374870	100	60	0.919308	0.742072	38	38.3	159728	42	1944	1.00777	1.00813	1777
178	729495	1991	332264	397231	100	60	1.0286	0.742072	38	38.3	159728	42	1944	1.00975	1.01318	1777
179	763438	1657	356575	406863	100	60	1.18553	0.742072	38	38.3	159728	42	1944	1.01484	1.01903	1777
180	603535	1538	189493	414042	100	60	1.23854	0.742072	38	38.3	159728	42	1944	1.13936	1.26167	1777
181	639855	1227	256969	380267	100	60	1.00938	0.742072	39	38.3	0	42	1944	1.0911	1.11384	1777
182	692379	1049	309028	379445	100	60	0.9252	0.742072	39	38.3	0	42	1944	1.05842	1.06469	1777
183	723354	901	342180	376572	100	60	0.864766	0.742072	39	38.3	0	42	1944	1.03767	1.03463	1777
184	766304	797	371903	390045	100	60	0.901011	0.742072	39	38.3	0	42	1944	1.0425	1.0335	1777
185	616636	786	199360	416621	100	60	1.00796	0.742072	39	38.3	0	42	1944	1.04869	1.03352	1777
186	690552	1202	274410	416142	100	60	1.46188	0.742072	39	38.3	0	42	1944	1.05184	1.03172	1777
187	734615	1215	326523	408092	100	60	1.62598	0.742072	39	38.3	0	42	1944	1.05515	1.0288	1777
188	757849	1169	360039	397810	100	60	1.70782	0.742072	39	38.3	0	42	1944	1.05556	1.03409	1777
189	741281	989	367255	374025	100	60	1.68757	0.742072	39	38.3	0	42	1944	1.0552	1.04021	1777
190	639375	836	295540	343834	100	60	1.693	0.742072	39	38.3	68867	42	1944	1.05921	1.04253	1777
191	652263	758	320555	331708	100	60	1.73624	0.742072	39	38.3	68867	42	1944	1.06949	1.05622	1777
192	621589	669	317616	303973	100	60	1.75163	0.742072	39	38.3	68867	42	1944	1.07566	1.06667	1777
193	608558	621	317363	291196	100	60	1.73159	0.742072	39	38.3	68867	42	1944	1.09318	1.08824	1777
194	554818	544	291952	262866	100	60	1.76299	0.742072	39	38.3	68867	42	1944	1.1082	1.09176	1777
195	394606	510	140601	254005	100	60	1.7722	0.742072	39	38.3	68867	42	1944	1.14051	1.118	1777
196	415932	474	173418	236995	100	60	1.79484	0.742072	39	38.3	68867	42	1944	1.16397	1.14317	1777
197	412853	417	190990	213485	100	60	1.7872	0.742072	39	38.3	68867	42	1944	1.18824	1.17413	1777
198	414307	389	202285	202023	100	60	1.79315	0.742072	39	38.3	68867	42	1944	1.18462	1.15591	1777
199	398738	358	200884	188175	100	60	1.75803	0.742072	39	38.3	68867	42	1944	1.19718	1.16471	1777
200	376732	335	193799	174252	100	60	1.76573	0.742072	39	38.3	68867	42	1944	1.21807	1.17799	1777
201	334429	300	178028	156401	100	60	1.7493	0.742072	39	38.3	68867	42	1944	1.21053	1.17754	1777
202	258839	269	113881	144957	100	60	0.0935371	0.742072	39	38.3	126929	42	1944	1.00365	0.998202	1777
203	472099	257	202388	269711	100	60	0.0810786	0.742072	39	38.3	126929	42	1944	1.00322	0.997803	1777
204	644042	241	273560	370482	100	60	0.0813311	0.742072	39	38.3	126929	42	1944	1.00333	0.997214	1777
205	644682	208	276052	368630	100	60	0.0833133	0.742072	39	38.3	126929	42	1944	1.00346	0.997498	1777
206	440919	170	110618	330301	100	60	0.0822445	0.742072	39	38.3	126929	42	1944	1.004	0.999232	1777
207	479889	2233	162480	317410	100	60	0.935022	0.742072	39	38.3	126929	42	1944	1.00614	1.00024	1777
208	599356	2151	238851	360504	100	60	1.15823	0.742072	39	38.3	126929	42	1944	1.00785	1.0013	1777
209	686931	1931	295760	391170	100	60	1.36873	0.742072	39	38.3	126929	42	1944	1.01099	1.00534	1777
210	557826	1719	163258	394568	100	60	1.50053	0.742072	38	38.3	126929	42	1944	1.09061	1.13817	1777
211	609505	1367	237557	370297	100	60	0.738091	0.742072	39	38.3	0	42	1944	1.02953	1.02279	1777
212	535470	1147	145225	389726	100	60	0.610191	0.742072	39	38.3	0	42	1944	1.0176	1.00897	1777
213	636881	960	234973	400328	100	60	0.514467	0.742072	39	38.3	0	42	1944	1.00985	0.999172	1777
214	746075	840	312308	431887	100	60	0.546777	0.742072	39	38.3	0	42	1944	1.01041	0.999639	1777
215	785429	740	350647	433127	100	60	0.60579	0.742072	39	38.3	0	42	1944	1.01186	1.00106	1777
216	788694	1561	367153	421541	100	60	1.23743	0.742072	39	38.3	0	42	1944	1.01319	1.00161	1777
217	810742	1571	388148	422594	100	60	1.43221	0.742072	39	38.3	0	42	1944	1.01523	1.00381	1777
218	829460	1507	405499	423961	100	60	1.59306	0.742072	39	38.3	0	42	1944	1.02057	1.01136	1777
219	799995	1232	397923	402071	100	60	1.63622	0.742072	39	38.3	0	42	1944	1.02821	1.02202	1777
220	701212	1038	318602	382610	100	60	1.69718	0.742072	39	38.3	80569.4	42	1944	1.03222	1.02418	1777
221	702333	908	339217	363117	100	60	1.75881	0.742072	39	38.3	80569.4	42	1944	1.03959	1.03319	1777
222	673192	787	337060	336132	100	60	1.79912	0.742072	39	38.3	80569.4	42	1944	1.04451	1.03827	1777
223	622935	673	319381	303554	100	60	1.86385	0.742072	39	38.3	80569.4	42	1944	1.06235	1.04783	1777
224	434019	597	152145	281874	100	60	1.89226	0.742072	39	38.3	80569.4	42	1944	1.07025	1.05405	1777
225	454153	546	190996	263157	100	60	1.93293	0.742072	39	38.3	80569.4	42	1944	1.10433	1.08905	1777
226	340379	482	103909	235289	100	60	1.97825	0.742072	39	38.3	80569.4	42	1944	1.10075	1.0913	1777
227	360401	438	138624	215090	100	60	1.97541	0.742072	39	38.3	80569.4	42	1944	1.13771	1.12972	1777
228	367916	388	164797	195266	100	60	1.98665	0.742072	39	38.3	80569.4	42	1944	1.1401	1.11873	1777
229	377479	358	181840	184587	100	60	1.99393	0.742072	39	38.3	80569.4	42	1944	1.15467	1.11748	1777
230	369363	327	185965	173392	100	60	2.05476	0.742072	39	38.3	80569.4	42	1944	1.13514	1.09494	1777
231	341955	299	181603	160353	100	60	2.04645	0.742072	39	38.3	80569.4	42	1944	1.13576	1.1014	1777
232	255843	270	104470	151374	100	60	0.0920582	0.742072	39	38.3	155539	42	1944	1.00242	0.99263	1777
233	489915	258	205213	284702	100	60	0.08222	0.742072	39	38.3	155539	42	1944	1.00231	0.991227	1777
234	622586	224	261321	361265	100	60	0.0753072	0.742072	39	38.3	155539	42	1944	1.00182	0.99118	1777
235	612159	200	262514	349645	100	60	0.0804238	0.742072	39	38.3	155539	42	1944	1.0019	0.994279	1777
236	585784	187	261050	324733	100	60	0.0883843	0.742072	39	38.3	155539	42	1944	1.00214	0.995565	1777
237	638584	2405	293605	344979	100	60	0.982424	0.742072	39	38.3	155539	42	1944	1.00382	0.996452	1777
238	716837	2160	332315	384523	100	60	1.14143	0.742072	39	38.3	155539	42	1944	1.0059	0.998005	1777
239	741489	1861	347207	394282	100	60	1.36138	0.742072	39	38.3	155539	42	1944	1.00631	0.994884	1777
240	554752	1551	174519	380233	100	60	1.47041	0.742072	34	38.3	155539	42	1944	1.09201	1.15016	1777
241	616021	1287	249043	365383	100	60	0.682	0.742072	39	38.3	0	42	1944	1.02622	1.01771	1777
242	697183	1091	308019	386924	100	60	0.566042	0.742072	39	38.3	0	42	1944	1.0155	1.00425	1777
243	791292	941	364803	423783	100	60	0.517214	0.742072	39	38.3	0	42	1944	1.00953	0.997109	1777
244	829327	799	387637	439460	100	60	0.542778	0.742072	39	38.3	0	42	1944	1.0099	0.997405	1777
245	827361	722	392273	433224	100	60	0.609235	0.742072	39	38.3	0	42	1944	1.01284	1.00114	1777
246	596923	1539	182400	414523	100	60	1.2234	0.742072	39	38.3	0	42	1944	1.01333	1.00296	1777
247	643502	1507	243992	399510	100	60	1.37313	0.742072	39	38.3	0	42	1944	1.0161	1.00682	1777
248	713670	1473	307255	406415	100	60	1.61504	0.742072	39	38.3	0	42	1944	1.01976	1.00684	1777
249	741131	1238	343251	397879	100	60	1.6877	0.742072	39	38.3	0	42	1944	1.02521	1.01056	1777
250	659684	1013	292181	367503	100	60	1.72706	0.742072	39	38.3	62063.7	42	1944	1.0303	1.01784	1777
251	673767	891	319690	354078	100	60	1.79207	0.742072	39	38.3	62063.7	42	1944	1.03374	1.02029	1777
252	695191	835	344791	350400	100	60	1.83105	0.742072	39	38.3	62063.7	42	1944	1.04392	1.0314	1777
253	649017	722	330715	318302	100	60	1.86724	0.742072	39	38.3	62063.7	42	1944	1.05915	1.05028	1777
254	618657	650	320809	297849	100	60	1.90419	0.742072	39	38.3	62063.7	42	1944	1.06971	1.06347	1777
255	590919	594	310387	280532	100	60	1.93888	0.742072	39	38.3	62063.7	42	1944	1.08187	1.06768	1777
256	540681	519	281688	250421	100	60	1.987	0.742072	39	38.3	62063.7	42	1944	1.10158	1.08171	1777
257	510481	467	263147	232492	100	60	2.008	0.742072	39	38.3	62063.7	42	1944	1.12024	1.09804	1777
258	473552	412	244599	215212	100	60	2.05251	0.742072	39	38.3	62063.7	42	1944	1.11982	1.09476	1777
259	413364	347	214700	186532	100	60	2.07074	0.742072	39	38.3	62063.7	42	1944	1.12011	1.08929	1777
260	278119	311	103425	172741	100	60	2.10679	0.742072	39	38.3	62063.7	42	1944	1.10938	1.08	1777
261	282608	282	124045	158563	100	60	2.12493	0.742072	39	38.3	62063.7	42	1944	1.13167	1.1161	1777
262	246654	262	96496.8	150158	100	60	0.140718	0.742072	39	38.3	111064	42	1944	1.00375	1.00259	1777
263	372157	233	155637	216520	100	60	0.106594	0.742072	39	38.3	111064	42	1944	1.00287	1.00201	1777
264	581020	211	252073	328947	100	60	0.100164	0.742072	39	38.3	111064	42	1944	1.00325	1.00203	1777
265	671383	178	288978	382405	100	60	0.0962816	0.742072	39	38.3	111064	42	1944	1.00325	1.00174	1777
266	652714	162	285472	367242	100	60	0.107021	0.742072	38	38.3	111064	42	1944	1.00412	1.00351	1777
267	641988	2136	289922	352066	100	60	0.82976	0.742072	38	38.3	111064	42	1944	1.00549	1.00611	1777
268	687892	1849	318837	369054	100	60	0.888919	0.742072	38	38.3	111064	42	1944	1.00682	1.00966	1777
269	758527	1717	357905	400622	100	60	1.08381	0.742072	38	38.3	111064	42	1944	1.00904	1.01183	1777
270	597322	1616	189651	407671	100	60	1.19529	0.742072	34	38.3	111064	42	1944	1.11906	1.20709	1777
271	620487	1271	253203	364250	100	60	0.903087	0.742072	39	38.3	0	42	1944	1.06314	1.0716	1777
272	661357	1056	300901	356513	100	60	0.778486	0.742072	39	38.3	0	42	1944	1.0344	1.02963	1777
273	696424	883	335560	356047	100	60	0.710115	0.742072	39	38.3	0	42	1944	1.01991	1.01243	1777
274	752502	783	371652	376358	100	60	0.75285	0.742072	39	38.3	0	42	1944	1.02046	1.01018	1777
275	796156	709	396624	395703	100	60	0.803039	0.742072	39	38.3	0	42	1944	1.02093	1.01086	1777
276	813160	1171	409171	403990	100	60	1.284	0.742072	39	38.3	0	42	1944	1.02899	1.01824	1777
277	819257	1267	415352	403904	100	60	1.46357	0.742072	39	38.3	0	42	1944	1.03534	1.02415	1777
278	820107	1247	419669	400439	100	60	1.55574	0.742072	39	38.3	0	42	1944	1.04267	1.03887	1777
279	786871	1034	407676	379196	100	60	1.53989	0.742072	39	38.3	0	42	1944	1.04758	1.04688	1777
280	712743	938	338965	373778	100	60	1.54421	0.742072	39	38.3	79343.3	42	1944	1.05973	1.06573	1777
281	705086	839	351796	353291	100	60	1.55714	0.742072	39	38.3	79343.3	42	1944	1.08708	1.09794	1777
282	691504	762	355911	335593	100	60	1.5801	0.742072	39	38.3	79343.3	42	1944	1.09564	1.1028	1777
283	661382	691	346818	314564	100	60	1.62091	0.742072	39	38.3	79343.3	42	1944	1.11139	1.11817	1777
284	626107	628	332268	293840	100	60	1.61547	0.742072	39	38.3	79343.3	42	1944	1.14735	1.15738	1777
285	585616	567	312825	272791	100	60	1.60887	0.742072	39	38.3	79343.3	42	1944	1.17264	1.17029	1777
286	553627	523	293570	252866	100	60	1.59223	0.742072	39	38.3	79343.3	42	1944	1.21024	1.19565	1777
287	537634	488	282521	241794	100	60	1.5972	0.742072	39	38.3	79343.3	42	1944	1.23611	1.21353	1777
288	500581	444	263675	224942	100	60	1.60112	0.742072	39	38.3	79343.3	42	1944	1.23163	1.21226	1777
289	477600	419	252270	213889	100	60	1.6273	0.742072	39	38.3	79343.3	42	1944	1.23188	1.20558	1777
290	468655	405	247568	210344	100	60	1.64492	0.742072	39	38.3	79343.3	42	1944	1.23664	1.21658	1777
291	418544	370	225806	192738	100	60	1.66301	0.742072	39	38.3	79343.3	42	1944	1.24713	1.24096	1777
292	290128	353	102655	187473	100	60	0.104278	0.742072	39	38.3	86984.2	42	1944	1.00471	1.00113	1777
293	516556	310	206634	309922	100	60	0.0846586	0.742072	39	38.3	86984.2	42	1944	1.00416	1.00027	1777
294	639644	287	262568	377076	100	60	0.0834323	0.742072	39	38.3	86984.2	42	1944	1.00471	1.00203	1777
295	456797	258	109535	347262	100	60	0.0916914	0.742072	39	38.3	86984.2	42	1944	1.00564	1.00529	1777
296	451088	230	140768	310320	100	60	0.102697	0.742072	39	38.3	86984.2	42	1944	1.00636	1.00742	1777
297	561307	2434	215563	345744	100	60	0.911603	0.742072	39	38.3	86984.2	42	1944	1.00916	1.00829	1777
298	676614	2356	286967	389647	100	60	1.14751	0.742072	39	38.3	86984.2	42	1944	1.01282	1.01152	1777
299	724300	1995	323131	401169	100	60	1.26737	0.742072	39	38.3	86984.2	42	1944	1.01549	1.01656	1777
300	464052	1722	77717.4	386335	100	60	1.34998	0.742072	39	38.3	86984.2	42	1944	1.08521	1.14353	1777
301	479280	1358	138905	338514	100	60	0.514878	0.742072	39	38.3	0	42	1944	1.01868	1.01453	1777
302	600010	1139	226503	371415	100	60	0.42715	0.742072	39	38.3	0	42	1944	1.01164	1.00652	1777
303	736980	974	312147	421470	100	60	0.410771	0.742072	39	38.3	0	42	1944	1.00876	1.00147	1777
304	798157	826	354272	440814	100	60	0.448426	0.742072	39	38.3	0	42	1944	1.00794	0.999233	1777
305	780485	713	359994	417948	100	60	0.488989	0.742072	39	38.3	0	42	1944	1.00929	1.00127	1777
306	778521	1698	372090	406430	100	60	1.10545	0.742072	39	38.3	0	42	1944	1.01073	1.00429	1777
307	785790	1596	383691	402099	100	60	1.24659	0.742072	39	38.3	0	42	1944	1.01236	1.00965	1777
308	800318	1487	397147	403171	100	60	1.47131	0.742072	39	38.3	0	42	1944	1.01728	1.01418	1777
309	781785	1208	394637	387148	100	60	1.54768	0.742072	39	38.3	0	42	1944	1.02596	1.02492	1777
310	563093	1056	188037	375057	100	60	1.6212	0.742072	39	38.3	2845.57	42	1944	1.03327	1.03226	1777
311	569164	886	231767	337397	100	60	1.66929	0.742072	39	38.3	2845.57	42	1944	1.04023	1.03955	1777
312	582472	773	268636	313836	100	60	1.68985	0.742072	39	38.3	2845.57	42	1944	1.0507	1.05188	1777
313	609564	724	300582	308982	100	60	1.73629	0.742072	39	38.3	2845.57	42	1944	1.05889	1.05833	1777
314	611210	671	312587	298624	100	60	1.75574	0.742072	39	38.3	2845.57	42	1944	1.08145	1.08096	1777
315	571650	599	299629	272021	100	60	1.76378	0.742072	39	38.3	2845.57	42	1944	1.09663	1.09275	1777
316	515360	507	269458	238076	100	60	1.78247	0.742072	39	38.3	2845.57	42	1944	1.12321	1.12351	1777
317	469135	439	244196	211637	100	60	1.77805	0.742072	39	38.3	2845.57	42	1944	1.13598	1.13303	1777
318	424346	377	222518	189656	100	60	1.80318	0.742072	39	38.3	2845.57	42	1944	1.12039	1.11022	1777
319	423240	367	223726	187717	100	60	1.81536	0.742072	39	38.3	2845.57	42	1944	1.12145	1.10894	1777
320	391610	334	208139	172743	100	60	1.81957	0.742072	39	38.3	2845.57	42	1944	1.12286	1.10217	1777
321	259053	307	97796.9	161256	100	60	1.78408	0.742072	39	38.3	2845.57	42	1944	1.13125	1.11111	1777
322	255865	288	102863	153002	100	60	0.0830262	0.742072	39	38.3	22509.8	42	1944	1.00195	0.999258	1777
323	486708	240	198564	288144	100	60	0.0700999	0.742072	39	38.3	22509.8	42	1944	1.00191	0.999226	1777
324	615035	219	252839	362196	100	60	0.0678914	0.742072	38	38.3	22509.8	42	1944	1.00221	1.00011	1777
325	582712	198	248233	334479	100	60	0.0757155	0.742072	38	38.3	22509.8	42	1944	1.00231	1.00113	1777
326	421499	187	104090	317409	100	60	0.0849917	0.742072	38	38.3	22509.8	42	1944	1.00257	1.00215	1777
327	485595	2492	165691	319904	100	60	0.962017	0.742072	38	38.3	22509.8	42	1944	1.0041	1.00351	1777
328	629201	2280	249678	379524	100	60	1.18492	0.742072	38	38.3	22509.8	42	1944	1.00553	1.00577	1777
329	699949	1977	300798	399150	100	60	1.35949	0.742072	38	38.3	22509.8	42	1944	1.00651	1.00692	1777
330	566551	1751	166197	400354	100	60	1.4735	0.742072	32	38.3	22509.8	42	1944	1.07504	1.12085	1777
331	600769	1358	234187	364518	100	60	0.637261	0.742072	39	38.3	0	42	1944	1.02054	1.01912	1777
332	676751	1104	293873	380364	100	60	0.509156	0.742072	39	38.3	0	42	1944	1.01146	1.00773	1777
333	780410	941	356348	420726	100	60	0.463991	0.742072	39	38.3	0	42	1944	1.00814	1.00415	1777
334	855300	838	398191	453970	100	60	0.514965	0.742072	39	38.3	0	42	1944	1.00853	1.00453	1777
335	865563	775	411416	451317	100	60	0.569704	0.742072	39	38.3	0	42	1944	1.01053	1.00655	1777
336	854437	1661	414153	440284	100	60	1.17348	0.742072	39	38.3	0	42	1944	1.01382	1.00978	1777
337	858169	1581	421575	436594	100	60	1.28606	0.742072	39	38.3	0	42	1944	1.01705	1.01468	1777
338	858039	1561	426005	432033	100	60	1.50983	0.742072	39	38.3	0	42	1944	1.02108	1.01741	1777
339	830517	1275	417713	412804	100	60	1.55432	0.742072	39	38.3	0	42	1944	1.02984	1.02918	1777
340	736805	1109	334206	402599	100	60	1.62964	0.742072	39	38.3	89886.2	42	1944	1.04274	1.04719	1777
341	754751	1001	363497	391254	100	60	1.689	0.742072	39	38.3	89886.2	42	1944	1.05069	1.05433	1777
342	758366	911	378665	379700	100	60	1.71063	0.742072	39	38.3	89886.2	42	1944	1.05945	1.06202	1777
343	729011	815	373522	355488	100	60	1.72165	0.742072	39	38.3	89886.2	42	1944	1.07865	1.08292	1777
344	678589	717	352681	325908	100	60	1.75399	0.742072	39	38.3	89886.2	42	1944	1.09732	1.10169	1777
345	625581	633	328416	297166	100	60	1.77614	0.742072	39	38.3	89886.2	42	1944	1.11921	1.11878	1777
346	606853	584	316094	281730	100	60	1.80306	0.742072	39	38.3	89886.2	42	1944	1.14222	1.14186	1777
347	565963	523	292223	257946	100	60	1.82254	0.742072	39	38.3	89886.2	42	1944	1.15652	1.15098	1777
348	517836	464	267974	235280	100	60	1.87915	0.742072	39	38.3	89886.2	42	1944	1.14374	1.1317	1777
349	460707	395	240252	207263	100	60	1.90144	0.742072	39	38.3	89886.2	42	1944	1.14988	1.12929	1777
350	452583	382	237173	202958	100	60	1.91408	0.742072	39	38.3	89886.2	42	1944	1.15927	1.14011	1777
351	421628	361	227579	194049	100	60	1.93995	0.742072	39	38.3	89886.2	42	1944	1.16431	1.14159	1777
352	296419	319	121541	174877	100	60	0.101524	0.742072	39	38.3	183921	42	1944	1.00299	0.99675	1777
353	515987	279	215035	300953	100	60	0.0835773	0.742072	39	38.3	183921	42	1944	1.00323	0.996765	1777
354	642706	258	268925	373781	100	60	0.0806715	0.742072	39	38.3	183921	42	1944	1.00337	0.999128	1777
355	611849	231	263326	348523	100	60	0.0872392	0.742072	39	38.3	183921	42	1944	1.00348	1.0018	1777
356	579135	210	259304	319830	100	60	0.0954244	0.742072	39	38.3	183921	42	1944	1.00397	1.00328	1777
357	656762	2326	302639	354123	100	60	0.939813	0.742072	38	38.3	183921	42	1944	1.00641	1.00594	1777
358	738172	2139	343425	394747	100	60	1.10749	0.742072	38	38.3	183921	42	1944	1.00812	1.00891	1777
359	780680	1936	366770	413910	100	60	1.31603	0.742072	38	38.3	183921	42	1944	1.01143	1.01495	1777
360	592562	1747	185513	407049	100	60	1.42871	0.742072	36	38.3	183921	42	1944	1.0875	1.1542	1777
361	646725	1404	259175	385602	100	60	0.638751	0.742072	39	38.3	0	42	1944	1.02405	1.0197	1777
362	718091	1114	315329	400196	100	60	0.496843	0.742072	39	38.3	0	42	1944	1.01486	1.00976	1777
363	803135	932	367411	432631	100	60	0.454245	0.742072	39	38.3	0	42	1944	1.01106	1.00533	1777
364	822988	770	381449	438865	100	60	0.47436	0.742072	39	38.3	0	42	1944	1.01163	1.00523	1777
365	791036	687	374058	414758	100	60	0.523093	0.742072	39	38.3	0	42	1944	1.01379	1.00775	1777
366	774311	1543	374575	399736	100	60	1.1316	0.742072	39	38.3	0	42	1944	1.01781	1.01178	1777
367	790469	1474	387062	403407	100	60	1.23956	0.742072	39	38.3	0	42	1944	1.01798	1.01374	1777
368	792597	1461	393578	399018	100	60	1.55248	0.742072	39	38.3	0	42	1944	1.0249	1.01788	1777
369	586872	1224	192336	394537	100	60	1.61485	0.742072	39	38.3	0	42	1944	1.0331	1.03043	1777
370	591471	1017	226288	365184	100	60	1.72887	0.742072	39	38.3	13394.4	42	1944	1.03757	1.03564	1777
371	623195	898	274489	348706	100	60	1.78203	0.742072	39	38.3	13394.4	42	1944	1.05307	1.05045	1777
372	640829	801	306582	334247	100	60	1.79598	0.742072	39	38.3	13394.4	42	1944	1.07514	1.07789	1777
373	615313	697	307553	307760	100	60	1.86973	0.742072	39	38.3	13394.4	42	1944	1.08639	1.08986	1777
374	426094	601	146441	279652	100	60	1.88241	0.742072	39	38.3	13394.4	42	1944	1.10734	1.10906	1777
375	421356	519	173951	247405	100	60	1.88461	0.742072	39	38.3	13394.4	42	1944	1.12626	1.12524	1777
376	414961	452	189655	219057	100	60	1.89016	0.742072	39	38.3	13394.4	42	1944	1.162	1.1618	1777
377	422234	420	205200	206524	100	60	1.92219	0.742072	39	38.3	13394.4	42	1944	1.16851	1.16667	1777
378	402627	370	202754	188777	100	60	1.94623	0.742072	39	38.3	13394.4	42	1944	1.16839	1.16056	1777
379	391796	342	200508	180418	100	60	1.97626	0.742072	39	38.3	13394.4	42	1944	1.15143	1.14861	1777
380	371178	309	192132	169180	100	60	2.00101	0.742072	39	38.3	13394.4	42	1944	1.15238	1.13699	1777
381	354325	299	189508	164818	100	60	2.02019	0.742072	39	38.3	13394.4	42	1944	1.15667	1.1444	1777
382	265923	287	107589	158335	100	60	0.0967159	0.742072	39	38.3	98025.1	42	1944	1.00294	0.996742	1777
383	495118	266	205480	289639	100	60	0.0827475	0.742072	39	38.3	98025.1	42	1944	1.00234	0.996701	1777
384	631343	231	262795	368548	100	60	0.0769068	0.742072	39	38.3	98025.1	42	1944	1.00258	0.997699	1777
385	466481	215	113266	353215	100	60	0.0863449	0.742072	39	38.3	98025.1	42	1944	1.00312	0.999309	1777
386	462285	198	144356	317930	100	60	0.0972816	0.742072	39	38.3	98025.1	42	1944	1.00344	1.00102	1777
387	559857	2374	211708	348149	100	60	0.995143	0.742072	39	38.3	98025.1	42	1944	1.00514	1.00281	1777
388	678395	2298	282749	395646	100	60	1.25017	0.742072	39	38.3	98025.1	42	1944	1.00748	1.00722	1777
389	747845	2035	328559	419287	100	60	1.44978	0.742072	39	38.3	98025.1	42	1944	1.00995	1.01154	1777
390	590432	1791	174792	415640	100	60	1.555	0.742072	35	38.3	98025.1	42	1944	1.08686	1.14246	1777
391	607317	1351	236632	369063	100	60	0.736002	0.742072	39	38.3	0	42	1944	1.02798	1.02652	1777
392	693065	1141	300842	390101	100	60	0.591568	0.742072	39	38.3	0	42	1944	1.01564	1.01063	1777
393	765621	945	349139	413876	100	60	0.52381	0.742072	39	38.3	0	42	1944	1.01031	1.00399	1777
394	836410	818	387784	446257	100	60	0.550612	0.742072	39	38.3	0	42	1944	1.01101	1.0045	1777
395	629012	717	187943	440852	100	60	0.591196	0.742072	39	38.3	0	42	1944	1.01369	1.00997	1777
396	518090	1532	109265	408825	100	60	1.21461	0.742072	39	38.3	0	42	1944	1.01399	1.00967	1777
397	552274	1482	171805	380469	100	60	1.36268	0.742072	39	38.3	0	42	1944	1.01453	1.01251	1777
398	613822	1463	238756	375067	100	60	1.66119	0.742072	39	38.3	0	42	1944	1.01914	1.01444	1777
399	652476	1195	287505	364971	100	60	1.7373	0.742072	39	38.3	0	42	1944	1.02522	1.02355	1777
400	615452	992	268199	347253	100	60	1.82119	0.742072	39	38.3	50667.7	42	1944	1.03309	1.03134	1777
401	472384	861	144644	327740	100	60	1.88615	0.742072	39	38.3	50667.7	42	1944	1.04492	1.03721	1777
402	393029	745	92734.6	300294	100	60	1.92284	0.742072	39	38.3	50667.7	42	1944	1.04888	1.04993	1777
403	406037	646	137713	268324	100	60	1.93109	0.742072	39	38.3	50667.7	42	1944	1.06258	1.06231	1777
404	439835	594	184737	255099	100	60	1.96359	0.742072	39	38.3	50667.7	42	1944	1.08215	1.08191	1777
405	463219	545	218641	244578	100	60	1.97532	0.742072	39	38.3	50667.7	42	1944	1.08668	1.09346	1777
406	461717	484	226898	227345	100	60	1.97153	0.742072	39	38.3	50667.7	42	1944	1.11173	1.1153	1777
407	463190	450	231789	218797	100	60	2.01071	0.742072	39	38.3	50667.7	42	1944	1.1289	1.13303	1777
408	440639	406	223903	204561	100	60	2.02382	0.742072	39	38.3	50667.7	42	1944	1.12383	1.12308	1777
409	419061	369	214989	192302	100	60	2.03096	0.742072	39	38.3	50667.7	42	1944	1.12435	1.11517	1777
410	384635	326	199238	175042	100	60	2.0557	0.742072	39	38.3	50667.7	42	1944	1.12874	1.12141	1777
411	343921	298	184609	159311	100	60	2.04185	0.742072	39	38.3	50667.7	42	1944	1.13158	1.12057	1777
412	268813	290	109838	158975	100	60	0.102061	0.742072	39	38.3	129354	42	1944	1.00289	0.997105	1777
413	382604	271	101162	281442	100	60	0.0874962	0.742072	39	38.3	129354	42	1944	1.00253	0.996522	1777
414	557365	241	187905	369460	100	60	0.0754338	0.742072	39	38.3	129354	42	1944	1.00225	0.997492	1777
415	572730	205	213654	359076	100	60	0.0770315	0.742072	39	38.3	129354	42	1944	1.00216	0.999034	1777
416	537306	168	217146	320160	100	60	0.0795595	0.742072	39	38.3	129354	42	1944	1.00265	1.00094	1777
417	595474	2362	258047	337427	100	60	0.99962	0.742072	39	38.3	129354	42	1944	1.00418	1.00176	1777
418	687123	2126	308434	378689	100	60	1.16842	0.742072	39	38.3	129354	42	1944	1.00522	1.00322	1777
419	743456	1937	340675	402781	100	60	1.44841	0.742072	39	38.3	129354	42	1944	1.00736	1.00706	1777
420	594958	1741	182124	412834	100	60	1.60276	0.742072	39	38.3	129354	42	1944	1.09552	1.15889	1777
421	646298	1415	255810	389901	100	60	0.840336	0.742072	39	38.3	0	42	1944	1.03231	1.03053	1777
422	720281	1195	314460	404894	100	60	0.694671	0.742072	39	38.3	0	42	1944	1.0169	1.01009	1777
423	806598	1034	370583	435045	100	60	0.645964	0.742072	39	38.3	0	42	1944	1.01137	1.00322	1777
424	878789	924	411014	466860	100	60	0.700822	0.742072	39	38.3	0	42	1944	1.01212	1.00274	1777
425	871180	815	412622	457737	100	60	0.75791	0.742072	39	38.3	0	42	1944	1.01642	1.00879	1777
426	851537	1624	409084	442453	100	60	1.40472	0.742072	39	38.3	0	42	1944	1.02043	1.01312	1777
427	823937	1487	401446	422491	100	60	1.51834	0.742072	39	38.3	0	42	1944	1.02323	1.01983	1777
428	806866	1339	398353	408513	100	60	1.65823	0.742072	39	38.3	0	42	1944	1.02884	1.0324	1777
429	784658	1134	391838	392820	100	60	1.71726	0.742072	39	38.3	0	42	1944	1.03437	1.03819	1777
430	635934	951	269545	366388	100	60	1.77107	0.742072	39	38.3	123180	42	1944	1.03902	1.0456	1777
431	643163	838	298334	344829	100	60	1.8583	0.742072	39	38.3	123180	42	1944	1.04471	1.04934	1777
432	642513	750	314896	327617	100	60	1.90885	0.742072	39	38.3	123180	42	1944	1.05876	1.06729	1777
433	628540	677	317661	310879	100	60	1.93983	0.742072	39	38.3	123180	42	1944	1.07558	1.09132	1777
434	612418	617	315622	296796	100	60	1.97064	0.742072	39	38.3	123180	42	1944	1.09321	1.10873	1777
435	434860	564	152472	282388	100	60	2.02163	0.742072	39	38.3	123180	42	1944	1.11318	1.12477	1777
436	468556	532	192247	268698	100	60	2.02341	0.742072	39	38.3	123180	42	1944	1.1206	1.14038	1777
437	460241	469	207757	240647	100	60	2.05989	0.742072	39	38.3	123180	42	1944	1.11284	1.11714	1777
438	445022	412	212329	219371	100	60	2.09474	0.742072	39	38.3	123180	42	1944	1.10835	1.11055	1777
439	399782	344	197671	189959	100	60	2.14488	0.742072	39	38.3	123180	42	1944	1.11765	1.11009	1777
440	354437	283	179049	165124	100	60	2.17613	0.742072	39	38.3	123180	42	1944	1.10169	1.09259	1777
441	338400	268	177688	160712	100	60	2.20471	0.742072	39	38.3	123180	42	1944	1.12132	1.11067	1777
442	229098	239	84084.4	145014	100	60	0.0879667	0.742072	39	38.3	217148	42	1944	1.0021	1.00111	1777
443	443253	209	176908	266345	100	60	0.0691565	0.742072	39	38.3	217148	42	1944	1.00195	1.00119	1777
444	623240	187	253125	370115	100	60	0.0652617	0.742072	39	38.3	217148	42	1944	1.00173	1.00112	1777
445	483983	177	114335	369649	100	60	0.0736952	0.742072	39	38.3	217148	42	1944	1.00181	1.00155	1777
446	452785	157	137252	315532	100	60	0.0800165	0.742072	39	38.3	217148	42	1944	1.00209	1.00252	1777
447	542515	2452	202442	340073	100	60	1.02842	0.742072	39	38.3	217148	42	1944	1.00317	1.00379	1777
448	681703	2407	280823	400880	100	60	1.34125	0.742072	39	38.3	217148	42	1944	1.00506	1.00678	1777
449	765541	2083	330947	434593	100	60	1.51227	0.742072	39	38.3	217148	42	1944	1.0062	1.00777	1777
450	592962	1803	172046	420916	100	60	1.63035	0.742072	34	38.3	217148	42	1944	1.07304	1.12758	1777
451	622831	1380	240856	380683	100	60	0.815451	0.742072	39	38.3	0	42	1944	1.0268	1.02855	1777
452	705200	1146	304484	398962	100	60	0.648541	0.742072	39	38.3	0	42	1944	1.01519	1.01358	1777
453	794400	986	361440	430857	100	60	0.598034	0.742072	39	38.3	0	42	1944	1.0105	1.00683	1777
454	856848	862	397625	457368	100	60	0.654728	0.742072	39	38.3	0	42	1944	1.01174	1.00706	1777
455	859612	777	406624	451396	100	60	0.712731	0.742072	39	38.3	0	42	1944	1.01385	1.00982	1777
456	839758	1559	403128	436630	100	60	1.38174	0.742072	39	38.3	0	42	1944	1.01639	1.01476	1777
457	819335	1461	398264	421070	100	60	1.50656	0.742072	39	38.3	0	42	1944	1.01932	1.01917	1777
458	810479	1403	398638	411841	100	60	1.72953	0.742072	39	38.3	0	42	1944	1.02487	1.02144	1777
459	819047	1215	407066	411981	100	60	1.78686	0.742072	39	38.3	0	42	1944	1.02994	1.02554	1777
460	567194	1024	180788	386406	100	60	1.85584	0.742072	39	38.3	9524.11	42	1944	1.038	1.03324	1777
461	573309	858	226515	346794	100	60	1.89993	0.742072	39	38.3	9524.11	42	1944	1.04511	1.04312	1777
462	580184	734	261160	319024	100	60	1.92158	0.742072	39	38.3	9524.11	42	1944	1.06018	1.0643	1777
463	584261	657	282873	301388	100	60	1.95165	0.742072	39	38.3	9524.11	42	1944	1.06177	1.06555	1777
464	573769	597	287851	285919	100	60	2.01026	0.742072	39	38.3	9524.11	42	1944	1.08458	1.08586	1777
465	560424	558	287200	273224	100	60	2.0697	0.742072	39	38.3	9524.11	42	1944	1.09217	1.09058	1777
466	534862	509	272596	253380	100	60	2.11094	0.742072	39	38.3	9524.11	42	1944	1.12078	1.11133	1777
467	368214	461	131468	233701	100	60	2.13298	0.742072	39	38.3	9524.11	42	1944	1.13333	1.1286	1777
468	387238	424	159351	220396	100	60	2.18352	0.742072	39	38.3	9524.11	42	1944	1.12752	1.12077	1777
469	393356	384	180113	204153	100	60	2.20577	0.742072	39	38.3	9524.11	42	1944	1.12531	1.12195	1777
470	367330	325	178805	180681	100	60	2.24313	0.742072	39	38.3	9524.11	42	1944	1.12613	1.13269	1777
471	341814	295	176071	165744	100	60	2.24487	0.742072	39	38.3	9524.11	42	1944	1.14047	1.1362	1777
472	242909	261	91078.5	151831	100	60	0.101223	0.742072	39	38.3	96068.3	42	1944	1.00266	1.00177	1777
473	449336	239	182045	267291	100	60	0.0817574	0.742072	39	38.3	96068.3	42	1944	1.00241	1.00161	1777
474	623039	214	257998	365042	100	60	0.0780796	0.742072	39	38.3	96068.3	42	1944	1.00223	1.00171	1777
475	627858	197	264583	363275	100	60	0.0856117	0.742072	39	38.3	96068.3	42	1944	1.00263	1.00229	1777
476	581431	179	254114	327316	100	60	0.0941318	0.742072	38	38.3	96068.3	42	1944	1.00302	1.00406	1777
477	628270	2374	284755	343516	100	60	1.05967	0.742072	38	38.3	96068.3	42	1944	1.00559	1.00716	1777
478	541869	2209	150649	391220	100	60	1.23111	0.742072	37	38.3	96068.3	42	1944	1.00723	1.01014	1777
479	591436	1891	208495	382940	100	60	1.49948	0.742072	37	38.3	96068.3	42	1944	1.00837	1.00926	1777
480	521730	1683	132400	389330	100	60	1.64992	0.742072	35	38.3	96068.3	42	1944	1.08072	1.13059	1777
481	602268	1414	218434	382045	100	60	0.821604	0.742072	39	38.3	0	42	1944	1.02658	1.02776	1777
482	701410	1211	291676	407688	100	60	0.703852	0.742072	39	38.3	0	42	1944	1.01769	1.01599	1777
483	779456	1017	347097	429481	100	60	0.662825	0.742072	39	38.3	0	42	1944	1.01519	1.01214	1777
484	812463	826	372251	437859	100	60	0.673902	0.742072	39	38.3	0	42	1944	1.01654	1.01273	1777
485	838429	757	392757	443717	100	60	0.7363	0.742072	39	38.3	0	42	1944	1.01938	1.01629	1777
486	812093	1544	386858	425236	100	60	1.43132	0.742072	39	38.3	0	42	1944	1.02152	1.01843	1777
487	620625	1485	191321	429304	100	60	1.55285	0.742072	39	38.3	0	42	1944	1.02519	1.02409	1777
488	514832	1373	116589	398243	100	60	1.75198	0.742072	39	38.3	0	42	1944	1.02626	1.02201	1777
489	569297	1199	186245	383052	100	60	1.78417	0.742072	39	38.3	0	42	1944	1.03313	1.03112	1777
490	591898	1008	230914	360984	100	60	1.89394	0.742072	39	38.3	14570.4	42	1944	1.03691	1.03707	1777
491	628999	886	281733	347266	100	60	1.93807	0.742072	39	38.3	14570.4	42	1944	1.04206	1.03881	1777
492	648572	797	311535	337037	100	60	2.01007	0.742072	39	38.3	14570.4	42	1944	1.05852	1.05995	1777
493	637432	714	318448	318984	100	60	2.03663	0.742072	39	38.3	14570.4	42	1944	1.07101	1.06828	1777
494	604521	633	308078	296443	100	60	2.03549	0.742072	39	38.3	14570.4	42	1944	1.1019	1.09791	1777
495	541000	536	280072	260927	100	60	2.06509	0.742072	39	38.3	14570.4	42	1944	1.12416	1.12928	1777
496	506379	484	260527	237776	100	60	2.05495	0.742072	39	38.3	14570.4	42	1944	1.12854	1.13474	1777
497	461971	426	235922	213031	100	60	2.06223	0.742072	39	38.3	14570.4	42	1944	1.12527	1.1295	1777
498	435951	388	224148	199416	100	60	2.10462	0.742072	39	38.3	14570.4	42	1944	1.13119	1.12938	1777
499	384453	327	199274	174115	100	60	2.11037	0.742072	39	38.3	14570.4	42	1944	1.13824	1.12821	1777
500	258941	293	95587.5	161415	100	60	2.1633	0.742072	39	38.3	14570.4	42	1944	1.13043	1.12635	1777
501	266786	268	116204	150582	100	60	2.14484	0.742072	39	38.3	14570.4	42	1944	1.15074	1.14961	1777
502	227785	246	87492.8	140293	100	60	0.131108	0.742072	39	38.3	65290.1	42	1944	1.00425	1.00313	1777
503	366294	222	151623	214671	100	60	0.100148	0.742072	39	38.3	65290.1	42	1944	1.00341	1.00251	1777
504	577471	196	248791	328680	100	60	0.0928009	0.742072	39	38.3	65290.1	42	1944	1.00346	1.00249	1777
505	665901	180	285240	380661	100	60	0.0969223	0.742072	39	38.3	65290.1	42	1944	1.00389	1.00336	1777
506	654650	165	285450	369199	100	60	0.107489	0.742072	38	38.3	65290.1	42	1944	1.00491	1.00579	1777
507	642804	2143	288504	354300	100	60	0.844854	0.742072	38	38.3	65290.1	42	1944	1.00556	1.00855	1777
508	709324	1894	326939	382385	100	60	0.915552	0.742072	38	38.3	65290.1	42	1944	1.00694	1.01215	1777
509	767815	1700	361659	406155	100	60	1.09651	0.742072	38	38.3	65290.1	42	1944	1.00997	1.01648	1777
510	586659	1568	186359	400299	100	60	1.17321	0.742072	34	38.3	65290.1	42	1944	1.12343	1.22742	1777
511	612398	1239	250135	359323	100	60	0.900297	0.742072	39	38.3	0	42	1944	1.07047	1.07799	1777
512	683248	1083	310201	368866	100	60	0.809575	0.742072	39	38.3	0	42	1944	1.04348	1.04178	1777
513	729078	922	349797	374206	100	60	0.763272	0.742072	39	38.3	0	42	1944	1.0266	1.01979	1777
514	796049	818	390754	400573	100	60	0.792709	0.742072	39	38.3	0	42	1944	1.02517	1.01532	1777
515	836217	752	414172	418058	100	60	0.867935	0.742072	39	38.3	0	42	1944	1.02899	1.01691	1777
516	854209	1288	426645	427563	100	60	1.34415	0.742072	39	38.3	0	42	1944	1.03314	1.01789	1777
517	846420	1344	425321	421099	100	60	1.49393	0.742072	39	38.3	0	42	1944	1.03311	1.01952	1777
518	820779	1227	416424	404355	100	60	1.54821	0.742072	39	38.3	0	42	1944	1.03911	1.02721	1777
519	823154	1089	422542	400612	100	60	1.53968	0.742072	39	38.3	0	42	1944	1.04509	1.03532	1777
520	716874	952	338767	378107	100	60	1.53883	0.742072	39	38.3	77286.5	42	1944	1.05598	1.04777	1777
521	681896	815	335966	345929	100	60	1.56463	0.742072	39	38.3	77286.5	42	1944	1.07026	1.06931	1777
522	674757	740	343057	331700	100	60	1.63597	0.742072	39	38.3	77286.5	42	1944	1.08865	1.08916	1777
523	652267	674	337970	314296	100	60	1.67015	0.742072	39	38.3	77286.5	42	1944	1.11152	1.1086	1777
524	598185	594	314890	283296	100	60	1.68807	0.742072	39	38.3	77286.5	42	1944	1.12609	1.11149	1777
525	578884	556	307011	271873	100	60	1.69238	0.742072	39	38.3	77286.5	42	1944	1.15781	1.14391	1777
526	537223	501	282892	247446	100	60	1.70891	0.742072	39	38.3	77286.5	42	1944	1.17472	1.15975	1777
527	512874	456	267904	232627	100	60	1.7228	0.742072	39	38.3	77286.5	42	1944	1.1971	1.17849	1777
528	344848	413	128550	214301	100	60	1.72125	0.742072	39	38.3	77286.5	42	1944	1.20609	1.19023	1777
529	367368	389	157432	204484	100	60	1.72128	0.742072	39	38.3	77286.5	42	1944	1.23174	1.19837	1777
530	362111	348	171643	185544	100	60	1.68671	0.742072	39	38.3	77286.5	42	1944	1.27299	1.23692	1777
531	363746	335	184463	179282	100	60	1.65125	0.742072	39	38.3	77286.5	42	1944	1.30606	1.2671	1777
532	292353	298	126064	166289	100	60	0.102854	0.742072	39	38.3	136750	42	1944	1.00579	1.00387	1777
533	384653	279	103941	280712	100	60	0.0880407	0.742072	39	38.3	136750	42	1944	1.00497	1.00335	1777
534	574677	271	197156	377522	100	60	0.0821921	0.742072	39	38.3	136750	42	1944	1.00446	1.00336	1777
535	617051	257	232838	384214	100	60	0.090866	0.742072	39	38.3	136750	42	1944	1.00503	1.00324	1777
536	574538	219	233675	340862	100	60	0.0974273	0.742072	39	38.3	136750	42	1944	1.00564	1.00445	1777
537	613805	2126	268950	344854	100	60	0.785433	0.742072	39	38.3	136750	42	1944	1.00792	1.00525	1777
538	715048	1989	324814	390233	100	60	0.942369	0.742072	39	38.3	136750	42	1944	1.01038	1.00756	1777
539	747840	1830	346799	401041	100	60	1.16085	0.742072	39	38.3	136750	42	1944	1.01364	1.0098	1777
540	467179	1652	81776.9	385402	100	60	1.28427	0.742072	34	38.3	136750	42	1944	1.0852	1.14364	1777
541	491025	1329	145133	343829	100	60	0.644968	0.742072	39	38.3	0	42	1944	1.02906	1.02816	1777
542	483440	1161	111968	371107	100	60	0.547071	0.742072	39	38.3	0	42	1944	1.01658	1.01324	1777
543	593132	963	207268	383678	100	60	0.483035	0.742072	39	38.3	0	42	1944	1.01157	1.00653	1777
544	714901	821	292925	419769	100	60	0.506747	0.742072	39	38.3	0	42	1944	1.0117	1.00464	1777
545	770922	739	340904	428130	100	60	0.576084	0.742072	39	38.3	0	42	1944	1.01283	1.00578	1777
546	590985	1633	173701	417285	100	60	1.1327	0.742072	39	38.3	0	42	1944	1.01546	1.00969	1777
547	618596	1535	231469	387128	100	60	1.24687	0.742072	39	38.3	0	42	1944	1.01573	1.01203	1777
548	670212	1452	290173	380039	100	60	1.40433	0.742072	39	38.3	0	42	1944	1.01958	1.01871	1777
549	707251	1212	331282	375969	100	60	1.47437	0.742072	39	38.3	0	42	1944	1.0239	1.02324	1777
550	674202	1030	312972	361230	100	60	1.51207	0.742072	39	38.3	41045.9	42	1944	1.03511	1.03509	1777
551	662964	873	326654	336311	100	60	1.54743	0.742072	39	38.3	41045.9	42	1944	1.05611	1.05855	1777
552	656321	777	335297	321024	100	60	1.5797	0.742072	39	38.3	41045.9	42	1944	1.07273	1.08258	1777
553	473063	706	165460	307603	100	60	1.60308	0.742072	39	38.3	41045.9	42	1944	1.07717	1.08062	1777
554	487529	627	206747	280782	100	60	1.63339	0.742072	39	38.3	41045.9	42	1944	1.08696	1.08439	1777
555	467845	531	223669	244176	100	60	1.68285	0.742072	39	38.3	41045.9	42	1944	1.10714	1.10227	1777
556	476201	497	238064	231029	100	60	1.69959	0.742072	39	38.3	41045.9	42	1944	1.13869	1.13442	1777
557	460376	454	233726	214428	100	60	1.70568	0.742072	39	38.3	41045.9	42	1944	1.1609	1.1435	1777
558	434715	401	224133	198919	100	60	1.74881	0.742072	39	38.3	41045.9	42	1944	1.17506	1.14975	1777
559	402514	358	209041	182796	100	60	1.77285	0.742072	39	38.3	41045.9	42	1944	1.1897	1.151	1777
560	371659	324	194069	168087	100	60	1.767	0.742072	39	38.3	41045.9	42	1944	1.20122	1.15705	1777
561	341910	299	184000	157910	100	60	1.78135	0.742072	39	38.3	41045.9	42	1944	1.20333	1.15141	1777
562	266835	277	116504	150331	100	60	0.0908187	0.742072	39	38.3	103929	42	1944	1.00378	1.00283	1777
563	489254	252	208358	280896	100	60	0.077727	0.742072	39	38.3	103929	42	1944	1.0036	1.00282	1777
564	630857	229	266030	364826	100	60	0.0744754	0.742072	39	38.3	103929	42	1944	1.00331	1.00279	1777
565	612664	194	261230	351434	100	60	0.0759579	0.742072	38	38.3	103929	42	1944	1.00324	1.00305	1777
566	583162	174	257042	326120	100	60	0.0805438	0.742072	37	38.3	103929	42	1944	1.00328	1.00378	1777
567	646738	2345	294438	352300	100	60	0.913568	0.742072	37	38.3	103929	42	1944	1.00649	1.00824	1777
568	537913	2085	149644	388269	100	60	1.04292	0.742072	37	38.3	103929	42	1944	1.00901	1.01142	1777
569	464284	1855	93547.6	370736	100	60	1.29182	0.742072	37	38.3	103929	42	1944	1.01295	1.01291	1777
570	428245	1709	79608.3	348636	100	60	1.47399	0.742072	31	38.3	103929	42	1944	1.06688	1.10341	1777
571	486697	1396	155586	329143	100	60	0.617824	0.742072	39	38.3	0	42	1944	1.01583	1.01394	1777
572	613271	1185	239877	371288	100	60	0.513466	0.742072	39	38.3	0	42	1944	1.01057	1.00823	1777
573	572127	1007	153890	418072	100	60	0.487068	0.742072	39	38.3	0	42	1944	1.00729	1.00403	1777
574	672715	852	237884	433286	100	60	0.515067	0.742072	39	38.3	0	42	1944	1.008	1.00415	1777
575	716891	729	291346	424293	100	60	0.541479	0.742072	39	38.3	0	42	1944	1.00959	1.00603	1777
576	736713	1656	324777	411936	100	60	1.17291	0.742072	39	38.3	0	42	1944	1.01312	1.01124	1777
577	745213	1569	346172	399041	100	60	1.2686	0.742072	39	38.3	0	42	1944	1.01474	1.01717	1777
578	751574	1469	359947	391626	100	60	1.46328	0.742072	39	38.3	0	42	1944	1.01529	1.01913	1777
579	748475	1212	367514	380961	100	60	1.51329	0.742072	39	38.3	0	42	1944	1.01922	1.02486	1777
580	685618	1031	316768	368850	100	60	1.58958	0.742072	39	38.3	58895.8	42	1944	1.02511	1.03311	1777
581	680556	890	332649	347907	100	60	1.6666	0.742072	39	38.3	58895.8	42	1944	1.03167	1.03608	1777
582	645279	762	326102	319177	100	60	1.71859	0.742072	39	38.3	58895.8	42	1944	1.0504	1.05526	1777
583	606652	664	313387	293265	100	60	1.75176	0.742072	39	38.3	58895.8	42	1944	1.05431	1.05446	1777
584	568551	591	297542	271008	100	60	1.75711	0.742072	39	38.3	58895.8	42	1944	1.07724	1.08163	1777
585	519439	515	274249	245190	100	60	1.78534	0.742072	39	38.3	58895.8	42	1944	1.09272	1.0998	1777
586	479022	452	250736	220548	100	60	1.81325	0.742072	39	38.3	58895.8	42	1944	1.11198	1.11111	1777
587	473835	435	245191	214691	100	60	1.83797	0.742072	39	38.3	58895.8	42	1944	1.12128	1.12354	1777
588	455549	397	236082	205891	100	60	1.87062	0.742072	39	38.3	58895.8	42	1944	1.10427	1.10969	1777
589	417337	351	216925	187938	100	60	1.8874	0.742072	39	38.3	58895.8	42	1944	1.11957	1.12174	1777
590	395965	326	206655	177703	100	60	1.91134	0.742072	39	38.3	58895.8	42	1944	1.12012	1.12739	1777
591	375216	314	201807	173409	100	60	1.91431	0.742072	39	38.3	58895.8	42	1944	1.13924	1.14047	1777
592	254294	265	106735	147560	100	60	0.0877719	0.742072	39	38.3	140287	42	1944	1.00268	1.002	1777
593	489046	246	206132	282914	100	60	0.0757299	0.742072	39	38.3	140287	42	1944	1.00256	1.00185	1777
594	610383	204	254119	356264	100	60	0.0673924	0.742072	39	38.3	140287	42	1944	1.00208	1.00127	1777
595	591400	189	252398	339002	100	60	0.0744828	0.742072	39	38.3	140287	42	1944	1.00223	1.00175	1777
596	568827	168	250685	318142	100	60	0.0793741	0.742072	39	38.3	140287	42	1944	1.00226	1.00267	1777
597	630307	2284	286545	343762	100	60	0.959114	0.742072	39	38.3	140287	42	1944	1.00373	1.0041	1777
598	713492	2155	328340	385152	100	60	1.15525	0.742072	39	38.3	140287	42	1944	1.00558	1.00702	1777
599	744533	1910	346584	397949	100	60	1.41204	0.742072	39	38.3	140287	42	1944	1.008	1.00856	1777
600	565668	1666	175990	389678	100	60	1.50631	0.742072	36	38.3	140287	42	1944	1.08902	1.15223	1777
601	619259	1337	247585	370236	100	60	0.69734	0.742072	39	38.3	0	42	1944	1.02707	1.02728	1777
602	704699	1115	308521	394292	100	60	0.55942	0.742072	39	38.3	0	42	1944	1.01693	1.01441	1777
603	790545	944	360685	427699	100	60	0.52108	0.742072	39	38.3	0	42	1944	1.01122	1.00766	1777
604	830728	791	384244	444536	100	60	0.543574	0.742072	39	38.3	0	42	1944	1.01145	1.00763	1777
605	831470	724	390856	438904	100	60	0.605887	0.742072	39	38.3	0	42	1944	1.01332	1.0105	1777
606	794751	1495	381077	413675	100	60	1.24306	0.742072	39	38.3	0	42	1944	1.01739	1.01532	1777
607	768071	1417	373246	394824	100	60	1.36761	0.742072	39	38.3	0	42	1944	1.0178	1.01676	1777
608	761630	1358	374197	387433	100	60	1.59084	0.742072	39	38.3	0	42	1944	1.02606	1.02677	1777
609	756334	1129	376600	379735	100	60	1.62441	0.742072	39	38.3	0	42	1944	1.03462	1.03846	1777
610	655916	966	293008	362908	100	60	1.69469	0.742072	39	38.3	85145.2	42	1944	1.04369	1.04812	1777
611	648355	829	307902	340454	100	60	1.77868	0.742072	39	38.3	85145.2	42	1944	1.05226	1.0561	1777
612	636454	733	315719	320735	100	60	1.79801	0.742072	39	38.3	85145.2	42	1944	1.06366	1.07182	1777
613	582559	632	296652	285908	100	60	1.84694	0.742072	39	38.3	85145.2	42	1944	1.06367	1.07051	1777
614	562346	570	290698	271647	100	60	1.87864	0.742072	39	38.3	85145.2	42	1944	1.07328	1.08156	1777
615	538976	525	281096	257880	100	60	1.92058	0.742072	39	38.3	85145.2	42	1944	1.09704	1.10271	1777
616	512253	483	265057	238591	100	60	1.92957	0.742072	39	38.3	85145.2	42	1944	1.11091	1.11229	1777
617	467097	424	238908	213957	100	60	1.92878	0.742072	39	38.3	85145.2	42	1944	1.1349	1.12864	1777
618	419258	360	215027	191367	100	60	1.97482	0.742072	39	38.3	85145.2	42	1944	1.13542	1.12069	1777
619	379354	316	194904	172905	100	60	2.02269	0.742072	39	38.3	85145.2	42	1944	1.12195	1.10265	1777
620	341848	270	176056	155713	100	60	2.04979	0.742072	39	38.3	85145.2	42	1944	1.13768	1.11284	1777
621	313682	248	166676	147006	100	60	2.08429	0.742072	39	38.3	85145.2	42	1944	1.14516	1.13305	1777
622	228375	229	88685.5	139690	100	60	0.079922	0.742072	39	38.3	162009	42	1944	1.0021	0.998477	1777
623	463110	215	188521	274589	100	60	0.0690187	0.742072	39	38.3	162009	42	1944	1.00188	0.997974	1777
624	621707	203	255427	366280	100	60	0.069602	0.742072	39	38.3	162009	42	1944	1.00217	0.998598	1777
625	618697	185	259793	358905	100	60	0.0763147	0.742072	38	38.3	162009	42	1944	1.00241	0.999745	1777
626	589439	168	256280	333159	100	60	0.0807372	0.742072	38	38.3	162009	42	1944	1.00276	1.00135	1777
627	651104	2501	292483	358620	100	60	1.01896	0.742072	38	38.3	162009	42	1944	1.0048	1.00324	1777
628	723372	2197	329619	393753	100	60	1.15931	0.742072	38	38.3	162009	42	1944	1.00621	1.00423	1777
629	781989	1918	360581	421408	100	60	1.38718	0.742072	38	38.3	162009	42	1944	1.00965	1.00793	1777
630	604212	1739	185041	419170	100	60	1.50831	0.742072	34	38.3	162009	42	1944	1.08551	1.14657	1777
631	635527	1350	250198	383656	100	60	0.758495	0.742072	39	38.3	0	42	1944	1.02996	1.02612	1777
632	716138	1133	310936	403081	100	60	0.620465	0.742072	39	38.3	0	42	1944	1.01927	1.01401	1777
633	772196	904	350855	418734	100	60	0.534295	0.742072	39	38.3	0	42	1944	1.01229	1.00511	1777
634	824093	784	381632	440105	100	60	0.565275	0.742072	39	38.3	0	42	1944	1.01138	1.00311	1777
635	831127	709	390435	438602	100	60	0.618529	0.742072	39	38.3	0	42	1944	1.0132	1.00425	1777
636	619048	1480	185456	433593	100	60	1.24798	0.742072	39	38.3	0	42	1944	1.01595	1.00743	1777
637	652315	1484	242301	410014	100	60	1.45096	0.742072	39	38.3	0	42	1944	1.02238	1.01589	1777
638	718545	1459	305461	413085	100	60	1.68189	0.742072	39	38.3	0	42	1944	1.02703	1.02075	1777
639	765159	1234	350090	415069	100	60	1.73073	0.742072	39	38.3	0	42	1944	1.03046	1.02453	1777
640	697545	1042	302478	395067	100	60	1.79723	0.742072	39	38.3	65016.2	42	1944	1.04183	1.03876	1777
641	716583	926	333093	383490	100	60	1.87645	0.742072	39	38.3	65016.2	42	1944	1.062	1.05652	1777
642	721329	851	350485	370844	100	60	1.93095	0.742072	39	38.3	65016.2	42	1944	1.06947	1.06563	1777
643	694463	760	346435	348028	100	60	1.96791	0.742072	39	38.3	65016.2	42	1944	1.08865	1.08591	1777
644	658187	682	333339	324848	100	60	2.01253	0.742072	39	38.3	65016.2	42	1944	1.10487	1.09925	1777
645	606079	602	310054	296026	100	60	2.06998	0.742072	39	38.3	65016.2	42	1944	1.12275	1.12241	1777
646	579267	550	293433	276795	100	60	2.06681	0.742072	39	38.3	65016.2	42	1944	1.13735	1.12854	1777
647	537578	489	269957	252299	100	60	2.07257	0.742072	39	38.3	65016.2	42	1944	1.14779	1.13646	1777
648	488571	426	246243	228055	100	60	2.11734	0.742072	39	38.3	65016.2	42	1944	1.14739	1.13333	1777
649	453390	380	229642	210488	100	60	2.12536	0.742072	39	38.3	65016.2	42	1944	1.14948	1.14206	1777
650	425913	350	217187	196794	100	60	2.15661	0.742072	39	38.3	65016.2	42	1944	1.14121	1.14067	1777
651	362532	301	190722	171811	100	60	2.14759	0.742072	39	38.3	65016.2	42	1944	1.1495	1.13523	1777
652	226924	258	74310.9	152613	100	60	0.0885027	0.742072	39	38.3	78537.5	42	1944	1.00265	0.993444	1777
653	467107	245	180133	286974	100	60	0.0757321	0.742072	39	38.3	78537.5	42	1944	1.00251	0.992682	1777
654	614625	227	247494	367131	100	60	0.0751869	0.742072	39	38.3	78537.5	42	1944	1.00294	0.993129	1777
655	598422	200	248324	350099	100	60	0.0798259	0.742072	39	38.3	78537.5	42	1944	1.00347	0.994821	1777
656	590880	195	255927	334953	100	60	0.0932205	0.742072	39	38.3	78537.5	42	1944	1.00398	0.997136	1777
657	648736	2359	289733	359004	100	60	1.0136	0.742072	39	38.3	78537.5	42	1944	1.00583	0.998036	1777
658	718284	2161	326024	392259	100	60	1.21636	0.742072	39	38.3	78537.5	42	1944	1.008	1	1777
659	753743	1898	346752	406992	100	60	1.46857	0.742072	39	38.3	78537.5	42	1944	1.01144	1.00136	1777
660	473130	1650	80557.6	392572	100	60	1.60139	0.742072	38	38.3	78537.5	42	1944	1.08879	1.14268	1777
661	495170	1313	143326	350646	100	60	0.619211	0.742072	39	38.3	0	42	1944	1.02279	1.01453	1777
662	597375	1101	223627	372339	100	60	0.501439	0.742072	39	38.3	0	42	1944	1.01438	1.00299	1777
663	724749	939	303577	419040	100	60	0.4715	0.742072	39	38.3	0	42	1944	1.01054	0.99943	1777
664	799265	814	348242	449061	100	60	0.51566	0.742072	39	38.3	0	42	1944	1.01081	1	1777
665	802739	731	360876	440184	100	60	0.582807	0.742072	39	38.3	0	42	1944	1.01357	1.00154	1777
666	806491	1644	373011	433480	100	60	1.27388	0.742072	39	38.3	0	42	1944	1.0165	1.00354	1777
667	800789	1492	378000	422789	100	60	1.40256	0.742072	39	38.3	0	42	1944	1.02032	1.00774	1777
668	600758	1471	185981	414777	100	60	1.66515	0.742072	39	38.3	0	42	1944	1.02288	1.00819	1777
669	624555	1217	238259	386296	100	60	1.73428	0.742072	39	38.3	0	42	1944	1.02414	1.01155	1777
670	655861	1073	268933	386928	100	60	1.84532	0.742072	39	38.3	28610.6	42	1944	1.03526	1.02247	1777
671	659595	918	297990	361605	100	60	1.95973	0.742072	39	38.3	28610.6	42	1944	1.04348	1.03063	1777
672	634360	779	304141	330219	100	60	1.99393	0.742072	39	38.3	28610.6	42	1944	1.05645	1.04242	1777
673	604435	681	300515	303919	100	60	2.00163	0.742072	39	38.3	28610.6	42	1944	1.06675	1.0531	1777
674	562803	582	285431	277372	100	60	2.01798	0.742072	39	38.3	28610.6	42	1944	1.1	1.08103	1777
675	539436	530	276803	262633	100	60	2.03442	0.742072	39	38.3	28610.6	42	1944	1.10373	1.08129	1777
676	496489	466	253795	234808	100	60	2.00854	0.742072	39	38.3	28610.6	42	1944	1.12291	1.10151	1777
677	470070	418	237912	218920	100	60	2.0427	0.742072	39	38.3	28610.6	42	1944	1.12766	1.10949	1777
678	456197	387	231574	211371	100	60	2.0648	0.742072	39	38.3	28610.6	42	1944	1.12093	1.09737	1777
679	437603	355	222752	202026	100	60	2.09559	0.742072	39	38.3	28610.6	42	1944	1.1137	1.08934	1777
680	417839	332	213154	192893	100	60	2.1257	0.742072	39	38.3	28610.6	42	1944	1.12356	1.09598	1777
681	372652	303	195887	176765	100	60	2.15182	0.742072	39	38.3	28610.6	42	1944	1.12662	1.11379	1777
682	236749	270	76468.4	160280	100	60	0.0941885	0.742072	39	38.3	43676.3	42	1944	1.00261	1.00187	1777
683	476540	252	183679	292861	100	60	0.0775312	0.742072	39	38.3	43676.3	42	1944	1.00227	1.0015	1777
684	635628	237	254026	381602	100	60	0.079671	0.742072	38	38.3	43676.3	42	1944	1.00268	1.00216	1777
685	623236	205	256638	366598	100	60	0.0830866	0.742072	38	38.3	43676.3	42	1944	1.00316	1.00253	1777
686	565166	167	240755	324411	100	60	0.0808084	0.742072	37	38.3	43676.3	42	1944	1.00289	1.00255	1777
687	614639	2443	272573	342066	100	60	1.02823	0.742072	37	38.3	43676.3	42	1944	1.00402	1.00311	1777
688	704438	2241	317683	386756	100	60	1.20374	0.742072	37	38.3	43676.3	42	1944	1.00381	1.00281	1777
689	758673	1891	346187	412486	100	60	1.41218	0.742072	37	38.3	43676.3	42	1944	1.00616	1.00471	1777
690	581595	1706	176275	405320	100	60	1.5704	0.742072	34	38.3	43676.3	42	1944	1.09442	1.16275	1777
691	619064	1331	242521	375116	100	60	0.732415	0.742072	39	38.3	0	42	1944	1.03132	1.03254	1777
692	712219	1131	305147	405085	100	60	0.599902	0.742072	39	38.3	0	42	1944	1.02004	1.01854	1777
693	820580	989	367484	450597	100	60	0.566163	0.742072	39	38.3	0	42	1944	1.01513	1.01254	1777
694	871197	854	396473	472445	100	60	0.59623	0.742072	39	38.3	0	42	1944	1.01616	1.01157	1777
695	873380	789	402745	468714	100	60	0.666582	0.742072	39	38.3	0	42	1944	1.02108	1.01577	1777
696	863674	1585	405634	458041	100	60	1.32959	0.742072	39	38.3	0	42	1944	1.02422	1.01979	1777
697	840521	1510	400997	439524	100	60	1.47556	0.742072	39	38.3	0	42	1944	1.02498	1.02092	1777
698	815906	1425	394536	421370	100	60	1.68463	0.742072	39	38.3	0	42	1944	1.0257	1.0199	1777
699	808780	1187	396167	412613	100	60	1.76173	0.742072	39	38.3	0	42	1944	1.03514	1.02726	1777
700	659774	969	280231	379543	100	60	1.86911	0.742072	39	38.3	107838	42	1944	1.04297	1.03229	1777
701	653425	831	300592	352832	100	60	1.94288	0.742072	39	38.3	107838	42	1944	1.05149	1.04374	1777
702	604325	677	292813	311512	100	60	2.00112	0.742072	39	38.3	107838	42	1944	1.06118	1.05672	1777
703	596102	615	296982	299119	100	60	2.02144	0.742072	39	38.3	107838	42	1944	1.08491	1.08237	1777
704	426296	558	142513	283783	100	60	2.05523	0.742072	39	38.3	107838	42	1944	1.1087	1.11397	1777
705	433853	500	174976	258877	100	60	2.08533	0.742072	39	38.3	107838	42	1944	1.11586	1.12705	1777
706	434995	442	195079	232920	100	60	2.08688	0.742072	39	38.3	107838	42	1944	1.1281	1.13256	1777
707	435641	405	206991	217799	100	60	2.11119	0.742072	39	38.3	107838	42	1944	1.12471	1.12788	1777
708	422019	366	207055	203012	100	60	2.15865	0.742072	39	38.3	107838	42	1944	1.12304	1.11048	1777
709	396415	324	197062	187850	100	60	2.16918	0.742072	39	38.3	107838	42	1944	1.12689	1.1129	1777
710	364913	284	182687	171968	100	60	2.18306	0.742072	39	38.3	107838	42	1944	1.15385	1.13383	1777
711	322874	250	166286	156588	100	60	2.15113	0.742072	39	38.3	107838	42	1944	1.16206	1.16738	1777
712	222071	238	67767.2	154304	100	60	0.0856441	0.742072	39	38.3	123184	42	1944	1.00267	0.998716	1777
713	455169	217	169613	285556	100	60	0.0697842	0.742072	39	38.3	123184	42	1944	1.0024	0.999077	1777
714	614518	183	240868	373650	100	60	0.0623517	0.742072	39	38.3	123184	42	1944	1.00241	0.999119	1777
715	604628	165	243529	361099	100	60	0.068041	0.742072	39	38.3	123184	42	1944	1.00237	0.999351	1777
716	567799	155	238207	329592	100	60	0.075569	0.742072	39	38.3	123184	42	1944	1.00256	1.00175	1777
717	629443	2419	276271	353172	100	60	1.02748	0.742072	39	38.3	123184	42	1944	1.00435	1.00389	1777
718	700313	2154	313188	387124	100	60	1.18522	0.742072	39	38.3	123184	42	1944	1.00592	1.00622	1777
719	763867	1918	345763	418104	100	60	1.46022	0.742072	39	38.3	123184	42	1944	1.00999	1.01225	1777
720	596692	1734	178240	418452	100	60	1.61638	0.742072	38	38.3	123184	42	1944	1.08863	1.15246	1777
721	648147	1389	250740	395894	100	60	0.81927	0.742072	39	38.3	0	42	1944	1.03033	1.02838	1777
722	708981	1129	301725	405156	100	60	0.641923	0.742072	39	38.3	0	42	1944	1.01865	1.01566	1777
723	780531	920	348081	430037	100	60	0.558613	0.742072	39	38.3	0	42	1944	1.01425	1.0086	1777
724	843554	785	381819	459550	100	60	0.583475	0.742072	39	38.3	0	42	1944	1.01515	1.00958	1777
725	848310	720	389212	457174	100	60	0.643545	0.742072	39	38.3	0	42	1944	1.01724	1.01299	1777
726	811565	1500	380139	431426	100	60	1.32356	0.742072	39	38.3	0	42	1944	1.02208	1.01804	1777
727	810346	1397	384993	425353	100	60	1.42045	0.742072	39	38.3	0	42	1944	1.02391	1.01805	1777
728	791847	1363	380670	411177	100	60	1.68558	0.742072	39	38.3	0	42	1944	1.02997	1.02372	1777
729	800285	1166	388525	411760	100	60	1.73224	0.742072	39	38.3	0	42	1944	1.03933	1.03646	1777
730	676631	993	282847	393783	100	60	1.82737	0.742072	39	38.3	108200	42	1944	1.05217	1.04703	1777
731	685578	860	309724	375855	100	60	1.93401	0.742072	39	38.3	108200	42	1944	1.06507	1.0628	1777
732	670415	748	317296	353119	100	60	2.00171	0.742072	39	38.3	108200	42	1944	1.08105	1.07483	1777
733	675371	696	328506	346866	100	60	2.04283	0.742072	39	38.3	108200	42	1944	1.10439	1.10029	1777
734	655052	637	323685	331367	100	60	2.09199	0.742072	39	38.3	108200	42	1944	1.11277	1.11526	1777
735	631264	592	315435	315830	100	60	2.11092	0.742072	39	38.3	108200	42	1944	1.12782	1.12021	1777
736	586092	524	290179	286694	100	60	2.1511	0.742072	39	38.3	108200	42	1944	1.13908	1.12574	1777
737	550332	472	270475	264473	100	60	2.17492	0.742072	39	38.3	108200	42	1944	1.152	1.12445	1777
738	500028	406	247613	237849	100	60	2.22317	0.742072	39	38.3	108200	42	1944	1.14455	1.11392	1777
739	506158	401	252354	239433	100	60	2.25288	0.742072	39	38.3	108200	42	1944	1.14914	1.12208	1777
740	348022	363	122796	222395	100	60	2.27574	0.742072	39	38.3	108200	42	1944	1.16066	1.13913	1777
741	339696	317	140342	199353	100	60	2.27338	0.742072	39	38.3	108200	42	1944	1.17555	1.14521	1777
742	249405	287	67745.7	181660	100	60	0.145832	0.742072	39	38.3	117768	42	1944	1.00415	1.00228	1777
743	408716	270	146020	262695	100	60	0.112974	0.742072	39	38.3	117768	42	1944	1.00345	1.00154	1777
744	628925	265	252033	376892	100	60	0.116703	0.742072	39	38.3	117768	42	1944	1.00379	1.00223	1777
745	687721	234	282197	405524	100	60	0.119038	0.742072	39	38.3	117768	42	1944	1.00425	1.00265	1777
746	642526	201	272393	370133	100	60	0.125652	0.742072	39	38.3	117768	42	1944	1.0047	1.00509	1777
747	641532	2042	283395	358137	100	60	0.903303	0.742072	39	38.3	117768	42	1944	1.00722	1.00984	1777
748	723103	1930	328459	394645	100	60	1.04219	0.742072	39	38.3	117768	42	1944	1.00983	1.01533	1777
749	761205	1680	353256	407949	100	60	1.26211	0.742072	39	38.3	117768	42	1944	1.0137	1.01891	1777
750	588320	1530	182583	405736	100	60	1.3653	0.742072	34	38.3	117768	42	1944	1.1249	1.21513	1777
751	590175	1212	215949	371808	100	60	0.912314	0.742072	39	38.3	0	42	1944	1.0609	1.06887	1777
752	641298	1029	275617	362715	100	60	0.774303	0.742072	39	38.3	0	42	1944	1.0326	1.02957	1777
753	704090	890	325515	374561	100	60	0.716445	0.742072	39	38.3	0	42	1944	1.02263	1.017	1777
754	764186	762	363527	396975	100	60	0.730244	0.742072	39	38.3	0	42	1944	1.02078	1.01202	1777
755	607616	691	191798	415419	100	60	0.791517	0.742072	39	38.3	0	42	1944	1.02369	1.01345	1777
756	671667	1334	261432	410236	100	60	1.33749	0.742072	39	38.3	0	42	1944	1.02518	1.01571	1777
757	719865	1381	314972	404894	100	60	1.49079	0.742072	39	38.3	0	42	1944	1.02336	1.01862	1777
758	736870	1313	346007	390863	100	60	1.61171	0.742072	39	38.3	0	42	1944	1.02677	1.02164	1777
759	715229	1050	350852	364377	100	60	1.59786	0.742072	39	38.3	0	42	1944	1.03609	1.03083	1777
760	633890	882	288995	344894	100	60	1.61114	0.742072	39	38.3	68128.6	42	1944	1.05529	1.05849	1777
761	641885	797	312833	329053	100	60	1.66019	0.742072	39	38.3	68128.6	42	1944	1.07854	1.08397	1777
762	611180	695	308431	302749	100	60	1.67327	0.742072	39	38.3	68128.6	42	1944	1.0897	1.08866	1777
763	608887	647	314301	294586	100	60	1.72482	0.742072	39	38.3	68128.6	42	1944	1.10332	1.10047	1777
764	555033	562	290168	264866	100	60	1.77757	0.742072	39	38.3	68128.6	42	1944	1.12031	1.10708	1777
765	549086	534	289803	259283	100	60	1.79215	0.742072	39	38.3	68128.6	42	1944	1.14456	1.13218	1777
766	524873	492	275351	242138	100	60	1.78288	0.742072	39	38.3	68128.6	42	1944	1.18321	1.16421	1777
767	497074	456	258400	225930	100	60	1.81104	0.742072	39	38.3	68128.6	42	1944	1.19831	1.16018	1777
768	469760	417	244755	212603	100	60	1.83349	0.742072	39	38.3	68128.6	42	1944	1.17401	1.13682	1777
769	435283	376	227313	196219	100	60	1.83574	0.742072	39	38.3	68128.6	42	1944	1.17179	1.13889	1777
770	391397	328	205280	175894	100	60	1.86553	0.742072	39	38.3	68128.6	42	1944	1.17507	1.13462	1777
771	381825	325	206246	175579	100	60	1.88508	0.742072	39	38.3	68128.6	42	1944	1.18154	1.15512	1777
772	260853	270	107854	152999	100	60	0.0963423	0.742072	39	38.3	148638	42	1944	1.00367	0.989551	1777
773	474789	257	198250	276539	100	60	0.0817751	0.742072	39	38.3	148638	42	1944	1.00303	0.989216	1777
774	622999	222	259269	363730	100	60	0.0745741	0.742072	39	38.3	148638	42	1944	1.00332	0.990458	1777
775	626607	202	265064	361543	100	60	0.0810532	0.742072	39	38.3	148638	42	1944	1.00429	0.99025	1777
776	586172	183	256652	329520	100	60	0.0880207	0.742072	39	38.3	148638	42	1944	1.00493	0.989653	1777
777	621377	2230	280984	340393	100	60	0.925283	0.742072	39	38.3	148638	42	1944	1.00679	0.990314	1777
778	703729	2118	323959	379770	100	60	1.09579	0.742072	39	38.3	148638	42	1944	1.00759	0.993846	1777
779	568188	1906	162624	405564	100	60	1.3872	0.742072	39	38.3	148638	42	1944	1.01266	0.997635	1777
780	488226	1649	109670	378556	100	60	1.51233	0.742072	36	38.3	148638	42	1944	1.07947	1.11321	1777
781	558800	1388	192736	365078	100	60	0.716471	0.742072	39	38.3	0	42	1944	1.02228	1.00559	1777
782	664424	1188	269198	393932	100	60	0.602213	0.742072	39	38.3	0	42	1944	1.01523	0.998795	1777
783	763440	1016	335312	426392	100	60	0.573754	0.742072	39	38.3	0	42	1944	1.01115	0.994925	1777
784	823060	863	374583	446860	100	60	0.607061	0.742072	39	38.3	0	42	1944	1.01295	0.993752	1777
785	824275	759	384165	438886	100	60	0.670868	0.742072	39	38.3	0	42	1944	1.01488	0.993524	1777
786	822966	1587	392497	430469	100	60	1.30242	0.742072	39	38.3	0	42	1944	1.01811	0.994068	1777
787	833501	1510	404225	429275	100	60	1.40929	0.742072	39	38.3	0	42	1944	1.02277	1	1777
788	813563	1390	401288	412275	100	60	1.62538	0.742072	39	38.3	0	42	1944	1.02761	1.00072	1777
789	804607	1160	402291	402316	100	60	1.66401	0.742072	39	38.3	0	42	1944	1.0341	1.01041	1777
790	671940	964	294624	377316	100	60	1.72272	0.742072	39	38.3	104123	42	1944	1.05088	1.03661	1777
791	665070	838	312072	352999	100	60	1.81331	0.742072	39	38.3	104123	42	1944	1.05919	1.04227	1777
792	660531	758	324908	335623	100	60	1.82609	0.742072	39	38.3	104123	42	1944	1.07437	1.05741	1777
793	635015	679	320796	314219	100	60	1.89717	0.742072	39	38.3	104123	42	1944	1.10231	1.08533	1777
794	591038	595	304743	286295	100	60	1.92331	0.742072	39	38.3	104123	42	1944	1.10678	1.08219	1777
795	542693	518	283908	258785	100	60	1.92853	0.742072	39	38.3	104123	42	1944	1.12803	1.10413	1777
796	530169	486	275286	245962	100	60	1.93022	0.742072	39	38.3	104123	42	1944	1.15267	1.14165	1777
797	357270	432	129303	224750	100	60	1.96366	0.742072	39	38.3	104123	42	1944	1.15536	1.13669	1777
798	375512	400	155951	212160	100	60	2.01541	0.742072	39	38.3	104123	42	1944	1.14806	1.12304	1777
799	397407	380	182324	205397	100	60	2.05115	0.742072	39	38.3	104123	42	1944	1.14776	1.12222	1777
800	290576	348	99144.3	189393	100	60	2.06626	0.742072	39	38.3	104123	42	1944	1.15294	1.12693	1777
801	296974	318	124094	172881	100	60	2.05733	0.742072	39	38.3	104123	42	1944	1.16556	1.15625	1777
802	231839	296	67953.2	163886	100	60	0.171333	0.742072	39	38.3	109843	42	1944	1.00592	1.00419	1777
803	362647	278	135729	226917	100	60	0.130119	0.742072	39	38.3	109843	42	1944	1.00459	1.00273	1777
804	568769	229	239762	329008	100	60	0.111883	0.742072	39	38.3	109843	42	1944	1.00378	1.00183	1777
805	690762	212	293870	396891	100	60	0.117772	0.742072	39	38.3	109843	42	1944	1.00415	1.00298	1777
806	685028	191	297198	387831	100	60	0.12946	0.742072	38	38.3	109843	42	1944	1.00472	1.00393	1777
807	672718	2224	302361	370357	100	60	0.947302	0.742072	38	38.3	109843	42	1944	1.00664	1.00788	1777
808	722799	1937	334401	388397	100	60	1.0053	0.742072	38	38.3	109843	42	1944	1.0073	1.01105	1777
809	769143	1705	363528	405615	100	60	1.18435	0.742072	38	38.3	109843	42	1944	1.00912	1.00968	1777
810	590365	1455	189310	401055	100	60	1.2003	0.742072	31	38.3	109843	42	1944	1.14393	1.2692	1777
811	648590	1226	266094	379748	100	60	0.966829	0.742072	39	38.3	0	42	1944	1.08296	1.09735	1777
812	678628	1016	309494	365499	100	60	0.863333	0.742072	39	38.3	0	42	1944	1.05071	1.04876	1777
813	714585	857	344554	365810	100	60	0.796433	0.742072	39	38.3	0	42	1944	1.03393	1.0244	1777
814	765423	751	377894	383643	100	60	0.820617	0.742072	39	38.3	0	42	1944	1.03533	1.0264	1777
815	817876	715	407248	407192	100	60	0.902346	0.742072	39	38.3	0	42	1944	1.04278	1.0323	1777
816	845018	1259	424156	420863	100	60	1.43927	0.742072	39	38.3	0	42	1944	1.04526	1.03023	1777
817	868668	1287	439034	429634	100	60	1.56745	0.742072	39	38.3	0	42	1944	1.04992	1.03431	1777
818	830144	1190	424488	405656	100	60	1.63847	0.742072	39	38.3	0	42	1944	1.0599	1.04381	1777
819	793974	991	411923	382051	100	60	1.62817	0.742072	39	38.3	0	42	1944	1.07388	1.06289	1777
820	656110	847	303118	352993	100	60	1.64377	0.742072	39	38.3	101078	42	1944	1.08357	1.07358	1777
821	640739	744	314544	326195	100	60	1.66932	0.742072	39	38.3	101078	42	1944	1.08921	1.0725	1777
822	610318	645	311673	298645	100	60	1.64542	0.742072	39	38.3	101078	42	1944	1.11613	1.10427	1777
823	571506	565	299157	272349	100	60	1.66173	0.742072	39	38.3	101078	42	1944	1.15504	1.14647	1777
824	563010	535	298557	264453	100	60	1.67507	0.742072	39	38.3	101078	42	1944	1.19421	1.18533	1777
825	532266	484	284493	247773	100	60	1.72037	0.742072	39	38.3	101078	42	1944	1.18182	1.16026	1777
826	494891	431	262861	225285	100	60	1.70693	0.742072	39	38.3	101078	42	1944	1.21076	1.18689	1777
827	474475	406	249647	213084	100	60	1.70635	0.742072	39	38.3	101078	42	1944	1.24691	1.22454	1777
828	437537	365	230291	195937	100	60	1.73509	0.742072	39	38.3	101078	42	1944	1.24157	1.22321	1777
829	424918	349	224459	189499	100	60	1.7491	0.742072	39	38.3	101078	42	1944	1.24925	1.22785	1777
830	394949	314	208746	176328	100	60	1.77367	0.742072	39	38.3	101078	42	1944	1.26014	1.24199	1777
831	360961	289	195509	165452	100	60	1.77799	0.742072	39	38.3	101078	42	1944	1.2974	1.26667	1777
832	234091	267	82269.6	151822	100	60	0.0837953	0.742072	39	38.3	111438	42	1944	1.00412	0.996741	1777
833	480319	256	188233	292085	100	60	0.0747207	0.742072	39	38.3	111438	42	1944	1.00375	0.995411	1777
834	620540	225	250486	370054	100	60	0.0705265	0.742072	39	38.3	111438	42	1944	1.00398	0.996507	1777
835	607561	205	253592	353969	100	60	0.0780317	0.742072	38	38.3	111438	42	1944	1.00468	0.995916	1777
836	562431	183	246109	316321	100	60	0.0844024	0.742072	38	38.3	111438	42	1944	1.00525	0.997056	1777
837	625271	2249	284370	340901	100	60	0.907978	0.742072	38	38.3	111438	42	1944	1.00821	0.998675	1777
838	713967	2082	329372	384596	100	60	1.05268	0.742072	38	38.3	111438	42	1944	1.01114	1.00221	1777
839	748518	1832	350795	397723	100	60	1.26136	0.742072	38	38.3	111438	42	1944	1.01338	1.00221	1777
840	588429	1734	184367	404061	100	60	1.43463	0.742072	33	38.3	111438	42	1944	1.08301	1.13264	1777
841	621168	1333	248883	370006	100	60	0.677625	0.742072	39	38.3	0	42	1944	1.02698	1.01839	1777
842	699003	1099	306521	389396	100	60	0.533438	0.742072	39	38.3	0	42	1944	1.01606	1.00498	1777
843	790324	923	362317	424375	100	60	0.483013	0.742072	39	38.3	0	42	1944	1.01217	1.00079	1777
844	838536	795	390311	444852	100	60	0.518088	0.742072	39	38.3	0	42	1944	1.01319	1.00036	1777
845	835204	719	395801	436647	100	60	0.567186	0.742072	39	38.3	0	42	1944	1.01486	0.999185	1777
846	804738	1532	388434	416304	100	60	1.1464	0.742072	39	38.3	0	42	1944	1.01864	1.00402	1777
847	818310	1508	400192	418118	100	60	1.28132	0.742072	39	38.3	0	42	1944	1.02071	1.00476	1777
848	822793	1494	407238	415554	100	60	1.52801	0.742072	39	38.3	0	42	1944	1.02525	1.01011	1777
849	821343	1247	412027	409316	100	60	1.58901	0.742072	39	38.3	0	42	1944	1.02856	1.01131	1777
850	708520	1060	316771	391750	100	60	1.6345	0.742072	39	38.3	98544.8	42	1944	1.03968	1.02184	1777
851	535023	939	163166	371856	100	60	1.67731	0.742072	39	38.3	98544.8	42	1944	1.05423	1.03859	1777
852	554148	824	215169	338979	100	60	1.69071	0.742072	39	38.3	98544.8	42	1944	1.06305	1.04872	1777
853	572441	736	256340	316100	100	60	1.7298	0.742072	39	38.3	98544.8	42	1944	1.06996	1.05313	1777
854	553298	632	267662	285636	100	60	1.76366	0.742072	39	38.3	98544.8	42	1944	1.09387	1.07267	1777
855	529254	554	267648	261605	100	60	1.80675	0.742072	39	38.3	98544.8	42	1944	1.12048	1.10018	1777
856	488944	479	249991	231839	100	60	1.82971	0.742072	39	38.3	98544.8	42	1944	1.14051	1.11416	1777
857	456725	423	233637	210898	100	60	1.85788	0.742072	39	38.3	98544.8	42	1944	1.15302	1.11538	1777
858	430501	377	222543	196272	100	60	1.89472	0.742072	39	38.3	98544.8	42	1944	1.14321	1.07733	1777
859	377543	320	197039	170484	100	60	1.84437	0.742072	39	38.3	98544.8	42	1944	1.16959	1.10794	1777
860	340940	278	178796	153382	100	60	1.85723	0.742072	39	38.3	98544.8	42	1944	1.17347	1.11397	1777
861	298560	241	161073	137486	100	60	1.89976	0.742072	39	38.3	98544.8	42	1944	1.19592	1.12069	1777
862	213284	213	86582.1	126702	100	60	0.0722444	0.742072	39	38.3	168517	42	1944	1.00279	0.989443	1777
863	438737	185	179357	259381	100	60	0.0584659	0.742072	39	38.3	168517	42	1944	1.00223	0.988736	1777
864	606774	171	248414	358360	100	60	0.0560621	0.742072	39	38.3	168517	42	1944	1.00202	0.988046	1777
865	595086	138	247697	347389	100	60	0.0554609	0.742072	39	38.3	168517	42	1944	1.00204	0.987958	1777
866	550675	128	239295	311380	100	60	0.0608507	0.742072	39	38.3	168517	42	1944	1.00239	0.989243	1777
867	619107	2499	279312	339795	100	60	0.971766	0.742072	39	38.3	168517	42	1944	1.00445	0.990424	1777
868	709670	2192	324987	384683	100	60	1.10884	0.742072	39	38.3	168517	42	1944	1.0059	0.991385	1777
869	763793	1924	354580	409214	100	60	1.36917	0.742072	38	38.3	168517	42	1944	1.00956	0.994505	1777
870	599163	1675	185770	413393	100	60	1.47835	0.742072	34	38.3	168517	42	1944	1.0876	1.13205	1777
871	648172	1337	257566	388634	100	60	0.734308	0.742072	39	38.3	0	42	1944	1.03013	1.01857	1777
872	719811	1124	314416	402732	100	60	0.599906	0.742072	39	38.3	0	42	1944	1.01847	1.00341	1777
873	791123	946	362559	425375	100	60	0.554555	0.742072	39	38.3	0	42	1944	1.01332	0.995944	1777
874	855265	823	399359	452924	100	60	0.58698	0.742072	39	38.3	0	42	1944	1.01275	0.993065	1777
875	877258	764	416314	458337	100	60	0.656618	0.742072	39	38.3	0	42	1944	1.01525	0.992393	1777
876	855572	1504	413052	442520	100	60	1.26703	0.742072	39	38.3	0	42	1944	1.0182	0.992622	1777
877	855179	1436	419939	435240	100	60	1.39695	0.742072	39	38.3	0	42	1944	1.02261	0.999413	1777
878	833369	1387	413448	419921	100	60	1.60082	0.742072	39	38.3	0	42	1944	1.02745	1.00434	1777
879	792921	1117	398746	394175	100	60	1.61695	0.742072	39	38.3	0	42	1944	1.03573	1.01703	1777
880	582860	996	192449	390411	100	60	1.67573	0.742072	39	38.3	6499.85	42	1944	1.04726	1.0332	1777
881	611897	881	245031	366866	100	60	1.74735	0.742072	39	38.3	6499.85	42	1944	1.06276	1.04914	1777
882	641039	796	290258	350782	100	60	1.79165	0.742072	39	38.3	6499.85	42	1944	1.08171	1.06456	1777
883	637785	713	310936	326849	100	60	1.83066	0.742072	39	38.3	6499.85	42	1944	1.11175	1.08757	1777
884	625214	651	316786	308428	100	60	1.84973	0.742072	39	38.3	6499.85	42	1944	1.12749	1.10608	1777
885	602491	600	310997	291493	100	60	1.85652	0.742072	39	38.3	6499.85	42	1944	1.14137	1.11715	1777
886	564019	543	289196	266758	100	60	1.88056	0.742072	39	38.3	6499.85	42	1944	1.15332	1.11321	1777
887	533840	505	272237	247917	100	60	1.88898	0.742072	39	38.3	6499.85	42	1944	1.16038	1.11934	1777
888	476457	431	245670	218274	100	60	1.88057	0.742072	39	38.3	6499.85	42	1944	1.16741	1.11192	1777
889	468140	412	242372	213226	100	60	1.88278	0.742072	39	38.3	6499.85	42	1944	1.1773	1.12629	1777
890	434051	374	225785	196790	100	60	1.90632	0.742072	39	38.3	6499.85	42	1944	1.17942	1.11966	1777
891	383521	331	205881	177640	100	60	1.92335	0.742072	39	38.3	6499.85	42	1944	1.17629	1.11075	1777
892	272416	286	114114	158302	100	60	0.0934333	0.742072	39	38.3	89404	42	1944	1.00361	0.979646	1777
893	510422	272	215305	295118	100	60	0.0824027	0.742072	39	38.3	89404	42	1944	1.00323	0.979233	1777
894	651239	262	274777	376461	100	60	0.0840027	0.742072	39	38.3	89404	42	1944	1.00349	0.979964	1777
895	635078	247	275038	360040	100	60	0.0956271	0.742072	39	38.3	89404	42	1944	1.00419	0.97628	1777
896	582774	207	260550	322224	100	60	0.0958743	0.742072	39	38.3	89404	42	1944	1.00442	0.977877	1777
897	645824	2309	296008	349816	100	60	0.967336	0.742072	39	38.3	89404	42	1944	1.00663	0.979001	1777
898	723886	2105	334411	389475	100	60	1.12548	0.742072	39	38.3	89404	42	1944	1.00917	0.981591	1777
899	761681	1825	355123	406558	100	60	1.34154	0.742072	39	38.3	89404	42	1944	1.01113	0.982719	1777
900	573415	1656	177785	395630	100	60	1.45286	0.742072	37	38.3	89404	42	1944	1.07682	1.10686	1777
901	641213	1360	255833	383451	100	60	0.651389	0.742072	39	38.3	0	42	1944	1.02203	0.999445	1777
902	735257	1151	319526	413119	100	60	0.536223	0.742072	39	38.3	0	42	1944	1.01453	0.991167	1777
903	814480	954	367118	444452	100	60	0.482178	0.742072	39	38.3	0	42	1944	1.01083	0.984831	1777
904	828222	775	378980	446842	100	60	0.490187	0.742072	39	38.3	0	42	1944	1.01106	0.983487	1777
905	822186	703	383832	436412	100	60	0.542006	0.742072	39	38.3	0	42	1944	1.01345	0.986817	1777
906	605432	1607	179784	425649	100	60	1.18336	0.742072	39	38.3	0	42	1944	1.0147	0.987067	1777
907	649468	1493	242879	406588	100	60	1.2898	0.742072	39	38.3	0	42	1944	1.0168	0.986502	1777
908	725776	1499	311255	414521	100	60	1.59117	0.742072	39	38.3	0	42	1944	1.02121	0.987903	1777
909	763600	1259	351790	411809	100	60	1.69577	0.742072	39	38.3	0	42	1944	1.03171	1.0048	1777
910	569523	1071	175551	393972	100	60	1.76129	0.742072	39	38.3	4100.98	42	1944	1.04374	1.0141	1777
911	578879	905	224538	354341	100	60	1.80669	0.742072	39	38.3	4100.98	42	1944	1.05354	1.02116	1777
912	605515	794	269892	335624	100	60	1.83156	0.742072	39	38.3	4100.98	42	1944	1.05736	1.02788	1777
913	618877	711	297138	321740	100	60	1.85065	0.742072	39	38.3	4100.98	42	1944	1.07166	1.04249	1777
914	596316	630	299695	296620	100	60	1.87831	0.742072	39	38.3	4100.98	42	1944	1.08936	1.0544	1777
915	391573	528	134116	257457	100	60	1.90078	0.742072	39	38.3	4100.98	42	1944	1.11582	1.07839	1777
916	389002	450	157274	226062	100	60	1.92962	0.742072	39	38.3	4100.98	42	1944	1.14919	1.11036	1777
917	388140	396	174804	205218	100	60	1.98255	0.742072	39	38.3	4100.98	42	1944	1.14421	1.10567	1777
918	406646	382	195555	200592	100	60	2.02821	0.742072	39	38.3	4100.98	42	1944	1.14834	1.11924	1777
919	398020	348	198316	188920	100	60	2.03154	0.742072	39	38.3	4100.98	42	1944	1.16193	1.11976	1777
920	371783	317	190029	172255	100	60	2.02071	0.742072	39	38.3	4100.98	42	1944	1.16294	1.11074	1777
921	334403	280	177234	157169	100	60	2.04008	0.742072	39	38.3	4100.98	42	1944	1.17343	1.11969	1777
922	237439	245	95998.6	141440	100	60	0.0846884	0.742072	39	38.3	81853.7	42	1944	1.00274	0.985644	1777
923	367693	225	95186.1	272507	100	60	0.0705125	0.742072	39	38.3	81853.7	42	1944	1.00256	0.985438	1777
924	547154	213	179043	368111	100	60	0.0644451	0.742072	39	38.3	81853.7	42	1944	1.00247	0.98492	1777
925	446596	167	91892.2	354704	100	60	0.0617751	0.742072	39	38.3	81853.7	42	1944	1.00241	0.98311	1777
926	423398	149	123863	299534	100	60	0.0712898	0.742072	39	38.3	81853.7	42	1944	1.00275	0.980367	1777
927	511054	2300	188467	322587	100	60	0.892347	0.742072	39	38.3	81853.7	42	1944	1.0042	0.980012	1777
928	636534	2221	259976	376558	100	60	1.18729	0.742072	39	38.3	81853.7	42	1944	1.00635	0.983056	1777
929	721491	2148	312360	409131	100	60	1.44803	0.742072	38	38.3	81853.7	42	1944	1.00784	0.98412	1777
930	571353	1784	167395	403958	100	60	1.50027	0.742072	33	38.3	81853.7	42	1944	1.06852	1.09398	1777
