Time	totMass	NInd	abovemass	belowmass	mean_ares	mean_bres	shannon	meanShannon	NPFT	meanNPFT	Cutted	NNonClonal	NClonal	mean_generation	mean_genet_size	NGenets
1	443.8	0	221.9	221.9	100	60	0	0.646013	39	38.2	0	8	2015	1	0.878583	1804
2	8874.5	0	3479.16	5395.34	100	60	0	0.646013	39	38.2	0	8	2015	1	0.867903	1804
3	41096	0	19156.1	21939.8	100	60	0	0.646013	39	38.2	0	8	2015	1	0.868233	1804
4	122644	0	57510.7	65132.9	100	60	0	0.646013	39	38.2	0	8	2015	1	0.867155	1804
5	273730	0	128443	145286	100	60	0	0.646013	39	38.2	0	8	2015	1	0.868085	1804
6	482456	570	226840	255616	100	60	2.49708	0.646013	39	38.2	0	8	2015	1.00317	0.872156	1804
7	693907	787	328807	365100	100	60	3.18127	0.646013	39	38.2	0	8	2015	1.01278	0.882022	1804
8	863469	844	415023	448446	100	60	3.34118	0.646013	39	38.2	0	8	2015	1.02578	0.89455	1804
9	994510	802	484110	510400	100	60	3.18878	0.646013	39	38.2	0	8	2015	1.04886	0.920299	1804
10	1.07113e+006	756	526796	544338	100	60	3.05185	0.646013	39	38.2	0	8	2015	1.0663	0.94591	1804
11	1.14573e+006	731	569028	576700	100	60	2.96551	0.646013	39	38.2	0	8	2015	1.08632	0.965894	1804
12	1.21666e+006	714	608640	608018	100	60	2.91989	0.646013	39	38.2	0	8	2015	1.10599	1	1804
13	1.25591e+006	697	631637	624272	100	60	2.89108	0.646013	39	38.2	0	8	2015	1.12247	1.0189	1804
14	1.29067e+006	689	652457	638216	100	60	2.89594	0.646013	39	38.2	0	8	2015	1.13848	1.0237	1804
15	1.3223e+006	685	670654	651647	100	60	2.88393	0.646013	39	38.2	0	8	2015	1.17132	1.0494	1804
16	1.34797e+006	676	675636	652747	100	60	2.90415	0.646013	39	38.2	0	8	2015	1.18651	1.06718	1804
17	1.38691e+006	680	687566	661508	100	60	2.95217	0.646013	39	38.2	0	8	2015	1.19645	1.07573	1804
18	1.41522e+006	679	698898	672899	100	60	3.01227	0.646013	39	38.2	0	8	2015	1.19468	1.07367	1804
19	1.43589e+006	672	709140	682361	100	60	3.0464	0.646013	39	38.2	0	8	2015	1.18938	1.05556	1804
20	1.44898e+006	673	717027	688142	100	60	3.11957	0.646013	39	38.2	0	8	2015	1.18676	1.04019	1804
21	1.40872e+006	670	720012	688712	100	60	3.14593	0.646013	39	38.2	0	8	2015	1.1848	1.03105	1804
22	1.41306e+006	668	722815	690241	100	60	0.746535	0.646013	39	38.2	0	8	2015	1.029	0.898263	1804
23	1.43351e+006	661	726876	706635	100	60	0.753725	0.646013	39	38.2	0	8	2015	1.03207	0.908107	1804
24	1.44601e+006	648	730589	715417	100	60	0.760368	0.646013	39	38.2	0	8	2015	1.03465	0.931888	1804
25	1.43255e+006	628	724890	707660	100	60	0.836126	0.646013	39	38.2	0	8	2015	1.04013	0.958474	1804
26	1.45295e+006	619	734960	717987	100	60	0.965311	0.646013	39	38.2	0	8	2015	1.04843	0.978889	1804
27	1.48476e+006	1543	749233	735527	100	60	2.37981	0.646013	39	38.2	0	8	2015	1.06755	0.995995	1804
28	1.50972e+006	1417	760629	749089	100	60	2.50968	0.646013	39	38.2	0	8	2015	1.08593	1.00335	1804
29	1.53034e+006	1326	769336	761000	100	60	2.59431	0.646013	39	38.2	0	8	2015	1.10151	1.00986	1804
30	1.17881e+006	1273	395706	783105	100	60	2.24473	0.646013	39	38.2	0	8	2015	1.34679	1.42219	1804
31	1.18517e+006	1076	463515	721476	100	60	1.04516	0.646013	39	38.2	0	8	2015	1.0984	0.98498	1804
32	1.15292e+006	919	483154	669402	100	60	0.863883	0.646013	39	38.2	0	8	2015	1.07285	0.95483	1804
33	1.09723e+006	781	476060	620825	100	60	0.736234	0.646013	39	38.2	0	8	2015	1.05516	0.938208	1804
34	1.09542e+006	687	488128	606955	100	60	0.845273	0.646013	39	38.2	0	8	2015	1.06216	0.950198	1804
35	818049	753	235058	582775	100	60	1.13007	0.646013	39	38.2	0	8	2015	1.07326	0.980846	1804
36	852272	838	300233	552038	100	60	1.49577	0.646013	39	38.2	0	8	2015	1.08846	1.00066	1804
37	870906	936	348743	522163	100	60	2.12378	0.646013	39	38.2	0	8	2015	1.11308	1.01558	1804
38	879493	980	379908	499585	100	60	2.69765	0.646013	39	38.2	0	8	2015	1.12862	1.01429	1804
39	889711	847	403749	485963	100	60	2.73889	0.646013	39	38.2	0	8	2015	1.14865	1.03704	1804
40	625717	734	162506	463211	100	60	2.69273	0.646013	39	38.2	269673	8	2015	1.15326	1.05286	1804
41	640079	633	210975	429104	100	60	2.72201	0.646013	39	38.2	269673	8	2015	1.17202	1.06485	1804
42	677461	580	263649	413812	100	60	2.72452	0.646013	39	38.2	269673	8	2015	1.18195	1.06691	1804
43	655198	504	282073	373125	100	60	2.78813	0.646013	39	38.2	269673	8	2015	1.19355	1.06197	1804
44	668180	466	303894	364286	100	60	2.84769	0.646013	39	38.2	269673	8	2015	1.21815	1.07657	1804
45	642740	424	303555	339185	100	60	2.82922	0.646013	39	38.2	269673	8	2015	1.22845	1.09463	1804
46	631024	400	299514	321504	100	60	2.89015	0.646013	39	38.2	269673	8	2015	1.25	1.11233	1804
47	601979	357	286887	298201	100	60	2.92807	0.646013	39	38.2	269673	8	2015	1.28375	1.125	1804
48	560929	320	270110	274244	100	60	2.94714	0.646013	39	38.2	269673	8	2015	1.2884	1.10997	1804
49	523128	284	254512	252893	100	60	2.91134	0.646013	39	38.2	269673	8	2015	1.28322	1.1124	1804
50	498286	263	245327	238543	100	60	3.04883	0.646013	39	38.2	269673	8	2015	1.25591	1.08898	1804
51	343093	242	117075	226018	100	60	3.00852	0.646013	39	38.2	269673	8	2015	1.2735	1.09259	1804
52	259658	210	57149.9	202508	100	60	0.107054	0.646013	39	38.2	364322	8	2015	1.00438	0.920105	1804
53	427542	191	142622	284920	100	60	0.0842567	0.646013	39	38.2	364322	8	2015	1.00347	0.917279	1804
54	609551	156	233322	376229	100	60	0.0733243	0.646013	39	38.2	364322	8	2015	1.00294	0.925831	1804
55	653242	136	259257	393985	100	60	0.0742019	0.646013	39	38.2	364322	8	2015	1.00295	0.931424	1804
56	625742	133	259689	366053	100	60	0.0910863	0.646013	39	38.2	364322	8	2015	1.00355	0.938763	1804
57	670786	2525	291052	379733	100	60	1.38269	0.646013	39	38.2	364322	8	2015	1.00535	0.943378	1804
58	761540	2321	337881	423659	100	60	1.59965	0.646013	39	38.2	364322	8	2015	1.00687	0.945667	1804
59	822876	1965	369516	453360	100	60	1.90471	0.646013	39	38.2	364322	8	2015	1.01024	0.942882	1804
60	640990	1742	188962	452029	100	60	2.07755	0.646013	39	38.2	364322	8	2015	1.0876	1.08324	1804
61	698412	1406	261923	436048	100	60	1.22807	0.646013	39	38.2	0	8	2015	1.04082	0.975186	1804
62	730522	1138	304943	424945	100	60	0.99466	0.646013	39	38.2	0	8	2015	1.02766	0.953641	1804
63	801646	956	352708	448219	100	60	0.883451	0.646013	39	38.2	0	8	2015	1.02135	0.943012	1804
64	663052	800	189151	473401	100	60	0.903172	0.646013	39	38.2	0	8	2015	1.02386	0.944768	1804
65	737461	755	263051	473929	100	60	1.01913	0.646013	39	38.2	0	8	2015	1.0246	0.944341	1804
66	803124	1413	323429	479695	100	60	1.90232	0.646013	39	38.2	0	8	2015	1.02742	0.950734	1804
67	625417	1250	164797	460620	100	60	2.04279	0.646013	39	38.2	0	8	2015	1.03462	0.960864	1804
68	671257	1262	230641	440616	100	60	2.34557	0.646013	39	38.2	0	8	2015	1.03834	0.965406	1804
69	717570	1064	287378	430192	100	60	2.34766	0.646013	39	38.2	0	8	2015	1.04342	0.969407	1804
70	618912	911	202155	416758	100	60	2.40156	0.646013	39	38.2	133632	8	2015	1.05336	0.979911	1804
71	648774	798	252745	396028	100	60	2.52324	0.646013	39	38.2	133632	8	2015	1.07212	0.98852	1804
72	668585	716	288127	380459	100	60	2.61951	0.646013	39	38.2	133632	8	2015	1.08438	1.00143	1804
73	647518	614	296993	350525	100	60	2.64358	0.646013	39	38.2	133632	8	2015	1.09426	1.01169	1804
74	632738	546	300659	332079	100	60	2.64119	0.646013	39	38.2	133632	8	2015	1.10938	1.02072	1804
75	612713	494	297528	315185	100	60	2.62417	0.646013	39	38.2	133632	8	2015	1.14664	1.05417	1804
76	570791	440	275461	286188	100	60	2.65538	0.646013	39	38.2	133632	8	2015	1.16318	1.07399	1804
77	538025	384	258655	264011	100	60	2.67827	0.646013	39	38.2	133632	8	2015	1.17531	1.0831	1804
78	499967	334	241641	243547	100	60	2.69972	0.646013	39	38.2	133632	8	2015	1.20118	1.11688	1804
79	491415	313	238813	237946	100	60	2.73948	0.646013	39	38.2	133632	8	2015	1.19677	1.11847	1804
80	464126	289	227642	223142	100	60	2.8325	0.646013	39	38.2	133632	8	2015	1.19134	1.08779	1804
81	433670	269	219594	214076	100	60	2.83397	0.646013	39	38.2	133632	8	2015	1.20233	1.08642	1804
82	256456	236	66229.1	190227	100	60	0.111464	0.646013	39	38.2	285528	8	2015	1.00384	0.938254	1804
83	432053	211	152089	279964	100	60	0.0817114	0.646013	39	38.2	285528	8	2015	1.00296	0.938604	1804
84	650654	201	251061	399594	100	60	0.0815961	0.646013	39	38.2	285528	8	2015	1.00305	0.940994	1804
85	705211	192	280166	425045	100	60	0.0901683	0.646013	39	38.2	285528	8	2015	1.00352	0.945265	1804
86	652805	171	270468	382337	100	60	0.0991836	0.646013	39	38.2	285528	8	2015	1.00401	0.94911	1804
87	660308	2462	286583	373725	100	60	1.25401	0.646013	39	38.2	285528	8	2015	1.00627	0.950186	1804
88	758264	2437	336906	421358	100	60	1.49715	0.646013	39	38.2	285528	8	2015	1.00787	0.953548	1804
89	833020	2199	373389	459632	100	60	1.87219	0.646013	39	38.2	285528	8	2015	1.01017	0.957172	1804
90	645366	1902	189724	455642	100	60	2.01253	0.646013	38	38.2	285528	8	2015	1.09341	1.09597	1804
91	689049	1470	257171	431320	100	60	1.12233	0.646013	39	38.2	0	8	2015	1.04214	0.984516	1804
92	594968	1220	151126	443390	100	60	0.917785	0.646013	39	38.2	0	8	2015	1.02908	0.970299	1804
93	688319	1023	234958	452713	100	60	0.750979	0.646013	39	38.2	0	8	2015	1.01934	0.953828	1804
94	789109	867	308607	479893	100	60	0.763617	0.646013	39	38.2	0	8	2015	1.01825	0.947742	1804
95	856241	789	358483	497261	100	60	0.841563	0.646013	39	38.2	0	8	2015	1.02049	0.951882	1804
96	853693	1560	372661	481032	100	60	1.73622	0.646013	39	38.2	0	8	2015	1.02386	0.96063	1804
97	884756	1482	398132	486624	100	60	1.88455	0.646013	39	38.2	0	8	2015	1.02598	0.96206	1804
98	888416	1472	408886	479530	100	60	2.17019	0.646013	39	38.2	0	8	2015	1.02641	0.961591	1804
99	884687	1221	414551	470135	100	60	2.17454	0.646013	39	38.2	0	8	2015	1.02909	0.95878	1804
100	679557	1017	232591	446966	100	60	2.22854	0.646013	39	38.2	193248	8	2015	1.03787	0.973188	1804
101	708295	906	279287	429008	100	60	2.32047	0.646013	39	38.2	193248	8	2015	1.05016	0.986592	1804
102	719114	796	309483	409631	100	60	2.37476	0.646013	39	38.2	193248	8	2015	1.06393	1	1804
103	715519	703	325586	389933	100	60	2.39883	0.646013	39	38.2	193248	8	2015	1.07848	1.00865	1804
104	539290	645	165927	373363	100	60	2.4737	0.646013	39	38.2	193248	8	2015	1.09419	1.03165	1804
105	547023	578	204806	342218	100	60	2.53161	0.646013	39	38.2	193248	8	2015	1.10811	1.03565	1804
106	523325	487	218711	295974	100	60	2.55976	0.646013	39	38.2	193248	8	2015	1.11624	1.04883	1804
107	506718	425	225669	268204	100	60	2.59611	0.646013	39	38.2	193248	8	2015	1.12121	1.03659	1804
108	484802	373	224884	246051	100	60	2.63317	0.646013	39	38.2	193248	8	2015	1.12911	1.04775	1804
109	458456	333	216959	228136	100	60	2.69844	0.646013	39	38.2	193248	8	2015	1.13235	1.05449	1804
110	446413	305	215188	218912	100	60	2.70561	0.646013	39	38.2	193248	8	2015	1.13505	1.05245	1804
111	364449	236	183600	180850	100	60	2.68871	0.646013	39	38.2	193248	8	2015	1.14634	1.03125	1804
112	220667	205	56608.8	164058	100	60	0.093912	0.646013	39	38.2	324363	8	2015	1.00239	0.956782	1804
113	409567	186	144617	264950	100	60	0.0710269	0.646013	39	38.2	324363	8	2015	1.00176	0.955597	1804
114	489292	168	114883	374409	100	60	0.0683935	0.646013	39	38.2	324363	8	2015	1.00176	0.956458	1804
115	552143	147	162414	389729	100	60	0.062477	0.646013	39	38.2	324363	8	2015	1.00165	0.953674	1804
116	543854	140	181191	362663	100	60	0.073038	0.646013	39	38.2	324363	8	2015	1.00214	0.952417	1804
117	574018	2499	218576	355442	100	60	1.09651	0.646013	39	38.2	324363	8	2015	1.00286	0.955829	1804
118	693882	2528	283617	410265	100	60	1.3958	0.646013	39	38.2	324363	8	2015	1.00373	0.960408	1804
119	760708	2186	323159	437550	100	60	1.66094	0.646013	39	38.2	324363	8	2015	1.00526	0.965897	1804
120	609582	2047	170818	438764	100	60	1.94983	0.646013	33	38.2	324363	8	2015	1.06684	1.07398	1804
121	655307	1569	240311	414338	100	60	1.14459	0.646013	39	38.2	0	8	2015	1.03347	0.993227	1804
122	736382	1303	302064	433348	100	60	0.943513	0.646013	39	38.2	0	8	2015	1.02401	0.980733	1804
123	821493	1100	356530	463847	100	60	0.859469	0.646013	39	38.2	0	8	2015	1.01821	0.973443	1804
124	697513	959	194435	502718	100	60	0.886824	0.646013	39	38.2	0	8	2015	1.01784	0.970334	1804
125	772347	892	268196	503838	100	60	0.996792	0.646013	39	38.2	0	8	2015	1.02109	0.974075	1804
126	809408	1561	320248	489160	100	60	1.75204	0.646013	39	38.2	0	8	2015	1.02077	0.973629	1804
127	807340	1477	344530	462809	100	60	1.9127	0.646013	39	38.2	0	8	2015	1.02087	0.976351	1804
128	815244	1398	366241	449003	100	60	2.16692	0.646013	39	38.2	0	8	2015	1.02496	0.981936	1804
129	809029	1137	375717	433312	100	60	2.13765	0.646013	39	38.2	0	8	2015	1.03079	0.991119	1804
130	648163	972	228754	419409	100	60	2.2075	0.646013	39	38.2	162754	8	2015	1.03876	1	1804
131	641703	817	257690	384012	100	60	2.29774	0.646013	39	38.2	162754	8	2015	1.04946	1.01366	1804
132	493952	704	136232	357720	100	60	2.35479	0.646013	39	38.2	162754	8	2015	1.06889	1.03613	1804
133	406233	606	86814.2	319418	100	60	2.43626	0.646013	39	38.2	162754	8	2015	1.07619	1.03729	1804
134	427896	545	134362	293534	100	60	2.47342	0.646013	39	38.2	162754	8	2015	1.09277	1.05085	1804
135	368654	499	88779.1	279875	100	60	2.54032	0.646013	39	38.2	162754	8	2015	1.09532	1.05567	1804
136	384590	435	127186	250972	100	60	2.57631	0.646013	39	38.2	162754	8	2015	1.10448	1.05437	1804
137	413031	400	166279	238727	100	60	2.63737	0.646013	39	38.2	162754	8	2015	1.10312	1.04381	1804
138	419877	359	184969	223198	100	60	2.64607	0.646013	39	38.2	162754	8	2015	1.11141	1.0578	1804
139	412548	319	189550	211234	100	60	2.67659	0.646013	39	38.2	162754	8	2015	1.10938	1.04235	1804
140	399942	290	189921	199275	100	60	2.68686	0.646013	39	38.2	162754	8	2015	1.11073	1.05797	1804
141	375398	264	186293	189105	100	60	2.70119	0.646013	39	38.2	162754	8	2015	1.11832	1.06375	1804
142	243712	237	69397.7	174314	100	60	0.106292	0.646013	39	38.2	282857	8	2015	1.00196	0.981422	1804
143	429379	203	157438	271941	100	60	0.0772877	0.646013	39	38.2	282857	8	2015	1.00173	0.981105	1804
144	611376	166	239241	372135	100	60	0.067287	0.646013	39	38.2	282857	8	2015	1.0018	0.980289	1804
145	650852	151	260745	390107	100	60	0.0703565	0.646013	39	38.2	282857	8	2015	1.00209	0.984139	1804
146	595660	130	247609	348051	100	60	0.0731446	0.646013	39	38.2	282857	8	2015	1.00217	0.985783	1804
147	457434	2377	111395	346039	100	60	1.14181	0.646013	39	38.2	282857	8	2015	1.00315	0.984459	1804
148	533859	2179	178951	354908	100	60	1.33113	0.646013	38	38.2	282857	8	2015	1.00388	0.987211	1804
149	653405	2028	251880	401524	100	60	1.65177	0.646013	38	38.2	282857	8	2015	1.00536	0.988595	1804
150	585632	1985	154006	431625	100	60	2.0104	0.646013	35	38.2	282857	8	2015	1.05554	1.06977	1804
151	634568	1541	225956	408070	100	60	1.0764	0.646013	39	38.2	0	8	2015	1.02337	1	1804
152	696846	1251	281339	414857	100	60	0.860751	0.646013	39	38.2	0	8	2015	1.01413	0.987089	1804
153	778933	1049	335562	442502	100	60	0.794137	0.646013	39	38.2	0	8	2015	1.00952	0.980148	1804
154	849938	898	376383	472791	100	60	0.847959	0.646013	39	38.2	0	8	2015	1.01041	0.979518	1804
155	894368	839	404631	489086	100	60	0.951613	0.646013	39	38.2	0	8	2015	1.0119	0.980148	1804
156	691015	1541	199977	491037	100	60	1.73923	0.646013	39	38.2	0	8	2015	1.01532	0.984637	1804
157	747304	1488	269395	477909	100	60	1.89304	0.646013	39	38.2	0	8	2015	1.01911	0.986494	1804
158	783876	1395	322416	461460	100	60	2.1268	0.646013	39	38.2	0	8	2015	1.02381	0.988414	1804
159	805522	1169	355423	450099	100	60	2.17574	0.646013	39	38.2	0	8	2015	1.02464	0.988774	1804
160	684082	1009	246878	437204	100	60	2.26144	0.646013	39	38.2	140380	8	2015	1.0362	1.00603	1804
161	677043	842	278216	398827	100	60	2.35705	0.646013	39	38.2	140380	8	2015	1.05077	1.02533	1804
162	663684	731	296939	366745	100	60	2.41753	0.646013	39	38.2	140380	8	2015	1.06064	1.03056	1804
163	652986	648	306125	346861	100	60	2.48399	0.646013	39	38.2	140380	8	2015	1.07022	1.03459	1804
164	648596	593	312435	336161	100	60	2.50987	0.646013	39	38.2	140380	8	2015	1.08664	1.0519	1804
165	638073	556	311877	326196	100	60	2.54802	0.646013	39	38.2	140380	8	2015	1.10244	1.06942	1804
166	599854	494	291486	298625	100	60	2.57313	0.646013	39	38.2	140380	8	2015	1.12218	1.08017	1804
167	590055	462	284080	288547	100	60	2.57819	0.646013	39	38.2	140380	8	2015	1.12779	1.08277	1804
168	556234	417	269132	270514	100	60	2.63264	0.646013	39	38.2	140380	8	2015	1.12529	1.075	1804
169	510694	371	247657	247654	100	60	2.64467	0.646013	39	38.2	140380	8	2015	1.12963	1.07102	1804
170	494665	351	241200	239088	100	60	2.66001	0.646013	39	38.2	140380	8	2015	1.13031	1.06006	1804
171	456151	328	229487	226664	100	60	2.65112	0.646013	39	38.2	140380	8	2015	1.13678	1.07843	1804
172	299133	302	85807.3	213325	100	60	0.124854	0.646013	39	38.2	283235	8	2015	1.00301	0.954362	1804
173	498761	271	182695	316066	100	60	0.0965896	0.646013	39	38.2	283235	8	2015	1.00224	0.953583	1804
174	659547	246	258827	400720	100	60	0.0933491	0.646013	39	38.2	283235	8	2015	1.00211	0.952378	1804
175	527078	236	120745	406332	100	60	0.104966	0.646013	39	38.2	283235	8	2015	1.00271	0.957176	1804
176	516088	215	148968	367120	100	60	0.116893	0.646013	39	38.2	283235	8	2015	1.00297	0.960521	1804
177	579825	2368	203999	375826	100	60	1.16597	0.646013	38	38.2	283235	8	2015	1.00452	0.96433	1804
178	527083	2398	122744	404338	100	60	1.48669	0.646013	38	38.2	283235	8	2015	1.005	0.965547	1804
179	475912	2033	83231.6	392681	100	60	1.73509	0.646013	38	38.2	283235	8	2015	1.00562	0.964962	1804
180	403468	1908	33776.6	369691	100	60	2.06866	0.646013	37	38.2	283235	8	2015	1.05468	1.04318	1804
181	414631	1561	86236.7	327886	100	60	0.75029	0.646013	39	38.2	0	8	2015	1.01291	0.967429	1804
182	531386	1291	171009	359925	100	60	0.607893	0.646013	39	38.2	0	8	2015	1.00849	0.961946	1804
183	674789	1063	256317	417665	100	60	0.574337	0.646013	39	38.2	0	8	2015	1.00649	0.960428	1804
184	766463	881	310762	454944	100	60	0.607924	0.646013	39	38.2	0	8	2015	1.00646	0.959324	1804
185	776851	731	329619	446625	100	60	0.637927	0.646013	39	38.2	0	8	2015	1.00649	0.963216	1804
186	792464	1913	348065	444400	100	60	1.59124	0.646013	39	38.2	0	8	2015	1.00804	0.961721	1804
187	824381	1727	373134	451247	100	60	1.69939	0.646013	39	38.2	0	8	2015	1.0095	0.962245	1804
188	862913	1626	398467	464446	100	60	1.98397	0.646013	39	38.2	0	8	2015	1.01149	0.963535	1804
189	646221	1338	192050	454171	100	60	2.04091	0.646013	39	38.2	0	8	2015	1.01503	0.968445	1804
190	643929	1143	216847	427082	100	60	2.1603	0.646013	39	38.2	33758.1	8	2015	1.02214	0.975395	1804
191	667826	992	265415	402412	100	60	2.28862	0.646013	39	38.2	33758.1	8	2015	1.02782	0.981726	1804
192	530810	877	145826	384984	100	60	2.3464	0.646013	39	38.2	33758.1	8	2015	1.03976	1	1804
193	556287	773	198598	357689	100	60	2.40329	0.646013	39	38.2	33758.1	8	2015	1.04893	1.0091	1804
194	589184	708	245441	343744	100	60	2.47794	0.646013	39	38.2	33758.1	8	2015	1.06147	1.01847	1804
195	590813	630	266601	324212	100	60	2.55114	0.646013	39	38.2	33758.1	8	2015	1.07402	1.0288	1804
196	570052	561	263481	297107	100	60	2.61186	0.646013	39	38.2	33758.1	8	2015	1.08838	1.03791	1804
197	558773	509	261313	281711	100	60	2.64283	0.646013	39	38.2	33758.1	8	2015	1.08212	1.02982	1804
198	530007	455	250878	263656	100	60	2.68571	0.646013	39	38.2	33758.1	8	2015	1.07484	1.02902	1804
199	492231	398	236387	241507	100	60	2.71463	0.646013	39	38.2	33758.1	8	2015	1.07212	1.02821	1804
200	469913	367	227417	229511	100	60	2.71503	0.646013	39	38.2	33758.1	8	2015	1.07572	1.03652	1804
201	444692	343	222759	221933	100	60	2.68767	0.646013	39	38.2	33758.1	8	2015	1.09218	1.05706	1804
202	289206	296	87956.2	201250	100	60	0.125324	0.646013	39	38.2	163398	8	2015	1.00214	0.977889	1804
203	482281	266	180104	302177	100	60	0.0968906	0.646013	39	38.2	163398	8	2015	1.00156	0.977429	1804
204	659552	250	260470	399082	100	60	0.0964128	0.646013	39	38.2	163398	8	2015	1.00155	0.976407	1804
205	692435	232	280610	411825	100	60	0.101879	0.646013	39	38.2	163398	8	2015	1.00179	0.977067	1804
206	621426	189	261151	360276	100	60	0.100531	0.646013	39	38.2	163398	8	2015	1.00165	0.975694	1804
207	664456	2487	289991	374465	100	60	1.17949	0.646013	38	38.2	163398	8	2015	1.00324	0.979971	1804
208	741795	2477	330252	411543	100	60	1.4302	0.646013	38	38.2	163398	8	2015	1.0036	0.982889	1804
209	764588	2103	344477	420110	100	60	1.74383	0.646013	38	38.2	163398	8	2015	1.00555	0.982779	1804
210	515329	1903	84387.1	430942	100	60	1.91791	0.646013	34	38.2	163398	8	2015	1.07934	1.11017	1804
211	554048	1561	154288	399157	100	60	0.853989	0.646013	39	38.2	0	8	2015	1.0251	1.00166	1804
212	654225	1311	234874	418678	100	60	0.712766	0.646013	39	38.2	0	8	2015	1.01565	0.995235	1804
213	750071	1081	302519	446559	100	60	0.667278	0.646013	39	38.2	0	8	2015	1.01153	0.988441	1804
214	838053	939	355488	481603	100	60	0.738	0.646013	39	38.2	0	8	2015	1.01205	0.98952	1804
215	875269	849	383381	491054	100	60	0.809494	0.646013	39	38.2	0	8	2015	1.01416	0.990339	1804
216	659628	1802	183712	475916	100	60	1.71524	0.646013	39	38.2	0	8	2015	1.01489	0.990521	1804
217	680684	1660	241424	439260	100	60	1.86485	0.646013	39	38.2	0	8	2015	1.01691	0.992059	1804
218	744184	1541	301089	443096	100	60	2.0899	0.646013	39	38.2	0	8	2015	1.02137	0.996071	1804
219	753336	1253	328242	425093	100	60	2.15193	0.646013	39	38.2	0	8	2015	1.02487	0.994373	1804
220	585229	1085	165396	419833	100	60	2.22837	0.646013	39	38.2	8419.85	8	2015	1.02717	0.993506	1804
221	606759	933	219120	387639	100	60	2.32824	0.646013	39	38.2	8419.85	8	2015	1.03382	1.0054	1804
222	634082	822	264489	369593	100	60	2.39006	0.646013	39	38.2	8419.85	8	2015	1.04381	1.01718	1804
223	653843	745	295856	357987	100	60	2.42485	0.646013	39	38.2	8419.85	8	2015	1.06455	1.03514	1804
224	663111	689	312367	350744	100	60	2.46699	0.646013	39	38.2	8419.85	8	2015	1.07937	1.04832	1804
225	635738	617	306582	329156	100	60	2.51514	0.646013	39	38.2	8419.85	8	2015	1.08794	1.05565	1804
226	603150	547	289624	303554	100	60	2.54678	0.646013	39	38.2	8419.85	8	2015	1.09539	1.05566	1804
227	428165	493	141598	283031	100	60	2.58014	0.646013	39	38.2	8419.85	8	2015	1.09108	1.05361	1804
228	452443	459	174080	269526	100	60	2.61106	0.646013	39	38.2	8419.85	8	2015	1.10722	1.06951	1804
229	458868	419	197785	250618	100	60	2.61515	0.646013	39	38.2	8419.85	8	2015	1.10609	1.06683	1804
230	417822	354	191519	217496	100	60	2.60125	0.646013	39	38.2	8419.85	8	2015	1.11321	1.07375	1804
231	403052	333	195510	207542	100	60	2.64574	0.646013	39	38.2	8419.85	8	2015	1.11607	1.0828	1804
232	282265	317	76977.1	205288	100	60	0.142026	0.646013	39	38.2	32128.9	8	2015	1.00294	0.989352	1804
233	387227	302	83660.8	303567	100	60	0.115144	0.646013	39	38.2	32128.9	8	2015	1.00241	0.988306	1804
234	582374	280	179163	403212	100	60	0.103087	0.646013	39	38.2	32128.9	8	2015	1.00228	0.98711	1804
235	642308	241	224342	417966	100	60	0.103689	0.646013	39	38.2	32128.9	8	2015	1.0025	0.98528	1804
236	583291	200	219597	363693	100	60	0.108162	0.646013	39	38.2	32128.9	8	2015	1.00292	0.985003	1804
237	604476	2147	248829	355647	100	60	1.05927	0.646013	39	38.2	32128.9	8	2015	1.00484	0.986918	1804
238	683948	2068	296345	387603	100	60	1.32513	0.646013	39	38.2	32128.9	8	2015	1.00608	0.988587	1804
239	748372	1892	333706	414666	100	60	1.73499	0.646013	39	38.2	32128.9	8	2015	1.00912	0.99132	1804
240	507283	1697	82983.7	424299	100	60	1.89949	0.646013	37	38.2	32128.9	8	2015	1.10569	1.1554	1804
241	550631	1401	151270	398531	100	60	0.932736	0.646013	39	38.2	0	8	2015	1.03681	1.02489	1804
242	642679	1195	231271	410443	100	60	0.783456	0.646013	39	38.2	0	8	2015	1.02578	1.01032	1804
243	743429	1006	302344	439751	100	60	0.73782	0.646013	39	38.2	0	8	2015	1.01971	1.00188	1804
244	823256	865	354497	467548	100	60	0.790816	0.646013	39	38.2	0	8	2015	1.02019	0.999325	1804
245	853034	781	378665	473370	100	60	0.86824	0.646013	39	38.2	0	8	2015	1.02293	0.999689	1804
246	857157	1631	389359	467798	100	60	1.766	0.646013	39	38.2	0	8	2015	1.02368	0.999111	1804
247	860159	1548	397870	462288	100	60	1.89258	0.646013	39	38.2	0	8	2015	1.02292	0.99709	1804
248	644074	1394	191527	452547	100	60	2.04826	0.646013	39	38.2	0	8	2015	1.02753	1.00218	1804
249	675132	1183	247844	427287	100	60	2.10335	0.646013	39	38.2	0	8	2015	1.0281	0.99828	1804
250	650613	1026	241376	409238	100	60	2.18659	0.646013	39	38.2	61418.8	8	2015	1.03854	1.01491	1804
251	506290	868	131364	374926	100	60	2.30269	0.646013	39	38.2	61418.8	8	2015	1.05208	1.02468	1804
252	520691	757	180235	340456	100	60	2.42321	0.646013	39	38.2	61418.8	8	2015	1.05021	1.02815	1804
253	550569	681	227835	322734	100	60	2.47493	0.646013	39	38.2	61418.8	8	2015	1.05926	1.03598	1804
254	570488	619	259524	310964	100	60	2.50827	0.646013	39	38.2	61418.8	8	2015	1.08511	1.05611	1804
255	552918	540	264615	288303	100	60	2.54103	0.646013	39	38.2	61418.8	8	2015	1.10252	1.07021	1804
256	527557	473	254651	263982	100	60	2.56948	0.646013	39	38.2	61418.8	8	2015	1.11788	1.0744	1804
257	511802	432	248084	248665	100	60	2.59013	0.646013	39	38.2	61418.8	8	2015	1.12364	1.06905	1804
258	362833	401	122779	237141	100	60	2.61949	0.646013	39	38.2	61418.8	8	2015	1.12114	1.06186	1804
259	388606	375	153107	227933	100	60	2.62407	0.646013	39	38.2	61418.8	8	2015	1.12214	1.06906	1804
260	410874	360	182536	221154	100	60	2.6508	0.646013	39	38.2	61418.8	8	2015	1.12668	1.06977	1804
261	360724	303	174459	186265	100	60	2.59154	0.646013	39	38.2	61418.8	8	2015	1.13443	1.11189	1804
262	262650	277	87587.6	175063	100	60	0.128004	0.646013	39	38.2	158141	8	2015	1.00259	0.988474	1804
263	436540	243	170846	265694	100	60	0.0949977	0.646013	39	38.2	158141	8	2015	1.00203	0.988739	1804
264	640433	237	262194	378239	100	60	0.0981391	0.646013	39	38.2	158141	8	2015	1.00252	0.989875	1804
265	680401	216	282238	398162	100	60	0.105107	0.646013	38	38.2	158141	8	2015	1.00272	0.992096	1804
266	636276	207	271314	364962	100	60	0.122496	0.646013	38	38.2	158141	8	2015	1.00338	0.994597	1804
267	645934	2259	285102	360832	100	60	1.15257	0.646013	38	38.2	158141	8	2015	1.00443	0.995698	1804
268	722125	2109	325848	396277	100	60	1.34719	0.646013	38	38.2	158141	8	2015	1.00584	0.998919	1804
269	573092	1770	162120	410973	100	60	1.63062	0.646013	38	38.2	158141	8	2015	1.00888	1.00048	1804
270	505404	1666	109393	396011	100	60	1.84651	0.646013	34	38.2	158141	8	2015	1.09257	1.13795	1804
271	570932	1381	189194	380452	100	60	0.95219	0.646013	39	38.2	0	8	2015	1.03303	1.02031	1804
272	511803	1126	123181	387970	100	60	0.764529	0.646013	39	38.2	0	8	2015	1.02209	1.00572	1804
273	635104	1002	217164	416409	100	60	0.680973	0.646013	39	38.2	0	8	2015	1.01537	0.996548	1804
274	745534	866	296791	447153	100	60	0.730194	0.646013	39	38.2	0	8	2015	1.01586	0.995514	1804
275	633802	785	168139	465459	100	60	0.794382	0.646013	39	38.2	0	8	2015	1.017	0.995554	1804
276	562193	1680	111403	450791	100	60	1.61499	0.646013	39	38.2	0	8	2015	1.01924	0.996453	1804
277	609827	1616	180789	429038	100	60	1.79876	0.646013	39	38.2	0	8	2015	1.02422	1.00103	1804
278	680573	1588	254261	426311	100	60	2.05298	0.646013	39	38.2	0	8	2015	1.02656	1.00637	1804
279	741178	1339	311816	429362	100	60	2.09557	0.646013	39	38.2	0	8	2015	1.02839	1.00756	1804
280	690294	1108	278181	412113	100	60	2.16813	0.646013	39	38.2	66663.5	8	2015	1.03448	1.01461	1804
281	704933	975	312762	392171	100	60	2.23448	0.646013	39	38.2	66663.5	8	2015	1.04274	1.02391	1804
282	707259	865	332287	374972	100	60	2.27877	0.646013	39	38.2	66663.5	8	2015	1.05163	1.02334	1804
283	657543	725	318831	338712	100	60	2.31196	0.646013	39	38.2	66663.5	8	2015	1.0657	1.03199	1804
284	666135	687	329686	336450	100	60	2.32758	0.646013	39	38.2	66663.5	8	2015	1.07229	1.03529	1804
285	483687	637	160611	323076	100	60	2.37698	0.646013	39	38.2	66663.5	8	2015	1.09362	1.05388	1804
286	497586	577	193579	296591	100	60	2.42392	0.646013	39	38.2	66663.5	8	2015	1.09953	1.05594	1804
287	513722	535	224469	277953	100	60	2.49129	0.646013	39	38.2	66663.5	8	2015	1.0917	1.04389	1804
288	500403	474	232480	254302	100	60	2.47981	0.646013	39	38.2	66663.5	8	2015	1.09162	1.04978	1804
289	485932	430	233892	238591	100	60	2.50283	0.646013	39	38.2	66663.5	8	2015	1.0919	1.04578	1804
290	358414	411	121647	233783	100	60	2.51668	0.646013	39	38.2	66663.5	8	2015	1.09491	1.04822	1804
291	366844	379	149268	217576	100	60	2.50509	0.646013	39	38.2	66663.5	8	2015	1.10178	1.05801	1804
292	292103	320	102702	189400	100	60	0.212505	0.646013	39	38.2	130727	8	2015	1.00406	1.00176	1804
293	390522	279	158022	232499	100	60	0.149931	0.646013	39	38.2	130727	8	2015	1.00309	1.00167	1804
294	571876	241	247377	324498	100	60	0.133143	0.646013	39	38.2	130727	8	2015	1.00337	1.00196	1804
295	701952	227	303238	398714	100	60	0.136661	0.646013	39	38.2	130727	8	2015	1.00406	1.00341	1804
296	698245	189	303866	394380	100	60	0.139525	0.646013	39	38.2	130727	8	2015	1.00399	1.00408	1804
297	706104	2216	315283	390820	100	60	1.01781	0.646013	39	38.2	130727	8	2015	1.00471	1.00598	1804
298	741397	2037	338612	402785	100	60	1.10474	0.646013	39	38.2	130727	8	2015	1.00517	1.00775	1804
299	785349	1806	366461	418888	100	60	1.29896	0.646013	39	38.2	130727	8	2015	1.0069	1.00733	1804
300	599580	1616	188454	411126	100	60	1.36401	0.646013	31	38.2	130727	8	2015	1.11138	1.20473	1804
301	654724	1341	263544	389811	100	60	1.0752	0.646013	39	38.2	0	8	2015	1.0644	1.07395	1804
302	691309	1116	311084	378468	100	60	0.967886	0.646013	39	38.2	0	8	2015	1.03686	1.03531	1804
303	743232	976	354056	386931	100	60	0.914807	0.646013	39	38.2	0	8	2015	1.02095	1.01558	1804
304	804389	887	392306	409944	100	60	0.977196	0.646013	39	38.2	0	8	2015	1.01876	1.01012	1804
305	832110	798	410803	419514	100	60	1.01379	0.646013	39	38.2	0	8	2015	1.02316	1.01361	1804
306	864079	1343	429269	434810	100	60	1.55145	0.646013	39	38.2	0	8	2015	1.02751	1.01699	1804
307	841335	1284	421495	419840	100	60	1.66624	0.646013	39	38.2	0	8	2015	1.03027	1.02031	1804
308	796808	1146	404586	392222	100	60	1.79211	0.646013	39	38.2	0	8	2015	1.03432	1.0256	1804
309	764078	969	393051	371028	100	60	1.78063	0.646013	39	38.2	0	8	2015	1.04331	1.03971	1804
310	619118	819	279868	339251	100	60	1.76722	0.646013	39	38.2	99849.8	8	2015	1.04995	1.04815	1804
311	634342	756	307252	327090	100	60	1.80348	0.646013	39	38.2	99849.8	8	2015	1.06067	1.06032	1804
312	465434	689	154246	311188	100	60	1.84342	0.646013	39	38.2	99849.8	8	2015	1.07748	1.081	1804
313	500702	649	204548	296154	100	60	1.90405	0.646013	39	38.2	99849.8	8	2015	1.08345	1.08138	1804
314	509387	585	236738	272649	100	60	1.92689	0.646013	39	38.2	99849.8	8	2015	1.10252	1.09599	1804
315	486713	513	242885	243827	100	60	1.9362	0.646013	39	38.2	99849.8	8	2015	1.1194	1.10558	1804
316	456452	447	231645	216598	100	60	1.9328	0.646013	39	38.2	99849.8	8	2015	1.12174	1.10934	1804
317	440804	414	224306	202641	100	60	1.93708	0.646013	39	38.2	99849.8	8	2015	1.14524	1.12593	1804
318	409123	364	210329	185911	100	60	1.96715	0.646013	39	38.2	99849.8	8	2015	1.12	1.09524	1804
319	385503	331	200009	173309	100	60	1.97301	0.646013	39	38.2	99849.8	8	2015	1.10619	1.0805	1804
320	365859	307	190760	163883	100	60	1.98225	0.646013	39	38.2	99849.8	8	2015	1.09779	1.06689	1804
321	330985	283	178050	152935	100	60	1.98197	0.646013	39	38.2	99849.8	8	2015	1.10381	1.07273	1804
322	230803	241	94874.7	135929	100	60	0.0788207	0.646013	39	38.2	170847	8	2015	1.0018	0.990327	1804
323	461235	207	189695	271540	100	60	0.0639405	0.646013	39	38.2	170847	8	2015	1.00177	0.990625	1804
324	600049	192	248306	351744	100	60	0.0623024	0.646013	39	38.2	170847	8	2015	1.00149	0.990563	1804
325	579359	174	246493	332867	100	60	0.0684497	0.646013	39	38.2	170847	8	2015	1.0022	0.994057	1804
326	550779	161	243610	307169	100	60	0.0752011	0.646013	39	38.2	170847	8	2015	1.00287	0.99551	1804
327	622581	2408	285086	337495	100	60	0.972566	0.646013	39	38.2	170847	8	2015	1.00414	0.999325	1804
328	713404	2215	329766	383638	100	60	1.13778	0.646013	39	38.2	170847	8	2015	1.00514	1.00062	1804
329	738576	1830	345667	392909	100	60	1.31481	0.646013	39	38.2	170847	8	2015	1.00744	1.00399	1804
330	582191	1747	182477	399714	100	60	1.48499	0.646013	35	38.2	170847	8	2015	1.07856	1.13218	1804
331	630820	1404	254156	374930	100	60	0.692765	0.646013	39	38.2	0	8	2015	1.02203	1.01638	1804
332	542774	1151	149675	392576	100	60	0.548714	0.646013	39	38.2	0	8	2015	1.01341	1.00573	1804
333	677402	1014	249733	426035	100	60	0.466686	0.646013	39	38.2	0	8	2015	1.00761	0.997776	1804
334	766106	876	316736	447586	100	60	0.496423	0.646013	39	38.2	0	8	2015	1.00845	0.998484	1804
335	781495	781	345758	434208	100	60	0.558251	0.646013	39	38.2	0	8	2015	1.00918	1	1804
336	784536	1714	362848	421688	100	60	1.17641	0.646013	39	38.2	0	8	2015	1.01245	1.00321	1804
337	802309	1630	381963	420346	100	60	1.32194	0.646013	39	38.2	0	8	2015	1.01521	1.00947	1804
338	793621	1592	385757	407865	100	60	1.5462	0.646013	39	38.2	0	8	2015	1.01743	1.01329	1804
339	790398	1314	391889	398510	100	60	1.60854	0.646013	39	38.2	0	8	2015	1.02429	1.02142	1804
340	695184	1114	315200	379984	100	60	1.68677	0.646013	39	38.2	80539.3	8	2015	1.02803	1.0271	1804
341	686817	965	330130	356687	100	60	1.75197	0.646013	39	38.2	80539.3	8	2015	1.03985	1.04062	1804
342	655024	834	326605	328419	100	60	1.78692	0.646013	39	38.2	80539.3	8	2015	1.04968	1.04452	1804
343	625904	748	320547	305357	100	60	1.8157	0.646013	39	38.2	80539.3	8	2015	1.06211	1.05787	1804
344	600951	678	312494	288458	100	60	1.83778	0.646013	39	38.2	80539.3	8	2015	1.07434	1.06973	1804
345	555640	600	292679	262961	100	60	1.86495	0.646013	39	38.2	80539.3	8	2015	1.08949	1.08208	1804
346	520546	540	271559	240959	100	60	1.87839	0.646013	39	38.2	80539.3	8	2015	1.11075	1.10428	1804
347	464188	459	239554	211323	100	60	1.88439	0.646013	39	38.2	80539.3	8	2015	1.1323	1.11648	1804
348	444886	420	229871	202369	100	60	1.93361	0.646013	39	38.2	80539.3	8	2015	1.12473	1.10169	1804
349	421113	389	218287	190882	100	60	1.96999	0.646013	39	38.2	80539.3	8	2015	1.12531	1.10582	1804
350	385425	353	200457	174366	100	60	1.98411	0.646013	39	38.2	80539.3	8	2015	1.12363	1.1085	1804
351	350543	329	187908	162635	100	60	1.99052	0.646013	39	38.2	80539.3	8	2015	1.12349	1.10759	1804
352	279688	317	121333	158356	100	60	0.101387	0.646013	39	38.2	146900	8	2015	1.00273	0.997833	1804
353	501484	277	213244	288239	100	60	0.0841726	0.646013	39	38.2	146900	8	2015	1.0027	0.997295	1804
354	629592	247	265840	363752	100	60	0.079356	0.646013	39	38.2	146900	8	2015	1.00283	0.998194	1804
355	459483	207	114622	344862	100	60	0.0802234	0.646013	39	38.2	146900	8	2015	1.00306	0.998436	1804
356	453254	188	146107	307147	100	60	0.0887503	0.646013	39	38.2	146900	8	2015	1.00327	0.998419	1804
357	553588	2616	214206	339383	100	60	1.0369	0.646013	39	38.2	146900	8	2015	1.0041	0.997653	1804
358	662242	2310	279860	382381	100	60	1.23059	0.646013	39	38.2	146900	8	2015	1.00628	0.999408	1804
359	726372	2082	322099	404273	100	60	1.39061	0.646013	39	38.2	146900	8	2015	1.00808	1.0008	1804
360	578046	1866	172376	405669	100	60	1.55552	0.646013	38	38.2	146900	8	2015	1.07621	1.11433	1804
361	636328	1502	249380	385325	100	60	0.730154	0.646013	39	38.2	0	8	2015	1.02373	1.01782	1804
362	718901	1247	310289	406558	100	60	0.597308	0.646013	39	38.2	0	8	2015	1.01536	1.00785	1804
363	790575	1041	357827	430108	100	60	0.549049	0.646013	39	38.2	0	8	2015	1.01124	1.00268	1804
364	843972	916	389097	452383	100	60	0.610036	0.646013	39	38.2	0	8	2015	1.01121	1.00094	1804
365	836809	829	393270	441485	100	60	0.671584	0.646013	39	38.2	0	8	2015	1.01448	1.00254	1804
366	815929	1716	391048	424881	100	60	1.34597	0.646013	39	38.2	0	8	2015	1.0176	1.00293	1804
367	819100	1616	397930	421170	100	60	1.44977	0.646013	39	38.2	0	8	2015	1.02203	1.00873	1804
368	795620	1477	390615	405005	100	60	1.68266	0.646013	39	38.2	0	8	2015	1.02635	1.01295	1804
369	815352	1297	405776	409576	100	60	1.75525	0.646013	39	38.2	0	8	2015	1.02634	1.01321	1804
370	682908	1095	303898	379011	100	60	1.79309	0.646013	39	38.2	95995	8	2015	1.03603	1.02392	1804
371	689895	966	327404	362491	100	60	1.87746	0.646013	39	38.2	95995	8	2015	1.04489	1.03021	1804
372	632964	799	313007	319956	100	60	1.90579	0.646013	39	38.2	95995	8	2015	1.05432	1.03899	1804
373	605955	708	308391	297564	100	60	1.91539	0.646013	39	38.2	95995	8	2015	1.0583	1.03678	1804
374	604089	667	312421	291668	100	60	1.96065	0.646013	39	38.2	95995	8	2015	1.06849	1.04676	1804
375	415419	604	145724	269695	100	60	1.99347	0.646013	39	38.2	95995	8	2015	1.08764	1.06489	1804
376	443980	562	182050	255198	100	60	2.04264	0.646013	39	38.2	95995	8	2015	1.0896	1.07156	1804
377	347373	512	109198	236065	100	60	2.04804	0.646013	39	38.2	95995	8	2015	1.09074	1.08119	1804
378	297670	475	76108	220448	100	60	2.05521	0.646013	39	38.2	95995	8	2015	1.098	1.09208	1804
379	320351	432	113505	201644	100	60	2.05965	0.646013	39	38.2	95995	8	2015	1.09956	1.09176	1804
380	337165	397	146554	185891	100	60	2.07168	0.646013	39	38.2	95995	8	2015	1.11634	1.1013	1804
381	350099	377	170053	180046	100	60	2.0479	0.646013	39	38.2	95995	8	2015	1.14436	1.13499	1804
382	286171	343	118695	167476	100	60	0.136788	0.646013	39	38.2	155841	8	2015	1.00394	1.00214	1804
383	460353	306	198118	262235	100	60	0.108061	0.646013	39	38.2	155841	8	2015	1.00327	1.00135	1804
384	641982	276	275593	366388	100	60	0.10304	0.646013	39	38.2	155841	8	2015	1.00319	1.00114	1804
385	662433	238	284595	377838	100	60	0.103375	0.646013	39	38.2	155841	8	2015	1.00352	1.00139	1804
386	624977	221	275165	349812	100	60	0.112625	0.646013	39	38.2	155841	8	2015	1.00362	1.00196	1804
387	643484	2327	293490	349994	100	60	0.967751	0.646013	38	38.2	155841	8	2015	1.00538	1.00467	1804
388	727650	2132	336600	391051	100	60	1.09296	0.646013	38	38.2	155841	8	2015	1.00643	1.00635	1804
389	785858	1887	366995	418864	100	60	1.34725	0.646013	38	38.2	155841	8	2015	1.01007	1.00797	1804
390	592992	1706	184841	408151	100	60	1.52342	0.646013	33	38.2	155841	8	2015	1.11887	1.18294	1804
391	638687	1386	255660	380952	100	60	0.884982	0.646013	39	38.2	0	8	2015	1.04557	1.04421	1804
392	689632	1154	305074	381694	100	60	0.730175	0.646013	39	38.2	0	8	2015	1.02456	1.01908	1804
393	748454	977	348214	396973	100	60	0.674295	0.646013	39	38.2	0	8	2015	1.0165	1.00985	1804
394	818629	856	387429	428077	100	60	0.708325	0.646013	39	38.2	0	8	2015	1.01527	1.00745	1804
395	857051	782	408352	446002	100	60	0.755633	0.646013	39	38.2	0	8	2015	1.01798	1.00847	1804
396	843046	1513	406277	436769	100	60	1.39153	0.646013	39	38.2	0	8	2015	1.022	1.01264	1804
397	815686	1424	398291	417395	100	60	1.52853	0.646013	39	38.2	0	8	2015	1.02431	1.01002	1804
398	834464	1460	411965	422499	100	60	1.69933	0.646013	39	38.2	0	8	2015	1.02726	1.01449	1804
399	819172	1256	408655	410518	100	60	1.71225	0.646013	39	38.2	0	8	2015	1.03142	1.02005	1804
400	699741	1063	316938	382803	100	60	1.76119	0.646013	39	38.2	83321.2	8	2015	1.04563	1.03598	1804
401	677267	906	326206	351062	100	60	1.8016	0.646013	39	38.2	83321.2	8	2015	1.05537	1.0455	1804
402	674337	823	336656	337681	100	60	1.874	0.646013	39	38.2	83321.2	8	2015	1.06405	1.05372	1804
403	647096	739	330198	316898	100	60	1.90747	0.646013	39	38.2	83321.2	8	2015	1.08168	1.06948	1804
404	588060	639	304917	283143	100	60	1.92718	0.646013	39	38.2	83321.2	8	2015	1.08052	1.05956	1804
405	554406	574	290984	263422	100	60	1.94833	0.646013	39	38.2	83321.2	8	2015	1.09394	1.07544	1804
406	518778	518	269856	241137	100	60	1.97088	0.646013	39	38.2	83321.2	8	2015	1.10399	1.08171	1804
407	481796	461	248822	220471	100	60	1.96242	0.646013	39	38.2	83321.2	8	2015	1.12475	1.10307	1804
408	460515	423	238959	209435	100	60	1.9802	0.646013	39	38.2	83321.2	8	2015	1.12967	1.10024	1804
409	434255	389	226706	196039	100	60	1.9847	0.646013	39	38.2	83321.2	8	2015	1.13936	1.10236	1804
410	409273	356	214598	184127	100	60	1.99293	0.646013	39	38.2	83321.2	8	2015	1.14481	1.10435	1804
411	368911	327	198530	170381	100	60	1.95879	0.646013	39	38.2	83321.2	8	2015	1.17683	1.12658	1804
412	271022	298	113224	157798	100	60	0.0953391	0.646013	39	38.2	162335	8	2015	1.00321	0.995003	1804
413	498477	271	208362	290115	100	60	0.0826212	0.646013	39	38.2	162335	8	2015	1.00317	0.994989	1804
414	632096	263	265783	366313	100	60	0.0849546	0.646013	39	38.2	162335	8	2015	1.00332	0.997027	1804
415	612979	231	263597	349382	100	60	0.0897859	0.646013	39	38.2	162335	8	2015	1.00343	1.00068	1804
416	431161	214	106239	324922	100	60	0.0995808	0.646013	39	38.2	162335	8	2015	1.00405	1.0033	1804
417	496869	2427	167076	329793	100	60	1.03377	0.646013	39	38.2	162335	8	2015	1.00638	1.00543	1804
418	604096	2205	237486	366610	100	60	1.25157	0.646013	39	38.2	162335	8	2015	1.00866	1.00774	1804
419	519472	1962	132922	386550	100	60	1.4522	0.646013	39	38.2	162335	8	2015	1.01062	1.00675	1804
420	461526	1832	96707.5	364818	100	60	1.61536	0.646013	38	38.2	162335	8	2015	1.06766	1.10273	1804
421	515326	1472	172551	341091	100	60	0.638716	0.646013	39	38.2	0	8	2015	1.01694	1.01264	1804
422	646416	1270	257646	386915	100	60	0.533386	0.646013	39	38.2	0	8	2015	1.00966	1.00353	1804
423	765390	1094	330741	431742	100	60	0.509981	0.646013	39	38.2	0	8	2015	1.00684	1.00103	1804
424	609137	869	173434	435435	100	60	0.517014	0.646013	39	38.2	0	8	2015	1.00754	1.00127	1804
425	649469	767	234968	414248	100	60	0.560305	0.646013	39	38.2	0	8	2015	1.00948	1.00295	1804
426	683348	1723	285283	398065	100	60	1.25907	0.646013	39	38.2	0	8	2015	1.01084	1.00343	1804
427	731219	1660	329113	402105	100	60	1.41637	0.646013	39	38.2	0	8	2015	1.01237	1.00454	1804
428	757462	1594	356355	401107	100	60	1.66304	0.646013	39	38.2	0	8	2015	1.01728	1.01258	1804
429	729604	1255	353591	376013	100	60	1.69708	0.646013	39	38.2	0	8	2015	1.02122	1.02078	1804
430	667175	1092	299676	367499	100	60	1.798	0.646013	39	38.2	67127.3	8	2015	1.02459	1.02388	1804
431	663029	953	316362	346667	100	60	1.86143	0.646013	39	38.2	67127.3	8	2015	1.03303	1.03372	1804
432	624092	809	309673	314418	100	60	1.91758	0.646013	39	38.2	67127.3	8	2015	1.04107	1.03837	1804
433	589168	706	299850	289318	100	60	1.97486	0.646013	39	38.2	67127.3	8	2015	1.04493	1.04416	1804
434	567794	643	293381	274413	100	60	1.98208	0.646013	39	38.2	67127.3	8	2015	1.06789	1.06416	1804
435	540842	590	282217	258625	100	60	2.02296	0.646013	39	38.2	67127.3	8	2015	1.06433	1.06154	1804
436	398158	569	142035	254849	100	60	2.04771	0.646013	39	38.2	67127.3	8	2015	1.08346	1.07638	1804
437	336493	537	91717	243691	100	60	2.0522	0.646013	39	38.2	67127.3	8	2015	1.09291	1.08068	1804
438	370210	502	133708	230759	100	60	2.02471	0.646013	39	38.2	67127.3	8	2015	1.125	1.11245	1804
439	380477	447	164627	208942	100	60	2.07929	0.646013	39	38.2	67127.3	8	2015	1.11277	1.09545	1804
440	390878	414	184801	199628	100	60	2.08352	0.646013	39	38.2	67127.3	8	2015	1.11697	1.10099	1804
441	365149	376	183517	181632	100	60	2.10659	0.646013	39	38.2	67127.3	8	2015	1.12533	1.10221	1804
442	281300	330	117180	164120	100	60	0.136089	0.646013	39	38.2	131937	8	2015	1.00362	1.00164	1804
443	469089	322	202262	266827	100	60	0.115996	0.646013	39	38.2	131937	8	2015	1.00308	1.00128	1804
444	647360	293	279120	368240	100	60	0.112366	0.646013	39	38.2	131937	8	2015	1.00332	1.00196	1804
445	515315	269	132902	382413	100	60	0.119102	0.646013	39	38.2	131937	8	2015	1.00361	1.00242	1804
446	506166	228	162984	343182	100	60	0.121619	0.646013	39	38.2	131937	8	2015	1.00346	1.00267	1804
447	566128	2396	218401	347727	100	60	1.01409	0.646013	39	38.2	131937	8	2015	1.00508	1.00412	1804
448	525822	2307	131237	394586	100	60	1.21404	0.646013	39	38.2	131937	8	2015	1.00651	1.00615	1804
449	563753	1970	191204	372549	100	60	1.40658	0.646013	39	38.2	131937	8	2015	1.00722	1.00716	1804
450	515292	1895	129000	386292	100	60	1.60697	0.646013	36	38.2	131937	8	2015	1.06124	1.09862	1804
451	569590	1516	205541	363261	100	60	0.888476	0.646013	39	38.2	0	8	2015	1.02391	1.02278	1804
452	674818	1327	280733	393046	100	60	0.773126	0.646013	39	38.2	0	8	2015	1.01432	1.01062	1804
453	747498	1119	335521	410603	100	60	0.733333	0.646013	39	38.2	0	8	2015	1.00927	1.00443	1804
454	803687	955	373321	429076	100	60	0.788237	0.646013	39	38.2	0	8	2015	1.00998	1.0037	1804
455	631352	861	190815	440267	100	60	0.878251	0.646013	39	38.2	0	8	2015	1.01031	1.00372	1804
456	697108	1497	261072	436036	100	60	1.49076	0.646013	39	38.2	0	8	2015	1.01402	1.00667	1804
457	732998	1504	313092	419906	100	60	1.69392	0.646013	39	38.2	0	8	2015	1.01683	1.01088	1804
458	548101	1365	159229	388872	100	60	1.80951	0.646013	39	38.2	0	8	2015	1.01914	1.01762	1804
459	602121	1185	227817	374303	100	60	1.81248	0.646013	39	38.2	0	8	2015	1.02396	1.02282	1804
460	625466	1055	259810	365657	100	60	1.83725	0.646013	39	38.2	29987.1	8	2015	1.02354	1.02471	1804
461	610165	872	281027	329138	100	60	1.91802	0.646013	39	38.2	29987.1	8	2015	1.02982	1.02759	1804
462	432416	729	139021	293394	100	60	1.96308	0.646013	39	38.2	29987.1	8	2015	1.03556	1.03714	1804
463	346784	627	86021.6	260763	100	60	1.99632	0.646013	39	38.2	29987.1	8	2015	1.05306	1.05449	1804
464	378147	577	135550	242597	100	60	2.01625	0.646013	39	38.2	29987.1	8	2015	1.06667	1.06632	1804
465	406060	531	177947	228113	100	60	2.05729	0.646013	39	38.2	29987.1	8	2015	1.07143	1.06641	1804
466	405005	468	190909	206345	100	60	2.07946	0.646013	39	38.2	29987.1	8	2015	1.08333	1.07809	1804
467	414607	435	202078	199973	100	60	2.07989	0.646013	39	38.2	29987.1	8	2015	1.09267	1.0814	1804
468	288373	386	102364	183209	100	60	2.12782	0.646013	39	38.2	29987.1	8	2015	1.09023	1.07162	1804
469	301100	351	126081	168588	100	60	2.1459	0.646013	39	38.2	29987.1	8	2015	1.09244	1.07918	1804
470	227128	310	72887.6	153015	100	60	2.1444	0.646013	39	38.2	29987.1	8	2015	1.09554	1.08	1804
471	234894	280	95160	139734	100	60	2.17367	0.646013	39	38.2	29987.1	8	2015	1.12681	1.10821	1804
472	213492	253	83838	129654	100	60	0.237539	0.646013	39	38.2	65661.2	8	2015	1.00645	1.00332	1804
473	285542	232	125029	160513	100	60	0.175378	0.646013	39	38.2	65661.2	8	2015	1.00448	1.00158	1804
474	445319	222	205723	239595	100	60	0.167382	0.646013	39	38.2	65661.2	8	2015	1.00469	1.00196	1804
475	621080	198	282881	338199	100	60	0.166566	0.646013	39	38.2	65661.2	8	2015	1.00479	1.00149	1804
476	730012	185	329253	400758	100	60	0.18437	0.646013	39	38.2	65661.2	8	2015	1.0051	1.00324	1804
477	732528	2072	333357	399171	100	60	1.1603	0.646013	39	38.2	65661.2	8	2015	1.00467	1.00399	1804
478	729544	1797	340599	388945	100	60	1.22391	0.646013	39	38.2	65661.2	8	2015	1.006	1.00685	1804
479	773034	1596	370159	402875	100	60	1.30635	0.646013	39	38.2	65661.2	8	2015	1.00671	1.00812	1804
480	605625	1443	196528	409098	100	60	1.23703	0.646013	36	38.2	65661.2	8	2015	1.2113	1.37874	1804
481	516608	1232	131786	384253	100	60	1.18023	0.646013	39	38.2	0	8	2015	1.1628	1.205	1804
482	565446	1078	202575	360873	100	60	1.11016	0.646013	39	38.2	0	8	2015	1.0936	1.09207	1804
483	626138	951	268186	355498	100	60	1.10511	0.646013	39	38.2	0	8	2015	1.05343	1.03844	1804
484	517211	844	157315	359322	100	60	1.17812	0.646013	39	38.2	0	8	2015	1.04767	1.02342	1804
485	587937	794	232176	355215	100	60	1.27759	0.646013	39	38.2	0	8	2015	1.05009	1.02401	1804
486	507344	989	146569	360775	100	60	1.68405	0.646013	39	38.2	0	8	2015	1.05363	1.02206	1804
487	572443	1035	220242	352201	100	60	1.88886	0.646013	39	38.2	0	8	2015	1.0556	1.02072	1804
488	614160	972	274887	339273	100	60	1.98217	0.646013	39	38.2	0	8	2015	1.06452	1.02706	1804
489	640832	856	309594	331238	100	60	1.98027	0.646013	39	38.2	0	8	2015	1.06418	1.02712	1804
490	587662	757	266339	321324	100	60	1.95044	0.646013	39	38.2	64579.1	8	2015	1.07683	1.04545	1804
491	573268	657	279525	293743	100	60	1.97987	0.646013	39	38.2	64579.1	8	2015	1.08892	1.05873	1804
492	546492	568	277969	268523	100	60	1.98476	0.646013	39	38.2	64579.1	8	2015	1.11254	1.09156	1804
493	542087	527	281081	261006	100	60	1.95356	0.646013	39	38.2	64579.1	8	2015	1.14411	1.12379	1804
494	498389	465	262070	236319	100	60	1.90806	0.646013	39	38.2	64579.1	8	2015	1.15619	1.12719	1804
495	475123	427	251191	223931	100	60	1.92832	0.646013	39	38.2	64579.1	8	2015	1.17793	1.14458	1804
496	464667	399	242358	214809	100	60	1.96245	0.646013	39	38.2	64579.1	8	2015	1.18182	1.15026	1804
497	436725	362	224375	199428	100	60	1.98188	0.646013	39	38.2	64579.1	8	2015	1.18428	1.1408	1804
498	421805	342	217157	192060	100	60	2.00774	0.646013	39	38.2	64579.1	8	2015	1.16667	1.11385	1804
499	418797	332	216819	189609	100	60	2.00247	0.646013	39	38.2	64579.1	8	2015	1.15758	1.11182	1804
500	396688	305	205552	179861	100	60	2.0066	0.646013	39	38.2	64579.1	8	2015	1.16776	1.1338	1804
501	348142	270	185744	162398	100	60	1.99023	0.646013	39	38.2	64579.1	8	2015	1.16794	1.13061	1804
502	256661	246	102681	153979	100	60	0.0851647	0.646013	39	38.2	145927	8	2015	1.00271	0.982653	1804
503	472384	230	194167	278218	100	60	0.0725815	0.646013	39	38.2	145927	8	2015	1.0024	0.98225	1804
504	632761	200	261891	370870	100	60	0.0655454	0.646013	39	38.2	145927	8	2015	1.00243	0.986916	1804
505	632295	184	266672	365623	100	60	0.070892	0.646013	39	38.2	145927	8	2015	1.00308	0.991384	1804
506	578092	161	253128	324964	100	60	0.0760053	0.646013	39	38.2	145927	8	2015	1.0035	0.991484	1804
507	630607	2526	285513	345093	100	60	1.01153	0.646013	38	38.2	145927	8	2015	1.00525	0.994531	1804
508	710233	2296	326177	384055	100	60	1.20405	0.646013	38	38.2	145927	8	2015	1.00614	0.997823	1804
509	745565	2011	348103	397461	100	60	1.44316	0.646013	38	38.2	145927	8	2015	1.00864	1.00128	1804
510	566904	1762	176934	389970	100	60	1.61638	0.646013	37	38.2	145927	8	2015	1.08537	1.13341	1804
511	621644	1459	248268	372247	100	60	0.779137	0.646013	39	38.2	0	8	2015	1.02727	1.01178	1804
512	707974	1239	310667	395652	100	60	0.651522	0.646013	39	38.2	0	8	2015	1.01546	0.997394	1804
513	609318	1052	179125	429769	100	60	0.593511	0.646013	39	38.2	0	8	2015	1.00866	0.989341	1804
514	568571	909	123595	444931	100	60	0.629501	0.646013	39	38.2	0	8	2015	1.00984	0.991704	1804
515	617368	823	190551	426781	100	60	0.693878	0.646013	39	38.2	0	8	2015	1.01169	0.994478	1804
516	673693	1793	257066	416627	100	60	1.39297	0.646013	39	38.2	0	8	2015	1.01474	1.00076	1804
517	738642	1730	316272	422371	100	60	1.53672	0.646013	39	38.2	0	8	2015	1.01847	1.00644	1804
518	770744	1635	351885	418859	100	60	1.75336	0.646013	39	38.2	0	8	2015	1.02065	1.0074	1804
519	758887	1314	360093	398794	100	60	1.77633	0.646013	39	38.2	0	8	2015	1.02533	1.01613	1804
520	686926	1105	302367	384560	100	60	1.85632	0.646013	39	38.2	71839.2	8	2015	1.03242	1.02009	1804
521	700408	991	329272	371136	100	60	1.92696	0.646013	39	38.2	71839.2	8	2015	1.03336	1.01929	1804
522	681808	864	333851	347957	100	60	1.96343	0.646013	39	38.2	71839.2	8	2015	1.0477	1.03376	1804
523	666983	777	335584	331398	100	60	2.02626	0.646013	39	38.2	71839.2	8	2015	1.05986	1.04669	1804
524	651144	709	332256	318888	100	60	2.07197	0.646013	39	38.2	71839.2	8	2015	1.07665	1.06695	1804
525	636621	659	328342	308279	100	60	2.11978	0.646013	39	38.2	71839.2	8	2015	1.09379	1.0781	1804
526	593673	592	304641	279436	100	60	2.14514	0.646013	39	38.2	71839.2	8	2015	1.09104	1.06814	1804
527	572428	545	291050	264476	100	60	2.17921	0.646013	39	38.2	71839.2	8	2015	1.09365	1.06691	1804
528	543881	495	277627	249966	100	60	2.22271	0.646013	39	38.2	71839.2	8	2015	1.0791	1.04908	1804
529	513892	446	263720	234445	100	60	2.2574	0.646013	39	38.2	71839.2	8	2015	1.07495	1.04348	1804
530	459088	397	236767	208638	100	60	2.28643	0.646013	39	38.2	71839.2	8	2015	1.06569	1.03359	1804
531	421001	370	224239	196762	100	60	2.28397	0.646013	39	38.2	71839.2	8	2015	1.07592	1.04457	1804
532	295070	324	116178	178892	100	60	0.111167	0.646013	39	38.2	168878	8	2015	1.0018	0.988182	1804
533	505333	280	205909	299424	100	60	0.0891332	0.646013	39	38.2	168878	8	2015	1.00165	0.987321	1804
534	652641	263	269240	383401	100	60	0.0869845	0.646013	39	38.2	168878	8	2015	1.00161	0.989607	1804
535	652704	243	275486	377217	100	60	0.0945118	0.646013	38	38.2	168878	8	2015	1.00216	0.993114	1804
536	614020	226	269979	344041	100	60	0.104983	0.646013	38	38.2	168878	8	2015	1.0027	0.994158	1804
537	669506	2603	303947	365559	100	60	1.0726	0.646013	38	38.2	168878	8	2015	1.00392	0.996012	1804
538	757978	2484	347891	410087	100	60	1.28055	0.646013	38	38.2	168878	8	2015	1.00444	0.995772	1804
539	796862	2148	370376	426486	100	60	1.48723	0.646013	38	38.2	168878	8	2015	1.00702	0.99846	1804
540	610992	1985	189050	421942	100	60	1.65191	0.646013	33	38.2	168878	8	2015	1.07651	1.12071	1804
541	669210	1605	266217	402735	100	60	0.805466	0.646013	39	38.2	0	8	2015	1.02613	1.01701	1804
542	727921	1299	316749	410727	100	60	0.653723	0.646013	39	38.2	0	8	2015	1.01424	1.0009	1804
543	816160	1099	370657	445044	100	60	0.581117	0.646013	39	38.2	0	8	2015	1.00926	0.995561	1804
544	848060	914	390892	456841	100	60	0.585672	0.646013	39	38.2	0	8	2015	1.00896	0.995821	1804
545	839542	799	392777	446437	100	60	0.618549	0.646013	39	38.2	0	8	2015	1.0093	0.999753	1804
546	821313	1804	389570	431743	100	60	1.29983	0.646013	39	38.2	0	8	2015	1.01334	1.00435	1804
547	832030	1743	399656	432374	100	60	1.43522	0.646013	39	38.2	0	8	2015	1.0122	1.00429	1804
548	817754	1653	397710	420044	100	60	1.70094	0.646013	39	38.2	0	8	2015	1.01267	1.0073	1804
549	834517	1403	410662	423854	100	60	1.7926	0.646013	39	38.2	0	8	2015	1.01431	1.0086	1804
550	707092	1203	301661	405431	100	60	1.87333	0.646013	39	38.2	115139	8	2015	1.01956	1.01503	1804
551	692380	1027	315214	377166	100	60	1.95077	0.646013	39	38.2	115139	8	2015	1.02296	1.01761	1804
552	684915	918	327257	357658	100	60	2.00548	0.646013	39	38.2	115139	8	2015	1.02596	1.02079	1804
553	663690	814	327125	336565	100	60	2.05763	0.646013	39	38.2	115139	8	2015	1.03343	1.02967	1804
554	631439	714	318392	313047	100	60	2.10133	0.646013	39	38.2	115139	8	2015	1.03509	1.02813	1804
555	594173	633	303831	290341	100	60	2.15214	0.646013	39	38.2	115139	8	2015	1.04781	1.03645	1804
556	535089	533	271307	254153	100	60	2.21169	0.646013	39	38.2	115139	8	2015	1.05973	1.04708	1804
557	514258	491	258256	239600	100	60	2.19924	0.646013	39	38.2	115139	8	2015	1.06679	1.04888	1804
558	348762	433	123409	222032	100	60	2.22129	0.646013	39	38.2	115139	8	2015	1.0572	1.03448	1804
559	359908	393	147557	204412	100	60	2.23386	0.646013	39	38.2	115139	8	2015	1.04225	1.0203	1804
560	282168	369	87021.9	193543	100	60	2.2346	0.646013	39	38.2	115139	8	2015	1.05013	1.0271	1804
561	289992	335	114165	175827	100	60	2.20278	0.646013	39	38.2	115139	8	2015	1.06111	1.03904	1804
562	258897	311	92403.5	166494	100	60	0.247723	0.646013	39	38.2	161280	8	2015	1.00336	0.999561	1804
563	273008	286	69251.6	203756	100	60	0.187428	0.646013	39	38.2	161280	8	2015	1.0027	0.999887	1804
564	454946	260	171795	283151	100	60	0.162817	0.646013	39	38.2	161280	8	2015	1.00283	0.999789	1804
565	633125	220	262019	371106	100	60	0.151718	0.646013	39	38.2	161280	8	2015	1.00322	1.0006	1804
566	713688	205	304432	409256	100	60	0.167474	0.646013	39	38.2	161280	8	2015	1.00364	1.00174	1804
567	708374	2163	310556	397817	100	60	1.09312	0.646013	39	38.2	161280	8	2015	1.0037	1.00335	1804
568	718706	1866	326860	391846	100	60	1.15207	0.646013	39	38.2	161280	8	2015	1.00388	1.00422	1804
569	772598	1679	363072	409526	100	60	1.30023	0.646013	39	38.2	161280	8	2015	1.00482	1.00485	1804
570	595802	1488	189778	406023	100	60	1.27586	0.646013	38	38.2	161280	8	2015	1.16487	1.30816	1804
571	659967	1281	271317	386873	100	60	1.19162	0.646013	39	38.2	0	8	2015	1.12397	1.1561	1804
572	712699	1113	326612	383394	100	60	1.16906	0.646013	39	38.2	0	8	2015	1.08188	1.08244	1804
573	733531	953	356370	374123	100	60	1.14233	0.646013	39	38.2	0	8	2015	1.0416	1.03264	1804
574	754459	840	377803	373719	100	60	1.19	0.646013	39	38.2	0	8	2015	1.04004	1.02619	1804
575	781671	798	397464	381635	100	60	1.28429	0.646013	39	38.2	0	8	2015	1.04463	1.02744	1804
576	807195	1047	413279	393915	100	60	1.70461	0.646013	39	38.2	0	8	2015	1.04667	1.02801	1804
577	793991	1037	408594	385397	100	60	1.84191	0.646013	39	38.2	0	8	2015	1.05488	1.03552	1804
578	761589	975	394786	366803	100	60	1.93913	0.646013	39	38.2	0	8	2015	1.06278	1.04275	1804
579	750138	867	392398	357740	100	60	1.92038	0.646013	39	38.2	0	8	2015	1.07214	1.05491	1804
580	614760	770	276220	338540	100	60	1.94195	0.646013	39	38.2	112200	8	2015	1.07062	1.05132	1804
581	590513	667	283578	306935	100	60	1.95731	0.646013	39	38.2	112200	8	2015	1.07733	1.05758	1804
582	582011	606	291985	290026	100	60	1.95545	0.646013	39	38.2	112200	8	2015	1.08866	1.07807	1804
583	575973	569	298200	277773	100	60	1.95417	0.646013	39	38.2	112200	8	2015	1.11024	1.09541	1804
584	528285	502	277505	250781	100	60	1.95494	0.646013	39	38.2	112200	8	2015	1.12297	1.11268	1804
585	480853	440	254539	226314	100	60	1.95667	0.646013	39	38.2	112200	8	2015	1.13251	1.12903	1804
586	456917	405	239291	210318	100	60	1.93644	0.646013	39	38.2	112200	8	2015	1.15034	1.14573	1804
587	430695	371	223460	194735	100	60	1.94013	0.646013	39	38.2	112200	8	2015	1.15443	1.14365	1804
588	408806	337	212455	184167	100	60	1.99782	0.646013	39	38.2	112200	8	2015	1.14124	1.11246	1804
589	396857	323	206898	177970	100	60	2.07294	0.646013	39	38.2	112200	8	2015	1.13538	1.11475	1804
590	361622	286	189066	161955	100	60	2.07526	0.646013	39	38.2	112200	8	2015	1.13684	1.11654	1804
591	320111	256	173620	146492	100	60	2.04136	0.646013	39	38.2	112200	8	2015	1.14567	1.11392	1804
592	228454	232	91353.3	137100	100	60	0.0768004	0.646013	39	38.2	190826	8	2015	1.0025	0.991683	1804
593	471027	223	193070	277957	100	60	0.0689268	0.646013	39	38.2	190826	8	2015	1.00258	0.992015	1804
594	616500	206	254628	361872	100	60	0.0673527	0.646013	39	38.2	190826	8	2015	1.00245	0.994204	1804
595	603433	189	256085	347348	100	60	0.0738825	0.646013	39	38.2	190826	8	2015	1.00258	0.996575	1804
596	584543	179	258386	326156	100	60	0.0828377	0.646013	39	38.2	190826	8	2015	1.00328	0.99755	1804
597	643690	2504	292927	350763	100	60	1.01825	0.646013	39	38.2	190826	8	2015	1.00589	1.00087	1804
598	534290	2225	148769	385521	100	60	1.18408	0.646013	39	38.2	190826	8	2015	1.00787	1.00441	1804
599	474000	1939	94732	379268	100	60	1.39241	0.646013	39	38.2	190826	8	2015	1.00996	1.00296	1804
600	435810	1842	79552.4	356258	100	60	1.61796	0.646013	36	38.2	190826	8	2015	1.0587	1.08465	1804
601	494492	1527	153720	338947	100	60	0.663177	0.646013	39	38.2	0	8	2015	1.01525	1.00436	1804
602	628758	1326	239994	386896	100	60	0.564381	0.646013	39	38.2	0	8	2015	1.00978	0.99851	1804
603	748483	1132	314297	430992	100	60	0.551714	0.646013	39	38.2	0	8	2015	1.0073	0.997344	1804
604	818695	981	360628	455138	100	60	0.61804	0.646013	39	38.2	0	8	2015	1.00729	0.99756	1804
605	825373	858	377532	445386	100	60	0.696678	0.646013	39	38.2	0	8	2015	1.00773	0.996965	1804
606	807368	1676	380362	427006	100	60	1.29955	0.646013	39	38.2	0	8	2015	1.00902	0.999597	1804
607	806074	1557	390329	415745	100	60	1.42876	0.646013	39	38.2	0	8	2015	1.01058	1.00272	1804
608	817774	1489	402853	414921	100	60	1.64745	0.646013	39	38.2	0	8	2015	1.01667	1.01148	1804
609	588425	1229	191144	397282	100	60	1.70645	0.646013	39	38.2	0	8	2015	1.02247	1.01635	1804
610	624537	1088	240664	383873	100	60	1.76079	0.646013	39	38.2	11515.8	8	2015	1.03459	1.03137	1804
611	645450	954	284719	360731	100	60	1.83832	0.646013	39	38.2	11515.8	8	2015	1.04269	1.03575	1804
612	645724	840	307602	338122	100	60	1.88609	0.646013	39	38.2	11515.8	8	2015	1.05747	1.04785	1804
613	633443	741	316098	317345	100	60	1.92687	0.646013	39	38.2	11515.8	8	2015	1.06129	1.0502	1804
614	595025	641	306081	288944	100	60	1.92969	0.646013	39	38.2	11515.8	8	2015	1.0806	1.07053	1804
615	400326	552	141368	258958	100	60	1.94864	0.646013	39	38.2	11515.8	8	2015	1.09603	1.08167	1804
616	427494	520	175408	246063	100	60	1.99132	0.646013	39	38.2	11515.8	8	2015	1.09584	1.08155	1804
617	329029	472	100541	226843	100	60	1.98157	0.646013	39	38.2	11515.8	8	2015	1.1127	1.10323	1804
618	361479	448	138118	217543	100	60	2.00077	0.646013	39	38.2	11515.8	8	2015	1.11894	1.10909	1804
619	369981	407	162431	200586	100	60	2.01399	0.646013	39	38.2	11515.8	8	2015	1.1165	1.10076	1804
620	388049	393	185027	196338	100	60	2.02338	0.646013	39	38.2	11515.8	8	2015	1.13265	1.11082	1804
621	368813	354	186291	182522	100	60	2.03584	0.646013	39	38.2	11515.8	8	2015	1.15057	1.12941	1804
622	251071	315	83078.4	167992	100	60	0.11114	0.646013	39	38.2	21355.9	8	2015	1.0031	1.00063	1804
623	466657	296	181642	285015	100	60	0.0926678	0.646013	39	38.2	21355.9	8	2015	1.00281	0.999951	1804
624	636933	260	257636	379296	100	60	0.0866842	0.646013	39	38.2	21355.9	8	2015	1.00303	0.999943	1804
625	641283	226	265346	375937	100	60	0.0896951	0.646013	38	38.2	21355.9	8	2015	1.00333	1.00008	1804
626	442732	203	106749	335983	100	60	0.0958798	0.646013	38	38.2	21355.9	8	2015	1.0038	1.00074	1804
627	495965	2385	162009	333956	100	60	0.951697	0.646013	38	38.2	21355.9	8	2015	1.00591	1.00208	1804
628	607342	2271	237223	370119	100	60	1.21417	0.646013	38	38.2	21355.9	8	2015	1.00703	1.00129	1804
629	699753	1988	296162	403592	100	60	1.41131	0.646013	38	38.2	21355.9	8	2015	1.01009	1.00345	1804
630	565644	1770	163883	401761	100	60	1.54101	0.646013	36	38.2	21355.9	8	2015	1.09202	1.1325	1804
631	606159	1419	235798	368189	100	60	0.79106	0.646013	39	38.2	0	8	2015	1.02626	1.02268	1804
632	668925	1155	292535	373761	100	60	0.623602	0.646013	39	38.2	0	8	2015	1.01474	1.00885	1804
633	754364	976	349369	401538	100	60	0.557567	0.646013	39	38.2	0	8	2015	1.00855	1.00164	1804
634	825996	838	389017	433867	100	60	0.582706	0.646013	39	38.2	0	8	2015	1.00831	1.00095	1804
635	847608	748	404897	440037	100	60	0.633753	0.646013	39	38.2	0	8	2015	1.00988	1.00081	1804
636	827074	1640	402278	424796	100	60	1.25781	0.646013	39	38.2	0	8	2015	1.01313	1.00726	1804
637	839831	1582	414152	425679	100	60	1.36801	0.646013	39	38.2	0	8	2015	1.01654	1.01479	1804
638	850057	1559	423578	426479	100	60	1.54509	0.646013	39	38.2	0	8	2015	1.01924	1.01932	1804
639	843554	1327	425512	418043	100	60	1.56786	0.646013	39	38.2	0	8	2015	1.02449	1.02721	1804
640	733032	1124	333273	399758	100	60	1.6832	0.646013	39	38.2	93612.9	8	2015	1.02573	1.0286	1804
641	703502	947	337847	365655	100	60	1.73681	0.646013	39	38.2	93612.9	8	2015	1.0358	1.04136	1804
642	687084	839	343247	343837	100	60	1.77848	0.646013	39	38.2	93612.9	8	2015	1.0532	1.05882	1804
643	644835	724	331347	313488	100	60	1.84068	0.646013	39	38.2	93612.9	8	2015	1.06104	1.06685	1804
644	617683	650	322773	294910	100	60	1.89157	0.646013	39	38.2	93612.9	8	2015	1.07124	1.07609	1804
645	588060	597	310596	277464	100	60	1.91292	0.646013	39	38.2	93612.9	8	2015	1.09867	1.10508	1804
646	579034	569	302847	267273	100	60	1.95041	0.646013	39	38.2	93612.9	8	2015	1.12195	1.12388	1804
647	546257	515	283154	247683	100	60	1.96478	0.646013	39	38.2	93612.9	8	2015	1.13309	1.13147	1804
648	511163	461	265664	230917	100	60	2.00176	0.646013	39	38.2	93612.9	8	2015	1.11642	1.10222	1804
649	362152	438	135305	224137	100	60	2.00847	0.646013	39	38.2	93612.9	8	2015	1.1048	1.09176	1804
650	374397	406	160612	211336	100	60	1.99222	0.646013	39	38.2	93612.9	8	2015	1.11962	1.1145	1804
651	377156	382	179265	197892	100	60	1.96833	0.646013	39	38.2	93612.9	8	2015	1.13625	1.12329	1804
652	309485	345	127830	181655	100	60	0.153713	0.646013	39	38.2	154188	8	2015	1.00392	1.00227	1804
653	452315	313	193031	259284	100	60	0.119668	0.646013	39	38.2	154188	8	2015	1.00357	1.00236	1804
654	656354	295	283393	372961	100	60	0.117931	0.646013	39	38.2	154188	8	2015	1.00351	1.00206	1804
655	717021	265	310485	406535	100	60	0.120265	0.646013	38	38.2	154188	8	2015	1.0035	1.00238	1804
656	668108	238	296755	371354	100	60	0.131091	0.646013	38	38.2	154188	8	2015	1.00416	1.00467	1804
657	656623	2123	301144	355479	100	60	0.822116	0.646013	38	38.2	154188	8	2015	1.0058	1.00841	1804
658	707060	1931	331311	375748	100	60	0.917355	0.646013	38	38.2	154188	8	2015	1.00827	1.01589	1804
659	752942	1637	357648	395294	100	60	1.08437	0.646013	38	38.2	154188	8	2015	1.01205	1.01872	1804
660	575980	1508	184083	391897	100	60	1.16954	0.646013	34	38.2	154188	8	2015	1.12552	1.22794	1804
661	599455	1169	245841	350439	100	60	0.727968	0.646013	39	38.2	0	8	2015	1.04989	1.05639	1804
662	665094	999	301809	359260	100	60	0.619652	0.646013	39	38.2	0	8	2015	1.02718	1.02686	1804
663	734786	877	350361	379235	100	60	0.595454	0.646013	39	38.2	0	8	2015	1.0183	1.01414	1804
664	806435	779	390961	410840	100	60	0.62206	0.646013	39	38.2	0	8	2015	1.01559	1.00936	1804
665	844528	724	412608	427864	100	60	0.696853	0.646013	39	38.2	0	8	2015	1.01911	1.01336	1804
666	860090	1471	424567	435523	100	60	1.20331	0.646013	39	38.2	0	8	2015	1.02349	1.01937	1804
667	633305	1476	203811	429494	100	60	1.30224	0.646013	39	38.2	0	8	2015	1.0255	1.02457	1804
668	666046	1350	262188	403858	100	60	1.37033	0.646013	39	38.2	0	8	2015	1.03251	1.03311	1804
669	717091	1163	319417	397674	100	60	1.37636	0.646013	39	38.2	0	8	2015	1.043	1.04803	1804
670	694017	991	317835	376182	100	60	1.42801	0.646013	39	38.2	29327.6	8	2015	1.05434	1.05943	1804
671	681251	862	331438	349813	100	60	1.46894	0.646013	39	38.2	29327.6	8	2015	1.0604	1.06368	1804
672	658671	755	332515	326156	100	60	1.49488	0.646013	39	38.2	29327.6	8	2015	1.08021	1.08637	1804
673	628786	676	325327	303459	100	60	1.51189	0.646013	39	38.2	29327.6	8	2015	1.10762	1.11614	1804
674	411981	582	145267	266714	100	60	1.5272	0.646013	39	38.2	29327.6	8	2015	1.13393	1.13051	1804
675	422102	513	180701	241401	100	60	1.52744	0.646013	39	38.2	29327.6	8	2015	1.1521	1.142	1804
676	412135	443	194177	212474	100	60	1.54703	0.646013	39	38.2	29327.6	8	2015	1.17992	1.17401	1804
677	413083	410	204346	199406	100	60	1.55958	0.646013	39	38.2	29327.6	8	2015	1.2093	1.20455	1804
678	424439	401	215869	198593	100	60	1.57544	0.646013	39	38.2	29327.6	8	2015	1.21867	1.20997	1804
679	416614	383	215371	191590	100	60	1.60101	0.646013	39	38.2	29327.6	8	2015	1.22727	1.19328	1804
680	379681	337	198259	172963	100	60	1.58749	0.646013	39	38.2	29327.6	8	2015	1.23939	1.19745	1804
681	351035	314	189037	161998	100	60	1.53862	0.646013	39	38.2	29327.6	8	2015	1.25413	1.21528	1804
682	285482	296	131034	154448	100	60	0.0879481	0.646013	39	38.2	85589.2	8	2015	1.00415	1.00323	1804
683	505495	264	218416	287079	100	60	0.0752387	0.646013	39	38.2	85589.2	8	2015	1.00394	1.00304	1804
684	642868	242	273051	369817	100	60	0.0722239	0.646013	39	38.2	85589.2	8	2015	1.00393	1.00399	1804
685	606670	219	262963	343707	100	60	0.0804374	0.646013	38	38.2	85589.2	8	2015	1.00455	1.0047	1804
686	580801	206	260746	320055	100	60	0.090319	0.646013	38	38.2	85589.2	8	2015	1.00586	1.00854	1804
687	647372	2354	298220	349153	100	60	0.889393	0.646013	38	38.2	85589.2	8	2015	1.00868	1.01203	1804
688	709968	2118	329923	380045	100	60	1.02822	0.646013	38	38.2	85589.2	8	2015	1.01105	1.01619	1804
689	750209	1892	352762	397447	100	60	1.24499	0.646013	38	38.2	85589.2	8	2015	1.01432	1.01816	1804
690	571729	1637	180583	391147	100	60	1.32594	0.646013	34	38.2	85589.2	8	2015	1.10192	1.17665	1804
691	633119	1366	255652	374588	100	60	0.613552	0.646013	39	38.2	0	8	2015	1.02722	1.02896	1804
692	699920	1102	308973	387071	100	60	0.492359	0.646013	39	38.2	0	8	2015	1.01653	1.01433	1804
693	763577	889	350985	408385	100	60	0.426733	0.646013	39	38.2	0	8	2015	1.01105	1.00658	1804
694	818175	767	380292	433949	100	60	0.451037	0.646013	39	38.2	0	8	2015	1.01081	1.00656	1804
695	807991	694	381632	423024	100	60	0.496944	0.646013	39	38.2	0	8	2015	1.01377	1.0112	1804
696	597215	1670	180330	416885	100	60	1.09242	0.646013	39	38.2	0	8	2015	1.01623	1.01412	1804
697	635089	1593	240782	394307	100	60	1.20892	0.646013	39	38.2	0	8	2015	1.01774	1.01402	1804
698	707984	1575	306765	401220	100	60	1.40944	0.646013	39	38.2	0	8	2015	1.02682	1.02623	1804
699	737857	1300	344491	393366	100	60	1.45279	0.646013	39	38.2	0	8	2015	1.0293	1.02556	1804
700	699713	1087	321834	377879	100	60	1.53585	0.646013	39	38.2	42697.6	8	2015	1.0405	1.03522	1804
701	684242	919	333900	350342	100	60	1.58837	0.646013	39	38.2	42697.6	8	2015	1.05616	1.05257	1804
702	679486	815	344431	335054	100	60	1.65039	0.646013	39	38.2	42697.6	8	2015	1.06906	1.06667	1804
703	638469	714	331142	307327	100	60	1.67787	0.646013	39	38.2	42697.6	8	2015	1.09091	1.0922	1804
704	583320	615	307432	275888	100	60	1.67147	0.646013	39	38.2	42697.6	8	2015	1.10498	1.10033	1804
705	556308	564	296007	260301	100	60	1.72601	0.646013	39	38.2	42697.6	8	2015	1.10714	1.09874	1804
706	351923	472	129249	221499	100	60	1.75694	0.646013	39	38.2	42697.6	8	2015	1.13215	1.1179	1804
707	368100	430	158605	203234	100	60	1.73751	0.646013	39	38.2	42697.6	8	2015	1.15789	1.13462	1804
708	376252	392	178900	189466	100	60	1.78092	0.646013	39	38.2	42697.6	8	2015	1.16296	1.14096	1804
709	366786	350	183656	173670	100	60	1.80192	0.646013	39	38.2	42697.6	8	2015	1.17222	1.15179	1804
710	328022	298	170058	149973	100	60	1.78598	0.646013	39	38.2	42697.6	8	2015	1.15719	1.13428	1804
711	290680	261	157022	133658	100	60	1.77545	0.646013	39	38.2	42697.6	8	2015	1.16858	1.15726	1804
712	225784	241	100093	125691	100	60	0.0762588	0.646013	39	38.2	98260.3	8	2015	1.00266	1.00206	1804
713	460561	214	195316	265246	100	60	0.0638816	0.646013	39	38.2	98260.3	8	2015	1.00226	1.00138	1804
714	605142	184	252195	352947	100	60	0.0587778	0.646013	39	38.2	98260.3	8	2015	1.00213	1.0017	1804
715	596251	174	254135	342117	100	60	0.0668166	0.646013	38	38.2	98260.3	8	2015	1.00269	1.00257	1804
716	543781	154	240061	303720	100	60	0.0708116	0.646013	38	38.2	98260.3	8	2015	1.0033	1.00432	1804
717	605899	2328	278332	327566	100	60	0.881178	0.646013	38	38.2	98260.3	8	2015	1.00566	1.00655	1804
718	687257	2110	318605	368652	100	60	1.02502	0.646013	38	38.2	98260.3	8	2015	1.0063	1.00719	1804
719	727808	1838	341080	386728	100	60	1.24502	0.646013	38	38.2	98260.3	8	2015	1.00914	1.01141	1804
720	566360	1663	178209	388151	100	60	1.37274	0.646013	35	38.2	98260.3	8	2015	1.09075	1.1551	1804
721	617824	1366	249593	365669	100	60	0.653687	0.646013	39	38.2	0	8	2015	1.02509	1.0263	1804
722	676828	1104	299577	373903	100	60	0.522071	0.646013	39	38.2	0	8	2015	1.01279	1.01045	1804
723	748546	873	345878	398627	100	60	0.434241	0.646013	39	38.2	0	8	2015	1.00825	1.00482	1804
724	806627	763	377204	425740	100	60	0.463637	0.646013	39	38.2	0	8	2015	1.00818	1.00429	1804
725	798708	669	378248	417264	100	60	0.489335	0.646013	39	38.2	0	8	2015	1.00939	1.00532	1804
726	781200	1586	376962	404238	100	60	1.059	0.646013	39	38.2	0	8	2015	1.01156	1.00757	1804
727	778757	1515	381335	397422	100	60	1.18511	0.646013	39	38.2	0	8	2015	1.01599	1.01321	1804
728	775365	1470	385418	389947	100	60	1.39629	0.646013	39	38.2	0	8	2015	1.0222	1.02183	1804
729	760764	1199	383841	376922	100	60	1.44454	0.646013	39	38.2	0	8	2015	1.02613	1.02843	1804
730	671564	1011	315918	355646	100	60	1.52096	0.646013	39	38.2	63553.5	8	2015	1.03634	1.03869	1804
731	677463	900	334821	342642	100	60	1.5761	0.646013	39	38.2	63553.5	8	2015	1.05037	1.05228	1804
732	648698	782	330119	318579	100	60	1.62225	0.646013	39	38.2	63553.5	8	2015	1.06268	1.06522	1804
733	442596	676	152386	290209	100	60	1.64915	0.646013	39	38.2	63553.5	8	2015	1.08057	1.0816	1804
734	444663	588	186238	258425	100	60	1.65211	0.646013	39	38.2	63553.5	8	2015	1.09078	1.09184	1804
735	448536	531	211176	237360	100	60	1.67492	0.646013	39	38.2	63553.5	8	2015	1.10714	1.10417	1804
736	451356	488	222435	222318	100	60	1.68871	0.646013	39	38.2	63553.5	8	2015	1.15056	1.14137	1804
737	432227	433	217435	203762	100	60	1.70921	0.646013	39	38.2	63553.5	8	2015	1.14624	1.13176	1804
738	408103	386	208703	188850	100	60	1.74251	0.646013	39	38.2	63553.5	8	2015	1.15829	1.13441	1804
739	360606	324	186284	165029	100	60	1.75395	0.646013	39	38.2	63553.5	8	2015	1.16564	1.13183	1804
740	334502	292	174036	152374	100	60	1.7396	0.646013	39	38.2	63553.5	8	2015	1.17347	1.13214	1804
741	307210	271	164830	142380	100	60	1.7195	0.646013	39	38.2	63553.5	8	2015	1.18352	1.14062	1804
742	236235	242	102255	133980	100	60	0.0762222	0.646013	39	38.2	120420	8	2015	1.00264	1.00167	1804
743	464181	217	196044	268136	100	60	0.0647645	0.646013	39	38.2	120420	8	2015	1.00266	1.00173	1804
744	614555	193	257034	357522	100	60	0.059937	0.646013	38	38.2	120420	8	2015	1.00255	1.00202	1804
745	601709	171	255839	345871	100	60	0.0651595	0.646013	38	38.2	120420	8	2015	1.00319	1.00326	1804
746	571018	164	251558	319460	100	60	0.0728421	0.646013	38	38.2	120420	8	2015	1.00336	1.0049	1804
747	617937	2386	280393	337545	100	60	0.898095	0.646013	38	38.2	120420	8	2015	1.00485	1.00727	1804
748	681728	2097	314053	367675	100	60	1.01975	0.646013	38	38.2	120420	8	2015	1.00471	1.00638	1804
749	548821	1857	158305	390516	100	60	1.24487	0.646013	38	38.2	120420	8	2015	1.00643	1.008	1804
750	465208	1680	105372	359836	100	60	1.40605	0.646013	30	38.2	120420	8	2015	1.06619	1.11708	1804
751	480265	1368	148931	329440	100	60	0.614213	0.646013	39	38.2	0	8	2015	1.01685	1.01579	1804
752	585898	1147	229700	354497	100	60	0.492942	0.646013	39	38.2	0	8	2015	1.0094	1.00747	1804
753	709718	951	306699	399872	100	60	0.445624	0.646013	39	38.2	0	8	2015	1.00604	1.00325	1804
754	601574	789	172869	428536	100	60	0.456447	0.646013	39	38.2	0	8	2015	1.00616	1.00283	1804
755	524940	716	107762	417179	100	60	0.50046	0.646013	39	38.2	0	8	2015	1.00733	1.00412	1804
756	546321	1736	165723	380599	100	60	1.13781	0.646013	39	38.2	0	8	2015	1.00782	1.00296	1804
757	518682	1780	117860	400822	100	60	1.29928	0.646013	39	38.2	0	8	2015	1.00909	1.00607	1804
758	586121	1776	193859	392262	100	60	1.55536	0.646013	39	38.2	0	8	2015	1.01031	1.00564	1804
759	669168	1510	270851	398317	100	60	1.65485	0.646013	39	38.2	0	8	2015	1.01241	1.00729	1804
760	700283	1283	308452	391831	100	60	1.68805	0.646013	39	38.2	12460.9	8	2015	1.02406	1.02264	1804
761	722287	1118	341966	380321	100	60	1.71044	0.646013	39	38.2	12460.9	8	2015	1.02818	1.02504	1804
762	709027	966	350346	358680	100	60	1.73196	0.646013	39	38.2	12460.9	8	2015	1.05459	1.05797	1804
763	677474	844	344897	332577	100	60	1.74417	0.646013	39	38.2	12460.9	8	2015	1.06629	1.07236	1804
764	475962	754	164447	311515	100	60	1.75599	0.646013	39	38.2	12460.9	8	2015	1.07585	1.07947	1804
765	485381	674	203166	282215	100	60	1.76757	0.646013	39	38.2	12460.9	8	2015	1.09453	1.09595	1804
766	376392	606	116199	259025	100	60	1.81267	0.646013	39	38.2	12460.9	8	2015	1.11079	1.10385	1804
767	411034	561	159266	245125	100	60	1.83275	0.646013	39	38.2	12460.9	8	2015	1.11859	1.11252	1804
768	422863	504	189736	225228	100	60	1.85142	0.646013	39	38.2	12460.9	8	2015	1.12	1.10953	1804
769	437921	472	211535	215667	100	60	1.85314	0.646013	39	38.2	12460.9	8	2015	1.13267	1.12035	1804
770	299007	410	104590	193039	100	60	1.89079	0.646013	39	38.2	12460.9	8	2015	1.13302	1.11705	1804
771	237227	359	64200.7	173026	100	60	1.89918	0.646013	39	38.2	12460.9	8	2015	1.14167	1.12281	1804
772	249733	330	90281.9	159451	100	60	0.28725	0.646013	39	38.2	16415.8	8	2015	1.01111	1.00676	1804
773	323691	307	138214	185477	100	60	0.222599	0.646013	39	38.2	16415.8	8	2015	1.0087	1.00543	1804
774	462253	281	213349	248904	100	60	0.202892	0.646013	39	38.2	16415.8	8	2015	1.00867	1.00548	1804
775	621584	248	286949	334635	100	60	0.195326	0.646013	39	38.2	16415.8	8	2015	1.00927	1.00604	1804
776	726853	211	331394	395459	100	60	0.201575	0.646013	39	38.2	16415.8	8	2015	1.0103	1.00787	1804
777	754175	1986	345791	408383	100	60	1.04901	0.646013	38	38.2	16415.8	8	2015	1.01253	1.01352	1804
778	752930	1768	352162	400769	100	60	1.09504	0.646013	38	38.2	16415.8	8	2015	1.01435	1.01763	1804
779	786846	1559	377496	409350	100	60	1.14806	0.646013	38	38.2	16415.8	8	2015	1.01787	1.02512	1804
780	604185	1381	196815	407371	100	60	1.07034	0.646013	36	38.2	16415.8	8	2015	1.23916	1.44599	1804
781	644334	1150	269577	374368	100	60	1.05161	0.646013	39	38.2	0	8	2015	1.17769	1.2414	1804
782	689735	1015	320740	368226	100	60	1.07997	0.646013	39	38.2	0	8	2015	1.10391	1.11079	1804
783	704613	892	346779	357132	100	60	1.08691	0.646013	39	38.2	0	8	2015	1.04803	1.0409	1804
784	715155	798	362943	351493	100	60	1.13265	0.646013	39	38.2	0	8	2015	1.03305	1.02141	1804
785	734226	743	377631	355932	100	60	1.22004	0.646013	39	38.2	0	8	2015	1.03841	1.02184	1804
786	722473	868	373720	348754	100	60	1.57865	0.646013	39	38.2	0	8	2015	1.05117	1.03229	1804
787	735622	912	381688	353934	100	60	1.77384	0.646013	39	38.2	0	8	2015	1.05644	1.03642	1804
788	722457	867	377053	345404	100	60	1.85696	0.646013	39	38.2	0	8	2015	1.06408	1.04113	1804
789	706533	773	371364	335169	100	60	1.82453	0.646013	39	38.2	0	8	2015	1.06452	1.04194	1804
790	566280	686	249179	317100	100	60	1.78959	0.646013	39	38.2	117714	8	2015	1.07898	1.06204	1804
791	550408	599	264775	285633	100	60	1.78705	0.646013	39	38.2	117714	8	2015	1.08555	1.06239	1804
792	538573	539	274266	264307	100	60	1.80692	0.646013	39	38.2	117714	8	2015	1.09167	1.0678	1804
793	518391	491	271591	246801	100	60	1.84429	0.646013	39	38.2	117714	8	2015	1.1015	1.07469	1804
794	481986	439	255576	226409	100	60	1.87181	0.646013	39	38.2	117714	8	2015	1.10426	1.07657	1804
795	443706	386	237073	206633	100	60	1.87143	0.646013	39	38.2	117714	8	2015	1.15062	1.12698	1804
796	419395	350	221871	189487	100	60	1.88605	0.646013	39	38.2	117714	8	2015	1.17033	1.14327	1804
797	283990	316	105478	175446	100	60	1.86831	0.646013	39	38.2	117714	8	2015	1.17417	1.14194	1804
798	307071	299	130624	169708	100	60	1.89118	0.646013	39	38.2	117714	8	2015	1.1865	1.14726	1804
799	312415	277	146042	158045	100	60	1.93262	0.646013	39	38.2	117714	8	2015	1.15194	1.11985	1804
800	300663	248	149023	144219	100	60	1.9802	0.646013	39	38.2	117714	8	2015	1.15041	1.11441	1804
801	267498	215	139954	127544	100	60	1.9657	0.646013	39	38.2	117714	8	2015	1.16355	1.11823	1804
802	181176	203	59883	121293	100	60	0.0773903	0.646013	39	38.2	128869	8	2015	1.00229	1.00082	1804
803	384510	171	148457	236053	100	60	0.0578185	0.646013	39	38.2	128869	8	2015	1.00186	1.00054	1804
804	591798	152	239455	352343	100	60	0.0548814	0.646013	39	38.2	128869	8	2015	1.00156	1.00045	1804
805	610978	128	251276	359702	100	60	0.0540486	0.646013	39	38.2	128869	8	2015	1.00135	0.99992	1804
806	553722	120	237234	316487	100	60	0.0611783	0.646013	39	38.2	128869	8	2015	1.00174	1.00058	1804
807	601364	2258	269686	331679	100	60	0.876335	0.646013	39	38.2	128869	8	2015	1.00308	1.00274	1804
808	691785	2080	318016	373769	100	60	1.00701	0.646013	38	38.2	128869	8	2015	1.00379	1.00429	1804
809	759831	1824	354297	405534	100	60	1.21912	0.646013	38	38.2	128869	8	2015	1.00689	1.00748	1804
810	583606	1716	182030	401576	100	60	1.38188	0.646013	35	38.2	128869	8	2015	1.08427	1.14653	1804
811	620675	1338	250553	368747	100	60	0.790012	0.646013	39	38.2	0	8	2015	1.03364	1.03463	1804
812	666737	1079	298266	366715	100	60	0.627254	0.646013	39	38.2	0	8	2015	1.01976	1.01576	1804
813	752057	924	353413	396409	100	60	0.575719	0.646013	39	38.2	0	8	2015	1.01225	1.00673	1804
814	614134	790	191084	422809	100	60	0.596721	0.646013	39	38.2	0	8	2015	1.01206	1.00571	1804
815	676480	711	260030	416209	100	60	0.66542	0.646013	39	38.2	0	8	2015	1.01437	1.00832	1804
816	732227	1525	316105	416122	100	60	1.26467	0.646013	39	38.2	0	8	2015	1.01657	1.01008	1804
817	770185	1468	354967	415218	100	60	1.3702	0.646013	39	38.2	0	8	2015	1.02066	1.0175	1804
818	766297	1416	369221	397077	100	60	1.55634	0.646013	39	38.2	0	8	2015	1.02115	1.01984	1804
819	782879	1190	388663	394216	100	60	1.57179	0.646013	39	38.2	0	8	2015	1.02616	1.027	1804
820	699897	1024	319915	379982	100	60	1.61545	0.646013	39	38.2	77341.8	8	2015	1.03611	1.03925	1804
821	683742	876	332764	350977	100	60	1.66677	0.646013	39	38.2	77341.8	8	2015	1.04979	1.05371	1804
822	669374	784	338875	330499	100	60	1.7321	0.646013	39	38.2	77341.8	8	2015	1.0625	1.06804	1804
823	665582	721	345278	320304	100	60	1.76987	0.646013	39	38.2	77341.8	8	2015	1.07062	1.06964	1804
824	467412	658	167131	300281	100	60	1.77646	0.646013	39	38.2	77341.8	8	2015	1.07881	1.07657	1804
825	490135	608	209930	280204	100	60	1.79681	0.646013	39	38.2	77341.8	8	2015	1.08369	1.07794	1804
826	497642	548	233588	255860	100	60	1.8236	0.646013	39	38.2	77341.8	8	2015	1.10927	1.10148	1804
827	511420	520	251877	245124	100	60	1.83642	0.646013	39	38.2	77341.8	8	2015	1.1127	1.10742	1804
828	498631	477	252610	231265	100	60	1.85738	0.646013	39	38.2	77341.8	8	2015	1.11492	1.10278	1804
829	354718	448	129134	222640	100	60	1.86747	0.646013	39	38.2	77341.8	8	2015	1.10846	1.08884	1804
830	374739	419	160514	211454	100	60	1.8728	0.646013	39	38.2	77341.8	8	2015	1.11241	1.08759	1804
831	394214	405	189331	204884	100	60	1.85342	0.646013	39	38.2	77341.8	8	2015	1.12927	1.1145	1804
832	334919	374	144273	190647	100	60	0.22269	0.646013	39	38.2	135676	8	2015	1.00691	1.00492	1804
833	423085	337	189602	233482	100	60	0.166124	0.646013	39	38.2	135676	8	2015	1.00564	1.004	1804
834	599074	300	273853	325220	100	60	0.150101	0.646013	39	38.2	135676	8	2015	1.00478	1.00309	1804
835	541395	272	152594	388801	100	60	0.150586	0.646013	39	38.2	135676	8	2015	1.00585	1.00404	1804
836	576339	233	196973	379366	100	60	0.155639	0.646013	39	38.2	135676	8	2015	1.00555	1.00384	1804
837	593837	2026	232905	360932	100	60	0.846421	0.646013	39	38.2	135676	8	2015	1.00562	1.00369	1804
838	674220	1903	291895	382325	100	60	0.912085	0.646013	39	38.2	135676	8	2015	1.00598	1.00543	1804
839	738123	1744	336360	401763	100	60	1.04986	0.646013	39	38.2	135676	8	2015	1.00842	1.00911	1804
840	577508	1539	179461	398046	100	60	1.08446	0.646013	33	38.2	135676	8	2015	1.13338	1.23388	1804
841	620132	1240	252460	366026	100	60	0.838789	0.646013	39	38.2	0	8	2015	1.07262	1.08241	1804
842	655467	1016	298453	354765	100	60	0.751722	0.646013	39	38.2	0	8	2015	1.0406	1.03901	1804
843	703047	883	339107	361102	100	60	0.720511	0.646013	39	38.2	0	8	2015	1.02977	1.02183	1804
844	751152	780	371323	377217	100	60	0.742377	0.646013	39	38.2	0	8	2015	1.02522	1.01609	1804
845	765140	689	382351	380552	100	60	0.775778	0.646013	39	38.2	0	8	2015	1.0274	1.0165	1804
846	598524	1228	198595	399930	100	60	1.20351	0.646013	39	38.2	0	8	2015	1.02892	1.01483	1804
847	648602	1254	262474	386128	100	60	1.31541	0.646013	39	38.2	0	8	2015	1.0334	1.01672	1804
848	691469	1210	313795	377673	100	60	1.40534	0.646013	39	38.2	0	8	2015	1.04242	1.02343	1804
849	710744	1023	343902	366841	100	60	1.40724	0.646013	39	38.2	0	8	2015	1.04741	1.03363	1804
850	667624	900	313682	353942	100	60	1.41835	0.646013	39	38.2	48875.2	8	2015	1.0625	1.05275	1804
851	659516	791	327776	331740	100	60	1.42549	0.646013	39	38.2	48875.2	8	2015	1.07984	1.06997	1804
852	621095	683	319182	301913	100	60	1.47107	0.646013	39	38.2	48875.2	8	2015	1.07775	1.07396	1804
853	585005	604	306933	278072	100	60	1.50693	0.646013	39	38.2	48875.2	8	2015	1.09687	1.08725	1804
854	554700	545	294577	260123	100	60	1.5234	0.646013	39	38.2	48875.2	8	2015	1.1044	1.08704	1804
855	511482	487	274862	236620	100	60	1.54164	0.646013	39	38.2	48875.2	8	2015	1.10861	1.09336	1804
856	464884	423	247329	209562	100	60	1.53969	0.646013	39	38.2	48875.2	8	2015	1.12609	1.10766	1804
857	441297	386	231784	195382	100	60	1.54539	0.646013	39	38.2	48875.2	8	2015	1.13285	1.11579	1804
858	404140	339	212979	178445	100	60	1.55147	0.646013	39	38.2	48875.2	8	2015	1.13019	1.10119	1804
859	362201	289	192477	158159	100	60	1.52199	0.646013	39	38.2	48875.2	8	2015	1.12541	1.08333	1804
860	343556	271	183372	149555	100	60	1.52738	0.646013	39	38.2	48875.2	8	2015	1.12857	1.08582	1804
861	299924	241	165489	134436	100	60	1.52309	0.646013	39	38.2	48875.2	8	2015	1.13415	1.10638	1804
862	229813	228	101521	128292	100	60	0.0671875	0.646013	39	38.2	110877	8	2015	1.00169	0.997681	1804
863	480090	215	203174	276917	100	60	0.0607901	0.646013	39	38.2	110877	8	2015	1.00173	0.997351	1804
864	601537	178	251529	350008	100	60	0.0527227	0.646013	39	38.2	110877	8	2015	1.00162	0.998348	1804
865	580309	162	249052	331257	100	60	0.0575094	0.646013	39	38.2	110877	8	2015	1.00192	0.999422	1804
866	544061	155	244642	299419	100	60	0.0647632	0.646013	39	38.2	110877	8	2015	1.00254	1.00146	1804
867	622183	2386	288004	334179	100	60	0.810569	0.646013	39	38.2	110877	8	2015	1.00365	1.00305	1804
868	710762	2154	331228	379534	100	60	0.931405	0.646013	39	38.2	110877	8	2015	1.00516	1.00495	1804
869	742822	1850	351547	391275	100	60	1.10219	0.646013	39	38.2	110877	8	2015	1.00892	1.01027	1804
870	575796	1725	183430	392367	100	60	1.21952	0.646013	34	38.2	110877	8	2015	1.07938	1.13687	1804
871	614656	1368	251215	361042	100	60	0.592892	0.646013	39	38.2	0	8	2015	1.02218	1.02029	1804
872	525574	1108	148161	377010	100	60	0.468722	0.646013	39	38.2	0	8	2015	1.01294	1.00804	1804
873	524006	939	119190	404696	100	60	0.391363	0.646013	39	38.2	0	8	2015	1.00813	1.00199	1804
874	620422	804	202121	416816	100	60	0.405477	0.646013	39	38.2	0	8	2015	1.00823	1.00203	1804
875	685335	721	268470	415570	100	60	0.444969	0.646013	39	38.2	0	8	2015	1.00888	1.00237	1804
876	723722	1680	314222	409499	100	60	0.95176	0.646013	39	38.2	0	8	2015	1.01105	1.00367	1804
877	746033	1611	345129	400904	100	60	1.09011	0.646013	39	38.2	0	8	2015	1.01538	1.00954	1804
878	771865	1662	370616	401249	100	60	1.30091	0.646013	39	38.2	0	8	2015	1.01985	1.01693	1804
879	764985	1325	378251	386735	100	60	1.34583	0.646013	39	38.2	0	8	2015	1.02711	1.02652	1804
880	702532	1103	330660	371872	100	60	1.41287	0.646013	39	38.2	57016.7	8	2015	1.03646	1.03276	1804
881	729154	999	359208	369946	100	60	1.47423	0.646013	39	38.2	57016.7	8	2015	1.04542	1.0392	1804
882	694554	855	354484	340070	100	60	1.51604	0.646013	39	38.2	57016.7	8	2015	1.05175	1.04706	1804
883	674921	764	352335	322586	100	60	1.54799	0.646013	39	38.2	57016.7	8	2015	1.07598	1.06833	1804
884	488422	714	173316	315107	100	60	1.59433	0.646013	39	38.2	57016.7	8	2015	1.10268	1.09142	1804
885	486534	624	203989	282545	100	60	1.61941	0.646013	39	38.2	57016.7	8	2015	1.10778	1.09355	1804
886	510809	582	236229	266961	100	60	1.63946	0.646013	39	38.2	57016.7	8	2015	1.12043	1.10399	1804
887	376384	529	125615	248336	100	60	1.66226	0.646013	39	38.2	57016.7	8	2015	1.13126	1.1109	1804
888	391341	477	158208	226512	100	60	1.71826	0.646013	39	38.2	57016.7	8	2015	1.12426	1.10323	1804
889	394855	429	181431	204884	100	60	1.73505	0.646013	39	38.2	57016.7	8	2015	1.11461	1.08916	1804
890	281706	374	95433.9	184823	100	60	1.74374	0.646013	39	38.2	57016.7	8	2015	1.12598	1.1	1804
891	232315	342	61590.8	170724	100	60	1.72696	0.646013	39	38.2	57016.7	8	2015	1.15029	1.11515	1804
892	203025	313	45701.7	157323	100	60	0.171676	0.646013	39	38.2	57104.7	8	2015	1.00584	1.00397	1804
893	322079	291	110168	211911	100	60	0.133841	0.646013	39	38.2	57104.7	8	2015	1.00487	1.00281	1804
894	414898	247	109124	305774	100	60	0.11872	0.646013	39	38.2	57104.7	8	2015	1.0045	1.00206	1804
895	561296	221	189117	372179	100	60	0.112496	0.646013	38	38.2	57104.7	8	2015	1.00412	1.00188	1804
896	628835	193	237172	391663	100	60	0.118966	0.646013	38	38.2	57104.7	8	2015	1.00449	1.00164	1804
897	620661	2164	255942	364719	100	60	0.816785	0.646013	38	38.2	57104.7	8	2015	1.00506	1.00225	1804
898	676771	1964	299667	377104	100	60	0.907222	0.646013	38	38.2	57104.7	8	2015	1.00567	1.0038	1804
899	757917	1748	350677	407240	100	60	1.02785	0.646013	38	38.2	57104.7	8	2015	1.0065	1.00347	1804
900	502168	1598	88102.7	414065	100	60	1.08419	0.646013	34	38.2	57104.7	8	2015	1.13327	1.24718	1804
901	525225	1314	155175	367376	100	60	0.917062	0.646013	39	38.2	0	8	2015	1.08509	1.09813	1804
902	606006	1149	234350	368507	100	60	0.870081	0.646013	39	38.2	0	8	2015	1.05679	1.0555	1804
903	654057	961	291215	357771	100	60	0.84717	0.646013	39	38.2	0	8	2015	1.04079	1.02696	1804
904	728520	851	347133	376422	100	60	0.897651	0.646013	39	38.2	0	8	2015	1.04081	1.02339	1804
905	577607	786	190416	386645	100	60	0.963289	0.646013	39	38.2	0	8	2015	1.04237	1.01761	1804
906	645335	1146	263752	381583	100	60	1.32758	0.646013	39	38.2	0	8	2015	1.04607	1.01618	1804
907	716476	1193	327103	389373	100	60	1.46689	0.646013	39	38.2	0	8	2015	1.05309	1.02512	1804
908	735942	1094	357941	378001	100	60	1.53593	0.646013	39	38.2	0	8	2015	1.05356	1.0316	1804
909	735976	940	371293	364683	100	60	1.53467	0.646013	39	38.2	0	8	2015	1.06031	1.04752	1804
910	650047	812	307935	342113	100	60	1.51635	0.646013	39	38.2	64435.5	8	2015	1.07816	1.06983	1804
911	627131	715	312560	314571	100	60	1.52207	0.646013	39	38.2	64435.5	8	2015	1.09458	1.08782	1804
912	599620	637	309545	290075	100	60	1.51233	0.646013	39	38.2	64435.5	8	2015	1.11451	1.10367	1804
913	568781	565	298366	270415	100	60	1.53711	0.646013	39	38.2	64435.5	8	2015	1.14109	1.12973	1804
914	532250	509	282441	249810	100	60	1.53454	0.646013	39	38.2	64435.5	8	2015	1.16458	1.1497	1804
915	505918	476	270224	235694	100	60	1.50843	0.646013	39	38.2	64435.5	8	2015	1.19057	1.16667	1804
916	458908	418	243008	210191	100	60	1.51695	0.646013	39	38.2	64435.5	8	2015	1.21591	1.18428	1804
917	426652	375	223919	192887	100	60	1.50178	0.646013	39	38.2	64435.5	8	2015	1.24543	1.21607	1804
918	389150	332	204603	175595	100	60	1.50065	0.646013	39	38.2	64435.5	8	2015	1.25826	1.2254	1804
919	372834	315	196503	168044	100	60	1.52546	0.646013	39	38.2	64435.5	8	2015	1.25817	1.2226	1804
920	362447	304	192139	162596	100	60	1.51601	0.646013	39	38.2	64435.5	8	2015	1.27526	1.25182	1804
921	331072	283	179405	151667	100	60	1.5359	0.646013	39	38.2	64435.5	8	2015	1.26996	1.244	1804
922	255937	259	114868	141070	100	60	0.0915159	0.646013	39	38.2	122717	8	2015	1.0043	0.993363	1804
923	451334	245	194823	256511	100	60	0.07769	0.646013	39	38.2	122717	8	2015	1.00372	0.992135	1804
924	624226	210	265248	358978	100	60	0.0712228	0.646013	38	38.2	122717	8	2015	1.00369	0.993466	1804
925	639823	177	272581	367242	100	60	0.0702387	0.646013	38	38.2	122717	8	2015	1.00374	0.997016	1804
926	593973	163	261693	332280	100	60	0.0764816	0.646013	38	38.2	122717	8	2015	1.00458	1.00015	1804
927	609715	2315	278529	331186	100	60	0.876905	0.646013	38	38.2	122717	8	2015	1.00689	1.00433	1804
928	529018	2126	148131	380888	100	60	1.00939	0.646013	38	38.2	122717	8	2015	1.00862	1.00721	1804
929	586425	1847	211363	375063	100	60	1.22287	0.646013	38	38.2	122717	8	2015	1.01087	1.00843	1804
930	537037	1819	140743	396293	100	60	1.42792	0.646013	37	38.2	122717	8	2015	1.07631	1.11696	1804
