Time	totMass	NInd	abovemass	belowmass	mean_ares	mean_bres	shannon	meanShannon	NPFT	meanNPFT	Cutted	NNonClonal	NClonal	mean_generation	mean_genet_size	NGenets
1	478.2	0	239.1	239.1	100	60	0	0.706693	39	38.4	0	0	1902	1	0.881072	1690
2	8952.22	0	3509.99	5442.23	100	60	0	0.706693	39	38.4	0	0	1902	1	0.874713	1690
3	41905.8	0	19517.2	22388.6	100	60	0	0.706693	39	38.4	0	0	1902	1	0.872967	1690
4	123754	0	57999.3	65754.8	100	60	0	0.706693	39	38.4	0	0	1902	1	0.872407	1690
5	272571	0	127459	145113	100	60	0	0.706693	39	38.4	0	0	1902	1	0.876068	1690
6	479310	572	224901	254409	100	60	2.5036	0.706693	39	38.4	0	0	1902	1.00529	0.880565	1690
7	693390	794	328444	364945	100	60	3.21184	0.706693	39	38.4	0	0	1902	1.01282	0.889888	1690
8	875193	850	419684	455509	100	60	3.3689	0.706693	39	38.4	0	0	1902	1.02148	0.9	1690
9	1.01349e+006	810	492473	521022	100	60	3.20759	0.706693	39	38.4	0	0	1902	1.04541	0.928483	1690
10	1.11365e+006	771	547563	566085	100	60	3.06929	0.706693	39	38.4	0	0	1902	1.06783	0.957254	1690
11	1.18921e+006	741	590552	598657	100	60	3.02126	0.706693	39	38.4	0	0	1902	1.07039	0.956873	1690
12	1.24268e+006	719	621783	620901	100	60	2.94664	0.706693	39	38.4	0	0	1902	1.09122	0.98613	1690
13	1.27729e+006	699	642607	634682	100	60	2.91568	0.706693	39	38.4	0	0	1902	1.10811	1.00144	1690
14	1.31634e+006	693	666271	650069	100	60	2.93698	0.706693	39	38.4	0	0	1902	1.13022	1.01757	1690
15	1.34934e+006	686	684865	664478	100	60	2.94146	0.706693	39	38.4	0	0	1902	1.14485	1.03715	1690
16	1.37895e+006	675	691094	667728	100	60	2.9085	0.706693	39	38.4	0	0	1902	1.16319	1.05909	1690
17	1.40784e+006	673	697277	671715	100	60	2.92432	0.706693	39	38.4	0	0	1902	1.18464	1.07692	1690
18	1.44135e+006	671	712211	685146	100	60	2.97797	0.706693	39	38.4	0	0	1902	1.1726	1.05763	1690
19	1.46103e+006	671	722656	693340	100	60	3.08151	0.706693	39	38.4	0	0	1902	1.16501	1.04114	1690
20	1.4646e+006	660	725386	695070	100	60	3.10066	0.706693	39	38.4	0	0	1902	1.16232	1.02903	1690
21	1.43145e+006	657	731424	700022	100	60	3.1475	0.706693	39	38.4	0	0	1902	1.15976	1.02142	1690
22	1.43413e+006	658	734141	699991	100	60	0.78256	0.706693	39	38.4	0	0	1902	1.02829	0.895991	1690
23	1.45385e+006	647	739074	714772	100	60	0.79366	0.706693	39	38.4	0	0	1902	1.02769	0.903664	1690
24	1.46849e+006	639	744073	724421	100	60	0.80338	0.706693	39	38.4	0	0	1902	1.0314	0.926475	1690
25	1.4498e+006	619	734340	715462	100	60	0.863638	0.706693	39	38.4	0	0	1902	1.03705	0.954322	1690
26	1.46078e+006	607	739093	721686	100	60	1.00178	0.706693	39	38.4	0	0	1902	1.04792	0.979497	1690
27	1.4849e+006	1456	748387	736510	100	60	2.36082	0.706693	39	38.4	0	0	1902	1.06612	1.00411	1690
28	1.51684e+006	1372	762563	754279	100	60	2.52685	0.706693	39	38.4	0	0	1902	1.08158	1.01572	1690
29	1.54278e+006	1282	773410	769373	100	60	2.58203	0.706693	39	38.4	0	0	1902	1.0932	1.02955	1690
30	1.17165e+006	1242	391630	780021	100	60	2.24871	0.706693	39	38.4	0	0	1902	1.34755	1.43787	1690
31	1.17208e+006	1058	456727	715251	100	60	1.01478	0.706693	39	38.4	0	0	1902	1.09324	0.992021	1690
32	1.1235e+006	873	470410	652874	100	60	0.821566	0.706693	39	38.4	0	0	1902	1.0677	0.957354	1690
33	1.06282e+006	735	460564	602062	100	60	0.675519	0.706693	39	38.4	0	0	1902	1.05075	0.927475	1690
34	1.05834e+006	665	470067	588081	100	60	0.81622	0.706693	39	38.4	0	0	1902	1.06055	0.946847	1690
35	795954	717	226448	569395	100	60	1.06357	0.706693	39	38.4	0	0	1902	1.07365	0.98406	1690
36	830440	819	292667	537773	100	60	1.40065	0.706693	39	38.4	0	0	1902	1.08061	0.998201	1690
37	671477	949	164503	506974	100	60	1.87626	0.706693	39	38.4	0	0	1902	1.09073	1.01288	1690
38	727040	1082	234720	492320	100	60	2.50009	0.706693	39	38.4	0	0	1902	1.11315	1.03582	1690
39	764034	909	291756	472278	100	60	2.57784	0.706693	39	38.4	0	0	1902	1.12265	1.04019	1690
40	597368	803	130587	466781	100	60	2.66688	0.706693	39	38.4	38290.9	0	1902	1.13685	1.05384	1690
41	606915	663	184810	422104	100	60	2.73003	0.706693	39	38.4	38290.9	0	1902	1.15594	1.07096	1690
42	622289	573	229427	392862	100	60	2.73022	0.706693	39	38.4	38290.9	0	1902	1.18935	1.10687	1690
43	637872	515	261373	376499	100	60	2.75923	0.706693	39	38.4	38290.9	0	1902	1.19831	1.11183	1690
44	482208	454	135268	346940	100	60	2.79045	0.706693	39	38.4	38290.9	0	1902	1.22311	1.125	1690
45	487753	406	172803	314951	100	60	2.84977	0.706693	39	38.4	38290.9	0	1902	1.24018	1.12737	1690
46	407543	371	104344	301728	100	60	2.90372	0.706693	39	38.4	38290.9	0	1902	1.24031	1.10324	1690
47	434477	344	142156	284651	100	60	2.89123	0.706693	39	38.4	38290.9	0	1902	1.27168	1.11935	1690
48	463745	322	180518	274165	100	60	2.90219	0.706693	39	38.4	38290.9	0	1902	1.27812	1.13542	1690
49	459727	290	194162	253368	100	60	2.91464	0.706693	39	38.4	38290.9	0	1902	1.30249	1.14844	1690
50	450114	262	201449	237607	100	60	2.94213	0.706693	39	38.4	38290.9	0	1902	1.28	1.14847	1690
51	437295	239	206795	230500	100	60	2.92715	0.706693	39	38.4	38290.9	0	1902	1.30396	1.17703	1690
52	270422	212	54284.7	216138	100	60	0.130442	0.706693	39	38.4	88348.3	0	1902	1.00586	0.92713	1690
53	410148	188	130019	280129	100	60	0.0891844	0.706693	39	38.4	88348.3	0	1902	1.00383	0.925642	1690
54	615221	164	230018	385203	100	60	0.0818864	0.706693	39	38.4	88348.3	0	1902	1.00361	0.930144	1690
55	674493	146	262246	412247	100	60	0.0837299	0.706693	39	38.4	88348.3	0	1902	1.00425	0.939861	1690
56	667228	136	270486	396742	100	60	0.0950402	0.706693	39	38.4	88348.3	0	1902	1.00482	0.949798	1690
57	687478	2362	293236	394242	100	60	1.30155	0.706693	39	38.4	88348.3	0	1902	1.00713	0.954885	1690
58	741583	2187	325682	415900	100	60	1.5269	0.706693	39	38.4	88348.3	0	1902	1.0079	0.953103	1690
59	791217	1861	353955	437261	100	60	1.80158	0.706693	39	38.4	88348.3	0	1902	1.01133	0.952248	1690
60	526902	1656	84736.8	442165	100	60	1.93847	0.706693	39	38.4	88348.3	0	1902	1.1011	1.10747	1690
61	573350	1372	155078	418006	100	60	1.12328	0.706693	39	38.4	0	0	1902	1.04368	0.970115	1690
62	673955	1174	234617	438994	100	60	0.969991	0.706693	39	38.4	0	0	1902	1.03227	0.958616	1690
63	748881	985	299642	448811	100	60	0.930057	0.706693	39	38.4	0	0	1902	1.02903	0.955429	1690
64	827164	849	352581	474187	100	60	0.989232	0.706693	39	38.4	0	0	1902	1.03238	0.953365	1690
65	876081	779	386825	488860	100	60	1.08994	0.706693	39	38.4	0	0	1902	1.03499	0.96166	1690
66	903729	1418	409485	494245	100	60	1.99205	0.706693	39	38.4	0	0	1902	1.03978	0.96814	1690
67	886165	1364	407801	478364	100	60	2.1976	0.706693	39	38.4	0	0	1902	1.04478	0.979082	1690
68	867778	1209	406773	461005	100	60	2.3045	0.706693	39	38.4	0	0	1902	1.04632	0.974874	1690
69	857863	1043	407269	450593	100	60	2.3253	0.706693	39	38.4	0	0	1902	1.05284	0.985423	1690
70	656197	889	221769	434428	100	60	2.37748	0.706693	39	38.4	194247	0	1902	1.0592	0.990878	1690
71	668824	769	261237	407588	100	60	2.46313	0.706693	39	38.4	194247	0	1902	1.07164	0.993421	1690
72	691680	698	297577	394103	100	60	2.56085	0.706693	39	38.4	194247	0	1902	1.07798	1.00729	1690
73	681566	617	310009	371557	100	60	2.61147	0.706693	39	38.4	194247	0	1902	1.09498	1.02475	1690
74	663289	567	313521	349768	100	60	2.64417	0.706693	39	38.4	194247	0	1902	1.12366	1.04144	1690
75	604105	482	291294	312811	100	60	2.66233	0.706693	39	38.4	194247	0	1902	1.1277	1.03556	1690
76	570305	426	274538	286183	100	60	2.70026	0.706693	39	38.4	194247	0	1902	1.13235	1.05	1690
77	534111	378	254834	262958	100	60	2.71177	0.706693	39	38.4	194247	0	1902	1.14112	1.06452	1690
78	468626	314	224322	229460	100	60	2.76469	0.706693	39	38.4	194247	0	1902	1.13814	1.04235	1690
79	419162	269	202341	203707	100	60	2.82402	0.706693	39	38.4	194247	0	1902	1.14545	1.04264	1690
80	394442	244	190571	192073	100	60	2.79015	0.706693	39	38.4	194247	0	1902	1.15663	1.0431	1690
81	259976	220	86046.6	173929	100	60	2.81018	0.706693	39	38.4	194247	0	1902	1.15455	1.04348	1690
82	222444	206	56964.5	165480	100	60	0.091894	0.706693	39	38.4	252356	0	1902	1.00235	0.930746	1690
83	394974	166	142345	252629	100	60	0.0664879	0.706693	39	38.4	252356	0	1902	1.00176	0.930484	1690
84	607138	150	237018	370120	100	60	0.0634784	0.706693	39	38.4	252356	0	1902	1.00185	0.932002	1690
85	636589	136	254916	381673	100	60	0.0682229	0.706693	39	38.4	252356	0	1902	1.00242	0.939463	1690
86	599451	121	249537	349914	100	60	0.0734204	0.706693	39	38.4	252356	0	1902	1.00273	0.94231	1690
87	619390	2608	268464	350926	100	60	1.28804	0.706693	39	38.4	252356	0	1902	1.00367	0.945142	1690
88	716163	2351	316719	399444	100	60	1.41785	0.706693	39	38.4	252356	0	1902	1.00479	0.949853	1690
89	766473	2003	341892	424581	100	60	1.76907	0.706693	39	38.4	252356	0	1902	1.00803	0.950827	1690
90	583966	1686	170563	413404	100	60	1.91453	0.706693	37	38.4	252356	0	1902	1.0831	1.08716	1690
91	643416	1347	243322	399573	100	60	1.06504	0.706693	39	38.4	0	0	1902	1.0366	0.982337	1690
92	694442	1092	290618	403087	100	60	0.856102	0.706693	39	38.4	0	0	1902	1.02476	0.959976	1690
93	769581	913	338940	429729	100	60	0.765792	0.706693	39	38.4	0	0	1902	1.01813	0.950752	1690
94	834633	778	373337	460396	100	60	0.786413	0.706693	39	38.4	0	0	1902	1.01872	0.952756	1690
95	874134	731	395856	477419	100	60	0.886963	0.706693	39	38.4	0	0	1902	1.0201	0.958502	1690
96	875775	1480	401032	474743	100	60	1.73253	0.706693	39	38.4	0	0	1902	1.02224	0.965225	1690
97	841737	1417	389368	452369	100	60	1.93579	0.706693	39	38.4	0	0	1902	1.02333	0.968225	1690
98	815309	1292	381741	433568	100	60	2.14751	0.706693	39	38.4	0	0	1902	1.02863	0.961599	1690
99	801109	1069	379373	421736	100	60	2.11584	0.706693	39	38.4	0	0	1902	1.03595	0.97723	1690
100	633062	911	221316	411746	100	60	2.16628	0.706693	39	38.4	170749	0	1902	1.04779	0.989967	1690
101	656388	798	262701	393687	100	60	2.24903	0.706693	39	38.4	170749	0	1902	1.05862	0.996173	1690
102	678939	719	295884	383054	100	60	2.32622	0.706693	39	38.4	170749	0	1902	1.07342	1.01138	1690
103	692085	663	317205	374880	100	60	2.40138	0.706693	39	38.4	170749	0	1902	1.08294	1.01997	1690
104	654027	585	308289	345738	100	60	2.46492	0.706693	39	38.4	170749	0	1902	1.09375	1.0349	1690
105	622773	530	297948	324825	100	60	2.49266	0.706693	39	38.4	170749	0	1902	1.11438	1.05222	1690
106	589381	477	280042	299771	100	60	2.51314	0.706693	39	38.4	170749	0	1902	1.13321	1.08009	1690
107	551722	426	261100	274664	100	60	2.53053	0.706693	39	38.4	170749	0	1902	1.15054	1.10049	1690
108	532706	392	252983	264034	100	60	2.57492	0.706693	39	38.4	170749	0	1902	1.14115	1.08065	1690
109	512206	362	244684	252394	100	60	2.61012	0.706693	39	38.4	170749	0	1902	1.13577	1.07018	1690
110	471903	330	227534	231040	100	60	2.66784	0.706693	39	38.4	170749	0	1902	1.13235	1.06885	1690
111	419528	296	208343	211185	100	60	2.67706	0.706693	39	38.4	170749	0	1902	1.14238	1.06273	1690
112	287047	283	75337.4	211710	100	60	0.123017	0.706693	39	38.4	307085	0	1902	1.00281	0.957342	1690
113	485382	255	173583	311799	100	60	0.0945231	0.706693	39	38.4	307085	0	1902	1.00219	0.955329	1690
114	666062	231	258556	407506	100	60	0.0912339	0.706693	39	38.4	307085	0	1902	1.00215	0.957958	1690
115	701913	218	280655	421258	100	60	0.0990913	0.706693	39	38.4	307085	0	1902	1.00239	0.960522	1690
116	635871	174	264023	371848	100	60	0.0966453	0.706693	39	38.4	307085	0	1902	1.0026	0.964044	1690
117	656627	2652	285039	371588	100	60	1.25489	0.706693	39	38.4	307085	0	1902	1.00364	0.962314	1690
118	747585	2405	331663	415922	100	60	1.45351	0.706693	39	38.4	307085	0	1902	1.00505	0.96694	1690
119	806079	2067	359865	446214	100	60	1.75653	0.706693	39	38.4	307085	0	1902	1.00615	0.969047	1690
120	647263	1878	188482	458781	100	60	1.9136	0.706693	38	38.4	307085	0	1902	1.09516	1.12266	1690
121	682044	1443	254987	426388	100	60	1.03257	0.706693	39	38.4	0	0	1902	1.04042	1.00402	1690
122	761663	1224	314906	445873	100	60	0.848981	0.706693	39	38.4	0	0	1902	1.02612	0.985198	1690
123	833005	1021	361194	470701	100	60	0.773776	0.706693	39	38.4	0	0	1902	1.02124	0.979278	1690
124	903166	877	400216	501834	100	60	0.809922	0.706693	39	38.4	0	0	1902	1.02411	0.980214	1690
125	920930	825	414652	505230	100	60	0.90891	0.706693	39	38.4	0	0	1902	1.02695	0.980492	1690
126	891679	1476	407867	483813	100	60	1.698	0.706693	39	38.4	0	0	1902	1.03082	0.978525	1690
127	895492	1467	415373	480119	100	60	1.87996	0.706693	39	38.4	0	0	1902	1.03429	0.978417	1690
128	872220	1346	410049	462171	100	60	2.07838	0.706693	39	38.4	0	0	1902	1.03588	0.979026	1690
129	861892	1143	409256	452636	100	60	2.14934	0.706693	39	38.4	0	0	1902	1.03853	0.981449	1690
130	654530	933	224846	429685	100	60	2.25075	0.706693	39	38.4	185064	0	1902	1.04887	0.989154	1690
131	664469	806	264914	399554	100	60	2.33797	0.706693	39	38.4	185064	0	1902	1.05244	0.991228	1690
132	688659	736	299913	388746	100	60	2.42801	0.706693	39	38.4	185064	0	1902	1.05656	1.00138	1690
133	671971	649	307138	364833	100	60	2.4928	0.706693	39	38.4	185064	0	1902	1.07351	1.01406	1690
134	499896	590	153659	346237	100	60	2.51798	0.706693	39	38.4	185064	0	1902	1.09289	1.03098	1690
135	503965	524	190744	313222	100	60	2.57579	0.706693	39	38.4	185064	0	1902	1.11684	1.04845	1690
136	498416	459	210401	279478	100	60	2.5671	0.706693	39	38.4	185064	0	1902	1.12205	1.05298	1690
137	501037	418	224975	263079	100	60	2.59534	0.706693	39	38.4	185064	0	1902	1.13496	1.05392	1690
138	492413	385	228762	249550	100	60	2.5958	0.706693	39	38.4	185064	0	1902	1.1223	1.04813	1690
139	455943	338	216356	226152	100	60	2.65683	0.706693	39	38.4	185064	0	1902	1.12291	1.04908	1690
140	414958	293	199664	203634	100	60	2.67502	0.706693	39	38.4	185064	0	1902	1.11688	1.03546	1690
141	395043	275	196631	198411	100	60	2.70112	0.706693	39	38.4	185064	0	1902	1.11579	1.03802	1690
142	266308	260	73229	193079	100	60	0.112222	0.706693	39	38.4	312822	0	1902	1.00257	0.967281	1690
143	387689	240	86401.3	301288	100	60	0.0876948	0.706693	39	38.4	312822	0	1902	1.00225	0.968463	1690
144	580335	219	178444	401891	100	60	0.0770174	0.706693	39	38.4	312822	0	1902	1.00212	0.967063	1690
145	612339	164	213420	398920	100	60	0.0687187	0.706693	39	38.4	312822	0	1902	1.00178	0.968043	1690
146	566718	144	213657	353062	100	60	0.0742669	0.706693	39	38.4	312822	0	1902	1.00229	0.969831	1690
147	604797	2511	247224	357573	100	60	1.11877	0.706693	39	38.4	312822	0	1902	1.00345	0.972018	1690
148	704178	2445	301847	402332	100	60	1.36861	0.706693	38	38.4	312822	0	1902	1.0045	0.973692	1690
149	782447	2172	342903	439544	100	60	1.7448	0.706693	38	38.4	312822	0	1902	1.00681	0.970414	1690
150	616869	1880	177654	439215	100	60	1.95447	0.706693	35	38.4	312822	0	1902	1.08086	1.09023	1690
151	675668	1495	251840	422904	100	60	1.07507	0.706693	39	38.4	0	0	1902	1.03314	0.99754	1690
152	748452	1253	309436	437814	100	60	0.868022	0.706693	39	38.4	0	0	1902	1.0225	0.985439	1690
153	820429	1043	356687	462361	100	60	0.800119	0.706693	39	38.4	0	0	1902	1.01706	0.98068	1690
154	881224	906	391976	488011	100	60	0.859027	0.706693	39	38.4	0	0	1902	1.01852	0.980959	1690
155	701136	847	199072	501690	100	60	0.958111	0.706693	39	38.4	0	0	1902	1.02073	0.980462	1690
156	752697	1548	264713	487984	100	60	1.70976	0.706693	39	38.4	0	0	1902	1.02422	0.983592	1690
157	648535	1553	156757	491777	100	60	1.89517	0.706693	39	38.4	0	0	1902	1.02499	0.979957	1690
158	676064	1469	220049	456014	100	60	2.12513	0.706693	39	38.4	0	0	1902	1.02952	0.986888	1690
159	712267	1202	277222	435046	100	60	2.18428	0.706693	39	38.4	0	0	1902	1.03384	0.990702	1690
160	568976	1040	147818	421158	100	60	2.25707	0.706693	39	38.4	10868.1	0	1902	1.0342	0.98439	1690
161	483814	889	99276	384538	100	60	2.34224	0.706693	39	38.4	10868.1	0	1902	1.0446	0.992018	1690
162	503256	768	154432	348824	100	60	2.41856	0.706693	39	38.4	10868.1	0	1902	1.04906	0.996047	1690
163	522657	670	203490	319167	100	60	2.46632	0.706693	39	38.4	10868.1	0	1902	1.06516	1.01355	1690
164	414050	591	115945	298105	100	60	2.53678	0.706693	39	38.4	10868.1	0	1902	1.08036	1.03098	1690
165	436565	537	158956	277609	100	60	2.5633	0.706693	39	38.4	10868.1	0	1902	1.08953	1.03232	1690
166	477519	510	199506	269710	100	60	2.55604	0.706693	39	38.4	10868.1	0	1902	1.1065	1.04609	1690
167	435010	410	193038	231035	100	60	2.60981	0.706693	39	38.4	10868.1	0	1902	1.10046	1.02985	1690
168	448626	382	206835	228719	100	60	2.60753	0.706693	39	38.4	10868.1	0	1902	1.11139	1.04043	1690
169	466088	369	220131	232535	100	60	2.60177	0.706693	39	38.4	10868.1	0	1902	1.11282	1.03343	1690
170	446224	336	214840	219124	100	60	2.65481	0.706693	39	38.4	10868.1	0	1902	1.0977	1.02761	1690
171	401630	303	201152	200477	100	60	2.68396	0.706693	39	38.4	10868.1	0	1902	1.08974	1.01718	1690
172	283911	293	83812.4	200099	100	60	0.123193	0.706693	39	38.4	135047	0	1902	1.00195	0.958006	1690
173	486122	274	181269	304853	100	60	0.100122	0.706693	39	38.4	135047	0	1902	1.00174	0.958199	1690
174	650408	245	258019	392389	100	60	0.0959764	0.706693	39	38.4	135047	0	1902	1.00186	0.957715	1690
175	669830	229	272902	396928	100	60	0.105564	0.706693	39	38.4	135047	0	1902	1.00216	0.958995	1690
176	622343	211	262844	359499	100	60	0.119314	0.706693	39	38.4	135047	0	1902	1.00272	0.960701	1690
177	648670	2421	283292	365378	100	60	1.21793	0.706693	39	38.4	135047	0	1902	1.00411	0.966027	1690
178	739222	2291	329676	409545	100	60	1.41313	0.706693	39	38.4	135047	0	1902	1.0045	0.965307	1690
179	795032	1997	358419	436613	100	60	1.77035	0.706693	39	38.4	135047	0	1902	1.00627	0.965131	1690
180	605392	1760	179279	426113	100	60	1.9025	0.706693	36	38.4	135047	0	1902	1.0921	1.11879	1690
181	658067	1425	250434	407014	100	60	0.973483	0.706693	39	38.4	0	0	1902	1.03337	0.996458	1690
182	725060	1172	303384	420653	100	60	0.777564	0.706693	39	38.4	0	0	1902	1.0221	0.980292	1690
183	806984	984	353491	452539	100	60	0.697777	0.706693	39	38.4	0	0	1902	1.0179	0.974632	1690
184	848355	799	377762	469736	100	60	0.68678	0.706693	39	38.4	0	0	1902	1.01908	0.973619	1690
185	868962	752	391878	476332	100	60	0.760674	0.706693	39	38.4	0	0	1902	1.02146	0.97219	1690
186	872522	1573	399810	472711	100	60	1.59328	0.706693	39	38.4	0	0	1902	1.02584	0.97875	1690
187	853971	1534	396468	457502	100	60	1.77359	0.706693	39	38.4	0	0	1902	1.02751	0.981808	1690
188	832154	1377	390807	441346	100	60	1.98112	0.706693	39	38.4	0	0	1902	1.02936	0.983013	1690
189	811844	1170	385486	426358	100	60	2.03403	0.706693	39	38.4	0	0	1902	1.02662	0.976603	1690
190	623987	943	228921	395066	100	60	2.16116	0.706693	39	38.4	153188	0	1902	1.03463	0.982814	1690
191	647480	830	265541	381939	100	60	2.24805	0.706693	39	38.4	153188	0	1902	1.04741	0.991463	1690
192	491069	724	136964	354105	100	60	2.36844	0.706693	39	38.4	153188	0	1902	1.052	0.98331	1690
193	479092	603	171599	307493	100	60	2.45488	0.706693	39	38.4	153188	0	1902	1.04749	0.979933	1690
194	506713	545	212579	294135	100	60	2.47943	0.706693	39	38.4	153188	0	1902	1.05547	0.988889	1690
195	515389	501	234322	281067	100	60	2.55163	0.706693	39	38.4	153188	0	1902	1.07611	1.00201	1690
196	512987	458	238878	265243	100	60	2.57357	0.706693	39	38.4	153188	0	1902	1.092	1.01549	1690
197	500113	415	235670	249432	100	60	2.60028	0.706693	39	38.4	153188	0	1902	1.10291	1.01711	1690
198	472260	365	226280	231776	100	60	2.61878	0.706693	39	38.4	153188	0	1902	1.09207	1.00276	1690
199	468125	350	226996	226924	100	60	2.65469	0.706693	39	38.4	153188	0	1902	1.09537	1.00292	1690
200	340369	333	114903	222438	100	60	2.69231	0.706693	39	38.4	153188	0	1902	1.09329	0.993846	1690
201	311354	269	124434	186920	100	60	2.70254	0.706693	39	38.4	153188	0	1902	1.11679	1.00766	1690
202	236857	240	65653	171204	100	60	0.154634	0.706693	39	38.4	237552	0	1902	1.00303	0.999217	1690
203	360738	213	129732	231006	100	60	0.11126	0.706693	39	38.4	237552	0	1902	1.00232	0.99985	1690
204	574308	199	234122	340186	100	60	0.107798	0.706693	39	38.4	237552	0	1902	1.00231	0.999531	1690
205	681139	176	281784	399355	100	60	0.109639	0.706693	39	38.4	237552	0	1902	1.00231	1.0002	1690
206	685457	156	288587	396870	100	60	0.116333	0.706693	38	38.4	237552	0	1902	1.00279	1.0013	1690
207	675739	2194	294697	381042	100	60	1.1279	0.706693	38	38.4	237552	0	1902	1.00317	1.00243	1690
208	546919	2023	145455	401464	100	60	1.25465	0.706693	38	38.4	237552	0	1902	1.00415	1.00424	1690
209	608569	1806	211094	397475	100	60	1.49308	0.706693	38	38.4	237552	0	1902	1.00542	1.00389	1690
210	557983	1718	140651	417332	100	60	1.63209	0.706693	31	38.4	237552	0	1902	1.10062	1.16754	1690
211	617198	1403	221380	393982	100	60	1.19444	0.706693	39	38.4	0	0	1902	1.06066	1.06641	1690
212	685332	1201	284708	398540	100	60	1.05916	0.706693	39	38.4	0	0	1902	1.03874	1.03265	1690
213	736380	1041	332180	401300	100	60	1.01534	0.706693	39	38.4	0	0	1902	1.02848	1.01686	1690
214	787152	897	367715	416943	100	60	1.05809	0.706693	39	38.4	0	0	1902	1.03054	1.01761	1690
215	814284	809	388140	423928	100	60	1.13197	0.706693	39	38.4	0	0	1902	1.03136	1.01671	1690
216	809960	1234	391235	418725	100	60	1.72935	0.706693	39	38.4	0	0	1902	1.03463	1.0172	1690
217	806870	1244	394516	412354	100	60	1.92838	0.706693	39	38.4	0	0	1902	1.04167	1.02256	1690
218	772449	1140	383852	388596	100	60	2.03012	0.706693	39	38.4	0	0	1902	1.04147	1.02489	1690
219	721599	934	363845	357754	100	60	2.00402	0.706693	39	38.4	0	0	1902	1.04712	1.03351	1690
220	604723	843	253204	351518	100	60	1.99927	0.706693	39	38.4	120878	0	1902	1.06104	1.05389	1690
221	605820	748	278704	327116	100	60	2.01834	0.706693	39	38.4	120878	0	1902	1.06033	1.05242	1690
222	596836	677	289585	307251	100	60	2.08676	0.706693	39	38.4	120878	0	1902	1.07091	1.0625	1690
223	541030	578	271985	269044	100	60	2.12598	0.706693	39	38.4	120878	0	1902	1.09159	1.07853	1690
224	515912	522	264342	251571	100	60	2.14338	0.706693	39	38.4	120878	0	1902	1.11034	1.10485	1690
225	473615	457	245790	227825	100	60	2.14517	0.706693	39	38.4	120878	0	1902	1.13481	1.12168	1690
226	448056	410	231025	209828	100	60	2.15666	0.706693	39	38.4	120878	0	1902	1.15402	1.13648	1690
227	443472	394	227137	204429	100	60	2.12379	0.706693	39	38.4	120878	0	1902	1.16505	1.15927	1690
228	397680	336	204191	182520	100	60	2.15476	0.706693	39	38.4	120878	0	1902	1.16427	1.14417	1690
229	379511	315	195036	174089	100	60	2.19903	0.706693	39	38.4	120878	0	1902	1.1672	1.15772	1690
230	351446	291	181763	160586	100	60	2.15624	0.706693	39	38.4	120878	0	1902	1.17958	1.16176	1690
231	232282	260	86046.3	146236	100	60	2.09076	0.706693	39	38.4	120878	0	1902	1.20319	1.18182	1690
232	231311	256	87129.3	144181	100	60	0.0819469	0.706693	39	38.4	148005	0	1902	1.00243	0.996743	1690
233	467564	238	187152	280412	100	60	0.0745422	0.706693	39	38.4	148005	0	1902	1.00229	0.996587	1690
234	612958	208	248702	364256	100	60	0.0700928	0.706693	39	38.4	148005	0	1902	1.00219	0.998241	1690
235	602739	190	250819	351920	100	60	0.0768295	0.706693	39	38.4	148005	0	1902	1.00267	0.999586	1690
236	429637	170	103611	326026	100	60	0.0826021	0.706693	39	38.4	148005	0	1902	1.00301	1.00057	1690
237	485518	2596	161337	324182	100	60	1.11357	0.706693	39	38.4	148005	0	1902	1.00367	1.0015	1690
238	596400	2270	231689	364711	100	60	1.30994	0.706693	38	38.4	148005	0	1902	1.00511	1.00359	1690
239	687245	2096	289515	397730	100	60	1.53745	0.706693	38	38.4	148005	0	1902	1.00604	1.00554	1690
240	564743	1934	160971	403772	100	60	1.73681	0.706693	34	38.4	148005	0	1902	1.06508	1.10666	1690
241	606078	1498	228674	375631	100	60	0.831691	0.706693	39	38.4	0	0	1902	1.02167	1.02077	1690
242	685658	1248	288591	394628	100	60	0.676632	0.706693	39	38.4	0	0	1902	1.01346	1.00998	1690
243	594751	1053	168203	425711	100	60	0.613406	0.706693	39	38.4	0	0	1902	1.01013	1.00579	1690
244	695380	897	250751	443107	100	60	0.628737	0.706693	39	38.4	0	0	1902	1.00966	1.00461	1690
245	750710	817	307094	442311	100	60	0.696663	0.706693	39	38.4	0	0	1902	1.0125	1.00814	1690
246	777559	1668	342037	435521	100	60	1.37391	0.706693	39	38.4	0	0	1902	1.01442	1.01007	1690
247	788383	1629	363476	424907	100	60	1.54443	0.706693	39	38.4	0	0	1902	1.01559	1.01344	1690
248	766724	1472	364886	401838	100	60	1.77582	0.706693	39	38.4	0	0	1902	1.0195	1.01645	1690
249	786097	1249	383268	402830	100	60	1.80693	0.706693	39	38.4	0	0	1902	1.02487	1.02425	1690
250	652805	1033	282337	370468	100	60	1.86775	0.706693	39	38.4	96657	0	1902	1.04071	1.04199	1690
251	660615	902	307804	352811	100	60	1.95475	0.706693	39	38.4	96657	0	1902	1.04915	1.05039	1690
252	631696	777	308923	322772	100	60	2.00022	0.706693	39	38.4	96657	0	1902	1.05692	1.05982	1690
253	594402	677	298362	296040	100	60	2.06108	0.706693	39	38.4	96657	0	1902	1.06548	1.06119	1690
254	561727	600	286398	275329	100	60	2.09709	0.706693	39	38.4	96657	0	1902	1.09335	1.08799	1690
255	541153	551	279041	262112	100	60	2.12431	0.706693	39	38.4	96657	0	1902	1.12338	1.11338	1690
256	515173	504	263572	243485	100	60	2.16902	0.706693	39	38.4	96657	0	1902	1.13936	1.12295	1690
257	465674	433	236781	215955	100	60	2.18989	0.706693	39	38.4	96657	0	1902	1.1387	1.12201	1690
258	456169	402	232594	210507	100	60	2.23547	0.706693	39	38.4	96657	0	1902	1.13547	1.11628	1690
259	435330	370	222267	200353	100	60	2.25124	0.706693	39	38.4	96657	0	1902	1.11936	1.09244	1690
260	403397	335	206931	185012	100	60	2.24962	0.706693	39	38.4	96657	0	1902	1.11696	1.08723	1690
261	380615	322	201756	178859	100	60	2.25314	0.706693	39	38.4	96657	0	1902	1.11585	1.08795	1690
262	274329	299	105502	168827	100	60	0.10458	0.706693	39	38.4	190605	0	1902	1.00247	0.989479	1690
263	389325	253	101569	287756	100	60	0.0817434	0.706693	39	38.4	190605	0	1902	1.00204	0.988347	1690
264	456104	228	87443.4	368661	100	60	0.0710115	0.706693	39	38.4	190605	0	1902	1.00165	0.987431	1690
265	476644	200	126229	350415	100	60	0.0703047	0.706693	39	38.4	190605	0	1902	1.0016	0.986744	1690
266	482878	148	162207	320670	100	60	0.067746	0.706693	39	38.4	190605	0	1902	1.00202	0.98546	1690
267	548415	2535	214167	334248	100	60	0.96904	0.706693	39	38.4	190605	0	1902	1.00277	0.9861	1690
268	645053	2353	269972	375081	100	60	1.20254	0.706693	39	38.4	190605	0	1902	1.00457	0.989391	1690
269	694897	2263	303016	391880	100	60	1.48428	0.706693	39	38.4	190605	0	1902	1.00577	0.99027	1690
270	574494	2083	167376	407118	100	60	1.66641	0.706693	36	38.4	190605	0	1902	1.0545	1.08021	1690
271	624227	1618	239586	383224	100	60	0.892939	0.706693	39	38.4	0	0	1902	1.02154	1.00915	1690
272	702087	1329	299207	401042	100	60	0.722246	0.706693	39	38.4	0	0	1902	1.01369	1.00029	1690
273	802724	1136	359700	440628	100	60	0.655307	0.706693	39	38.4	0	0	1902	1.01003	0.996152	1690
274	868355	987	396149	469962	100	60	0.704577	0.706693	39	38.4	0	0	1902	1.01148	0.994675	1690
275	857320	869	397657	457755	100	60	0.771548	0.706693	39	38.4	0	0	1902	1.01192	0.99378	1690
276	838544	1633	396623	441921	100	60	1.47781	0.706693	39	38.4	0	0	1902	1.01411	0.998337	1690
277	827371	1498	397821	429550	100	60	1.60208	0.706693	39	38.4	0	0	1902	1.0148	0.999439	1690
278	797614	1426	387544	410070	100	60	1.8265	0.706693	39	38.4	0	0	1902	1.01732	1.0007	1690
279	789759	1217	389263	400496	100	60	1.86088	0.706693	39	38.4	0	0	1902	1.01885	1.00331	1690
280	675428	1073	284673	390755	100	60	1.97229	0.706693	39	38.4	111827	0	1902	1.02594	1.00748	1690
281	676464	936	308842	367622	100	60	2.08349	0.706693	39	38.4	111827	0	1902	1.03704	1.02146	1690
282	652173	811	312957	339216	100	60	2.12758	0.706693	39	38.4	111827	0	1902	1.03824	1.0198	1690
283	641257	744	318074	323183	100	60	2.15214	0.706693	39	38.4	111827	0	1902	1.05083	1.03108	1690
284	580735	627	294075	286660	100	60	2.20498	0.706693	39	38.4	111827	0	1902	1.06621	1.04655	1690
285	555358	571	285108	270251	100	60	2.23412	0.706693	39	38.4	111827	0	1902	1.078	1.06018	1690
286	541383	538	275570	256891	100	60	2.25579	0.706693	39	38.4	111827	0	1902	1.09075	1.07736	1690
287	520272	501	262275	243241	100	60	2.26298	0.706693	39	38.4	111827	0	1902	1.103	1.08704	1690
288	470035	431	237150	218979	100	60	2.30536	0.706693	39	38.4	111827	0	1902	1.10444	1.07311	1690
289	442682	395	224559	205126	100	60	2.32506	0.706693	39	38.4	111827	0	1902	1.09223	1.06234	1690
290	312963	376	112396	198228	100	60	2.32515	0.706693	39	38.4	111827	0	1902	1.08763	1.06077	1690
291	295599	318	124379	171220	100	60	2.29922	0.706693	39	38.4	111827	0	1902	1.12693	1.09901	1690
292	256896	302	93382	163514	100	60	0.154045	0.706693	39	38.4	166227	0	1902	1.00332	1.00141	1690
293	308067	256	79926.4	228140	100	60	0.110942	0.706693	39	38.4	166227	0	1902	1.00247	1.00073	1690
294	538376	236	194210	344166	100	60	0.0999233	0.706693	39	38.4	166227	0	1902	1.00204	1.00052	1690
295	640883	206	248879	392005	100	60	0.100014	0.706693	39	38.4	166227	0	1902	1.00204	1.0006	1690
296	607288	172	247825	359464	100	60	0.105108	0.706693	38	38.4	166227	0	1902	1.00269	1.00147	1690
297	460578	2159	112818	347760	100	60	0.897426	0.706693	36	38.4	166227	0	1902	1.00346	1.00303	1690
298	511815	1895	172844	338971	100	60	1.00227	0.706693	35	38.4	166227	0	1902	1.00298	1.00292	1690
299	481172	1781	112009	369163	100	60	1.2427	0.706693	35	38.4	166227	0	1902	1.00412	1.00286	1690
300	445126	1658	88887.4	356238	100	60	1.44253	0.706693	32	38.4	166227	0	1902	1.07547	1.11669	1690
301	499330	1363	163879	332797	100	60	0.949361	0.706693	39	38.4	0	0	1902	1.03629	1.03498	1690
302	589445	1152	238000	348728	100	60	0.819545	0.706693	39	38.4	0	0	1902	1.02498	1.01897	1690
303	672221	982	298786	368609	100	60	0.776179	0.706693	39	38.4	0	0	1902	1.01553	1.00752	1690
304	764299	888	356639	403148	100	60	0.857795	0.706693	39	38.4	0	0	1902	1.01616	1.00614	1690
305	804939	782	385892	415038	100	60	0.909	0.706693	39	38.4	0	0	1902	1.01775	1.0063	1690
306	841013	1421	410997	430015	100	60	1.44327	0.706693	39	38.4	0	0	1902	1.02136	1.01093	1690
307	818031	1368	404675	413356	100	60	1.54172	0.706693	39	38.4	0	0	1902	1.02604	1.01902	1690
308	796328	1248	399697	396632	100	60	1.62171	0.706693	39	38.4	0	0	1902	1.03165	1.02989	1690
309	793868	1087	404358	389509	100	60	1.62906	0.706693	39	38.4	0	0	1902	1.03207	1.0325	1690
310	691085	939	326035	365050	100	60	1.64459	0.706693	39	38.4	71591.4	0	1902	1.04531	1.04609	1690
311	683144	842	338451	344693	100	60	1.67617	0.706693	39	38.4	71591.4	0	1902	1.06211	1.06198	1690
312	658215	748	336238	321977	100	60	1.68889	0.706693	39	38.4	71591.4	0	1902	1.07676	1.07919	1690
313	603799	649	314265	289534	100	60	1.7254	0.706693	39	38.4	71591.4	0	1902	1.10026	1.09922	1690
314	551214	564	289492	261722	100	60	1.76264	0.706693	39	38.4	71591.4	0	1902	1.12519	1.11586	1690
315	527270	522	278244	249026	100	60	1.79202	0.706693	39	38.4	71591.4	0	1902	1.16021	1.15234	1690
316	505774	478	264443	234635	100	60	1.79543	0.706693	39	38.4	71591.4	0	1902	1.19284	1.17949	1690
317	336280	426	122800	211865	100	60	1.76984	0.706693	39	38.4	71591.4	0	1902	1.21267	1.18978	1690
318	337590	378	144998	187707	100	60	1.77585	0.706693	39	38.4	71591.4	0	1902	1.22165	1.1694	1690
319	337541	337	159774	171680	100	60	1.735	0.706693	39	38.4	71591.4	0	1902	1.22029	1.19692	1690
320	329815	310	164714	159775	100	60	1.74317	0.706693	39	38.4	71591.4	0	1902	1.2451	1.2268	1690
321	317434	294	165667	151767	100	60	1.71673	0.706693	39	38.4	71591.4	0	1902	1.26855	1.24812	1690
322	255910	264	110537	145373	100	60	0.0901631	0.706693	39	38.4	125855	0	1902	1.00478	1.00379	1690
323	474814	250	202037	272777	100	60	0.0778947	0.706693	39	38.4	125855	0	1902	1.00432	1.00328	1690
324	497439	224	129789	367650	100	60	0.0734417	0.706693	39	38.4	125855	0	1902	1.00371	1.00301	1690
325	507813	194	161323	346489	100	60	0.0655581	0.706693	39	38.4	125855	0	1902	1.00342	1.00249	1690
326	497464	147	181480	315984	100	60	0.0640292	0.706693	39	38.4	125855	0	1902	1.00325	1.00194	1690
327	578437	2380	237766	340671	100	60	0.812898	0.706693	39	38.4	125855	0	1902	1.00464	1.00284	1690
328	674778	2126	293199	381579	100	60	0.976631	0.706693	39	38.4	125855	0	1902	1.00596	1.00436	1690
329	730973	1857	329063	401910	100	60	1.14595	0.706693	39	38.4	125855	0	1902	1.00888	1.00721	1690
330	554543	1790	169054	385489	100	60	1.35675	0.706693	36	38.4	125855	0	1902	1.07289	1.1278	1690
331	616444	1441	247456	366516	100	60	0.768614	0.706693	39	38.4	0	0	1902	1.02944	1.02991	1690
332	688870	1191	305536	380243	100	60	0.630976	0.706693	39	38.4	0	0	1902	1.0161	1.01363	1690
333	751206	970	349507	397950	100	60	0.563978	0.706693	39	38.4	0	0	1902	1.01161	1.00802	1690
334	800733	804	377027	420381	100	60	0.56893	0.706693	39	38.4	0	0	1902	1.01195	1.0061	1690
335	837790	736	398039	436675	100	60	0.621658	0.706693	39	38.4	0	0	1902	1.01226	1.00688	1690
336	836998	1710	403383	433615	100	60	1.25052	0.706693	39	38.4	0	0	1902	1.01528	1.01045	1690
337	820261	1542	401354	418907	100	60	1.31908	0.706693	39	38.4	0	0	1902	1.01478	1.01142	1690
338	789139	1418	391562	397578	100	60	1.4747	0.706693	39	38.4	0	0	1902	1.01814	1.01631	1690
339	563824	1180	183521	380304	100	60	1.50528	0.706693	39	38.4	0	0	1902	1.01892	1.01704	1690
340	573095	1010	227197	345898	100	60	1.57207	0.706693	39	38.4	7142.4	0	1902	1.0263	1.02383	1690
341	589107	876	267348	321760	100	60	1.64976	0.706693	39	38.4	7142.4	0	1902	1.03887	1.04119	1690
342	576241	751	280558	295683	100	60	1.71093	0.706693	39	38.4	7142.4	0	1902	1.06339	1.06667	1690
343	421648	673	142893	278756	100	60	1.74747	0.706693	39	38.4	7142.4	0	1902	1.06611	1.06538	1690
344	441115	605	184208	256907	100	60	1.77839	0.706693	39	38.4	7142.4	0	1902	1.07735	1.07438	1690
345	448807	537	212545	236262	100	60	1.80003	0.706693	39	38.4	7142.4	0	1902	1.09532	1.08769	1690
346	445057	482	221298	217057	100	60	1.80574	0.706693	39	38.4	7142.4	0	1902	1.10786	1.09771	1690
347	316183	436	112812	201509	100	60	1.79688	0.706693	39	38.4	7142.4	0	1902	1.119	1.10648	1690
348	278232	425	77885.8	199514	100	60	1.79746	0.706693	39	38.4	7142.4	0	1902	1.14725	1.12649	1690
349	287691	370	108011	175406	100	60	1.84315	0.706693	39	38.4	7142.4	0	1902	1.15223	1.13408	1690
350	292584	324	131878	156990	100	60	1.84829	0.706693	39	38.4	7142.4	0	1902	1.16159	1.14469	1690
351	302624	306	150901	151723	100	60	1.82828	0.706693	39	38.4	7142.4	0	1902	1.18689	1.16609	1690
352	225503	244	99056	126446	100	60	0.0944967	0.706693	39	38.4	55947.3	0	1902	1.0038	1.00277	1690
353	416799	231	179946	236853	100	60	0.0780153	0.706693	39	38.4	55947.3	0	1902	1.00303	1.00195	1690
354	613807	213	262218	351589	100	60	0.0769183	0.706693	39	38.4	55947.3	0	1902	1.00328	1.00209	1690
355	652363	183	278770	373593	100	60	0.0761481	0.706693	39	38.4	55947.3	0	1902	1.0036	1.00262	1690
356	599206	178	264339	334867	100	60	0.0880343	0.706693	39	38.4	55947.3	0	1902	1.00385	1.00455	1690
357	447385	2247	115457	331928	100	60	0.903584	0.706693	39	38.4	55947.3	0	1902	1.00534	1.00673	1690
358	539583	2035	189837	349746	100	60	1.0335	0.706693	39	38.4	55947.3	0	1902	1.00628	1.00919	1690
359	649088	1831	263401	385687	100	60	1.24492	0.706693	39	38.4	55947.3	0	1902	1.00987	1.01248	1690
360	535898	1709	150879	385019	100	60	1.45947	0.706693	37	38.4	55947.3	0	1902	1.08515	1.13286	1690
361	562975	1315	216172	344177	100	60	0.788369	0.706693	39	38.4	0	0	1902	1.02851	1.02613	1690
362	631833	1084	274750	354119	100	60	0.634772	0.706693	39	38.4	0	0	1902	1.0167	1.01191	1690
363	718395	928	332473	381627	100	60	0.579853	0.706693	39	38.4	0	0	1902	1.01199	1.00681	1690
364	785037	784	370058	411088	100	60	0.594923	0.706693	39	38.4	0	0	1902	1.01224	1.00612	1690
365	830577	716	396469	430662	100	60	0.650647	0.706693	39	38.4	0	0	1902	1.01585	1.00894	1690
366	807657	1521	391415	416242	100	60	1.22373	0.706693	39	38.4	0	0	1902	1.01871	1.01112	1690
367	778541	1451	381339	397202	100	60	1.34219	0.706693	39	38.4	0	0	1902	1.01786	1.01155	1690
368	576122	1377	183444	392678	100	60	1.4996	0.706693	39	38.4	0	0	1902	1.02166	1.01681	1690
369	603675	1147	239064	364611	100	60	1.54199	0.706693	39	38.4	0	0	1902	1.02921	1.02636	1690
370	620087	997	269801	350286	100	60	1.64051	0.706693	39	38.4	22196	0	1902	1.03121	1.02831	1690
371	619988	856	295902	324086	100	60	1.70882	0.706693	39	38.4	22196	0	1902	1.03727	1.027	1690
372	619675	769	311125	308550	100	60	1.73807	0.706693	39	38.4	22196	0	1902	1.05544	1.04569	1690
373	586758	663	303674	283084	100	60	1.74973	0.706693	39	38.4	22196	0	1902	1.07125	1.06212	1690
374	579794	618	305783	274010	100	60	1.74828	0.706693	39	38.4	22196	0	1902	1.08901	1.07305	1690
375	559994	571	298349	261645	100	60	1.74015	0.706693	39	38.4	22196	0	1902	1.11263	1.09717	1690
376	526016	515	278525	240238	100	60	1.73709	0.706693	39	38.4	22196	0	1902	1.14138	1.12745	1690
377	494953	470	260364	221961	100	60	1.72249	0.706693	39	38.4	22196	0	1902	1.16828	1.15119	1690
378	479834	438	252752	214665	100	60	1.7374	0.706693	39	38.4	22196	0	1902	1.17125	1.15421	1690
379	438273	391	231353	195578	100	60	1.74359	0.706693	39	38.4	22196	0	1902	1.17067	1.15325	1690
380	395491	345	209600	175917	100	60	1.72627	0.706693	39	38.4	22196	0	1902	1.17827	1.15976	1690
381	359394	319	195844	163550	100	60	1.71354	0.706693	39	38.4	22196	0	1902	1.20308	1.16505	1690
382	275131	300	120026	155105	100	60	0.0914962	0.706693	39	38.4	92884.2	0	1902	1.00377	1.00232	1690
383	518120	285	220688	297432	100	60	0.0825158	0.706693	39	38.4	92884.2	0	1902	1.00323	1.00201	1690
384	636010	255	269928	366082	100	60	0.0782347	0.706693	39	38.4	92884.2	0	1902	1.00292	1.00211	1690
385	599227	224	259603	339624	100	60	0.0840378	0.706693	39	38.4	92884.2	0	1902	1.00324	1.00304	1690
386	574685	215	258670	316015	100	60	0.0954688	0.706693	39	38.4	92884.2	0	1902	1.00363	1.00403	1690
387	640364	2366	295498	344866	100	60	0.948739	0.706693	39	38.4	92884.2	0	1902	1.007	1.00732	1690
388	703097	2089	325987	377110	100	60	1.08683	0.706693	39	38.4	92884.2	0	1902	1.00788	1.00519	1690
389	735632	1802	345868	389763	100	60	1.27993	0.706693	39	38.4	92884.2	0	1902	1.00938	1.00593	1690
390	579894	1704	182958	396936	100	60	1.4063	0.706693	35	38.4	92884.2	0	1902	1.09456	1.15656	1690
391	610656	1326	249087	359559	100	60	0.624303	0.706693	39	38.4	0	0	1902	1.02564	1.02512	1690
392	712468	1138	317183	392495	100	60	0.510296	0.706693	39	38.4	0	0	1902	1.01472	1.01274	1690
393	800248	981	369489	427394	100	60	0.478709	0.706693	39	38.4	0	0	1902	1.00969	1.00636	1690
394	841857	835	393019	445990	100	60	0.505127	0.706693	39	38.4	0	0	1902	1.00963	1.00567	1690
395	818343	738	388995	426922	100	60	0.555545	0.706693	39	38.4	0	0	1902	1.01293	1.00706	1690
396	790647	1558	384386	406261	100	60	1.17155	0.706693	39	38.4	0	0	1902	1.01504	1.00922	1690
397	778223	1526	382692	395531	100	60	1.32044	0.706693	39	38.4	0	0	1902	1.01947	1.01613	1690
398	757333	1423	375880	381453	100	60	1.52074	0.706693	39	38.4	0	0	1902	1.02052	1.0155	1690
399	726526	1151	365366	361160	100	60	1.5982	0.706693	39	38.4	0	0	1902	1.02457	1.02531	1690
400	647887	999	295844	352043	100	60	1.65544	0.706693	39	38.4	79695.5	0	1902	1.02524	1.02711	1690
401	615534	826	299468	316066	100	60	1.69567	0.706693	39	38.4	79695.5	0	1902	1.03201	1.03277	1690
402	586283	707	297008	289275	100	60	1.72362	0.706693	39	38.4	79695.5	0	1902	1.04777	1.05405	1690
403	571778	641	296631	275147	100	60	1.77795	0.706693	39	38.4	79695.5	0	1902	1.04396	1.04382	1690
404	507490	534	268131	239359	100	60	1.79866	0.706693	39	38.4	79695.5	0	1902	1.06144	1.06591	1690
405	463007	465	248110	214897	100	60	1.84031	0.706693	39	38.4	79695.5	0	1902	1.08523	1.09328	1690
406	425611	411	225903	192879	100	60	1.86371	0.706693	39	38.4	79695.5	0	1902	1.10609	1.11576	1690
407	402004	373	211568	179219	100	60	1.84423	0.706693	39	38.4	79695.5	0	1902	1.14621	1.15068	1690
408	383116	339	201626	170559	100	60	1.85989	0.706693	39	38.4	79695.5	0	1902	1.13833	1.13473	1690
409	343241	299	180654	152897	100	60	1.88351	0.706693	39	38.4	79695.5	0	1902	1.13621	1.13495	1690
410	318490	271	168300	141362	100	60	1.91201	0.706693	39	38.4	79695.5	0	1902	1.13011	1.12595	1690
411	281336	244	153344	127991	100	60	1.85718	0.706693	39	38.4	79695.5	0	1902	1.13934	1.13136	1690
412	209365	223	89619.5	119745	100	60	0.0715619	0.706693	39	38.4	140505	0	1902	1.00209	0.999552	1690
413	455761	202	189756	266005	100	60	0.0597955	0.706693	39	38.4	140505	0	1902	1.00225	0.999865	1690
414	592756	165	243682	349074	100	60	0.0526798	0.706693	39	38.4	140505	0	1902	1.00203	0.999833	1690
415	555301	133	232782	322519	100	60	0.0517132	0.706693	39	38.4	140505	0	1902	1.00231	1.00114	1690
416	531318	125	232506	298812	100	60	0.0569292	0.706693	38	38.4	140505	0	1902	1.00243	1.00146	1690
417	607486	2517	275929	331557	100	60	1.00827	0.706693	38	38.4	140505	0	1902	1.00435	1.00412	1690
418	709282	2330	325781	383500	100	60	1.19745	0.706693	38	38.4	140505	0	1902	1.00482	1.00516	1690
419	746421	1928	346805	399616	100	60	1.38397	0.706693	38	38.4	140505	0	1902	1.00667	1.00748	1690
420	593303	1735	184703	408600	100	60	1.54109	0.706693	30	38.4	140505	0	1902	1.09468	1.15747	1690
421	630189	1380	251725	376370	100	60	0.746238	0.706693	39	38.4	0	0	1902	1.03045	1.03006	1690
422	705574	1150	310477	392192	100	60	0.605279	0.706693	39	38.4	0	0	1902	1.01715	1.01444	1690
423	779125	975	359314	416709	100	60	0.557924	0.706693	39	38.4	0	0	1902	1.01186	1.00705	1690
424	641439	862	192637	448401	100	60	0.599274	0.706693	39	38.4	0	0	1902	1.01231	1.00534	1690
425	710790	804	265125	445302	100	60	0.659734	0.706693	39	38.4	0	0	1902	1.01338	1.00731	1690
426	738222	1542	312797	425425	100	60	1.21285	0.706693	39	38.4	0	0	1902	1.01551	1.01146	1690
427	574804	1505	162565	412239	100	60	1.36124	0.706693	39	38.4	0	0	1902	1.0163	1.01397	1690
428	630280	1523	232380	397901	100	60	1.60903	0.706693	39	38.4	0	0	1902	1.01866	1.01725	1690
429	657874	1231	282261	375614	100	60	1.657	0.706693	39	38.4	0	0	1902	1.02343	1.02053	1690
430	665155	1081	291341	373814	100	60	1.74864	0.706693	39	38.4	38303.9	0	1902	1.03042	1.02514	1690
431	683892	961	322739	361153	100	60	1.83321	0.706693	39	38.4	38303.9	0	1902	1.03686	1.03452	1690
432	663107	840	328108	334999	100	60	1.87946	0.706693	39	38.4	38303.9	0	1902	1.05519	1.05024	1690
433	643560	746	327032	316528	100	60	1.92121	0.706693	39	38.4	38303.9	0	1902	1.07271	1.07018	1690
434	626725	686	323848	302877	100	60	1.94782	0.706693	39	38.4	38303.9	0	1902	1.08543	1.08676	1690
435	566272	597	296226	270047	100	60	1.95451	0.706693	39	38.4	38303.9	0	1902	1.09292	1.09338	1690
436	522488	523	271171	243389	100	60	1.96736	0.706693	39	38.4	38303.9	0	1902	1.12	1.11456	1690
437	484352	465	249671	221426	100	60	1.96677	0.706693	39	38.4	38303.9	0	1902	1.14575	1.13656	1690
438	484312	450	250457	220564	100	60	2.01368	0.706693	39	38.4	38303.9	0	1902	1.13704	1.11264	1690
439	454267	413	235849	205850	100	60	2.03216	0.706693	39	38.4	38303.9	0	1902	1.12322	1.09548	1690
440	421532	372	219146	191009	100	60	2.04607	0.706693	39	38.4	38303.9	0	1902	1.12895	1.09777	1690
441	360905	316	193159	167746	100	60	2.06039	0.706693	39	38.4	38303.9	0	1902	1.13249	1.1	1690
442	276322	301	114405	161917	100	60	0.100598	0.706693	39	38.4	116331	0	1902	1.00276	1.00175	1690
443	511486	286	214738	296748	100	60	0.0886177	0.706693	39	38.4	116331	0	1902	1.00255	1.00154	1690
444	644757	256	270893	373865	100	60	0.0852608	0.706693	39	38.4	116331	0	1902	1.00268	1.00192	1690
445	620607	231	266218	354389	100	60	0.0930104	0.706693	39	38.4	116331	0	1902	1.00329	1.00354	1690
446	584725	206	258901	325823	100	60	0.099487	0.706693	39	38.4	116331	0	1902	1.00344	1.00439	1690
447	649023	2385	295990	353033	100	60	1.04122	0.706693	39	38.4	116331	0	1902	1.00592	1.00793	1690
448	750926	2219	346815	404110	100	60	1.22763	0.706693	39	38.4	116331	0	1902	1.00795	1.01158	1690
449	760439	1862	353735	406704	100	60	1.42415	0.706693	39	38.4	116331	0	1902	1.00949	1.01365	1690
450	575880	1672	178500	397380	100	60	1.54775	0.706693	35	38.4	116331	0	1902	1.08921	1.15755	1690
451	620296	1357	247460	372099	100	60	0.729948	0.706693	39	38.4	0	0	1902	1.02666	1.02639	1690
452	696058	1143	304727	390226	100	60	0.598614	0.706693	39	38.4	0	0	1902	1.01383	1.01071	1690
453	781983	976	357438	423229	100	60	0.551592	0.706693	39	38.4	0	0	1902	1.00916	1.00557	1690
454	822020	812	381218	439687	100	60	0.559974	0.706693	39	38.4	0	0	1902	1.00837	1.00437	1690
455	845241	758	398640	445677	100	60	0.631282	0.706693	39	38.4	0	0	1902	1.00967	1.00649	1690
456	800467	1553	383323	417144	100	60	1.30832	0.706693	39	38.4	0	0	1902	1.01333	1.01048	1690
457	807105	1493	391213	415892	100	60	1.43764	0.706693	39	38.4	0	0	1902	1.01525	1.01429	1690
458	803330	1456	393981	409349	100	60	1.68781	0.706693	39	38.4	0	0	1902	1.0191	1.01587	1690
459	792712	1192	393684	399028	100	60	1.74374	0.706693	39	38.4	0	0	1902	1.02276	1.01685	1690
460	557165	1024	176563	380602	100	60	1.83341	0.706693	39	38.4	9926.69	0	1902	1.02992	1.02547	1690
461	473729	912	113118	360612	100	60	1.90565	0.706693	39	38.4	9926.69	0	1902	1.03757	1.03638	1690
462	485937	782	165793	320143	100	60	1.97309	0.706693	39	38.4	9926.69	0	1902	1.03718	1.03077	1690
463	544043	740	229232	314812	100	60	2.0176	0.706693	39	38.4	9926.69	0	1902	1.0455	1.04336	1690
464	557554	665	261390	296164	100	60	2.06681	0.706693	39	38.4	9926.69	0	1902	1.06226	1.05732	1690
465	551555	603	271668	279887	100	60	2.12586	0.706693	39	38.4	9926.69	0	1902	1.06932	1.06333	1690
466	536324	552	267695	258827	100	60	2.15778	0.706693	39	38.4	9926.69	0	1902	1.08221	1.07104	1690
467	523972	508	262078	245103	100	60	2.16033	0.706693	39	38.4	9926.69	0	1902	1.08227	1.06917	1690
468	510135	477	258424	235449	100	60	2.19758	0.706693	39	38.4	9926.69	0	1902	1.06746	1.04852	1690
469	346107	430	125646	217367	100	60	2.19959	0.706693	39	38.4	9926.69	0	1902	1.07237	1.04918	1690
470	353676	389	150952	199931	100	60	2.20414	0.706693	39	38.4	9926.69	0	1902	1.07862	1.05483	1690
471	351768	353	168994	182773	100	60	2.23137	0.706693	39	38.4	9926.69	0	1902	1.09695	1.06997	1690
472	282137	328	109093	173043	100	60	0.183781	0.706693	39	38.4	83535.6	0	1902	1.00376	1.00251	1690
473	408902	302	172459	236444	100	60	0.140964	0.706693	39	38.4	83535.6	0	1902	1.00319	1.00198	1690
474	601334	282	263701	337633	100	60	0.136562	0.706693	39	38.4	83535.6	0	1902	1.00315	1.00217	1690
475	703750	264	308635	395114	100	60	0.142395	0.706693	39	38.4	83535.6	0	1902	1.00364	1.00297	1690
476	687195	234	305005	382190	100	60	0.150189	0.706693	39	38.4	83535.6	0	1902	1.00384	1.00421	1690
477	669531	2057	306851	362679	100	60	0.932066	0.706693	39	38.4	83535.6	0	1902	1.00431	1.0055	1690
478	699238	1819	328747	370491	100	60	1.0014	0.706693	39	38.4	83535.6	0	1902	1.0069	1.01037	1690
479	772846	1643	369964	402882	100	60	1.20434	0.706693	39	38.4	83535.6	0	1902	1.01018	1.01197	1690
480	490942	1545	90990.6	399951	100	60	1.29869	0.706693	34	38.4	83535.6	0	1902	1.14527	1.24352	1690
481	511649	1239	152555	357198	100	60	0.852248	0.706693	39	38.4	0	0	1902	1.06661	1.07048	1690
482	572910	1054	223855	346843	100	60	0.7572	0.706693	39	38.4	0	0	1902	1.03997	1.03541	1690
483	655604	922	291916	360332	100	60	0.717974	0.706693	39	38.4	0	0	1902	1.02508	1.01706	1690
484	743043	812	350260	389444	100	60	0.759541	0.706693	39	38.4	0	0	1902	1.02276	1.01456	1690
485	590447	735	188384	401688	100	60	0.829697	0.706693	39	38.4	0	0	1902	1.02773	1.01627	1690
486	668618	1355	262971	405647	100	60	1.38424	0.706693	39	38.4	0	0	1902	1.03081	1.01746	1690
487	561033	1366	155717	405316	100	60	1.54622	0.706693	39	38.4	0	0	1902	1.034	1.01927	1690
488	589845	1272	217839	372006	100	60	1.64727	0.706693	39	38.4	0	0	1902	1.03789	1.02468	1690
489	491164	1081	132822	358343	100	60	1.63916	0.706693	39	38.4	0	0	1902	1.04213	1.03184	1690
490	432400	961	95519.2	336881	100	60	1.65202	0.706693	39	38.4	20.6659	0	1902	1.04203	1.02728	1690
491	391664	872	77549.4	314115	100	60	1.68976	0.706693	39	38.4	20.6659	0	1902	1.04471	1.0336	1690
492	418989	779	132329	286661	100	60	1.73944	0.706693	39	38.4	20.6659	0	1902	1.05184	1.04269	1690
493	464081	712	190906	273175	100	60	1.76532	0.706693	39	38.4	20.6659	0	1902	1.06675	1.05658	1690
494	490223	641	231761	258463	100	60	1.74202	0.706693	39	38.4	20.6659	0	1902	1.09142	1.08031	1690
495	485921	561	246254	239667	100	60	1.76383	0.706693	39	38.4	20.6659	0	1902	1.09967	1.08845	1690
496	486137	520	250757	227823	100	60	1.76184	0.706693	39	38.4	20.6659	0	1902	1.12143	1.10721	1690
497	451906	453	234508	204630	100	60	1.76459	0.706693	39	38.4	20.6659	0	1902	1.1219	1.11236	1690
498	443927	419	233464	197951	100	60	1.75144	0.706693	39	38.4	20.6659	0	1902	1.10841	1.09685	1690
499	373216	328	198963	163373	100	60	1.71766	0.706693	39	38.4	20.6659	0	1902	1.10335	1.10217	1690
500	355260	304	190749	154485	100	60	1.74612	0.706693	39	38.4	20.6659	0	1902	1.10836	1.09459	1690
501	328122	283	181595	146527	100	60	1.79503	0.706693	39	38.4	20.6659	0	1902	1.11263	1.10294	1690
502	248376	262	108539	139836	100	60	0.0860538	0.706693	39	38.4	70541.7	0	1902	1.00265	0.999045	1690
503	464708	227	197246	267462	100	60	0.0688393	0.706693	39	38.4	70541.7	0	1902	1.00227	0.99877	1690
504	601050	189	253081	347970	100	60	0.060468	0.706693	38	38.4	70541.7	0	1902	1.00208	0.999539	1690
505	585748	170	252055	333693	100	60	0.066076	0.706693	37	38.4	70541.7	0	1902	1.00231	1.00117	1690
506	550272	153	245365	304907	100	60	0.0704635	0.706693	37	38.4	70541.7	0	1902	1.00264	1.00291	1690
507	446182	2289	118805	327377	100	60	0.863028	0.706693	37	38.4	70541.7	0	1902	1.00441	1.00624	1690
508	524616	2133	187111	337506	100	60	1.02528	0.706693	37	38.4	70541.7	0	1902	1.00459	1.00661	1690
509	605638	1895	247872	357766	100	60	1.24769	0.706693	37	38.4	70541.7	0	1902	1.00745	1.01117	1690
510	523339	1757	149448	373891	100	60	1.43671	0.706693	32	38.4	70541.7	0	1902	1.06463	1.1068	1690
511	582791	1420	226380	355504	100	60	0.688363	0.706693	39	38.4	0	0	1902	1.0185	1.01408	1690
512	661660	1180	288435	372155	100	60	0.546732	0.706693	39	38.4	0	0	1902	1.0081	1.00205	1690
513	743282	970	343371	398563	100	60	0.491076	0.706693	39	38.4	0	0	1902	1.00463	0.997184	1690
514	812414	823	383073	428108	100	60	0.513928	0.706693	39	38.4	0	0	1902	1.00408	0.997299	1690
515	809864	694	387733	421054	100	60	0.528069	0.706693	39	38.4	0	0	1902	1.00655	1.00317	1690
516	796106	1616	388987	407119	100	60	1.14803	0.706693	39	38.4	0	0	1902	1.01022	1.00965	1690
517	805388	1585	398762	406627	100	60	1.26585	0.706693	39	38.4	0	0	1902	1.00996	1.0112	1690
518	814780	1517	409203	405577	100	60	1.45786	0.706693	39	38.4	0	0	1902	1.01348	1.01521	1690
519	797981	1263	404645	393336	100	60	1.50583	0.706693	39	38.4	0	0	1902	1.01551	1.01587	1690
520	685409	1063	313737	371672	100	60	1.56962	0.706693	39	38.4	90843.9	0	1902	1.02503	1.02547	1690
521	678871	923	330000	348871	100	60	1.60716	0.706693	39	38.4	90843.9	0	1902	1.0374	1.04022	1690
522	647777	792	327872	319904	100	60	1.6525	0.706693	39	38.4	90843.9	0	1902	1.04461	1.0507	1690
523	617683	696	320405	297278	100	60	1.72272	0.706693	39	38.4	90843.9	0	1902	1.05802	1.06196	1690
524	606891	648	320123	286768	100	60	1.76425	0.706693	39	38.4	90843.9	0	1902	1.07772	1.0774	1690
525	580564	599	310036	270528	100	60	1.82501	0.706693	39	38.4	90843.9	0	1902	1.06963	1.067	1690
526	543587	536	287511	246701	100	60	1.83192	0.706693	39	38.4	90843.9	0	1902	1.08208	1.07807	1690
527	492281	468	257858	218734	100	60	1.80157	0.706693	39	38.4	90843.9	0	1902	1.11047	1.11752	1690
528	465384	428	244249	206304	100	60	1.82038	0.706693	39	38.4	90843.9	0	1902	1.08442	1.0922	1690
529	430123	385	226989	189176	100	60	1.84779	0.706693	39	38.4	90843.9	0	1902	1.06863	1.06897	1690
530	390993	343	207350	171215	100	60	1.86626	0.706693	39	38.4	90843.9	0	1902	1.05602	1.06287	1690
531	360091	320	197528	162563	100	60	1.86767	0.706693	39	38.4	90843.9	0	1902	1.06213	1.06129	1690
532	264477	297	111355	153122	100	60	0.0912577	0.706693	39	38.4	173451	0	1902	1.00155	1.00075	1690
533	506428	273	211860	294568	100	60	0.0799615	0.706693	39	38.4	173451	0	1902	1.00148	1.00083	1690
534	636194	249	266524	369670	100	60	0.0758515	0.706693	39	38.4	173451	0	1902	1.00167	1.00136	1690
535	584901	198	250513	334388	100	60	0.0756211	0.706693	39	38.4	173451	0	1902	1.00167	1.00154	1690
536	560359	183	250684	309675	100	60	0.0815197	0.706693	38	38.4	173451	0	1902	1.00192	1.00354	1690
537	628099	2519	289560	338540	100	60	0.984043	0.706693	38	38.4	173451	0	1902	1.00207	1.00392	1690
538	713732	2180	333148	380584	100	60	1.12538	0.706693	38	38.4	173451	0	1902	1.00271	1.00491	1690
539	759450	1969	358608	400842	100	60	1.37575	0.706693	38	38.4	173451	0	1902	1.00576	1.00803	1690
540	570989	1695	180853	390136	100	60	1.48193	0.706693	34	38.4	173451	0	1902	1.07951	1.13712	1690
541	637173	1421	258776	377186	100	60	0.652845	0.706693	39	38.4	0	0	1902	1.01885	1.01896	1690
542	726666	1190	322179	402976	100	60	0.538354	0.706693	39	38.4	0	0	1902	1.01075	1.01022	1690
543	607305	993	179008	427832	100	60	0.498254	0.706693	39	38.4	0	0	1902	1.00621	1.00519	1690
544	705249	869	260850	443279	100	60	0.529195	0.706693	39	38.4	0	0	1902	1.00678	1.00574	1690
545	749082	793	314143	433926	100	60	0.590444	0.706693	39	38.4	0	0	1902	1.00777	1.00647	1690
546	570849	1656	158628	412221	100	60	1.18015	0.706693	39	38.4	0	0	1902	1.00937	1.00862	1690
547	631777	1632	229000	402777	100	60	1.31667	0.706693	39	38.4	0	0	1902	1.011	1.01226	1690
548	664737	1521	282144	382593	100	60	1.53609	0.706693	39	38.4	0	0	1902	1.01388	1.01581	1690
549	707583	1286	327162	380421	100	60	1.6247	0.706693	39	38.4	0	0	1902	1.01754	1.02104	1690
550	651266	1067	288613	362653	100	60	1.66415	0.706693	39	38.4	63057.3	0	1902	1.01771	1.02066	1690
551	664256	928	316505	347752	100	60	1.75088	0.706693	39	38.4	63057.3	0	1902	1.02778	1.03135	1690
552	489574	816	160112	329462	100	60	1.8018	0.706693	39	38.4	63057.3	0	1902	1.03531	1.03941	1690
553	515367	735	208750	306617	100	60	1.83899	0.706693	39	38.4	63057.3	0	1902	1.04286	1.04521	1690
554	537635	669	248645	288991	100	60	1.83945	0.706693	39	38.4	63057.3	0	1902	1.06034	1.05997	1690
555	528170	589	262853	265316	100	60	1.85997	0.706693	39	38.4	63057.3	0	1902	1.08651	1.08673	1690
556	534139	556	269988	255032	100	60	1.90017	0.706693	39	38.4	63057.3	0	1902	1.09106	1.09042	1690
557	513809	500	260392	237764	100	60	1.90893	0.706693	39	38.4	63057.3	0	1902	1.10575	1.10484	1690
558	474611	436	242938	217486	100	60	1.96531	0.706693	39	38.4	63057.3	0	1902	1.08991	1.09091	1690
559	457262	407	235814	207609	100	60	1.98394	0.706693	39	38.4	63057.3	0	1902	1.09135	1.09091	1690
560	422953	367	219673	190929	100	60	1.99792	0.706693	39	38.4	63057.3	0	1902	1.0914	1.08989	1690
561	373158	330	200660	172499	100	60	1.99755	0.706693	39	38.4	63057.3	0	1902	1.09394	1.08777	1690
562	266584	295	107303	159281	100	60	0.096004	0.706693	39	38.4	148121	0	1902	1.00171	1.00124	1690
563	490251	259	201840	288411	100	60	0.0780168	0.706693	39	38.4	148121	0	1902	1.00134	1.00074	1690
564	637348	254	266199	371149	100	60	0.0801977	0.706693	39	38.4	148121	0	1902	1.00151	1.00103	1690
565	623161	247	268305	354856	100	60	0.0952837	0.706693	39	38.4	148121	0	1902	1.00197	1.00232	1690
566	581009	220	258736	322272	100	60	0.100912	0.706693	39	38.4	148121	0	1902	1.00297	1.00499	1690
567	654896	2408	301296	353600	100	60	0.983628	0.706693	39	38.4	148121	0	1902	1.00399	1.00613	1690
568	754450	2236	350709	403741	100	60	1.16946	0.706693	39	38.4	148121	0	1902	1.00552	1.00886	1690
569	773335	1929	363466	409869	100	60	1.42231	0.706693	39	38.4	148121	0	1902	1.00677	1.00887	1690
570	607405	1778	191266	416139	100	60	1.50444	0.706693	38	38.4	148121	0	1902	1.10142	1.17251	1690
571	517321	1444	126387	390541	100	60	0.699258	0.706693	39	38.4	0	0	1902	1.02773	1.0283	1690
572	604782	1211	208088	395450	100	60	0.514008	0.706693	39	38.4	0	0	1902	1.01396	1.0121	1690
573	728958	1037	296196	431215	100	60	0.471256	0.706693	39	38.4	0	0	1902	1.00913	1.00625	1690
574	803464	901	348906	452809	100	60	0.508918	0.706693	39	38.4	0	0	1902	1.00923	1.00605	1690
575	808849	806	366903	440534	100	60	0.57438	0.706693	39	38.4	0	0	1902	1.01188	1.00813	1690
576	805665	1685	378801	426864	100	60	1.19962	0.706693	39	38.4	0	0	1902	1.01372	1.01002	1690
577	812407	1639	391590	420817	100	60	1.36481	0.706693	39	38.4	0	0	1902	1.01859	1.01674	1690
578	592892	1502	186889	406003	100	60	1.58314	0.706693	39	38.4	0	0	1902	1.0234	1.02277	1690
579	636292	1271	249436	386856	100	60	1.67445	0.706693	39	38.4	0	0	1902	1.02641	1.02617	1690
580	625940	1077	261768	364172	100	60	1.75079	0.706693	39	38.4	35737.6	0	1902	1.02951	1.03271	1690
581	629012	908	290103	338909	100	60	1.78279	0.706693	39	38.4	35737.6	0	1902	1.04029	1.04319	1690
582	633143	801	309143	324001	100	60	1.85045	0.706693	39	38.4	35737.6	0	1902	1.0498	1.0527	1690
583	461176	717	154631	306545	100	60	1.86402	0.706693	39	38.4	35737.6	0	1902	1.07135	1.08006	1690
584	366523	617	93656	272867	100	60	1.89932	0.706693	39	38.4	35737.6	0	1902	1.08022	1.08689	1690
585	389666	561	139606	250059	100	60	1.9561	0.706693	39	38.4	35737.6	0	1902	1.08453	1.08877	1690
586	400602	490	171313	222434	100	60	1.97315	0.706693	39	38.4	35737.6	0	1902	1.10227	1.09751	1690
587	402069	436	188985	202952	100	60	1.94875	0.706693	39	38.4	35737.6	0	1902	1.11447	1.10824	1690
588	386515	380	189528	185925	100	60	1.94338	0.706693	39	38.4	35737.6	0	1902	1.12871	1.12195	1690
589	367165	331	184105	172459	100	60	1.96323	0.706693	39	38.4	35737.6	0	1902	1.12754	1.11875	1690
590	366392	315	186295	170131	100	60	1.99941	0.706693	39	38.4	35737.6	0	1902	1.10703	1.09508	1690
591	343862	298	180748	163115	100	60	2.00275	0.706693	39	38.4	35737.6	0	1902	1.11513	1.09825	1690
592	261900	283	103494	158406	100	60	0.0944315	0.706693	39	38.4	115633	0	1902	1.00227	1.00148	1690
593	492228	256	201559	290669	100	60	0.0794513	0.706693	39	38.4	115633	0	1902	1.00209	1.00147	1690
594	492307	234	122891	369416	100	60	0.0774033	0.706693	39	38.4	115633	0	1902	1.00243	1.00183	1690
595	496625	200	151544	345081	100	60	0.0696866	0.706693	39	38.4	115633	0	1902	1.0022	1.0015	1690
596	492625	173	176022	316603	100	60	0.0745575	0.706693	39	38.4	115633	0	1902	1.0021	1.00154	1690
597	448414	2405	101810	346604	100	60	0.86838	0.706693	39	38.4	115633	0	1902	1.00332	1.00272	1690
598	521601	2143	170338	351263	100	60	1.04655	0.706693	39	38.4	115633	0	1902	1.00391	1.00204	1690
599	614243	1927	237491	376751	100	60	1.24101	0.706693	39	38.4	115633	0	1902	1.00537	1.00364	1690
600	532820	2054	144299	388521	100	60	1.53722	0.706693	35	38.4	115633	0	1902	1.04894	1.07861	1690
601	585321	1592	218200	365547	100	60	0.780658	0.706693	39	38.4	0	0	1902	1.01662	1.01619	1690
602	679420	1324	286577	391002	100	60	0.638139	0.706693	39	38.4	0	0	1902	1.01081	1.00924	1690
603	756836	1073	338425	416002	100	60	0.579566	0.706693	39	38.4	0	0	1902	1.00769	1.00578	1690
604	808653	872	370324	436298	100	60	0.579552	0.706693	39	38.4	0	0	1902	1.00766	1.00596	1690
605	826084	774	384809	439529	100	60	0.630901	0.706693	39	38.4	0	0	1902	1.00968	1.00767	1690
606	596156	1588	177285	418871	100	60	1.27913	0.706693	39	38.4	0	0	1902	1.0133	1.01298	1690
607	650155	1531	244928	405227	100	60	1.40712	0.706693	39	38.4	0	0	1902	1.01274	1.01422	1690
608	709264	1480	305702	403562	100	60	1.63614	0.706693	39	38.4	0	0	1902	1.01785	1.01907	1690
609	723103	1232	335599	387504	100	60	1.70534	0.706693	39	38.4	0	0	1902	1.02338	1.02373	1690
610	650557	1028	286326	364231	100	60	1.78185	0.706693	39	38.4	63294.2	0	1902	1.03322	1.03839	1690
611	644158	886	304097	340061	100	60	1.857	0.706693	39	38.4	63294.2	0	1902	1.04242	1.0468	1690
612	627290	770	310103	317187	100	60	1.87706	0.706693	39	38.4	63294.2	0	1902	1.06017	1.06684	1690
613	447072	679	151223	295849	100	60	1.90418	0.706693	39	38.4	63294.2	0	1902	1.0703	1.08371	1690
614	459177	604	190249	268929	100	60	1.925	0.706693	39	38.4	63294.2	0	1902	1.07486	1.08908	1690
615	488558	572	230051	258507	100	60	1.95085	0.706693	39	38.4	63294.2	0	1902	1.07481	1.08688	1690
616	454365	487	222546	224142	100	60	1.98369	0.706693	39	38.4	63294.2	0	1902	1.07963	1.09224	1690
617	421940	421	210768	198921	100	60	1.98957	0.706693	39	38.4	63294.2	0	1902	1.0943	1.0942	1690
618	418405	390	212611	193601	100	60	2.01842	0.706693	39	38.4	63294.2	0	1902	1.09732	1.09474	1690
619	377894	338	194449	172042	100	60	2.04219	0.706693	39	38.4	63294.2	0	1902	1.09375	1.08537	1690
620	252862	302	92223	158546	100	60	2.06508	0.706693	39	38.4	63294.2	0	1902	1.0915	1.08191	1690
621	263665	277	114561	149104	100	60	2.01905	0.706693	39	38.4	63294.2	0	1902	1.10638	1.09665	1690
622	230794	257	89415.5	141379	100	60	0.13193	0.706693	39	38.4	107548	0	1902	1.00293	1.00181	1690
623	373224	240	156763	216460	100	60	0.104621	0.706693	39	38.4	107548	0	1902	1.00231	1.00133	1690
624	589918	216	255105	334812	100	60	0.0977373	0.706693	39	38.4	107548	0	1902	1.00265	1.00153	1690
625	676880	182	289931	386949	100	60	0.0936742	0.706693	39	38.4	107548	0	1902	1.00218	1.00152	1690
626	633666	166	276825	356841	100	60	0.103517	0.706693	39	38.4	107548	0	1902	1.0024	1.00261	1690
627	620748	2146	280226	340522	100	60	0.857681	0.706693	39	38.4	107548	0	1902	1.00335	1.00417	1690
628	698468	1900	324197	374271	100	60	0.937819	0.706693	39	38.4	107548	0	1902	1.00459	1.00734	1690
629	754864	1676	357453	397411	100	60	1.15841	0.706693	38	38.4	107548	0	1902	1.00558	1.00816	1690
630	574222	1511	183572	390650	100	60	1.22879	0.706693	30	38.4	107548	0	1902	1.14175	1.24734	1690
631	471832	1203	119210	351846	100	60	0.891181	0.706693	39	38.4	0	0	1902	1.0703	1.0798	1690
632	546221	1066	194399	348960	100	60	0.744548	0.706693	39	38.4	0	0	1902	1.03781	1.03404	1690
633	639817	937	272097	364047	100	60	0.714694	0.706693	39	38.4	0	0	1902	1.02603	1.01957	1690
634	719787	823	332320	383243	100	60	0.773774	0.706693	39	38.4	0	0	1902	1.02762	1.01643	1690
635	765757	746	367192	394969	100	60	0.85907	0.706693	39	38.4	0	0	1902	1.02946	1.01476	1690
636	786398	1208	386149	400249	100	60	1.33865	0.706693	39	38.4	0	0	1902	1.03232	1.01809	1690
637	774428	1288	385221	389207	100	60	1.54361	0.706693	39	38.4	0	0	1902	1.03637	1.02613	1690
638	569042	1187	187681	381361	100	60	1.60629	0.706693	39	38.4	0	0	1902	1.04413	1.03593	1690
639	475347	1014	117379	357968	100	60	1.60105	0.706693	39	38.4	0	0	1902	1.04425	1.035	1690
640	509908	889	179775	330133	100	60	1.64043	0.706693	39	38.4	776.628	0	1902	1.05937	1.05486	1690
641	568597	820	245592	323005	100	60	1.69583	0.706693	39	38.4	776.628	0	1902	1.07108	1.06057	1690
642	601156	744	287920	313236	100	60	1.75148	0.706693	39	38.4	776.628	0	1902	1.08486	1.08197	1690
643	584748	658	295269	289479	100	60	1.79167	0.706693	39	38.4	776.628	0	1902	1.10676	1.09302	1690
644	525554	546	274268	251286	100	60	1.79128	0.706693	39	38.4	776.628	0	1902	1.11352	1.10261	1690
645	518641	514	274938	243703	100	60	1.78221	0.706693	39	38.4	776.628	0	1902	1.14495	1.128	1690
646	483563	460	254504	222412	100	60	1.77707	0.706693	39	38.4	776.628	0	1902	1.1499	1.13964	1690
647	338727	427	124810	211774	100	60	1.76677	0.706693	39	38.4	776.628	0	1902	1.17411	1.1699	1690
648	357947	394	153711	198718	100	60	1.78111	0.706693	39	38.4	776.628	0	1902	1.16667	1.15	1690
649	379985	378	180487	191935	100	60	1.77342	0.706693	39	38.4	776.628	0	1902	1.19588	1.18942	1690
650	363764	340	184078	173017	100	60	1.7558	0.706693	39	38.4	776.628	0	1902	1.19648	1.19122	1690
651	341236	312	181084	160151	100	60	1.72313	0.706693	39	38.4	776.628	0	1902	1.19481	1.17931	1690
652	263166	278	118003	145163	100	60	0.0913377	0.706693	39	38.4	57937	0	1902	1.00301	1.0017	1690
653	466440	240	200566	265873	100	60	0.0732581	0.706693	39	38.4	57937	0	1902	1.00268	1.00156	1690
654	619387	230	263869	355518	100	60	0.0738609	0.706693	38	38.4	57937	0	1902	1.00267	1.0017	1690
655	630031	210	272080	357951	100	60	0.0789293	0.706693	38	38.4	57937	0	1902	1.00336	1.00279	1690
656	600798	202	268349	332449	100	60	0.090171	0.706693	38	38.4	57937	0	1902	1.00441	1.00561	1690
657	656553	2366	302356	354197	100	60	0.875678	0.706693	38	38.4	57937	0	1902	1.00685	1.00856	1690
658	728680	2108	339389	389291	100	60	0.996892	0.706693	38	38.4	57937	0	1902	1.00884	1.01247	1690
659	768956	1905	362598	406358	100	60	1.22158	0.706693	38	38.4	57937	0	1902	1.01196	1.0132	1690
660	487896	1708	85339.2	402557	100	60	1.36276	0.706693	38	38.4	57937	0	1902	1.08846	1.15371	1690
661	434264	1391	71231.9	362562	100	60	0.619367	0.706693	39	38.4	0	0	1902	1.02556	1.02471	1690
662	507970	1173	146407	359794	100	60	0.486269	0.706693	39	38.4	0	0	1902	1.01445	1.01107	1690
663	645020	991	245570	397258	100	60	0.456495	0.706693	39	38.4	0	0	1902	1.01101	1.0045	1690
664	755083	871	317692	434324	100	60	0.511102	0.706693	39	38.4	0	0	1902	1.0109	1.00196	1690
665	610579	788	169216	441216	100	60	0.582218	0.706693	39	38.4	0	0	1902	1.01172	1.0015	1690
666	642339	1755	230338	412001	100	60	1.18202	0.706693	39	38.4	0	0	1902	1.01261	1.00114	1690
667	687457	1628	288401	399056	100	60	1.27755	0.706693	39	38.4	0	0	1902	1.01359	1.0026	1690
668	745659	1594	341292	404366	100	60	1.43476	0.706693	39	38.4	0	0	1902	1.01436	1.00378	1690
669	784580	1353	377210	407370	100	60	1.50156	0.706693	39	38.4	0	0	1902	1.01505	1.00742	1690
670	724184	1124	335880	388304	100	60	1.57168	0.706693	39	38.4	54777.7	0	1902	1.02257	1.01517	1690
671	746547	1015	364763	381784	100	60	1.66722	0.706693	39	38.4	54777.7	0	1902	1.03636	1.02863	1690
672	697312	857	353333	343979	100	60	1.69172	0.706693	39	38.4	54777.7	0	1902	1.05273	1.04567	1690
673	694919	791	360185	334734	100	60	1.72233	0.706693	39	38.4	54777.7	0	1902	1.06448	1.05457	1690
674	637552	686	335148	302405	100	60	1.73723	0.706693	39	38.4	54777.7	0	1902	1.08354	1.07153	1690
675	618747	639	329141	289606	100	60	1.77122	0.706693	39	38.4	54777.7	0	1902	1.10612	1.08791	1690
676	409280	558	148707	259346	100	60	1.79328	0.706693	39	38.4	54777.7	0	1902	1.12281	1.10108	1690
677	426651	509	179562	240601	100	60	1.83456	0.706693	39	38.4	54777.7	0	1902	1.13899	1.11133	1690
678	436506	473	203956	223739	100	60	1.83257	0.706693	39	38.4	54777.7	0	1902	1.156	1.13072	1690
679	413043	415	204698	198899	100	60	1.85602	0.706693	39	38.4	54777.7	0	1902	1.17577	1.14358	1690
680	426745	404	218577	199006	100	60	1.84584	0.706693	39	38.4	54777.7	0	1902	1.18473	1.15365	1690
681	376875	351	201243	175633	100	60	1.87865	0.706693	39	38.4	54777.7	0	1902	1.19364	1.14759	1690
682	282761	307	123212	159549	100	60	0.109249	0.706693	39	38.4	125622	0	1902	1.00413	0.995282	1690
683	482784	286	205897	276886	100	60	0.0918233	0.706693	39	38.4	125622	0	1902	1.00374	0.994771	1690
684	639262	247	269888	369374	100	60	0.0837275	0.706693	39	38.4	125622	0	1902	1.00389	0.994358	1690
685	643876	221	276309	367566	100	60	0.0881919	0.706693	38	38.4	125622	0	1902	1.00376	0.99414	1690
686	585704	188	259464	326241	100	60	0.090573	0.706693	37	38.4	125622	0	1902	1.00446	0.994821	1690
687	614162	2237	282010	332152	100	60	0.928783	0.706693	37	38.4	125622	0	1902	1.00626	0.997117	1690
688	697231	2047	325641	371590	100	60	1.10555	0.706693	37	38.4	125622	0	1902	1.00789	1.00139	1690
689	561446	1748	163401	398045	100	60	1.32471	0.706693	37	38.4	125622	0	1902	1.01059	1.00095	1690
690	473387	1601	107186	366201	100	60	1.51561	0.706693	34	38.4	125622	0	1902	1.08517	1.13183	1690
691	542468	1340	188762	353162	100	60	0.710109	0.706693	39	38.4	0	0	1902	1.02468	1.01863	1690
692	614999	1084	253393	360879	100	60	0.563874	0.706693	39	38.4	0	0	1902	1.0136	1.00566	1690
693	723394	939	323087	399447	100	60	0.52998	0.706693	39	38.4	0	0	1902	1.01088	1.00014	1690
694	794845	819	366329	427626	100	60	0.589705	0.706693	39	38.4	0	0	1902	1.01125	0.998811	1690
695	817148	734	385815	430521	100	60	0.654852	0.706693	39	38.4	0	0	1902	1.01232	0.996809	1690
696	809346	1552	389682	419663	100	60	1.30479	0.706693	39	38.4	0	0	1902	1.01485	1.00128	1690
697	804005	1440	394037	409968	100	60	1.41887	0.706693	39	38.4	0	0	1902	1.01341	1.00056	1690
698	796172	1393	396426	399746	100	60	1.63423	0.706693	39	38.4	0	0	1902	1.01976	1.00794	1690
699	800868	1192	404806	396062	100	60	1.66872	0.706693	39	38.4	0	0	1902	1.02309	1.01351	1690
700	653054	976	289606	363448	100	60	1.73155	0.706693	39	38.4	103500	0	1902	1.02931	1.01961	1690
701	658229	860	311362	346867	100	60	1.81153	0.706693	39	38.4	103500	0	1902	1.04073	1.03283	1690
702	645573	764	319323	326250	100	60	1.88498	0.706693	39	38.4	103500	0	1902	1.04632	1.03694	1690
703	616319	670	314662	301657	100	60	1.9323	0.706693	39	38.4	103500	0	1902	1.05961	1.04798	1690
704	575588	587	299607	275981	100	60	1.98998	0.706693	39	38.4	103500	0	1902	1.05789	1.04452	1690
705	544420	526	286711	257709	100	60	2.06229	0.706693	39	38.4	103500	0	1902	1.07167	1.05962	1690
706	501730	458	261321	231570	100	60	2.08681	0.706693	39	38.4	103500	0	1902	1.07769	1.0596	1690
707	489086	425	251852	221451	100	60	2.12897	0.706693	39	38.4	103500	0	1902	1.07659	1.05476	1690
708	459552	386	237348	207282	100	60	2.1825	0.706693	39	38.4	103500	0	1902	1.07335	1.04497	1690
709	442150	359	229173	198664	100	60	2.20087	0.706693	39	38.4	103500	0	1902	1.07181	1.03977	1690
710	289312	323	108841	177464	100	60	2.23064	0.706693	39	38.4	103500	0	1902	1.08182	1.05145	1690
711	286456	286	124300	162156	100	60	2.22901	0.706693	39	38.4	103500	0	1902	1.08276	1.05818	1690
712	255484	277	95408.2	160076	100	60	0.147409	0.706693	39	38.4	157496	0	1902	1.0029	1.00114	1690
713	385752	247	155904	229848	100	60	0.113303	0.706693	39	38.4	157496	0	1902	1.00221	1.0005	1690
714	585954	210	249718	336237	100	60	0.100519	0.706693	39	38.4	157496	0	1902	1.00226	1.00104	1690
715	527355	192	137203	390152	100	60	0.103457	0.706693	39	38.4	157496	0	1902	1.00257	1.00155	1690
716	514204	170	163412	350793	100	60	0.111065	0.706693	39	38.4	157496	0	1902	1.00298	1.00327	1690
717	553234	2202	208965	344269	100	60	0.906146	0.706693	38	38.4	157496	0	1902	1.00322	1.00412	1690
718	654551	2026	274960	379591	100	60	1.01303	0.706693	38	38.4	157496	0	1902	1.00396	1.00529	1690
719	725881	1792	322604	403277	100	60	1.1705	0.706693	38	38.4	157496	0	1902	1.00506	1.00738	1690
720	583783	1687	176899	406885	100	60	1.28047	0.706693	34	38.4	157496	0	1902	1.10508	1.18355	1690
721	609584	1323	242854	364183	100	60	0.929546	0.706693	39	38.4	0	0	1902	1.0565	1.0666	1690
722	677515	1140	303525	370530	100	60	0.82581	0.706693	39	38.4	0	0	1902	1.0354	1.03455	1690
723	735118	995	349971	380765	100	60	0.783789	0.706693	39	38.4	0	0	1902	1.02226	1.01872	1690
724	776925	841	379742	393468	100	60	0.798746	0.706693	39	38.4	0	0	1902	1.02104	1.01374	1690
725	606115	760	196907	408940	100	60	0.851582	0.706693	39	38.4	0	0	1902	1.02428	1.0137	1690
726	661039	1256	262353	398686	100	60	1.35011	0.706693	39	38.4	0	0	1902	1.03194	1.01701	1690
727	717387	1299	320196	397190	100	60	1.47927	0.706693	39	38.4	0	0	1902	1.03309	1.01832	1690
728	735006	1232	350720	384286	100	60	1.56154	0.706693	39	38.4	0	0	1902	1.04129	1.02958	1690
729	728843	1039	362505	366338	100	60	1.54488	0.706693	39	38.4	0	0	1902	1.05668	1.04572	1690
730	641342	882	297460	343882	100	60	1.55461	0.706693	39	38.4	69975.4	0	1902	1.07317	1.06529	1690
731	625810	771	306554	319256	100	60	1.59499	0.706693	39	38.4	69975.4	0	1902	1.08889	1.08026	1690
732	619813	699	315833	303980	100	60	1.61867	0.706693	39	38.4	69975.4	0	1902	1.09332	1.08708	1690
733	599939	641	313071	286868	100	60	1.67743	0.706693	39	38.4	69975.4	0	1902	1.0915	1.07853	1690
734	580136	592	307662	272475	100	60	1.7063	0.706693	39	38.4	69975.4	0	1902	1.09838	1.07069	1690
735	537241	530	287622	249618	100	60	1.71913	0.706693	39	38.4	69975.4	0	1902	1.11321	1.08704	1690
736	512525	491	273234	231661	100	60	1.70491	0.706693	39	38.4	69975.4	0	1902	1.13109	1.11111	1690
737	327024	420	121199	204049	100	60	1.72946	0.706693	39	38.4	69975.4	0	1902	1.16247	1.13086	1690
738	351938	395	152199	193946	100	60	1.73423	0.706693	39	38.4	69975.4	0	1902	1.16169	1.13316	1690
739	355487	357	168789	178806	100	60	1.77772	0.706693	39	38.4	69975.4	0	1902	1.16807	1.13411	1690
740	353225	328	178839	167116	100	60	1.75807	0.706693	39	38.4	69975.4	0	1902	1.18654	1.15605	1690
741	247519	307	89926.5	157592	100	60	1.77773	0.706693	39	38.4	69975.4	0	1902	1.18212	1.14828	1690
742	248172	286	98855.3	149317	100	60	0.0987797	0.706693	39	38.4	86234.9	0	1902	1.00306	0.998961	1690
743	445445	262	183526	261919	100	60	0.0848589	0.706693	39	38.4	86234.9	0	1902	1.00272	0.999162	1690
744	632839	244	266028	366811	100	60	0.0837998	0.706693	39	38.4	86234.9	0	1902	1.00294	1.00012	1690
745	656129	229	280074	376055	100	60	0.0912647	0.706693	39	38.4	86234.9	0	1902	1.00357	1.00114	1690
746	603281	217	268789	334492	100	60	0.10333	0.706693	39	38.4	86234.9	0	1902	1.00459	1.00378	1690
747	639949	2308	297625	342324	100	60	0.882618	0.706693	39	38.4	86234.9	0	1902	1.00638	1.00561	1690
748	731998	2061	346992	385006	100	60	0.987596	0.706693	39	38.4	86234.9	0	1902	1.00798	1.00878	1690
749	776462	1794	373035	403427	100	60	1.20732	0.706693	39	38.4	86234.9	0	1902	1.01363	1.01291	1690
750	600005	1657	194159	405846	100	60	1.35112	0.706693	34	38.4	86234.9	0	1902	1.11465	1.17911	1690
751	587241	1217	242357	344013	100	60	0.739842	0.706693	39	38.4	0	0	1902	1.03739	1.03223	1690
752	662627	1041	304465	356763	100	60	0.625362	0.706693	39	38.4	0	0	1902	1.0195	1.01102	1690
753	556716	912	174278	382223	100	60	0.573453	0.706693	39	38.4	0	0	1902	1.01225	1.00408	1690
754	668135	822	261960	405264	100	60	0.618019	0.706693	39	38.4	0	0	1902	1.0128	1.0033	1690
755	747325	747	329131	417395	100	60	0.670413	0.706693	39	38.4	0	0	1902	1.01532	1.00497	1690
756	788811	1438	370249	418563	100	60	1.21882	0.706693	39	38.4	0	0	1902	1.01628	1.00726	1690
757	803192	1470	392149	411043	100	60	1.34217	0.706693	39	38.4	0	0	1902	1.01665	1.00994	1690
758	795648	1420	399654	395994	100	60	1.46192	0.706693	39	38.4	0	0	1902	1.02105	1.017	1690
759	795246	1219	407985	387261	100	60	1.46874	0.706693	39	38.4	0	0	1902	1.02101	1.02064	1690
760	688566	1047	317413	371153	100	60	1.53464	0.706693	39	38.4	94623.6	0	1902	1.03002	1.03362	1690
761	654066	879	319185	334881	100	60	1.58407	0.706693	39	38.4	94623.6	0	1902	1.03272	1.03314	1690
762	622778	753	317668	305110	100	60	1.62912	0.706693	39	38.4	94623.6	0	1902	1.04857	1.05067	1690
763	593298	662	311830	281468	100	60	1.63601	0.706693	39	38.4	94623.6	0	1902	1.07215	1.07436	1690
764	420665	606	153045	267620	100	60	1.65818	0.706693	39	38.4	94623.6	0	1902	1.09104	1.08789	1690
765	427890	537	186738	241152	100	60	1.6534	0.706693	39	38.4	94623.6	0	1902	1.11093	1.10714	1690
766	436716	482	208279	220628	100	60	1.68594	0.706693	39	38.4	94623.6	0	1902	1.11676	1.10901	1690
767	428161	423	214522	200655	100	60	1.69466	0.706693	39	38.4	94623.6	0	1902	1.12335	1.11244	1690
768	431335	399	223443	194379	100	60	1.72068	0.706693	39	38.4	94623.6	0	1902	1.10427	1.08951	1690
769	397437	352	210085	174896	100	60	1.73623	0.706693	39	38.4	94623.6	0	1902	1.09809	1.08529	1690
770	381254	330	204008	165760	100	60	1.74608	0.706693	39	38.4	94623.6	0	1902	1.10417	1.08946	1690
771	337064	295	186867	150197	100	60	1.74346	0.706693	39	38.4	94623.6	0	1902	1.11111	1.10072	1690
772	245381	266	106790	138591	100	60	0.083006	0.706693	39	38.4	169975	0	1902	1.00203	1.00153	1690
773	469438	226	197581	271857	100	60	0.0662406	0.706693	39	38.4	169975	0	1902	1.0017	1.00133	1690
774	619920	211	260503	359416	100	60	0.0643714	0.706693	39	38.4	169975	0	1902	1.00166	1.00146	1690
775	456223	190	111758	344465	100	60	0.0711285	0.706693	39	38.4	169975	0	1902	1.00184	1.00183	1690
776	436142	168	138753	297389	100	60	0.0782766	0.706693	39	38.4	169975	0	1902	1.00172	1.00193	1690
777	526723	2355	202807	323916	100	60	0.871723	0.706693	39	38.4	169975	0	1902	1.00244	1.00286	1690
778	632993	2199	269522	363470	100	60	1.12712	0.706693	39	38.4	169975	0	1902	1.0029	1.00389	1690
779	536289	1980	147328	388961	100	60	1.30959	0.706693	39	38.4	169975	0	1902	1.00405	1.00624	1690
780	465637	1727	102707	362930	100	60	1.42744	0.706693	33	38.4	169975	0	1902	1.06974	1.11802	1690
781	529189	1439	181453	346488	100	60	0.59298	0.706693	39	38.4	0	0	1902	1.01618	1.01609	1690
782	635355	1186	258783	375305	100	60	0.487784	0.706693	39	38.4	0	0	1902	1.00922	1.00801	1690
783	738998	988	327626	409424	100	60	0.451188	0.706693	39	38.4	0	0	1902	1.00547	1.00268	1690
784	803908	857	369258	432804	100	60	0.502689	0.706693	39	38.4	0	0	1902	1.00609	1.00286	1690
785	817362	758	386722	428960	100	60	0.551997	0.706693	39	38.4	0	0	1902	1.00698	1.00438	1690
786	793213	1682	385497	407716	100	60	1.13425	0.706693	39	38.4	0	0	1902	1.0094	1.00739	1690
787	791583	1545	392297	399286	100	60	1.22836	0.706693	39	38.4	0	0	1902	1.01129	1.01164	1690
788	799227	1517	402000	397227	100	60	1.45391	0.706693	39	38.4	0	0	1902	1.0151	1.01788	1690
789	802827	1267	409844	392983	100	60	1.50907	0.706693	39	38.4	0	0	1902	1.02005	1.02458	1690
790	656688	1028	294839	361850	100	60	1.5876	0.706693	39	38.4	103857	0	1902	1.02471	1.02437	1690
791	647506	887	309437	338070	100	60	1.64579	0.706693	39	38.4	103857	0	1902	1.03208	1.0316	1690
792	621647	768	310554	311093	100	60	1.67554	0.706693	39	38.4	103857	0	1902	1.0441	1.04961	1690
793	599563	682	309177	290386	100	60	1.72668	0.706693	39	38.4	103857	0	1902	1.05384	1.05572	1690
794	579681	622	305520	274161	100	60	1.75181	0.706693	39	38.4	103857	0	1902	1.0809	1.08521	1690
795	563758	577	301175	262583	100	60	1.7937	0.706693	39	38.4	103857	0	1902	1.07806	1.07986	1690
796	369474	498	135622	232576	100	60	1.83955	0.706693	39	38.4	103857	0	1902	1.08511	1.07415	1690
797	288073	441	79626.2	207366	100	60	1.85967	0.706693	39	38.4	103857	0	1902	1.10041	1.08219	1690
798	294671	386	109332	180325	100	60	1.8507	0.706693	39	38.4	103857	0	1902	1.12172	1.09115	1690
799	289297	327	128820	154730	100	60	1.8195	0.706693	39	38.4	103857	0	1902	1.12251	1.08282	1690
800	302343	308	148349	148592	100	60	1.83714	0.706693	39	38.4	103857	0	1902	1.13665	1.09508	1690
801	305479	295	160071	145408	100	60	1.81719	0.706693	39	38.4	103857	0	1902	1.16832	1.13058	1690
802	243999	278	103385	140614	100	60	0.103988	0.706693	39	38.4	166956	0	1902	1.00286	1.00037	1690
803	445734	267	189830	255904	100	60	0.0885022	0.706693	39	38.4	166956	0	1902	1.00235	0.99984	1690
804	637288	252	272661	364628	100	60	0.0894884	0.706693	39	38.4	166956	0	1902	1.00223	1.00012	1690
805	650919	221	280993	369925	100	60	0.092906	0.706693	39	38.4	166956	0	1902	1.00212	1.00053	1690
806	594016	207	265913	328102	100	60	0.104871	0.706693	38	38.4	166956	0	1902	1.00287	1.00193	1690
807	626710	2186	290825	335886	100	60	0.886454	0.706693	38	38.4	166956	0	1902	1.00438	1.00382	1690
808	705646	2009	332701	372945	100	60	1.00414	0.706693	38	38.4	166956	0	1902	1.00552	1.00736	1690
809	752379	1802	359898	392481	100	60	1.22598	0.706693	38	38.4	166956	0	1902	1.00558	1.00746	1690
810	579771	1659	187142	392629	100	60	1.3584	0.706693	34	38.4	166956	0	1902	1.1009	1.1706	1690
811	622050	1330	256637	363134	100	60	0.778567	0.706693	39	38.4	0	0	1902	1.04041	1.04184	1690
812	684983	1108	311307	370541	100	60	0.640229	0.706693	39	38.4	0	0	1902	1.02081	1.0159	1690
813	745497	929	354847	386914	100	60	0.583102	0.706693	39	38.4	0	0	1902	1.01237	1.00524	1690
814	816734	812	395203	418026	100	60	0.613715	0.706693	39	38.4	0	0	1902	1.01208	1.00413	1690
815	849846	734	415199	431526	100	60	0.651765	0.706693	39	38.4	0	0	1902	1.01377	1.00432	1690
816	834144	1577	412347	421796	100	60	1.26394	0.706693	39	38.4	0	0	1902	1.014	1.00518	1690
817	817032	1506	408970	408062	100	60	1.35601	0.706693	39	38.4	0	0	1902	1.01478	1.0057	1690
818	813670	1407	413062	400608	100	60	1.49788	0.706693	39	38.4	0	0	1902	1.01923	1.0114	1690
819	796833	1196	409313	387521	100	60	1.52075	0.706693	39	38.4	0	0	1902	1.0251	1.01921	1690
820	685098	1035	314519	370579	100	60	1.57361	0.706693	39	38.4	99613.1	0	1902	1.02713	1.02031	1690
821	692732	924	337014	355718	100	60	1.66332	0.706693	39	38.4	99613.1	0	1902	1.0347	1.03034	1690
822	668773	805	339061	329712	100	60	1.70884	0.706693	39	38.4	99613.1	0	1902	1.0492	1.04472	1690
823	622371	696	324266	298105	100	60	1.71957	0.706693	39	38.4	99613.1	0	1902	1.07868	1.07914	1690
824	584451	621	310045	274407	100	60	1.75456	0.706693	39	38.4	99613.1	0	1902	1.08378	1.08576	1690
825	561280	570	301936	259345	100	60	1.79174	0.706693	39	38.4	99613.1	0	1902	1.09428	1.09347	1690
826	528431	511	282078	238635	100	60	1.7897	0.706693	39	38.4	99613.1	0	1902	1.11972	1.11462	1690
827	498394	463	263575	221298	100	60	1.81981	0.706693	39	38.4	99613.1	0	1902	1.14113	1.13407	1690
828	349367	446	133190	214060	100	60	1.87693	0.706693	39	38.4	99613.1	0	1902	1.12854	1.11033	1690
829	348747	391	151761	191414	100	60	1.87614	0.706693	39	38.4	99613.1	0	1902	1.13366	1.112	1690
830	349182	352	168187	175914	100	60	1.88269	0.706693	39	38.4	99613.1	0	1902	1.14835	1.11834	1690
831	333686	318	172608	161078	100	60	1.9149	0.706693	39	38.4	99613.1	0	1902	1.14062	1.12252	1690
832	276628	306	117187	159441	100	60	0.107963	0.706693	39	38.4	166144	0	1902	1.00321	0.996029	1690
833	468848	268	198438	270410	100	60	0.0863111	0.706693	39	38.4	166144	0	1902	1.00262	0.996456	1690
834	632973	233	268538	364435	100	60	0.0789026	0.706693	39	38.4	166144	0	1902	1.00262	0.996964	1690
835	635882	198	273148	362734	100	60	0.0797537	0.706693	38	38.4	166144	0	1902	1.00275	0.999745	1690
836	566331	177	252806	313525	100	60	0.0856002	0.706693	38	38.4	166144	0	1902	1.0032	1.00168	1690
837	618571	2245	286996	331575	100	60	0.85828	0.706693	38	38.4	166144	0	1902	1.00447	1.00431	1690
838	714163	2004	336708	377454	100	60	0.970987	0.706693	38	38.4	166144	0	1902	1.00531	1.00499	1690
839	759982	1769	363198	396784	100	60	1.20028	0.706693	38	38.4	166144	0	1902	1.00779	1.00783	1690
840	581812	1639	187563	394249	100	60	1.35573	0.706693	33	38.4	166144	0	1902	1.10251	1.17229	1690
841	615408	1289	253383	359493	100	60	0.722357	0.706693	39	38.4	0	0	1902	1.03262	1.02719	1690
842	678748	1074	307382	367997	100	60	0.587676	0.706693	39	38.4	0	0	1902	1.01849	1.00882	1690
843	768573	937	364459	400011	100	60	0.545973	0.706693	39	38.4	0	0	1902	1.01248	1.00016	1690
844	617519	804	193914	423071	100	60	0.569337	0.706693	39	38.4	0	0	1902	1.01284	1.00021	1690
845	682805	716	263486	418931	100	60	0.602402	0.706693	39	38.4	0	0	1902	1.01346	0.998851	1690
846	713983	1554	310578	403405	100	60	1.19316	0.706693	39	38.4	0	0	1902	1.01326	1.0025	1690
847	751927	1526	349979	401949	100	60	1.31381	0.706693	39	38.4	0	0	1902	1.01671	1.007	1690
848	775003	1493	376028	398975	100	60	1.50307	0.706693	39	38.4	0	0	1902	1.01733	1.0121	1690
849	583752	1276	188435	395318	100	60	1.53342	0.706693	39	38.4	0	0	1902	1.01963	1.01495	1690
850	598620	1083	232234	366386	100	60	1.57718	0.706693	39	38.4	11385.8	0	1902	1.0321	1.02685	1690
851	625557	948	279064	346493	100	60	1.64001	0.706693	39	38.4	11385.8	0	1902	1.04733	1.04004	1690
852	657290	870	317306	339984	100	60	1.71996	0.706693	39	38.4	11385.8	0	1902	1.06139	1.05172	1690
853	633054	752	320547	312507	100	60	1.76807	0.706693	39	38.4	11385.8	0	1902	1.07969	1.06649	1690
854	625636	689	325757	299879	100	60	1.79609	0.706693	39	38.4	11385.8	0	1902	1.08864	1.07883	1690
855	592587	622	313683	278904	100	60	1.79188	0.706693	39	38.4	11385.8	0	1902	1.1138	1.10227	1690
856	557700	562	294119	255787	100	60	1.76981	0.706693	39	38.4	11385.8	0	1902	1.15584	1.14855	1690
857	522132	503	273907	234554	100	60	1.76773	0.706693	39	38.4	11385.8	0	1902	1.16296	1.15447	1690
858	482588	445	254507	215616	100	60	1.74768	0.706693	39	38.4	11385.8	0	1902	1.15546	1.14319	1690
859	453564	409	241281	200317	100	60	1.74114	0.706693	39	38.4	11385.8	0	1902	1.14088	1.12626	1690
860	423565	377	226340	186521	100	60	1.76682	0.706693	39	38.4	11385.8	0	1902	1.13918	1.12885	1690
861	388781	351	214101	174680	100	60	1.82106	0.706693	39	38.4	11385.8	0	1902	1.13277	1.10876	1690
862	284000	316	124110	159890	100	60	0.103065	0.706693	39	38.4	92901.1	0	1902	1.00294	1.00011	1690
863	507735	306	216803	290932	100	60	0.0923095	0.706693	39	38.4	92901.1	0	1902	1.00301	1.00039	1690
864	640867	272	272749	368118	100	60	0.0873063	0.706693	39	38.4	92901.1	0	1902	1.00301	1.00119	1690
865	465782	240	116319	349462	100	60	0.0925992	0.706693	38	38.4	92901.1	0	1902	1.00327	1.00103	1690
866	453590	216	144097	309493	100	60	0.102825	0.706693	38	38.4	92901.1	0	1902	1.00338	1.00153	1690
867	564709	2438	218885	345823	100	60	0.943238	0.706693	38	38.4	92901.1	0	1902	1.00513	1.00201	1690
868	659089	2251	280216	378873	100	60	1.17448	0.706693	38	38.4	92901.1	0	1902	1.00732	1.00535	1690
869	742618	2013	332987	409630	100	60	1.30788	0.706693	38	38.4	92901.1	0	1902	1.01042	1.00974	1690
870	572383	1736	174657	397727	100	60	1.37439	0.706693	36	38.4	92901.1	0	1902	1.08598	1.14665	1690
871	607127	1353	243653	362559	100	60	0.6714	0.706693	39	38.4	0	0	1902	1.02517	1.02419	1690
872	686041	1120	305752	378940	100	60	0.543286	0.706693	39	38.4	0	0	1902	1.01302	1.01035	1690
873	758217	932	354703	401941	100	60	0.492102	0.706693	39	38.4	0	0	1902	1.00806	1.00468	1690
874	826343	818	393061	431874	100	60	0.53568	0.706693	39	38.4	0	0	1902	1.00748	1.00317	1690
875	832597	739	402611	428787	100	60	0.581565	0.706693	39	38.4	0	0	1902	1.0088	1.00572	1690
876	614151	1595	192101	422051	100	60	1.16161	0.706693	39	38.4	0	0	1902	1.01303	1.01293	1690
877	661809	1549	254039	407771	100	60	1.30714	0.706693	39	38.4	0	0	1902	1.01253	1.01374	1690
878	533729	1492	143915	389814	100	60	1.49215	0.706693	39	38.4	0	0	1902	1.01715	1.01817	1690
879	574860	1245	209907	364952	100	60	1.5276	0.706693	39	38.4	0	0	1902	1.01671	1.01774	1690
880	616994	1103	254870	362124	100	60	1.61967	0.706693	39	38.4	22347.5	0	1902	1.0214	1.02186	1690
881	640515	953	295511	345004	100	60	1.70618	0.706693	39	38.4	22347.5	0	1902	1.02871	1.02839	1690
882	658687	857	325290	333397	100	60	1.76069	0.706693	39	38.4	22347.5	0	1902	1.03361	1.03162	1690
883	647218	770	332860	314358	100	60	1.77515	0.706693	39	38.4	22347.5	0	1902	1.04292	1.04031	1690
884	625776	695	329830	295947	100	60	1.79598	0.706693	39	38.4	22347.5	0	1902	1.0589	1.05916	1690
885	599784	638	320576	279207	100	60	1.78188	0.706693	39	38.4	22347.5	0	1902	1.07248	1.0739	1690
886	553934	560	294263	250490	100	60	1.81167	0.706693	39	38.4	22347.5	0	1902	1.09984	1.0966	1690
887	387517	523	145630	238420	100	60	1.85348	0.706693	39	38.4	22347.5	0	1902	1.10638	1.10445	1690
888	390507	460	169225	213382	100	60	1.81884	0.706693	39	38.4	22347.5	0	1902	1.10865	1.09804	1690
889	380858	403	181713	189004	100	60	1.83694	0.706693	39	38.4	22347.5	0	1902	1.10451	1.09343	1690
890	345391	336	175293	161769	100	60	1.82093	0.706693	39	38.4	22347.5	0	1902	1.09091	1.07273	1690
891	239096	308	88087	151009	100	60	1.8396	0.706693	39	38.4	22347.5	0	1902	1.09464	1.06667	1690
892	230580	279	90806.2	139774	100	60	0.08621	0.706693	39	38.4	45487.4	0	1902	1.00205	1.0011	1690
893	446063	236	181582	264481	100	60	0.0717109	0.706693	39	38.4	45487.4	0	1902	1.00189	1.00099	1690
894	585464	172	239554	345909	100	60	0.0558663	0.706693	39	38.4	45487.4	0	1902	1.0016	1.00061	1690
895	576598	151	242536	334062	100	60	0.0587386	0.706693	38	38.4	45487.4	0	1902	1.00158	1.00065	1690
896	539290	130	236445	302845	100	60	0.0606879	0.706693	37	38.4	45487.4	0	1902	1.0019	1.00199	1690
897	619571	2600	282842	336729	100	60	0.923846	0.706693	35	38.4	45487.4	0	1902	1.00214	1.00236	1690
898	710516	2259	330796	379720	100	60	1.03388	0.706693	35	38.4	45487.4	0	1902	1.0026	1.00282	1690
899	759164	1926	359178	399985	100	60	1.24985	0.706693	35	38.4	45487.4	0	1902	1.00383	1.00353	1690
900	596236	1768	189901	406335	100	60	1.374	0.706693	30	38.4	45487.4	0	1902	1.08267	1.14148	1690
901	634731	1390	259743	373332	100	60	0.728116	0.706693	39	38.4	0	0	1902	1.02873	1.03067	1690
902	706691	1174	318345	386133	100	60	0.595803	0.706693	39	38.4	0	0	1902	1.01659	1.01501	1690
903	796399	1030	376713	417002	100	60	0.565518	0.706693	39	38.4	0	0	1902	1.00954	1.00674	1690
904	869948	938	420142	447148	100	60	0.630497	0.706693	39	38.4	0	0	1902	1.01037	1.00579	1690
905	854357	801	416915	435330	100	60	0.655234	0.706693	39	38.4	0	0	1902	1.01253	1.00665	1690
906	838962	1581	415054	423908	100	60	1.21172	0.706693	39	38.4	0	0	1902	1.0136	1.01022	1690
907	821081	1526	411944	409137	100	60	1.36509	0.706693	39	38.4	0	0	1902	1.01472	1.01515	1690
908	803767	1451	407855	395913	100	60	1.50567	0.706693	39	38.4	0	0	1902	1.01311	1.01379	1690
909	773835	1191	398298	375537	100	60	1.55771	0.706693	39	38.4	0	0	1902	1.01395	1.01513	1690
910	648806	1006	292869	355937	100	60	1.61645	0.706693	39	38.4	104793	0	1902	1.02167	1.02687	1690
911	659519	901	317752	341767	100	60	1.68738	0.706693	39	38.4	104793	0	1902	1.03341	1.04	1690
912	636824	786	320292	316532	100	60	1.72718	0.706693	39	38.4	104793	0	1902	1.04082	1.04713	1690
913	619166	711	320874	298292	100	60	1.76884	0.706693	39	38.4	104793	0	1902	1.04474	1.04789	1690
914	429090	637	152880	276209	100	60	1.79802	0.706693	39	38.4	104793	0	1902	1.06225	1.06793	1690
915	444847	577	189905	254942	100	60	1.83428	0.706693	39	38.4	104793	0	1902	1.06769	1.06794	1690
916	326885	498	103223	222457	100	60	1.85027	0.706693	39	38.4	104793	0	1902	1.06727	1.07085	1690
917	339847	442	134381	199210	100	60	1.84731	0.706693	39	38.4	104793	0	1902	1.08471	1.08409	1690
918	355013	403	162748	184388	100	60	1.85638	0.706693	39	38.4	104793	0	1902	1.08083	1.0775	1690
919	344095	352	169957	164183	100	60	1.87255	0.706693	39	38.4	104793	0	1902	1.07527	1.06877	1690
920	343091	324	177103	156837	100	60	1.84946	0.706693	39	38.4	104793	0	1902	1.08504	1.081	1690
921	319583	297	173329	146254	100	60	1.84114	0.706693	39	38.4	104793	0	1902	1.08333	1.0785	1690
922	233220	267	97295.3	135925	100	60	0.0851767	0.706693	39	38.4	179303	0	1902	1.00153	1.00102	1690
923	467690	242	195194	272496	100	60	0.0731293	0.706693	39	38.4	179303	0	1902	1.00169	1.00113	1690
924	617284	233	258794	358490	100	60	0.0739314	0.706693	39	38.4	179303	0	1902	1.00183	1.00156	1690
925	597174	215	257227	339946	100	60	0.0830943	0.706693	39	38.4	179303	0	1902	1.00234	1.00225	1690
926	555531	189	249067	306464	100	60	0.0859463	0.706693	39	38.4	179303	0	1902	1.00234	1.00359	1690
927	636719	2434	294900	341819	100	60	0.953382	0.706693	39	38.4	179303	0	1902	1.00367	1.00476	1690
928	721241	2150	337470	383771	100	60	1.09094	0.706693	39	38.4	179303	0	1902	1.00486	1.00608	1690
929	560657	1859	164956	395701	100	60	1.32949	0.706693	39	38.4	179303	0	1902	1.00627	1.00635	1690
930	473517	1695	108615	364901	100	60	1.45069	0.706693	33	38.4	179303	0	1902	1.07549	1.12544	1690
