Time	totMass	NInd	abovemass	belowmass	mean_ares	mean_bres	shannon	meanShannon	NPFT	meanNPFT	Cutted	NNonClonal	NClonal	mean_generation	mean_genet_size	NGenets
1	443.8	0	221.9	221.9	100	60	0	0.783417	39	37.4	0	17	2038	1	0.878583	1835
2	8874.5	0	3479.16	5395.34	100	60	0	0.783417	39	37.4	0	17	2038	1	0.867903	1835
3	41096	0	19156.1	21939.8	100	60	0	0.783417	39	37.4	0	17	2038	1	0.868233	1835
4	122644	0	57510.7	65132.9	100	60	0	0.783417	39	37.4	0	17	2038	1	0.867155	1835
5	273730	0	128443	145286	100	60	0	0.783417	39	37.4	0	17	2038	1	0.868085	1835
6	482456	570	226840	255616	100	60	2.49708	0.783417	39	37.4	0	17	2038	1.00317	0.872156	1835
7	693907	787	328807	365100	100	60	3.18127	0.783417	39	37.4	0	17	2038	1.01278	0.882022	1835
8	863469	844	415023	448446	100	60	3.34118	0.783417	39	37.4	0	17	2038	1.02578	0.89455	1835
9	994510	802	484110	510400	100	60	3.18878	0.783417	39	37.4	0	17	2038	1.04886	0.920299	1835
10	1.07113e+006	756	526796	544338	100	60	3.05185	0.783417	39	37.4	0	17	2038	1.0663	0.94591	1835
11	1.14573e+006	731	569028	576700	100	60	2.96551	0.783417	39	37.4	0	17	2038	1.08632	0.965894	1835
12	1.21666e+006	714	608640	608018	100	60	2.91989	0.783417	39	37.4	0	17	2038	1.10599	1	1835
13	1.25591e+006	697	631637	624272	100	60	2.89108	0.783417	39	37.4	0	17	2038	1.12247	1.0189	1835
14	1.29067e+006	689	652457	638216	100	60	2.89594	0.783417	39	37.4	0	17	2038	1.13848	1.0237	1835
15	1.3223e+006	685	670654	651647	100	60	2.88393	0.783417	39	37.4	0	17	2038	1.17132	1.0494	1835
16	1.34797e+006	676	675636	652747	100	60	2.90415	0.783417	39	37.4	0	17	2038	1.18651	1.06718	1835
17	1.38691e+006	680	687566	661508	100	60	2.95217	0.783417	39	37.4	0	17	2038	1.19645	1.07573	1835
18	1.41522e+006	679	698898	672899	100	60	3.01227	0.783417	39	37.4	0	17	2038	1.19468	1.07367	1835
19	1.43589e+006	672	709140	682361	100	60	3.0464	0.783417	39	37.4	0	17	2038	1.18938	1.05556	1835
20	1.44898e+006	673	717027	688142	100	60	3.11957	0.783417	39	37.4	0	17	2038	1.18676	1.04019	1835
21	1.40872e+006	670	720012	688712	100	60	3.14593	0.783417	39	37.4	0	17	2038	1.1848	1.03105	1835
22	1.41306e+006	668	722815	690241	100	60	0.746535	0.783417	39	37.4	0	17	2038	1.029	0.898263	1835
23	1.43351e+006	661	726876	706635	100	60	0.753725	0.783417	39	37.4	0	17	2038	1.03207	0.908107	1835
24	1.44601e+006	648	730589	715417	100	60	0.760368	0.783417	39	37.4	0	17	2038	1.03465	0.931888	1835
25	1.43255e+006	628	724890	707660	100	60	0.836126	0.783417	39	37.4	0	17	2038	1.04013	0.958474	1835
26	1.45295e+006	619	734960	717987	100	60	0.965311	0.783417	39	37.4	0	17	2038	1.04843	0.978889	1835
27	1.48476e+006	1543	749233	735527	100	60	2.37981	0.783417	39	37.4	0	17	2038	1.06755	0.995995	1835
28	1.50972e+006	1417	760629	749089	100	60	2.50968	0.783417	39	37.4	0	17	2038	1.08593	1.00335	1835
29	1.53034e+006	1326	769336	761000	100	60	2.59431	0.783417	39	37.4	0	17	2038	1.10151	1.00986	1835
30	1.17881e+006	1273	395706	783105	100	60	2.24473	0.783417	39	37.4	0	17	2038	1.34679	1.42219	1835
31	1.18517e+006	1076	463515	721476	100	60	1.04516	0.783417	39	37.4	0	17	2038	1.0984	0.98498	1835
32	1.15292e+006	919	483154	669402	100	60	0.863883	0.783417	39	37.4	0	17	2038	1.07285	0.95483	1835
33	1.09723e+006	781	476060	620825	100	60	0.736234	0.783417	39	37.4	0	17	2038	1.05516	0.938208	1835
34	1.09542e+006	687	488128	606955	100	60	0.845273	0.783417	39	37.4	0	17	2038	1.06216	0.950198	1835
35	814842	747	233196	581395	100	60	1.14821	0.783417	39	37.4	0	17	2038	1.07855	0.99164	1835
36	826323	800	290567	535756	100	60	1.46517	0.783417	39	37.4	0	17	2038	1.09126	1.0097	1835
37	860953	942	343499	517454	100	60	2.0725	0.783417	39	37.4	0	17	2038	1.10895	1.022	1835
38	882503	947	378783	503720	100	60	2.65706	0.783417	39	37.4	0	17	2038	1.14369	1.03584	1835
39	894073	803	401216	492857	100	60	2.7384	0.783417	39	37.4	0	17	2038	1.17191	1.06593	1835
40	607884	691	154453	453431	100	60	2.72718	0.783417	39	37.4	269025	17	2038	1.1816	1.06793	1835
41	527901	606	100751	427151	100	60	2.71871	0.783417	39	37.4	269025	17	2038	1.20223	1.08152	1835
42	564519	547	160465	404054	100	60	2.7771	0.783417	39	37.4	269025	17	2038	1.20773	1.07984	1835
43	584481	484	213356	371124	100	60	2.73803	0.783417	39	37.4	269025	17	2038	1.22744	1.08315	1835
44	614756	453	255720	359036	100	60	2.80825	0.783417	39	37.4	269025	17	2038	1.23742	1.09927	1835
45	640100	427	284811	355289	100	60	2.84696	0.783417	39	37.4	269025	17	2038	1.25727	1.12887	1835
46	604687	379	274724	320226	100	60	2.87457	0.783417	39	37.4	269025	17	2038	1.26804	1.15294	1835
47	572085	330	262470	293474	100	60	2.89374	0.783417	39	37.4	269025	17	2038	1.27273	1.16041	1835
48	572170	310	267692	287701	100	60	2.9449	0.783417	39	37.4	269025	17	2038	1.29097	1.15693	1835
49	532630	272	254726	261723	100	60	3.04726	0.783417	39	37.4	269025	17	2038	1.26538	1.107	1835
50	517338	254	250283	252144	100	60	3.06115	0.783417	39	37.4	269025	17	2038	1.25311	1.08036	1835
51	495465	244	248497	246969	100	60	3.06998	0.783417	39	37.4	269025	17	2038	1.27434	1.08531	1835
52	301754	227	61912	239842	100	60	0.136454	0.783417	39	37.4	463204	17	2038	1.00542	0.897335	1835
53	440273	199	140681	299593	100	60	0.0915332	0.783417	39	37.4	463204	17	2038	1.00348	0.89548	1835
54	509542	172	116536	393005	100	60	0.0845213	0.783417	39	37.4	463204	17	2038	1.0035	0.90726	1835
55	575093	151	163505	411588	100	60	0.074896	0.783417	39	37.4	463204	17	2038	1.00286	0.919012	1835
56	584863	126	194367	390496	100	60	0.0782715	0.783417	39	37.4	463204	17	2038	1.00307	0.924172	1835
57	503444	2368	106850	396594	100	60	1.19917	0.783417	39	37.4	463204	17	2038	1.00379	0.930241	1835
58	588648	2418	176173	412475	100	60	1.53746	0.783417	39	37.4	463204	17	2038	1.00497	0.933942	1835
59	703976	2128	249937	454038	100	60	1.81605	0.783417	39	37.4	463204	17	2038	1.0066	0.940404	1835
60	626543	2192	150690	475853	100	60	2.21888	0.783417	39	37.4	463204	17	2038	1.05446	1.01787	1835
61	661441	1615	219823	441138	100	60	1.38216	0.783417	39	37.4	0	17	2038	1.02947	0.949113	1835
62	715841	1265	277108	438089	100	60	1.10137	0.783417	39	37.4	0	17	2038	1.0218	0.925339	1835
63	617705	1041	157660	459582	100	60	0.989943	0.783417	39	37.4	0	17	2038	1.01924	0.919752	1835
64	722856	887	243579	478682	100	60	1.01658	0.783417	39	37.4	0	17	2038	1.02066	0.929478	1835
65	804431	810	312631	491256	100	60	1.12214	0.783417	39	37.4	0	17	2038	1.02126	0.937307	1835
66	844433	1287	357481	486953	100	60	1.85124	0.783417	39	37.4	0	17	2038	1.02384	0.937716	1835
67	870521	1345	385185	485336	100	60	2.11196	0.783417	39	37.4	0	17	2038	1.02603	0.9475	1835
68	878363	1298	401190	477173	100	60	2.34561	0.783417	39	37.4	0	17	2038	1.03009	0.958658	1835
69	868885	1071	406688	462197	100	60	2.33922	0.783417	39	37.4	0	17	2038	1.0348	0.967955	1835
70	670145	907	223158	446987	100	60	2.35548	0.783417	39	37.4	202192	17	2038	1.04555	0.981069	1835
71	685069	781	263713	421356	100	60	2.45258	0.783417	39	37.4	202192	17	2038	1.05415	0.99354	1835
72	691623	685	298230	393393	100	60	2.50801	0.783417	39	37.4	202192	17	2038	1.06811	1.00735	1835
73	536265	621	157429	378836	100	60	2.59898	0.783417	39	37.4	202192	17	2038	1.07741	1.01301	1835
74	555113	561	203595	351517	100	60	2.63343	0.783417	39	37.4	202192	17	2038	1.09824	1.03255	1835
75	566831	507	237078	329753	100	60	2.69996	0.783417	39	37.4	202192	17	2038	1.10544	1.04049	1835
76	560792	437	247812	303667	100	60	2.72516	0.783417	39	37.4	202192	17	2038	1.13906	1.06353	1835
77	573242	413	260876	296433	100	60	2.80119	0.783417	39	37.4	202192	17	2038	1.13453	1.0557	1835
78	417109	375	134122	279305	100	60	2.88427	0.783417	39	37.4	202192	17	2038	1.12532	1.04533	1835
79	338753	338	81656	255633	100	60	2.89535	0.783417	39	37.4	202192	17	2038	1.15205	1.06032	1835
80	331729	292	106791	223793	100	60	2.8494	0.783417	39	37.4	202192	17	2038	1.18089	1.08456	1835
81	348221	272	136583	211638	100	60	2.7915	0.783417	39	37.4	202192	17	2038	1.19331	1.10277	1835
82	276930	262	74468.3	202461	100	60	0.307934	0.783417	39	37.4	293582	17	2038	1.00891	1.00253	1835
83	337114	233	118463	218650	100	60	0.213601	0.783417	39	37.4	293582	17	2038	1.00675	1.00169	1835
84	487834	214	203722	284112	100	60	0.195658	0.783417	39	37.4	293582	17	2038	1.00605	1.00152	1835
85	668318	200	288810	379508	100	60	0.200236	0.783417	39	37.4	293582	17	2038	1.00622	1.00156	1835
86	767021	192	335126	431895	100	60	0.23274	0.783417	39	37.4	293582	17	2038	1.00888	1.00479	1835
87	774757	1858	343992	430764	100	60	1.30487	0.783417	39	37.4	293582	17	2038	1.00958	1.00746	1835
88	791834	1686	359829	432005	100	60	1.39671	0.783417	39	37.4	293582	17	2038	1.01163	1.01135	1835
89	820103	1495	382107	437996	100	60	1.50458	0.783417	39	37.4	293582	17	2038	1.01299	1.01309	1835
90	633025	1316	198091	434934	100	60	1.42064	0.783417	35	37.4	293582	17	2038	1.22227	1.41154	1835
91	675654	1116	269383	403655	100	60	1.30522	0.783417	39	37.4	0	17	2038	1.169	1.2142	1835
92	715731	962	317103	394632	100	60	1.27441	0.783417	39	37.4	0	17	2038	1.12898	1.1348	1835
93	743729	844	347708	391619	100	60	1.27872	0.783417	39	37.4	0	17	2038	1.1001	1.0847	1835
94	769730	753	368939	396748	100	60	1.31126	0.783417	39	37.4	0	17	2038	1.10538	1.07171	1835
95	766457	748	374659	388326	100	60	1.46664	0.783417	39	37.4	0	17	2038	1.1064	1.06162	1835
96	774935	917	383653	391283	100	60	1.89999	0.783417	39	37.4	0	17	2038	1.10638	1.05377	1835
97	795477	959	396370	399107	100	60	2.07073	0.783417	39	37.4	0	17	2038	1.10879	1.06562	1835
98	803307	960	404627	398680	100	60	2.20772	0.783417	39	37.4	0	17	2038	1.1104	1.07298	1835
99	762475	815	388174	374301	100	60	2.20587	0.783417	39	37.4	0	17	2038	1.11571	1.08557	1835
100	534679	739	173505	361174	100	60	2.16742	0.783417	39	37.4	18817.6	17	2038	1.11614	1.09397	1835
101	563159	672	224687	338472	100	60	2.18037	0.783417	39	37.4	18817.6	17	2038	1.12451	1.09861	1835
102	573930	599	259244	314686	100	60	2.17915	0.783417	39	37.4	18817.6	17	2038	1.14649	1.13322	1835
103	557486	532	269906	287580	100	60	2.19027	0.783417	39	37.4	18817.6	17	2038	1.16434	1.14481	1835
104	537289	478	269049	268240	100	60	2.16732	0.783417	39	37.4	18817.6	17	2038	1.19679	1.18502	1835
105	521593	446	266642	254951	100	60	2.17901	0.783417	39	37.4	18817.6	17	2038	1.22371	1.20764	1835
106	458603	372	233488	218421	100	60	2.13554	0.783417	39	37.4	18817.6	17	2038	1.23483	1.20798	1835
107	464820	363	235943	217240	100	60	2.1408	0.783417	39	37.4	18817.6	17	2038	1.23823	1.21365	1835
108	440690	327	224280	205144	100	60	2.10293	0.783417	39	37.4	18817.6	17	2038	1.26625	1.22772	1835
109	393479	282	201957	181421	100	60	2.09338	0.783417	39	37.4	18817.6	17	2038	1.2509	1.21401	1835
110	271804	266	98823.5	171100	100	60	2.0618	0.783417	39	37.4	18817.6	17	2038	1.27099	1.23207	1835
111	244557	210	104220	140337	100	60	2.02265	0.783417	39	37.4	18817.6	17	2038	1.30583	1.26344	1835
112	184963	199	53395.3	131567	100	60	0.0891885	0.783417	39	37.4	24801.5	17	2038	1.00444	1.0028	1835
113	362325	176	131917	230408	100	60	0.0673462	0.783417	39	37.4	24801.5	17	2038	1.00317	1.00206	1835
114	589264	151	234906	354358	100	60	0.061603	0.783417	39	37.4	24801.5	17	2038	1.0035	1.00232	1835
115	663768	141	270079	393689	100	60	0.0663481	0.783417	39	37.4	24801.5	17	2038	1.00396	1.00303	1835
116	617356	122	259743	357613	100	60	0.0693117	0.783417	39	37.4	24801.5	17	2038	1.00436	1.00418	1835
117	598375	2214	264221	334154	100	60	0.751655	0.783417	39	37.4	24801.5	17	2038	1.00562	1.00554	1835
118	686662	1960	313967	372694	100	60	0.831272	0.783417	39	37.4	24801.5	17	2038	1.00635	1.00706	1835
119	758306	1701	353881	404425	100	60	0.981029	0.783417	39	37.4	24801.5	17	2038	1.00783	1.00779	1835
120	591883	1579	186094	405788	100	60	1.11851	0.783417	35	37.4	24801.5	17	2038	1.11797	1.20127	1835
121	631144	1252	255593	371987	100	60	0.762637	0.783417	39	37.4	0	17	2038	1.0525	1.05635	1835
122	672145	1027	302220	365581	100	60	0.648221	0.783417	39	37.4	0	17	2038	1.03005	1.02713	1835
123	720073	853	341659	372841	100	60	0.583	0.783417	39	37.4	0	17	2038	1.01911	1.01444	1835
124	786463	735	379901	401518	100	60	0.605411	0.783417	39	37.4	0	17	2038	1.01795	1.01079	1835
125	844242	691	411199	428774	100	60	0.660626	0.783417	39	37.4	0	17	2038	1.02247	1.01216	1835
126	845600	1420	416659	428941	100	60	1.11541	0.783417	39	37.4	0	17	2038	1.02711	1.01834	1835
127	846359	1402	420418	425940	100	60	1.19602	0.783417	39	37.4	0	17	2038	1.02999	1.02257	1835
128	823731	1343	414288	409444	100	60	1.30829	0.783417	39	37.4	0	17	2038	1.02929	1.02257	1835
129	586924	1116	195866	391058	100	60	1.30712	0.783417	39	37.4	0	17	2038	1.03102	1.02984	1835
130	605213	955	245887	359325	100	60	1.34243	0.783417	39	37.4	4787.11	17	2038	1.045	1.04449	1835
131	636678	850	292340	344338	100	60	1.37006	0.783417	39	37.4	4787.11	17	2038	1.05726	1.05694	1835
132	614642	725	304412	310230	100	60	1.38607	0.783417	39	37.4	4787.11	17	2038	1.08705	1.08623	1835
133	606423	655	311212	295211	100	60	1.44403	0.783417	39	37.4	4787.11	17	2038	1.10859	1.10308	1835
134	589345	598	308413	280932	100	60	1.4628	0.783417	39	37.4	4787.11	17	2038	1.12985	1.11824	1835
135	556978	540	294460	262518	100	60	1.47075	0.783417	39	37.4	4787.11	17	2038	1.15709	1.14689	1835
136	542026	504	284928	250565	100	60	1.48493	0.783417	39	37.4	4787.11	17	2038	1.18416	1.16768	1835
137	509357	457	266016	231780	100	60	1.50624	0.783417	39	37.4	4787.11	17	2038	1.2125	1.1959	1835
138	463239	416	243589	209262	100	60	1.47619	0.783417	39	37.4	4787.11	17	2038	1.20554	1.1864	1835
139	422979	375	223546	190101	100	60	1.44547	0.783417	39	37.4	4787.11	17	2038	1.21354	1.18873	1835
140	389388	340	206804	174296	100	60	1.42095	0.783417	39	37.4	4787.11	17	2038	1.2426	1.19687	1835
141	350020	312	190764	159256	100	60	1.4188	0.783417	39	37.4	4787.11	17	2038	1.27815	1.23776	1835
142	234880	287	85359.7	149521	100	60	0.0839783	0.783417	39	37.4	10267.3	17	2038	1.00464	0.999949	1835
143	473878	262	188882	284995	100	60	0.0718311	0.783417	39	37.4	10267.3	17	2038	1.00415	0.999677	1835
144	601291	213	243880	357411	100	60	0.0623	0.783417	39	37.4	10267.3	17	2038	1.00364	0.999887	1835
145	583234	184	244295	338939	100	60	0.0638459	0.783417	39	37.4	10267.3	17	2038	1.00412	1.00129	1835
146	549714	165	240827	308887	100	60	0.068316	0.783417	39	37.4	10267.3	17	2038	1.0048	1.00402	1835
147	614977	2432	279037	335940	100	60	0.827044	0.783417	39	37.4	10267.3	17	2038	1.00732	1.0055	1835
148	717589	2230	330393	387196	100	60	0.97439	0.783417	39	37.4	10267.3	17	2038	1.00946	1.00975	1835
149	767035	1930	359059	407975	100	60	1.15215	0.783417	39	37.4	10267.3	17	2038	1.01321	1.01496	1835
150	598828	1745	188396	410432	100	60	1.26859	0.783417	35	37.4	10267.3	17	2038	1.09308	1.16176	1835
151	634645	1374	255871	375724	100	60	0.63383	0.783417	39	37.4	0	17	2038	1.02907	1.02675	1835
152	710629	1132	314182	392199	100	60	0.508617	0.783417	39	37.4	0	17	2038	1.01752	1.0126	1835
153	796785	967	367643	424294	100	60	0.471198	0.783417	39	37.4	0	17	2038	1.01265	1.00704	1835
154	828134	808	387534	436503	100	60	0.492441	0.783417	39	37.4	0	17	2038	1.01385	1.00579	1835
155	820408	710	390627	426361	100	60	0.534072	0.783417	39	37.4	0	17	2038	1.01603	1.00815	1835
156	801971	1507	390148	411823	100	60	1.04254	0.783417	39	37.4	0	17	2038	1.02062	1.01249	1835
157	830535	1462	410770	419765	100	60	1.14782	0.783417	39	37.4	0	17	2038	1.02398	1.01883	1835
158	801613	1455	401136	400477	100	60	1.35629	0.783417	39	37.4	0	17	2038	1.02585	1.02145	1835
159	784515	1188	397825	386690	100	60	1.40904	0.783417	39	37.4	0	17	2038	1.03385	1.03141	1835
160	682548	990	317500	365048	100	60	1.45504	0.783417	39	37.4	75321.4	17	2038	1.04125	1.04175	1835
161	503641	861	157675	345967	100	60	1.52334	0.783417	39	37.4	75321.4	17	2038	1.05882	1.06573	1835
162	527515	766	208120	319395	100	60	1.53725	0.783417	39	37.4	75321.4	17	2038	1.06699	1.06974	1835
163	546402	685	246807	299595	100	60	1.58887	0.783417	39	37.4	75321.4	17	2038	1.08083	1.07976	1835
164	543697	612	265064	278634	100	60	1.61223	0.783417	39	37.4	75321.4	17	2038	1.09337	1.09302	1835
165	515274	535	261777	253496	100	60	1.6429	0.783417	39	37.4	75321.4	17	2038	1.13223	1.13193	1835
166	507287	499	259621	240592	100	60	1.65497	0.783417	39	37.4	75321.4	17	2038	1.15413	1.15021	1835
167	506168	474	258951	234345	100	60	1.65864	0.783417	39	37.4	75321.4	17	2038	1.192	1.18478	1835
168	464279	413	240225	212230	100	60	1.66867	0.783417	39	37.4	75321.4	17	2038	1.19906	1.18454	1835
169	426947	363	223402	193041	100	60	1.66818	0.783417	39	37.4	75321.4	17	2038	1.19022	1.17529	1835
170	402364	332	211754	181180	100	60	1.6771	0.783417	39	37.4	75321.4	17	2038	1.21581	1.20257	1835
171	364775	302	197678	167097	100	60	1.68272	0.783417	39	37.4	75321.4	17	2038	1.21405	1.20357	1835
172	275222	272	119183	156040	100	60	0.0852205	0.783417	39	37.4	145862	17	2038	1.00329	1.00237	1835
173	510199	262	215881	294318	100	60	0.0775315	0.783417	39	37.4	145862	17	2038	1.00315	1.00239	1835
174	635153	226	265636	369517	100	60	0.0713777	0.783417	39	37.4	145862	17	2038	1.00316	1.00304	1835
175	598864	188	255180	343684	100	60	0.0708325	0.783417	38	37.4	145862	17	2038	1.00351	1.00369	1835
176	566462	163	250335	316127	100	60	0.073398	0.783417	38	37.4	145862	17	2038	1.00371	1.00489	1835
177	475637	2479	125600	350037	100	60	0.910746	0.783417	38	37.4	145862	17	2038	1.00559	1.0064	1835
178	536757	2183	184626	352131	100	60	1.09974	0.783417	38	37.4	145862	17	2038	1.00705	1.00794	1835
179	626902	1942	249297	377605	100	60	1.27857	0.783417	38	37.4	145862	17	2038	1.00977	1.00982	1835
180	459842	1829	69910.8	389932	100	60	1.45746	0.783417	35	37.4	145862	17	2038	1.06658	1.10385	1835
181	479494	1461	132484	345032	100	60	0.579217	0.783417	39	37.4	0	17	2038	1.01587	1.01361	1835
182	589460	1209	214846	372581	100	60	0.477212	0.783417	39	37.4	0	17	2038	1.01043	1.00846	1835
183	726415	1022	299559	423409	100	60	0.448527	0.783417	39	37.4	0	17	2038	1.00896	1.00642	1835
184	783108	838	339527	440589	100	60	0.476039	0.783417	39	37.4	0	17	2038	1.00961	1.00453	1835
185	789918	730	355934	431469	100	60	0.520605	0.783417	39	37.4	0	17	2038	1.01159	1.00613	1835
186	790226	1823	368322	421904	100	60	1.14726	0.783417	39	37.4	0	17	2038	1.01296	1.00791	1835
187	793538	1674	378888	414649	100	60	1.24752	0.783417	39	37.4	0	17	2038	1.01272	1.00928	1835
188	796090	1517	387819	408270	100	60	1.44175	0.783417	39	37.4	0	17	2038	1.01719	1.01528	1835
189	789310	1221	391657	397653	100	60	1.49526	0.783417	39	37.4	0	17	2038	1.02309	1.0231	1835
190	711012	1047	326527	384485	100	60	1.55021	0.783417	39	37.4	70976.2	17	2038	1.03902	1.04235	1835
191	699529	894	337808	361721	100	60	1.63708	0.783417	39	37.4	70976.2	17	2038	1.04387	1.04265	1835
192	684138	794	342081	342058	100	60	1.68847	0.783417	39	37.4	70976.2	17	2038	1.05689	1.05718	1835
193	662673	709	339017	323656	100	60	1.73658	0.783417	39	37.4	70976.2	17	2038	1.06591	1.0697	1835
194	618487	619	321343	297144	100	60	1.80473	0.783417	39	37.4	70976.2	17	2038	1.0846	1.09314	1835
195	592416	569	310919	281498	100	60	1.83866	0.783417	39	37.4	70976.2	17	2038	1.09621	1.09591	1835
196	568677	525	296972	263916	100	60	1.85659	0.783417	39	37.4	70976.2	17	2038	1.11566	1.10983	1835
197	531356	480	274555	242896	100	60	1.83894	0.783417	39	37.4	70976.2	17	2038	1.144	1.13859	1835
198	485478	421	251465	221012	100	60	1.83425	0.783417	39	37.4	70976.2	17	2038	1.1484	1.13415	1835
199	458530	390	239095	207440	100	60	1.80229	0.783417	39	37.4	70976.2	17	2038	1.15672	1.14324	1835
200	442726	370	231431	200092	100	60	1.80346	0.783417	39	37.4	70976.2	17	2038	1.15364	1.1453	1835
201	412059	348	221444	190614	100	60	1.8081	0.783417	39	37.4	70976.2	17	2038	1.17052	1.15152	1835
202	311343	328	130997	180346	100	60	0.103207	0.783417	39	37.4	156024	17	2038	1.00304	1.00221	1835
203	530441	306	224821	305619	100	60	0.090641	0.783417	39	37.4	156024	17	2038	1.0031	1.00228	1835
204	658614	275	277779	380835	100	60	0.0867046	0.783417	39	37.4	156024	17	2038	1.00332	1.00286	1835
205	624670	225	268614	356056	100	60	0.0851276	0.783417	39	37.4	156024	17	2038	1.00373	1.0034	1835
206	581047	183	256868	324180	100	60	0.0825043	0.783417	39	37.4	156024	17	2038	1.00381	1.00531	1835
207	657492	2536	299594	357898	100	60	0.936368	0.783417	39	37.4	156024	17	2038	1.00546	1.00702	1835
208	728305	2219	336733	391571	100	60	1.05418	0.783417	39	37.4	156024	17	2038	1.00697	1.00938	1835
209	772286	2006	361483	410803	100	60	1.26445	0.783417	39	37.4	156024	17	2038	1.00917	1.01212	1835
210	600600	1867	187293	413307	100	60	1.42618	0.783417	36	37.4	156024	17	2038	1.08153	1.14625	1835
211	640912	1501	254544	384080	100	60	0.682919	0.783417	39	37.4	0	17	2038	1.02717	1.02824	1835
212	740231	1274	322352	414640	100	60	0.56656	0.783417	39	37.4	0	17	2038	1.0179	1.01644	1835
213	822208	1072	372948	445566	100	60	0.521488	0.783417	39	37.4	0	17	2038	1.01341	1.01028	1835
214	868269	926	400921	464103	100	60	0.553679	0.783417	39	37.4	0	17	2038	1.01514	1.01006	1835
215	834548	822	393455	438381	100	60	0.601454	0.783417	39	37.4	0	17	2038	1.01745	1.01528	1835
216	817586	1636	395149	422437	100	60	1.197	0.783417	39	37.4	0	17	2038	1.02227	1.02235	1835
217	813923	1556	399272	414652	100	60	1.31854	0.783417	39	37.4	0	17	2038	1.02115	1.01977	1835
218	812034	1500	402048	409986	100	60	1.5548	0.783417	39	37.4	0	17	2038	1.02905	1.02898	1835
219	821793	1275	411905	409888	100	60	1.62917	0.783417	39	37.4	0	17	2038	1.03692	1.03405	1835
220	718248	1085	321560	396688	100	60	1.70257	0.783417	39	37.4	94012	17	2038	1.05256	1.05033	1835
221	700281	932	332557	367724	100	60	1.74385	0.783417	39	37.4	94012	17	2038	1.05906	1.05315	1835
222	654732	781	323496	331236	100	60	1.77453	0.783417	39	37.4	94012	17	2038	1.06771	1.06323	1835
223	604609	655	306775	297834	100	60	1.80927	0.783417	39	37.4	94012	17	2038	1.09642	1.09457	1835
224	559065	559	288231	270835	100	60	1.85221	0.783417	39	37.4	94012	17	2038	1.13671	1.13187	1835
225	535558	507	279911	255647	100	60	1.87649	0.783417	39	37.4	94012	17	2038	1.15141	1.14807	1835
226	519033	463	268843	242653	100	60	1.89011	0.783417	39	37.4	94012	17	2038	1.17391	1.17073	1835
227	481251	417	246665	221724	100	60	1.91406	0.783417	39	37.4	94012	17	2038	1.19954	1.19849	1835
228	465074	390	237687	214636	100	60	1.92766	0.783417	39	37.4	94012	17	2038	1.20603	1.19619	1835
229	442959	363	227346	203672	100	60	1.95233	0.783417	39	37.4	94012	17	2038	1.19452	1.18101	1835
230	418843	335	214969	193080	100	60	1.9474	0.783417	39	37.4	94012	17	2038	1.19335	1.17476	1835
231	393570	317	207275	186295	100	60	1.94391	0.783417	39	37.4	94012	17	2038	1.20065	1.17708	1835
232	289289	298	109937	179352	100	60	0.097405	0.783417	39	37.4	191320	17	2038	1.0034	1.00272	1835
233	505666	272	204064	301603	100	60	0.082962	0.783417	39	37.4	191320	17	2038	1.00275	1.00209	1835
234	630518	206	258003	372514	100	60	0.0671009	0.783417	39	37.4	191320	17	2038	1.00236	1.00184	1835
235	484349	194	115127	369222	100	60	0.0728083	0.783417	39	37.4	191320	17	2038	1.00282	1.00277	1835
236	386972	171	61069.2	325903	100	60	0.078023	0.783417	39	37.4	191320	17	2038	1.00325	1.0038	1835
237	445182	2749	125012	320169	100	60	0.982138	0.783417	39	37.4	191320	17	2038	1.00466	1.00527	1835
238	562666	2652	201811	360855	100	60	1.3051	0.783417	39	37.4	191320	17	2038	1.00681	1.00807	1835
239	651486	2378	261440	390046	100	60	1.43264	0.783417	39	37.4	191320	17	2038	1.00829	1.0093	1835
240	458846	2134	68881.9	389964	100	60	1.58958	0.783417	38	37.4	191320	17	2038	1.04841	1.07678	1835
241	485240	1716	131026	352409	100	60	0.678286	0.783417	39	37.4	0	17	2038	1.01363	1.01207	1835
242	592206	1413	214191	376334	100	60	0.561798	0.783417	39	37.4	0	17	2038	1.00977	1.00697	1835
243	718905	1151	294587	421236	100	60	0.513233	0.783417	39	37.4	0	17	2038	1.0082	1.00417	1835
244	810027	982	349099	458171	100	60	0.563036	0.783417	39	37.4	0	17	2038	1.00919	1.00337	1835
245	799111	811	356624	440185	100	60	0.577836	0.783417	39	37.4	0	17	2038	1.01116	1.00418	1835
246	821082	1848	380653	440430	100	60	1.25455	0.783417	39	37.4	0	17	2038	1.0145	1.00847	1835
247	837083	1707	397029	440054	100	60	1.37985	0.783417	39	37.4	0	17	2038	1.01602	1.01192	1835
248	853608	1634	411384	442224	100	60	1.59362	0.783417	39	37.4	0	17	2038	1.01921	1.01851	1835
249	860786	1367	421529	439257	100	60	1.62936	0.783417	39	37.4	0	17	2038	1.02844	1.03093	1835
250	747539	1159	325623	421916	100	60	1.73279	0.783417	39	37.4	97269.1	17	2038	1.0407	1.047	1835
251	566003	1021	166771	399232	100	60	1.81014	0.783417	39	37.4	97269.1	17	2038	1.04287	1.04335	1835
252	575652	894	214133	361519	100	60	1.84632	0.783417	39	37.4	97269.1	17	2038	1.05206	1.05056	1835
253	589969	793	252755	337215	100	60	1.89774	0.783417	39	37.4	97269.1	17	2038	1.06754	1.0648	1835
254	586382	709	272242	314141	100	60	1.94317	0.783417	39	37.4	97269.1	17	2038	1.08019	1.07461	1835
255	556429	625	271575	284854	100	60	1.96073	0.783417	39	37.4	97269.1	17	2038	1.09916	1.08646	1835
256	548419	575	269663	270850	100	60	1.98131	0.783417	39	37.4	97269.1	17	2038	1.13228	1.11702	1835
257	517983	513	255821	248826	100	60	1.98221	0.783417	39	37.4	97269.1	17	2038	1.15426	1.13546	1835
258	338836	426	118272	218097	100	60	1.99181	0.783417	39	37.4	97269.1	17	2038	1.16592	1.14044	1835
259	338602	383	134583	198454	100	60	1.99268	0.783417	39	37.4	97269.1	17	2038	1.17632	1.1511	1835
260	324779	327	144731	175187	100	60	1.98955	0.783417	39	37.4	97269.1	17	2038	1.2042	1.17097	1835
261	284566	270	137280	147286	100	60	1.99495	0.783417	39	37.4	97269.1	17	2038	1.23194	1.19291	1835
262	202215	246	61956	140259	100	60	0.0978303	0.783417	39	37.4	105827	17	2038	1.00374	1.00294	1835
263	394524	223	147208	247316	100	60	0.0772646	0.783417	39	37.4	105827	17	2038	1.00297	1.00198	1835
264	609819	203	243886	365934	100	60	0.0752058	0.783417	39	37.4	105827	17	2038	1.0031	1.00211	1835
265	663806	179	270503	393303	100	60	0.0769806	0.783417	39	37.4	105827	17	2038	1.00322	1.00258	1835
266	604058	155	254397	349661	100	60	0.0799433	0.783417	38	37.4	105827	17	2038	1.00288	1.0031	1835
267	624694	2426	275403	349291	100	60	0.931289	0.783417	38	37.4	105827	17	2038	1.00403	1.00514	1835
268	716637	2197	324182	392455	100	60	1.0442	0.783417	38	37.4	105827	17	2038	1.00475	1.00683	1835
269	575947	1935	164836	411111	100	60	1.28649	0.783417	38	37.4	105827	17	2038	1.00791	1.01065	1835
270	508892	1885	112574	396319	100	60	1.4683	0.783417	34	37.4	105827	17	2038	1.08048	1.1338	1835
271	545520	1500	185138	357968	100	60	0.83136	0.783417	39	37.4	0	17	2038	1.03286	1.03336	1835
272	639333	1269	259197	377595	100	60	0.694154	0.783417	39	37.4	0	17	2038	1.0217	1.01905	1835
273	723414	1058	318116	401424	100	60	0.641905	0.783417	39	37.4	0	17	2038	1.01574	1.00995	1835
274	802147	895	366154	432607	100	60	0.663653	0.783417	39	37.4	0	17	2038	1.01883	1.00966	1835
275	829359	802	386497	440107	100	60	0.737851	0.783417	39	37.4	0	17	2038	1.01916	1.0116	1835
276	825190	1574	392856	432335	100	60	1.35522	0.783417	39	37.4	0	17	2038	1.02164	1.01208	1835
277	826004	1513	399410	426594	100	60	1.46983	0.783417	39	37.4	0	17	2038	1.02286	1.01423	1835
278	808116	1398	397513	410603	100	60	1.59866	0.783417	39	37.4	0	17	2038	1.02961	1.02163	1835
279	796127	1189	397152	398974	100	60	1.6142	0.783417	39	37.4	0	17	2038	1.03515	1.03308	1835
280	694701	1030	312267	382434	100	60	1.66675	0.783417	39	37.4	89555.2	17	2038	1.04509	1.04297	1835
281	697883	919	332787	365097	100	60	1.74956	0.783417	39	37.4	89555.2	17	2038	1.05574	1.05696	1835
282	652980	778	324049	328931	100	60	1.78134	0.783417	39	37.4	89555.2	17	2038	1.0662	1.07004	1835
283	608580	666	309907	298673	100	60	1.81211	0.783417	39	37.4	89555.2	17	2038	1.08344	1.08219	1835
284	577064	591	297421	279642	100	60	1.85422	0.783417	39	37.4	89555.2	17	2038	1.11111	1.11073	1835
285	562093	556	292618	269475	100	60	1.88657	0.783417	39	37.4	89555.2	17	2038	1.12156	1.10926	1835
286	540276	517	279379	253161	100	60	1.89191	0.783417	39	37.4	89555.2	17	2038	1.12611	1.10822	1835
287	508158	470	260706	234099	100	60	1.85466	0.783417	39	37.4	89555.2	17	2038	1.17034	1.15078	1835
288	468193	415	240814	214815	100	60	1.87557	0.783417	39	37.4	89555.2	17	2038	1.17162	1.1275	1835
289	450295	383	232533	205683	100	60	1.90073	0.783417	39	37.4	89555.2	17	2038	1.18926	1.1413	1835
290	430441	357	222770	196570	100	60	1.91606	0.783417	39	37.4	89555.2	17	2038	1.19832	1.14497	1835
291	389912	328	208225	181686	100	60	1.92991	0.783417	39	37.4	89555.2	17	2038	1.18902	1.15686	1835
292	238631	282	79083.5	159547	100	60	0.0913765	0.783417	39	37.4	104467	17	2038	1.00328	1.00108	1835
293	467076	240	180852	286223	100	60	0.0706092	0.783417	39	37.4	104467	17	2038	1.00261	1.00062	1835
294	636759	221	254190	382569	100	60	0.0677417	0.783417	39	37.4	104467	17	2038	1.00255	1.00052	1835
295	628029	201	258078	369951	100	60	0.0756425	0.783417	39	37.4	104467	17	2038	1.00303	1.00143	1835
296	585565	182	250976	334589	100	60	0.0826886	0.783417	39	37.4	104467	17	2038	1.00356	1.00335	1835
297	639319	2684	284451	354868	100	60	0.986755	0.783417	39	37.4	104467	17	2038	1.00495	1.00398	1835
298	718337	2428	324316	394020	100	60	1.13368	0.783417	39	37.4	104467	17	2038	1.00573	1.00433	1835
299	581956	2173	163459	418497	100	60	1.3665	0.783417	39	37.4	104467	17	2038	1.0065	1.00314	1835
300	497455	1921	108086	389369	100	60	1.47861	0.783417	36	37.4	104467	17	2038	1.06444	1.10664	1835
301	571439	1615	192516	376929	100	60	0.668802	0.783417	39	37.4	0	17	2038	1.01973	1.01633	1835
302	701272	1401	277848	421294	100	60	0.576564	0.783417	39	37.4	0	17	2038	1.0137	1.00872	1835
303	817240	1206	348233	465675	100	60	0.552737	0.783417	39	37.4	0	17	2038	1.01229	1.00734	1835
304	856526	992	377004	476713	100	60	0.578164	0.783417	39	37.4	0	17	2038	1.01375	1.0068	1835
305	659234	880	187321	471702	100	60	0.622234	0.783417	39	37.4	0	17	2038	1.01512	1.00987	1835
306	684134	1870	244410	439724	100	60	1.23769	0.783417	39	37.4	0	17	2038	1.01844	1.01266	1835
307	726255	1754	299530	426725	100	60	1.35267	0.783417	39	37.4	0	17	2038	1.01857	1.01513	1835
308	774237	1674	345711	428526	100	60	1.56575	0.783417	39	37.4	0	17	2038	1.0219	1.01865	1835
309	589044	1370	174901	414143	100	60	1.63678	0.783417	39	37.4	0	17	2038	1.02588	1.02356	1835
310	475755	1118	107075	368680	100	60	1.71632	0.783417	39	37.4	0	17	2038	1.03438	1.03066	1835
311	508380	986	168235	340145	100	60	1.79121	0.783417	39	37.4	0	17	2038	1.0382	1.03367	1835
312	535407	855	217362	318044	100	60	1.85344	0.783417	39	37.4	0	17	2038	1.04907	1.04599	1835
313	425061	753	122994	302066	100	60	1.88166	0.783417	39	37.4	0	17	2038	1.06776	1.07114	1835
314	449244	676	168760	280484	100	60	1.91231	0.783417	39	37.4	0	17	2038	1.07985	1.08072	1835
315	460898	599	202510	258388	100	60	1.95542	0.783417	39	37.4	0	17	2038	1.0775	1.07783	1835
316	471005	546	220871	243010	100	60	1.93439	0.783417	39	37.4	0	17	2038	1.09885	1.09701	1835
317	476412	500	230451	234018	100	60	1.95969	0.783417	39	37.4	0	17	2038	1.1183	1.10794	1835
318	477632	467	236056	228913	100	60	1.969	0.783417	39	37.4	0	17	2038	1.1449	1.12611	1835
319	452965	422	226697	214163	100	60	1.97314	0.783417	39	37.4	0	17	2038	1.14286	1.11951	1835
320	428675	382	216449	201190	100	60	2.00039	0.783417	39	37.4	0	17	2038	1.12438	1.0992	1835
321	395233	352	205124	190108	100	60	2.02167	0.783417	39	37.4	0	17	2038	1.13812	1.1	1835
322	290986	314	114363	176623	100	60	0.110686	0.783417	39	37.4	85940.5	17	2038	1.0029	0.999943	1835
323	511227	308	210400	300827	100	60	0.0967935	0.783417	39	37.4	85940.5	17	2038	1.00297	1.00005	1835
324	658566	265	273496	385071	100	60	0.0893324	0.783417	39	37.4	85940.5	17	2038	1.00284	1.00041	1835
325	679245	251	286463	392782	100	60	0.0975264	0.783417	38	37.4	85940.5	17	2038	1.00308	1.00024	1835
326	620635	215	268307	352328	100	60	0.101206	0.783417	38	37.4	85940.5	17	2038	1.00342	1.00069	1835
327	659329	2699	295098	364232	100	60	1.03741	0.783417	38	37.4	85940.5	17	2038	1.00545	1.00255	1835
328	735106	2454	333809	401297	100	60	1.17475	0.783417	38	37.4	85940.5	17	2038	1.00686	1.00613	1835
329	779253	2149	357932	421321	100	60	1.40275	0.783417	38	37.4	85940.5	17	2038	1.00771	1.00745	1835
330	611897	1940	185805	426091	100	60	1.5575	0.783417	36	37.4	85940.5	17	2038	1.0933	1.15353	1835
331	641935	1530	249642	391604	100	60	0.800526	0.783417	39	37.4	0	17	2038	1.03103	1.03032	1835
332	721105	1273	309095	410918	100	60	0.645146	0.783417	39	37.4	0	17	2038	1.02146	1.01779	1835
333	831693	1131	372933	457604	100	60	0.627653	0.783417	39	37.4	0	17	2038	1.01785	1.01369	1835
334	864541	944	395112	468292	100	60	0.651284	0.783417	39	37.4	0	17	2038	1.01948	1.01234	1835
335	869255	861	403186	465168	100	60	0.705967	0.783417	39	37.4	0	17	2038	1.02338	1.01596	1835
336	642409	1716	191625	450784	100	60	1.33266	0.783417	39	37.4	0	17	2038	1.02697	1.01917	1835
337	686072	1648	251604	434467	100	60	1.47622	0.783417	39	37.4	0	17	2038	1.02884	1.02469	1835
338	733647	1588	306779	426868	100	60	1.68736	0.783417	39	37.4	0	17	2038	1.03025	1.02497	1835
339	599863	1363	169726	430137	100	60	1.73977	0.783417	39	37.4	0	17	2038	1.03503	1.02608	1835
340	605570	1147	216325	389245	100	60	1.79813	0.783417	39	37.4	8344.31	17	2038	1.03865	1.03014	1835
341	639146	999	268014	371133	100	60	1.87617	0.783417	39	37.4	8344.31	17	2038	1.05231	1.04689	1835
342	656882	877	302228	354654	100	60	1.90613	0.783417	39	37.4	8344.31	17	2038	1.06408	1.06054	1835
343	638510	762	309999	328511	100	60	1.92758	0.783417	39	37.4	8344.31	17	2038	1.07991	1.07497	1835
344	610523	673	304125	306398	100	60	1.94886	0.783417	39	37.4	8344.31	17	2038	1.08772	1.08169	1835
345	604083	621	306115	297967	100	60	1.98027	0.783417	39	37.4	8344.31	17	2038	1.11142	1.10362	1835
346	566967	547	284970	272468	100	60	2.00047	0.783417	39	37.4	8344.31	17	2038	1.125	1.11754	1835
347	400825	497	139619	257575	100	60	2.00824	0.783417	39	37.4	8344.31	17	2038	1.12963	1.12065	1835
348	396341	433	159208	229072	100	60	2.04066	0.783417	39	37.4	8344.31	17	2038	1.13203	1.11584	1835
349	428975	421	192199	226115	100	60	2.07804	0.783417	39	37.4	8344.31	17	2038	1.12785	1.10837	1835
350	417110	374	197621	210161	100	60	2.12521	0.783417	39	37.4	8344.31	17	2038	1.14933	1.13483	1835
351	379297	333	189800	189498	100	60	2.13125	0.783417	39	37.4	8344.31	17	2038	1.15015	1.13419	1835
352	288829	309	107131	181698	100	60	0.113876	0.783417	39	37.4	94581.2	17	2038	1.00292	1.00228	1835
353	489627	282	196971	292656	100	60	0.0944836	0.783417	39	37.4	94581.2	17	2038	1.00255	1.00184	1835
354	665311	274	275219	390092	100	60	0.0976466	0.783417	39	37.4	94581.2	17	2038	1.00273	1.00221	1835
355	687077	247	287934	399143	100	60	0.102216	0.783417	39	37.4	94581.2	17	2038	1.00287	1.00237	1835
356	625323	228	271053	354270	100	60	0.114475	0.783417	38	37.4	94581.2	17	2038	1.00324	1.00333	1835
357	651059	2389	292875	358184	100	60	0.994351	0.783417	38	37.4	94581.2	17	2038	1.0042	1.00508	1835
358	736415	2231	336940	399475	100	60	1.16977	0.783417	37	37.4	94581.2	17	2038	1.00514	1.00684	1835
359	791118	2005	366717	424401	100	60	1.46866	0.783417	37	37.4	94581.2	17	2038	1.00872	1.01157	1835
360	600581	1793	185002	415580	100	60	1.58081	0.783417	32	37.4	94581.2	17	2038	1.10345	1.17265	1835
361	646652	1460	254832	390523	100	60	0.830215	0.783417	39	37.4	0	17	2038	1.03731	1.03693	1835
362	707431	1212	306576	399027	100	60	0.663085	0.783417	39	37.4	0	17	2038	1.02342	1.0202	1835
363	809784	1064	366358	441141	100	60	0.624088	0.783417	39	37.4	0	17	2038	1.01899	1.01554	1835
364	866592	901	397308	467256	100	60	0.63791	0.783417	39	37.4	0	17	2038	1.01834	1.01297	1835
365	889177	849	413146	474161	100	60	0.712885	0.783417	39	37.4	0	17	2038	1.02092	1.01444	1835
366	869318	1681	411413	457905	100	60	1.35952	0.783417	39	37.4	0	17	2038	1.02517	1.0202	1835
367	854620	1631	410489	444132	100	60	1.48325	0.783417	39	37.4	0	17	2038	1.02532	1.02216	1835
368	616147	1508	193313	422834	100	60	1.67826	0.783417	39	37.4	0	17	2038	1.02712	1.02148	1835
369	657736	1282	250698	407039	100	60	1.72151	0.783417	39	37.4	0	17	2038	1.02981	1.02044	1835
370	654706	1102	267362	387343	100	60	1.80524	0.783417	39	37.4	35495.9	17	2038	1.03802	1.033	1835
371	685979	986	308833	377146	100	60	1.87106	0.783417	39	37.4	35495.9	17	2038	1.04931	1.04508	1835
372	690777	879	329283	361494	100	60	1.90286	0.783417	39	37.4	35495.9	17	2038	1.0574	1.05524	1835
373	687503	797	339665	347839	100	60	1.94524	0.783417	39	37.4	35495.9	17	2038	1.0668	1.06345	1835
374	668538	725	337238	331300	100	60	1.98965	0.783417	39	37.4	35495.9	17	2038	1.07953	1.07402	1835
375	619575	639	316708	302866	100	60	1.99434	0.783417	39	37.4	35495.9	17	2038	1.10354	1.09395	1835
376	592627	583	300922	282543	100	60	1.98378	0.783417	39	37.4	35495.9	17	2038	1.12043	1.10545	1835
377	580009	544	291825	271725	100	60	2.00049	0.783417	39	37.4	35495.9	17	2038	1.1402	1.12665	1835
378	534004	475	270554	248042	100	60	2.0318	0.783417	39	37.4	35495.9	17	2038	1.12698	1.11957	1835
379	496465	421	252644	229366	100	60	2.06212	0.783417	39	37.4	35495.9	17	2038	1.1373	1.12469	1835
380	482791	399	247145	222188	100	60	2.08006	0.783417	39	37.4	35495.9	17	2038	1.13869	1.11609	1835
381	442233	369	233515	208717	100	60	2.08016	0.783417	39	37.4	35495.9	17	2038	1.16	1.12931	1835
382	340060	369	130237	209823	100	60	0.12097	0.783417	39	37.4	143693	17	2038	1.00334	1.00255	1835
383	557713	341	228299	329414	100	60	0.105396	0.783417	39	37.4	143693	17	2038	1.00288	1.0022	1835
384	682281	299	282562	399719	100	60	0.0974086	0.783417	39	37.4	143693	17	2038	1.00329	1.00278	1835
385	668081	282	284537	383544	100	60	0.107419	0.783417	39	37.4	143693	17	2038	1.00369	1.00336	1835
386	628176	244	275924	352252	100	60	0.110214	0.783417	39	37.4	143693	17	2038	1.00432	1.00584	1835
387	671308	2715	303233	368075	100	60	1.08816	0.783417	39	37.4	143693	17	2038	1.00617	1.00752	1835
388	748856	2407	343062	405795	100	60	1.25399	0.783417	39	37.4	143693	17	2038	1.00749	1.00966	1835
389	800836	2093	370812	430024	100	60	1.49131	0.783417	39	37.4	143693	17	2038	1.01044	1.01059	1835
390	621196	1901	190845	430351	100	60	1.60145	0.783417	38	37.4	143693	17	2038	1.10736	1.17507	1835
391	654027	1492	255183	397311	100	60	0.732561	0.783417	39	37.4	0	17	2038	1.03438	1.03621	1835
392	728060	1241	311184	414792	100	60	0.582084	0.783417	39	37.4	0	17	2038	1.0216	1.02036	1835
393	627710	1035	177571	449669	100	60	0.516459	0.783417	39	37.4	0	17	2038	1.01587	1.01247	1835
394	722899	878	256233	465371	100	60	0.52765	0.783417	39	37.4	0	17	2038	1.01606	1.01193	1835
395	778358	847	309541	467657	100	60	0.604477	0.783417	39	37.4	0	17	2038	1.01947	1.01605	1835
396	794009	1936	342298	451711	100	60	1.28551	0.783417	39	37.4	0	17	2038	1.02421	1.01925	1835
397	810638	1820	368098	442540	100	60	1.40005	0.783417	39	37.4	0	17	2038	1.02688	1.02189	1835
398	821616	1700	386403	435213	100	60	1.61633	0.783417	39	37.4	0	17	2038	1.03066	1.02854	1835
399	828100	1413	399302	428798	100	60	1.68855	0.783417	39	37.4	0	17	2038	1.04	1.03863	1835
400	746432	1245	319041	427391	100	60	1.79816	0.783417	39	37.4	99483.8	17	2038	1.04844	1.0456	1835
401	570168	1081	166557	403611	100	60	1.89321	0.783417	39	37.4	99483.8	17	2038	1.05613	1.04405	1835
402	591170	947	217086	374084	100	60	1.91708	0.783417	39	37.4	99483.8	17	2038	1.06732	1.05241	1835
403	621801	849	265159	356642	100	60	1.97571	0.783417	39	37.4	99483.8	17	2038	1.07663	1.06467	1835
404	626835	754	290556	336279	100	60	2.0405	0.783417	39	37.4	99483.8	17	2038	1.09081	1.08288	1835
405	615932	684	299502	316430	100	60	2.07901	0.783417	39	37.4	99483.8	17	2038	1.10506	1.0961	1835
406	596771	614	292107	295954	100	60	2.08529	0.783417	39	37.4	99483.8	17	2038	1.12371	1.1204	1835
407	557332	542	274316	268270	100	60	2.13376	0.783417	39	37.4	99483.8	17	2038	1.13472	1.12786	1835
408	512734	472	255090	243911	100	60	2.1399	0.783417	39	37.4	99483.8	17	2038	1.13026	1.12115	1835
409	472151	406	237179	221925	100	60	2.16148	0.783417	39	37.4	99483.8	17	2038	1.14081	1.12694	1835
410	432090	354	219671	200945	100	60	2.17127	0.783417	39	37.4	99483.8	17	2038	1.14601	1.11905	1835
411	397913	323	209052	188861	100	60	2.20364	0.783417	39	37.4	99483.8	17	2038	1.15644	1.11438	1835
412	289487	305	106385	183102	100	60	0.10731	0.783417	39	37.4	203213	17	2038	1.00299	0.999239	1835
413	488009	262	195850	292159	100	60	0.0841758	0.783417	39	37.4	203213	17	2038	1.00244	0.998853	1835
414	648355	236	266017	382338	100	60	0.0794916	0.783417	39	37.4	203213	17	2038	1.00239	0.99961	1835
415	648319	213	271668	376650	100	60	0.0852763	0.783417	39	37.4	203213	17	2038	1.00287	1.00175	1835
416	596563	183	258688	337876	100	60	0.0877476	0.783417	39	37.4	203213	17	2038	1.00288	1.00283	1835
417	664175	2815	298869	365305	100	60	1.09695	0.783417	39	37.4	203213	17	2038	1.00408	1.00393	1835
418	750130	2604	341891	408239	100	60	1.26151	0.783417	39	37.4	203213	17	2038	1.00432	1.00492	1835
419	809101	2351	372732	436369	100	60	1.55586	0.783417	39	37.4	203213	17	2038	1.00667	1.00729	1835
420	625889	2093	190803	435085	100	60	1.67501	0.783417	35	37.4	203213	17	2038	1.07748	1.12937	1835
421	669613	1696	257839	410452	100	60	0.886016	0.783417	39	37.4	0	17	2038	1.03003	1.02865	1835
422	733748	1372	312658	419321	100	60	0.707311	0.783417	39	37.4	0	17	2038	1.01892	1.01367	1835
423	833829	1184	373708	458014	100	60	0.655306	0.783417	39	37.4	0	17	2038	1.01406	1.00878	1835
424	905814	1037	413663	490358	100	60	0.701292	0.783417	39	37.4	0	17	2038	1.01438	1.00643	1835
425	901096	915	418022	481615	100	60	0.738661	0.783417	39	37.4	0	17	2038	1.01529	1.00704	1835
426	652473	1734	193300	459173	100	60	1.40093	0.783417	39	37.4	0	17	2038	1.01952	1.01079	1835
427	710576	1659	260179	450396	100	60	1.53822	0.783417	39	37.4	0	17	2038	1.02248	1.01466	1835
428	576244	1567	147998	428246	100	60	1.79168	0.783417	39	37.4	0	17	2038	1.02435	1.01218	1835
429	617130	1342	213160	403970	100	60	1.84716	0.783417	39	37.4	0	17	2038	1.02688	1.01495	1835
430	635860	1148	245486	390374	100	60	1.95919	0.783417	39	37.4	26845.5	17	2038	1.03504	1.02533	1835
431	654575	988	283397	371178	100	60	2.03868	0.783417	39	37.4	26845.5	17	2038	1.04194	1.03154	1835
432	650991	852	302519	348472	100	60	2.05983	0.783417	39	37.4	26845.5	17	2038	1.05062	1.03892	1835
433	647742	758	314451	333291	100	60	2.07372	0.783417	39	37.4	26845.5	17	2038	1.06491	1.05563	1835
434	648481	693	323168	325312	100	60	2.09226	0.783417	39	37.4	26845.5	17	2038	1.07956	1.07681	1835
435	636072	640	322488	313584	100	60	2.1441	0.783417	39	37.4	26845.5	17	2038	1.08391	1.08558	1835
436	450147	581	157685	290617	100	60	2.19184	0.783417	39	37.4	26845.5	17	2038	1.09524	1.09474	1835
437	465396	529	186435	270446	100	60	2.23321	0.783417	39	37.4	26845.5	17	2038	1.11434	1.11845	1835
438	499607	508	220721	267291	100	60	2.22358	0.783417	39	37.4	26845.5	17	2038	1.12121	1.13238	1835
439	488610	463	229398	246279	100	60	2.22189	0.783417	39	37.4	26845.5	17	2038	1.13235	1.13544	1835
440	489955	438	238450	239526	100	60	2.24441	0.783417	39	37.4	26845.5	17	2038	1.14027	1.13976	1835
441	460397	402	234438	225959	100	60	2.21375	0.783417	39	37.4	26845.5	17	2038	1.15441	1.14398	1835
442	331281	368	118227	213054	100	60	0.128462	0.783417	39	37.4	144612	17	2038	1.00353	1.00238	1835
443	538974	332	213488	325486	100	60	0.106546	0.783417	39	37.4	144612	17	2038	1.00294	1.00211	1835
444	692919	324	283278	409641	100	60	0.109098	0.783417	39	37.4	144612	17	2038	1.0032	1.00283	1835
445	676065	281	284163	391902	100	60	0.114134	0.783417	39	37.4	144612	17	2038	1.00352	1.00345	1835
446	630493	246	276417	354076	100	60	0.118917	0.783417	39	37.4	144612	17	2038	1.004	1.00501	1835
447	690147	2599	313496	376651	100	60	1.0771	0.783417	39	37.4	144612	17	2038	1.00648	1.00811	1835
448	762463	2362	350350	412113	100	60	1.2325	0.783417	39	37.4	144612	17	2038	1.00749	1.0087	1835
449	777800	2069	361784	416016	100	60	1.5028	0.783417	39	37.4	144612	17	2038	1.01146	1.01272	1835
450	608055	1872	188195	419860	100	60	1.61858	0.783417	35	37.4	144612	17	2038	1.09595	1.16299	1835
451	649460	1512	255855	392153	100	60	0.767041	0.783417	39	37.4	0	17	2038	1.03063	1.03165	1835
452	716452	1237	309025	405297	100	60	0.603868	0.783417	39	37.4	0	17	2038	1.01791	1.01667	1835
453	827258	1069	372404	452298	100	60	0.555034	0.783417	39	37.4	0	17	2038	1.01328	1.01039	1835
454	869257	902	398087	468878	100	60	0.587015	0.783417	39	37.4	0	17	2038	1.01482	1.01058	1835
455	873275	850	408301	463018	100	60	0.675971	0.783417	39	37.4	0	17	2038	1.01792	1.0143	1835
456	858158	1712	409930	448229	100	60	1.34774	0.783417	39	37.4	0	17	2038	1.02309	1.01894	1835
457	861616	1577	417375	444242	100	60	1.48305	0.783417	39	37.4	0	17	2038	1.02719	1.02887	1835
458	882991	1555	432279	450712	100	60	1.73564	0.783417	39	37.4	0	17	2038	1.03471	1.03655	1835
459	855863	1302	423291	432572	100	60	1.80923	0.783417	39	37.4	0	17	2038	1.03873	1.03813	1835
460	699484	1096	288808	410676	100	60	1.93044	0.783417	39	37.4	132694	17	2038	1.04712	1.04457	1835
461	702177	957	313417	388760	100	60	1.97773	0.783417	39	37.4	132694	17	2038	1.0556	1.05739	1835
462	688172	842	324342	363830	100	60	2.00031	0.783417	39	37.4	132694	17	2038	1.06818	1.06506	1835
463	649939	728	318093	331847	100	60	2.0489	0.783417	39	37.4	132694	17	2038	1.09263	1.08951	1835
464	648854	678	325076	323778	100	60	2.09272	0.783417	39	37.4	132694	17	2038	1.10435	1.0994	1835
465	622377	618	316684	305693	100	60	2.10857	0.783417	39	37.4	132694	17	2038	1.13448	1.12231	1835
466	594061	563	300344	284711	100	60	2.15841	0.783417	39	37.4	132694	17	2038	1.14356	1.12956	1835
467	551850	496	277270	259737	100	60	2.21172	0.783417	39	37.4	132694	17	2038	1.14885	1.11959	1835
468	559012	480	281461	261858	100	60	2.22709	0.783417	39	37.4	132694	17	2038	1.15538	1.12095	1835
469	529137	441	267770	246241	100	60	2.27794	0.783417	39	37.4	132694	17	2038	1.1559	1.11695	1835
470	525614	432	267655	243346	100	60	2.27114	0.783417	39	37.4	132694	17	2038	1.15103	1.11247	1835
471	481571	405	252262	229309	100	60	2.31429	0.783417	39	37.4	132694	17	2038	1.15075	1.12169	1835
472	328897	356	116789	212108	100	60	0.122997	0.783417	39	37.4	260171	17	2038	1.00344	1.00248	1835
473	527993	309	209020	318973	100	60	0.0980908	0.783417	39	37.4	260171	17	2038	1.00296	1.002	1835
474	678012	286	275436	402576	100	60	0.093253	0.783417	38	37.4	260171	17	2038	1.00296	1.00228	1835
475	683961	271	285855	398106	100	60	0.105396	0.783417	37	37.4	260171	17	2038	1.00331	1.00276	1835
476	643687	246	279490	364197	100	60	0.114834	0.783417	37	37.4	260171	17	2038	1.00433	1.00497	1835
477	512863	2695	132452	380411	100	60	1.1144	0.783417	37	37.4	260171	17	2038	1.00648	1.00701	1835
478	580110	2464	195063	385047	100	60	1.33859	0.783417	37	37.4	260171	17	2038	1.00766	1.00736	1835
479	526741	2205	119069	407672	100	60	1.64789	0.783417	37	37.4	260171	17	2038	1.01151	1.01127	1835
480	478869	2013	90718.1	388151	100	60	1.86098	0.783417	36	37.4	260171	17	2038	1.06517	1.09895	1835
481	534592	1620	164048	369259	100	60	0.683264	0.783417	39	37.4	0	17	2038	1.01565	1.0141	1835
482	653045	1340	242927	408774	100	60	0.551333	0.783417	39	37.4	0	17	2038	1.01123	1.0089	1835
483	778498	1119	316836	459609	100	60	0.513158	0.783417	39	37.4	0	17	2038	1.01021	1.00661	1835
484	827331	912	352868	472593	100	60	0.531711	0.783417	39	37.4	0	17	2038	1.01083	1.00646	1835
485	828460	809	365311	461636	100	60	0.584003	0.783417	39	37.4	0	17	2038	1.01392	1.00814	1835
486	807779	1873	368437	439342	100	60	1.37453	0.783417	39	37.4	0	17	2038	1.01755	1.01309	1835
487	854154	1807	399917	454237	100	60	1.54171	0.783417	39	37.4	0	17	2038	1.01931	1.01778	1835
488	864878	1648	412222	452656	100	60	1.81088	0.783417	39	37.4	0	17	2038	1.02635	1.02511	1835
489	849571	1353	411095	438476	100	60	1.93125	0.783417	39	37.4	0	17	2038	1.03035	1.02614	1835
490	698397	1123	279613	418785	100	60	2.0056	0.783417	39	37.4	138410	17	2038	1.03681	1.02691	1835
491	704115	988	307458	396657	100	60	2.07549	0.783417	39	37.4	138410	17	2038	1.04219	1.02637	1835
492	690292	858	319103	371190	100	60	2.12736	0.783417	39	37.4	138410	17	2038	1.05165	1.03517	1835
493	655102	730	314986	340116	100	60	2.1667	0.783417	39	37.4	138410	17	2038	1.07424	1.05679	1835
494	652467	675	321779	330687	100	60	2.20472	0.783417	39	37.4	138410	17	2038	1.0936	1.06567	1835
495	628858	605	316012	312846	100	60	2.25173	0.783417	39	37.4	138410	17	2038	1.10216	1.07167	1835
496	602143	549	301428	291902	100	60	2.2628	0.783417	39	37.4	138410	17	2038	1.11851	1.08272	1835
497	570207	491	283389	271814	100	60	2.28905	0.783417	39	37.4	138410	17	2038	1.1391	1.09465	1835
498	553411	455	275969	261737	100	60	2.32753	0.783417	39	37.4	138410	17	2038	1.13608	1.09213	1835
499	486818	382	243137	230086	100	60	2.3184	0.783417	39	37.4	138410	17	2038	1.14321	1.1087	1835
500	487879	372	244738	230040	100	60	2.34076	0.783417	39	37.4	138410	17	2038	1.15365	1.11299	1835
501	428489	325	221786	206703	100	60	2.33616	0.783417	39	37.4	138410	17	2038	1.15663	1.11974	1835
502	279345	310	78054.6	201291	100	60	0.112874	0.783417	39	37.4	172802	17	2038	1.00315	1.00221	1835
503	497594	286	179731	317863	100	60	0.0913533	0.783417	38	37.4	172802	17	2038	1.00294	1.00206	1835
504	670939	267	260504	410435	100	60	0.0905987	0.783417	38	37.4	172802	17	2038	1.00313	1.0024	1835
505	677828	225	272064	405765	100	60	0.0876847	0.783417	38	37.4	172802	17	2038	1.0036	1.0032	1835
506	622772	192	260315	362457	100	60	0.0906955	0.783417	38	37.4	172802	17	2038	1.00442	1.00588	1835
507	656545	2720	287331	369214	100	60	1.10481	0.783417	38	37.4	172802	17	2038	1.00721	1.00882	1835
508	737302	2529	330789	406513	100	60	1.3164	0.783417	38	37.4	172802	17	2038	1.00937	1.01171	1835
509	807296	2268	367342	439954	100	60	1.62112	0.783417	38	37.4	172802	17	2038	1.0134	1.01463	1835
510	612953	1946	184083	428870	100	60	1.75719	0.783417	35	37.4	172802	17	2038	1.08339	1.1365	1835
511	639591	1510	245259	392854	100	60	0.839251	0.783417	39	37.4	0	17	2038	1.02827	1.02763	1835
512	701905	1223	297352	402691	100	60	0.645661	0.783417	39	37.4	0	17	2038	1.01704	1.01331	1835
513	811313	1060	360397	448513	100	60	0.591669	0.783417	39	37.4	0	17	2038	1.01444	1.00971	1835
514	884135	922	401142	480739	100	60	0.629127	0.783417	39	37.4	0	17	2038	1.01442	1.00973	1835
515	887086	826	408087	477076	100	60	0.6799	0.783417	39	37.4	0	17	2038	1.01757	1.01042	1835
516	859595	1776	402606	456989	100	60	1.40587	0.783417	39	37.4	0	17	2038	1.01934	1.0135	1835
517	858627	1649	409438	449189	100	60	1.57207	0.783417	39	37.4	0	17	2038	1.02178	1.01829	1835
518	834192	1558	402784	431407	100	60	1.85308	0.783417	39	37.4	0	17	2038	1.02727	1.02075	1835
519	803016	1256	392969	410046	100	60	1.93921	0.783417	39	37.4	0	17	2038	1.02898	1.02093	1835
520	650093	1048	261935	388157	100	60	1.99919	0.783417	39	37.4	133501	17	2038	1.03997	1.03764	1835
521	637349	869	280355	356994	100	60	2.05493	0.783417	39	37.4	133501	17	2038	1.05646	1.05257	1835
522	627847	759	292899	334948	100	60	2.09953	0.783417	39	37.4	133501	17	2038	1.06352	1.05073	1835
523	628689	690	304162	324528	100	60	2.12712	0.783417	39	37.4	133501	17	2038	1.07184	1.05891	1835
524	473111	644	155097	318014	100	60	2.16255	0.783417	39	37.4	133501	17	2038	1.08453	1.06804	1835
525	378662	560	91493.1	287168	100	60	2.23833	0.783417	39	37.4	133501	17	2038	1.09921	1.07678	1835
526	380212	485	123503	251505	100	60	2.27944	0.783417	39	37.4	133501	17	2038	1.11832	1.09979	1835
527	384424	423	152362	225120	100	60	2.30241	0.783417	39	37.4	133501	17	2038	1.12613	1.11029	1835
528	407970	401	179295	218641	100	60	2.32608	0.783417	39	37.4	133501	17	2038	1.13171	1.1114	1835
529	385048	349	179118	196187	100	60	2.34241	0.783417	39	37.4	133501	17	2038	1.1392	1.11111	1835
530	281281	323	94027.2	185561	100	60	2.32993	0.783417	39	37.4	133501	17	2038	1.15773	1.13158	1835
531	274609	283	110537	164073	100	60	2.30321	0.783417	39	37.4	133501	17	2038	1.175	1.1434	1835
532	222300	245	77893.4	144407	100	60	0.138264	0.783417	39	37.4	184595	17	2038	1.00422	1.0027	1835
533	346370	219	137402	208968	100	60	0.102767	0.783417	39	37.4	184595	17	2038	1.0032	1.00185	1835
534	558715	184	236027	322688	100	60	0.0896612	0.783417	39	37.4	184595	17	2038	1.00318	1.00198	1835
535	543864	181	139787	404076	100	60	0.0959605	0.783417	39	37.4	184595	17	2038	1.00374	1.00325	1835
536	464652	161	79901.3	384750	100	60	0.103996	0.783417	39	37.4	184595	17	2038	1.00393	1.00455	1835
537	465886	2442	130534	335352	100	60	0.973838	0.783417	39	37.4	184595	17	2038	1.00506	1.00638	1835
538	573441	2311	206341	367099	100	60	1.15488	0.783417	39	37.4	184595	17	2038	1.00627	1.00751	1835
539	677816	2092	276458	401358	100	60	1.31848	0.783417	39	37.4	184595	17	2038	1.00729	1.00841	1835
540	559746	1860	157023	402723	100	60	1.46679	0.783417	36	37.4	184595	17	2038	1.0817	1.13117	1835
541	598693	1466	225785	369651	100	60	1.07073	0.783417	39	37.4	0	17	2038	1.05003	1.05699	1835
542	662785	1223	285146	373796	100	60	0.939154	0.783417	39	37.4	0	17	2038	1.03666	1.03347	1835
543	712476	1044	329184	378246	100	60	0.878559	0.783417	39	37.4	0	17	2038	1.02691	1.01856	1835
544	764397	887	366686	393225	100	60	0.885658	0.783417	39	37.4	0	17	2038	1.02845	1.01517	1835
545	817453	821	400055	413539	100	60	0.966469	0.783417	39	37.4	0	17	2038	1.02913	1.01137	1835
546	824301	1299	409795	414505	100	60	1.44482	0.783417	39	37.4	0	17	2038	1.02944	1.00928	1835
547	806687	1323	404455	402232	100	60	1.60816	0.783417	39	37.4	0	17	2038	1.03241	1.00941	1835
548	787615	1218	400106	387509	100	60	1.69409	0.783417	39	37.4	0	17	2038	1.03471	1.01242	1835
549	775402	1038	399202	376200	100	60	1.69243	0.783417	39	37.4	0	17	2038	1.03892	1.02332	1835
550	647409	901	290200	357208	100	60	1.70855	0.783417	39	37.4	113851	17	2038	1.05528	1.03902	1835
551	627087	783	300660	326428	100	60	1.71535	0.783417	39	37.4	113851	17	2038	1.06647	1.05	1835
552	619457	706	310230	309227	100	60	1.7516	0.783417	39	37.4	113851	17	2038	1.08315	1.07123	1835
553	582230	618	299706	282525	100	60	1.78088	0.783417	39	37.4	113851	17	2038	1.10147	1.09446	1835
554	559563	561	293683	265880	100	60	1.81495	0.783417	39	37.4	113851	17	2038	1.12753	1.11573	1835
555	524170	509	278812	245358	100	60	1.84278	0.783417	39	37.4	113851	17	2038	1.13879	1.12702	1835
556	369525	474	135388	233041	100	60	1.83371	0.783417	39	37.4	113851	17	2038	1.17357	1.16447	1835
557	383096	438	160654	217061	100	60	1.8423	0.783417	39	37.4	113851	17	2038	1.19248	1.17831	1835
558	389317	406	180643	201268	100	60	1.84834	0.783417	39	37.4	113851	17	2038	1.20244	1.17277	1835
559	269344	351	91498.7	176650	100	60	1.84649	0.783417	39	37.4	113851	17	2038	1.21326	1.16564	1835
560	270310	307	111686	157557	100	60	1.79502	0.783417	39	37.4	113851	17	2038	1.24671	1.20351	1835
561	276719	284	130320	146398	100	60	1.80164	0.783417	39	37.4	113851	17	2038	1.26766	1.23622	1835
562	239030	264	99052.3	139977	100	60	0.113255	0.783417	39	37.4	160613	17	2038	1.00487	1.00408	1835
563	387015	226	162449	224566	100	60	0.0851101	0.783417	39	37.4	160613	17	2038	1.00313	1.00259	1835
564	610526	212	261253	349273	100	60	0.083842	0.783417	39	37.4	160613	17	2038	1.00352	1.00294	1835
565	683656	207	293769	389887	100	60	0.0937966	0.783417	39	37.4	160613	17	2038	1.00436	1.0041	1835
566	655208	191	288788	366419	100	60	0.104579	0.783417	39	37.4	160613	17	2038	1.00474	1.00569	1835
567	630227	2151	286947	343280	100	60	0.780721	0.783417	39	37.4	160613	17	2038	1.00578	1.007	1835
568	713810	1930	331366	382444	100	60	0.8741	0.783417	37	37.4	160613	17	2038	1.00702	1.0083	1835
569	761911	1741	359623	402289	100	60	1.05664	0.783417	37	37.4	160613	17	2038	1.00921	1.00917	1835
570	576266	1589	183363	392903	100	60	1.16658	0.783417	36	37.4	160613	17	2038	1.123	1.21139	1835
571	609148	1248	249319	355822	100	60	0.792352	0.783417	39	37.4	0	17	2038	1.05566	1.06073	1835
572	686414	1083	311347	369618	100	60	0.69651	0.783417	39	37.4	0	17	2038	1.03366	1.03124	1835
573	761468	962	363487	391045	100	60	0.674071	0.783417	39	37.4	0	17	2038	1.02291	1.0178	1835
574	824037	846	401026	416888	100	60	0.70656	0.783417	39	37.4	0	17	2038	1.02341	1.01528	1835
575	639437	778	208260	430628	100	60	0.752486	0.783417	39	37.4	0	17	2038	1.02368	1.01226	1835
576	680538	1360	267134	413404	100	60	1.18666	0.783417	39	37.4	0	17	2038	1.02876	1.01395	1835
577	724309	1344	320756	403553	100	60	1.31331	0.783417	39	37.4	0	17	2038	1.03176	1.01682	1835
578	757540	1317	358593	398947	100	60	1.42231	0.783417	39	37.4	0	17	2038	1.03231	1.01767	1835
579	763588	1118	377135	386453	100	60	1.45897	0.783417	39	37.4	0	17	2038	1.03333	1.02347	1835
580	703377	977	329900	373476	100	60	1.48125	0.783417	39	37.4	64271.8	17	2038	1.04701	1.04231	1835
581	683983	848	337571	346412	100	60	1.50789	0.783417	39	37.4	64271.8	17	2038	1.06486	1.06064	1835
582	659510	747	336465	323045	100	60	1.51888	0.783417	39	37.4	64271.8	17	2038	1.0828	1.0813	1835
583	646677	683	336005	310672	100	60	1.56283	0.783417	39	37.4	64271.8	17	2038	1.09113	1.09467	1835
584	595273	601	314103	281170	100	60	1.5772	0.783417	39	37.4	64271.8	17	2038	1.12054	1.12095	1835
585	554916	543	296385	258531	100	60	1.56028	0.783417	39	37.4	64271.8	17	2038	1.13969	1.15	1835
586	537250	504	285302	246095	100	60	1.54306	0.783417	39	37.4	64271.8	17	2038	1.17625	1.18163	1835
587	514931	466	271751	232964	100	60	1.51675	0.783417	39	37.4	64271.8	17	2038	1.22526	1.22045	1835
588	339351	406	125199	212931	100	60	1.50656	0.783417	39	37.4	64271.8	17	2038	1.23971	1.24147	1835
589	332459	350	140554	188375	100	60	1.5045	0.783417	39	37.4	64271.8	17	2038	1.28035	1.28037	1835
590	347670	329	163181	181160	100	60	1.49698	0.783417	39	37.4	64271.8	17	2038	1.31761	1.30233	1835
591	339006	307	169068	169939	100	60	1.46164	0.783417	39	37.4	64271.8	17	2038	1.36491	1.34672	1835
592	283940	291	123652	160288	100	60	0.140067	0.783417	39	37.4	113759	17	2038	1.00958	1.004	1835
593	403038	263	175135	227903	100	60	0.107329	0.783417	39	37.4	113759	17	2038	1.00668	1.00139	1835
594	607221	250	267750	339471	100	60	0.106248	0.783417	39	37.4	113759	17	2038	1.00704	1.00163	1835
595	534314	221	144296	390018	100	60	0.106128	0.783417	39	37.4	113759	17	2038	1.00716	1.0026	1835
596	559065	214	183060	376005	100	60	0.120788	0.783417	38	37.4	113759	17	2038	1.00879	1.00855	1835
597	588825	2302	225641	363184	100	60	0.94741	0.783417	38	37.4	113759	17	2038	1.01059	1.01389	1835
598	683379	2152	289349	394030	100	60	1.07376	0.783417	38	37.4	113759	17	2038	1.01167	1.01801	1835
599	758123	1937	339762	418361	100	60	1.26515	0.783417	38	37.4	113759	17	2038	1.0151	1.01975	1835
600	583471	1683	177065	406406	100	60	1.3605	0.783417	36	37.4	113759	17	2038	1.10846	1.19131	1835
601	643553	1418	253829	387247	100	60	1.01485	0.783417	39	37.4	0	17	2038	1.06182	1.07175	1835
602	688680	1173	303821	381320	100	60	0.879143	0.783417	39	37.4	0	17	2038	1.04036	1.03728	1835
603	738306	997	346379	387740	100	60	0.814885	0.783417	39	37.4	0	17	2038	1.02974	1.01729	1835
604	802310	881	388701	409720	100	60	0.849097	0.783417	39	37.4	0	17	2038	1.0314	1.01291	1835
605	820195	793	403831	413070	100	60	0.916216	0.783417	39	37.4	0	17	2038	1.03226	1.01249	1835
606	832814	1325	415350	417465	100	60	1.42627	0.783417	39	37.4	0	17	2038	1.03523	1.01297	1835
607	845216	1358	425455	419761	100	60	1.57427	0.783417	39	37.4	0	17	2038	1.03856	1.0165	1835
608	840019	1300	427447	412571	100	60	1.64222	0.783417	39	37.4	0	17	2038	1.04193	1.01866	1835
609	609549	1122	207580	401969	100	60	1.63493	0.783417	39	37.4	0	17	2038	1.05003	1.03069	1835
610	631775	996	252395	379380	100	60	1.66919	0.783417	39	37.4	13240.8	17	2038	1.05568	1.04069	1835
611	633024	855	287288	345735	100	60	1.68076	0.783417	39	37.4	13240.8	17	2038	1.0633	1.04988	1835
612	643143	772	314047	329096	100	60	1.7256	0.783417	39	37.4	13240.8	17	2038	1.07864	1.06422	1835
613	633102	701	322178	310923	100	60	1.75601	0.783417	39	37.4	13240.8	17	2038	1.09013	1.07504	1835
614	608754	633	318242	290512	100	60	1.78592	0.783417	39	37.4	13240.8	17	2038	1.11631	1.09791	1835
615	571707	567	303486	268221	100	60	1.81634	0.783417	39	37.4	13240.8	17	2038	1.1232	1.09574	1835
616	517707	492	273798	235980	100	60	1.78751	0.783417	39	37.4	13240.8	17	2038	1.14745	1.11066	1835
617	492076	450	257516	220346	100	60	1.77952	0.783417	39	37.4	13240.8	17	2038	1.14675	1.11261	1835
618	454822	397	239491	202158	100	60	1.78344	0.783417	39	37.4	13240.8	17	2038	1.14252	1.10513	1835
619	440578	372	233220	194654	100	60	1.82567	0.783417	39	37.4	13240.8	17	2038	1.13846	1.10193	1835
620	408755	334	216904	180296	100	60	1.82173	0.783417	39	37.4	13240.8	17	2038	1.13881	1.09816	1835
621	351064	285	191922	159142	100	60	1.81831	0.783417	39	37.4	13240.8	17	2038	1.14237	1.11232	1835
622	258492	260	108356	150136	100	60	0.0802001	0.783417	39	37.4	93073	17	2038	1.00228	0.997958	1835
623	502865	245	209903	292962	100	60	0.0722843	0.783417	39	37.4	93073	17	2038	1.00186	0.997497	1835
624	646774	232	271106	375668	100	60	0.0705304	0.783417	39	37.4	93073	17	2038	1.00206	0.998827	1835
625	612684	219	265596	347088	100	60	0.0827885	0.783417	39	37.4	93073	17	2038	1.00265	1.00086	1835
626	578945	196	261697	317248	100	60	0.0893272	0.783417	39	37.4	93073	17	2038	1.00271	1.00292	1835
627	661023	2637	307291	353732	100	60	1.01454	0.783417	39	37.4	93073	17	2038	1.00457	1.00539	1835
628	714131	2248	333812	380319	100	60	1.13517	0.783417	39	37.4	93073	17	2038	1.00614	1.00856	1835
629	769489	2026	362944	406545	100	60	1.35052	0.783417	39	37.4	93073	17	2038	1.00736	1.00938	1835
630	588851	1794	185838	403013	100	60	1.4333	0.783417	35	37.4	93073	17	2038	1.07483	1.13573	1835
631	647672	1472	260121	385028	100	60	0.655611	0.783417	39	37.4	0	17	2038	1.02086	1.01855	1835
632	738483	1222	323781	411470	100	60	0.530753	0.783417	39	37.4	0	17	2038	1.01246	1.00712	1835
633	832700	1065	381043	447555	100	60	0.506721	0.783417	39	37.4	0	17	2038	1.00948	1.00332	1835
634	851705	914	396979	450843	100	60	0.550438	0.783417	39	37.4	0	17	2038	1.00996	1.00489	1835
635	855582	845	407906	444188	100	60	0.625549	0.783417	39	37.4	0	17	2038	1.01195	1.0054	1835
636	838246	1717	409287	428959	100	60	1.22215	0.783417	39	37.4	0	17	2038	1.01456	1.00978	1835
637	615212	1595	195035	420177	100	60	1.33761	0.783417	39	37.4	0	17	2038	1.01772	1.01292	1835
638	667771	1546	260955	406816	100	60	1.55019	0.783417	39	37.4	0	17	2038	1.01974	1.01238	1835
639	705359	1288	310939	394420	100	60	1.64194	0.783417	39	37.4	0	17	2038	1.01877	1.0141	1835
640	670880	1085	296231	374649	100	60	1.71136	0.783417	39	37.4	46192.8	17	2038	1.02573	1.02136	1835
641	675695	948	320532	355163	100	60	1.78898	0.783417	39	37.4	46192.8	17	2038	1.03915	1.0383	1835
642	635290	787	315902	319389	100	60	1.83957	0.783417	39	37.4	46192.8	17	2038	1.04601	1.04872	1835
643	619028	709	317978	301050	100	60	1.83905	0.783417	39	37.4	46192.8	17	2038	1.05814	1.06543	1835
644	608019	651	318222	289797	100	60	1.87636	0.783417	39	37.4	46192.8	17	2038	1.06596	1.06988	1835
645	586691	603	310557	276134	100	60	1.86263	0.783417	39	37.4	46192.8	17	2038	1.07781	1.0804	1835
646	535739	529	282559	245702	100	60	1.87364	0.783417	39	37.4	46192.8	17	2038	1.1041	1.10232	1835
647	522005	496	273321	235268	100	60	1.87149	0.783417	39	37.4	46192.8	17	2038	1.13233	1.1289	1835
648	370593	472	138148	229819	100	60	1.8877	0.783417	39	37.4	46192.8	17	2038	1.13035	1.13808	1835
649	382038	435	161278	214981	100	60	1.88025	0.783417	39	37.4	46192.8	17	2038	1.15682	1.16137	1835
650	378202	394	176690	196270	100	60	1.87767	0.783417	39	37.4	46192.8	17	2038	1.1738	1.16802	1835
651	349860	350	175765	174095	100	60	1.89803	0.783417	39	37.4	46192.8	17	2038	1.19118	1.1677	1835
652	279944	312	119585	160359	100	60	0.10727	0.783417	39	37.4	106638	17	2038	1.00424	1.00287	1835
653	374830	268	102498	272332	100	60	0.0833243	0.783417	39	37.4	106638	17	2038	1.00349	1.0024	1835
654	560685	241	193302	367382	100	60	0.073489	0.783417	39	37.4	106638	17	2038	1.00307	1.00185	1835
655	472718	216	100087	372631	100	60	0.0779065	0.783417	39	37.4	106638	17	2038	1.00298	1.00206	1835
656	441481	172	131120	310361	100	60	0.0781468	0.783417	39	37.4	106638	17	2038	1.00314	1.00242	1835
657	506192	2384	188821	317372	100	60	0.864812	0.783417	39	37.4	106638	17	2038	1.0041	1.00319	1835
658	594236	2101	246645	347590	100	60	1.04677	0.783417	39	37.4	106638	17	2038	1.00617	1.00495	1835
659	669495	2059	295120	374375	100	60	1.26402	0.783417	39	37.4	106638	17	2038	1.007	1.00601	1835
660	541598	1863	162003	379595	100	60	1.41212	0.783417	35	37.4	106638	17	2038	1.06313	1.10657	1835
661	612198	1531	240390	368997	100	60	0.779804	0.783417	39	37.4	0	17	2038	1.02569	1.02553	1835
662	680961	1256	297946	379656	100	60	0.635572	0.783417	39	37.4	0	17	2038	1.01394	1.01034	1835
663	769794	1056	354825	410464	100	60	0.591082	0.783417	39	37.4	0	17	2038	1.00936	1.00513	1835
664	844479	939	397172	443259	100	60	0.642331	0.783417	39	37.4	0	17	2038	1.01031	1.00408	1835
665	854708	815	408096	443333	100	60	0.669108	0.783417	39	37.4	0	17	2038	1.01055	1.00544	1835
666	843082	1720	411058	432024	100	60	1.28275	0.783417	39	37.4	0	17	2038	1.01232	1.0075	1835
667	864897	1637	427063	437834	100	60	1.37884	0.783417	39	37.4	0	17	2038	1.0152	1.01067	1835
668	849024	1508	425241	423783	100	60	1.54894	0.783417	39	37.4	0	17	2038	1.01871	1.01534	1835
669	815638	1243	413804	401834	100	60	1.59962	0.783417	39	37.4	0	17	2038	1.02594	1.0267	1835
670	702023	1054	324439	377584	100	60	1.67293	0.783417	39	37.4	86508.9	17	2038	1.03309	1.03432	1835
671	701477	938	341068	360408	100	60	1.74288	0.783417	39	37.4	86508.9	17	2038	1.04527	1.0439	1835
672	686854	842	347183	339671	100	60	1.76682	0.783417	39	37.4	86508.9	17	2038	1.05467	1.05119	1835
673	656673	751	340335	316338	100	60	1.76179	0.783417	39	37.4	86508.9	17	2038	1.07395	1.07086	1835
674	620883	679	327062	293822	100	60	1.81366	0.783417	39	37.4	86508.9	17	2038	1.07531	1.06984	1835
675	593106	622	316048	277058	100	60	1.84953	0.783417	39	37.4	86508.9	17	2038	1.08683	1.07805	1835
676	561698	565	297295	256726	100	60	1.87487	0.783417	39	37.4	86508.9	17	2038	1.1168	1.10289	1835
677	361359	485	132988	226336	100	60	1.89509	0.783417	39	37.4	86508.9	17	2038	1.13636	1.11628	1835
678	367752	428	156206	205709	100	60	1.91861	0.783417	39	37.4	86508.9	17	2038	1.16193	1.13942	1835
679	386817	407	181320	197233	100	60	1.91694	0.783417	39	37.4	86508.9	17	2038	1.16667	1.14504	1835
680	283257	371	97062	184933	100	60	1.92148	0.783417	39	37.4	86508.9	17	2038	1.17969	1.15363	1835
681	293221	349	121176	172046	100	60	1.95104	0.783417	39	37.4	86508.9	17	2038	1.19298	1.16159	1835
682	268403	317	108629	159774	100	60	0.141609	0.783417	39	37.4	122653	17	2038	1.00517	1.00363	1835
683	410241	279	173081	237160	100	60	0.109747	0.783417	39	37.4	122653	17	2038	1.00419	1.00238	1835
684	611075	251	264723	346352	100	60	0.103998	0.783417	39	37.4	122653	17	2038	1.00444	1.00243	1835
685	707446	236	306324	401121	100	60	0.108613	0.783417	39	37.4	122653	17	2038	1.00467	1.0026	1835
686	654435	192	288184	366250	100	60	0.107753	0.783417	39	37.4	122653	17	2038	1.00517	1.00434	1835
687	640710	2172	293188	347522	100	60	0.825424	0.783417	39	37.4	122653	17	2038	1.00794	1.00897	1835
688	716648	1949	336386	380262	100	60	0.929329	0.783417	39	37.4	122653	17	2038	1.00925	1.01219	1835
689	771670	1713	367993	403677	100	60	1.13734	0.783417	39	37.4	122653	17	2038	1.01346	1.01562	1835
690	603590	1611	193688	409902	100	60	1.257	0.783417	34	37.4	122653	17	2038	1.13197	1.21639	1835
691	646688	1310	264207	378715	100	60	0.88886	0.783417	39	37.4	0	17	2038	1.06397	1.06977	1835
692	689350	1097	313131	371348	100	60	0.764453	0.783417	39	37.4	0	17	2038	1.03689	1.03382	1835
693	754644	968	362072	386365	100	60	0.713305	0.783417	39	37.4	0	17	2038	1.02315	1.0166	1835
694	803877	830	393283	404862	100	60	0.716317	0.783417	39	37.4	0	17	2038	1.02258	1.01214	1835
695	849314	769	419048	425208	100	60	0.780244	0.783417	39	37.4	0	17	2038	1.02326	1.01294	1835
696	855926	1355	427655	428271	100	60	1.22576	0.783417	39	37.4	0	17	2038	1.02546	1.01183	1835
697	841808	1384	423807	418000	100	60	1.34777	0.783417	39	37.4	0	17	2038	1.03199	1.02124	1835
698	826129	1315	421104	405025	100	60	1.44775	0.783417	39	37.4	0	17	2038	1.03599	1.02151	1835
699	786343	1068	407474	378869	100	60	1.44038	0.783417	39	37.4	0	17	2038	1.0459	1.03602	1835
700	677800	912	321070	356730	100	60	1.46092	0.783417	39	37.4	81351	17	2038	1.0661	1.06556	1835
701	675074	820	334716	340358	100	60	1.47683	0.783417	39	37.4	81351	17	2038	1.0823	1.09012	1835
702	665067	746	340406	324661	100	60	1.48993	0.783417	39	37.4	81351	17	2038	1.09606	1.10041	1835
703	631859	666	329210	302649	100	60	1.53593	0.783417	39	37.4	81351	17	2038	1.12242	1.12633	1835
704	593231	605	313615	279616	100	60	1.57432	0.783417	39	37.4	81351	17	2038	1.14921	1.14454	1835
705	511278	503	273257	238022	100	60	1.59148	0.783417	39	37.4	81351	17	2038	1.18761	1.17213	1835
706	506902	484	269417	231625	100	60	1.56941	0.783417	39	37.4	81351	17	2038	1.20079	1.17811	1835
707	470742	435	248173	212735	100	60	1.57722	0.783417	39	37.4	81351	17	2038	1.22697	1.19139	1835
708	437971	394	231898	196902	100	60	1.55967	0.783417	39	37.4	81351	17	2038	1.24112	1.19519	1835
709	427904	380	227273	191654	100	60	1.57878	0.783417	39	37.4	81351	17	2038	1.23989	1.20571	1835
710	411048	360	219571	183107	100	60	1.5435	0.783417	39	37.4	81351	17	2038	1.24638	1.21581	1835
711	351048	307	191524	159524	100	60	1.5414	0.783417	39	37.4	81351	17	2038	1.28231	1.24731	1835
712	281657	289	126844	154813	100	60	0.0845048	0.783417	39	37.4	145044	17	2038	1.00445	0.994354	1835
713	505686	253	215206	290480	100	60	0.071952	0.783417	39	37.4	145044	17	2038	1.00397	0.993684	1835
714	632323	228	266320	366003	100	60	0.0683565	0.783417	39	37.4	145044	17	2038	1.00382	0.995513	1835
715	597996	196	256590	341405	100	60	0.072749	0.783417	38	37.4	145044	17	2038	1.00425	0.999155	1835
716	418079	172	104657	313423	100	60	0.0750857	0.783417	38	37.4	145044	17	2038	1.00471	0.999857	1835
717	487898	2496	168820	319078	100	60	0.902236	0.783417	37	37.4	145044	17	2038	1.00716	1.00168	1835
718	589797	2191	235736	354061	100	60	1.08761	0.783417	37	37.4	145044	17	2038	1.01056	1.00629	1835
719	654922	1912	283632	371290	100	60	1.24867	0.783417	37	37.4	145044	17	2038	1.01473	1.01121	1835
720	562403	1878	167373	395030	100	60	1.39175	0.783417	33	37.4	145044	17	2038	1.08012	1.1248	1835
721	604329	1468	237212	364128	100	60	0.628364	0.783417	39	37.4	0	17	2038	1.02304	1.01489	1835
722	690975	1185	301518	385796	100	60	0.495069	0.783417	39	37.4	0	17	2038	1.01533	1.00549	1835
723	795999	1024	365570	425805	100	60	0.459754	0.783417	39	37.4	0	17	2038	1.01072	0.999051	1835
724	828510	870	387683	436817	100	60	0.494612	0.783417	39	37.4	0	17	2038	1.01081	0.998992	1835
725	835882	780	400049	432322	100	60	0.542876	0.783417	39	37.4	0	17	2038	1.01213	1.00229	1835
726	607580	1732	187722	419858	100	60	1.10542	0.783417	39	37.4	0	17	2038	1.0144	1.00712	1835
727	648005	1608	248676	399329	100	60	1.22398	0.783417	39	37.4	0	17	2038	1.01424	1.0091	1835
728	691749	1581	301872	389878	100	60	1.44428	0.783417	39	37.4	0	17	2038	1.01798	1.01273	1835
729	709815	1271	333884	375931	100	60	1.52326	0.783417	39	37.4	0	17	2038	1.02125	1.01503	1835
730	671354	1085	308495	362858	100	60	1.58077	0.783417	39	37.4	51758.6	17	2038	1.02798	1.02505	1835
731	655376	920	318989	336387	100	60	1.64006	0.783417	39	37.4	51758.6	17	2038	1.04108	1.03821	1835
732	645556	812	327921	317636	100	60	1.69574	0.783417	39	37.4	51758.6	17	2038	1.04505	1.04079	1835
733	608283	708	317828	290455	100	60	1.68793	0.783417	39	37.4	51758.6	17	2038	1.05461	1.05092	1835
734	408013	609	146221	261791	100	60	1.72574	0.783417	39	37.4	51758.6	17	2038	1.06859	1.06446	1835
735	412708	536	177078	235631	100	60	1.73498	0.783417	39	37.4	51758.6	17	2038	1.08197	1.07345	1835
736	325693	497	102528	222250	100	60	1.72413	0.783417	39	37.4	51758.6	17	2038	1.11311	1.10548	1835
737	334919	435	132445	197429	100	60	1.73751	0.783417	39	37.4	51758.6	17	2038	1.12447	1.11502	1835
738	364578	413	166549	191376	100	60	1.72393	0.783417	39	37.4	51758.6	17	2038	1.12444	1.10448	1835
739	378305	386	186198	183395	100	60	1.74136	0.783417	39	37.4	51758.6	17	2038	1.15403	1.12903	1835
740	275970	359	99668.9	175121	100	60	1.74331	0.783417	39	37.4	51758.6	17	2038	1.15818	1.125	1835
741	282064	327	122100	159964	100	60	1.71872	0.783417	39	37.4	51758.6	17	2038	1.17612	1.13961	1835
742	251629	289	107650	143978	100	60	0.124013	0.783417	39	37.4	83772.1	17	2038	1.00438	1.00197	1835
743	404709	261	174709	229999	100	60	0.0974986	0.783417	39	37.4	83772.1	17	2038	1.00343	1.00144	1835
744	616096	224	267406	348689	100	60	0.0878791	0.783417	39	37.4	83772.1	17	2038	1.00312	1.00145	1835
745	688555	201	297541	391015	100	60	0.0904202	0.783417	39	37.4	83772.1	17	2038	1.00331	1.00195	1835
746	655355	180	289672	365683	100	60	0.0973546	0.783417	39	37.4	83772.1	17	2038	1.00378	1.00356	1835
747	646756	2268	296608	350148	100	60	0.809886	0.783417	39	37.4	83772.1	17	2038	1.00496	1.0056	1835
748	725334	2004	339944	385390	100	60	0.894128	0.783417	39	37.4	83772.1	17	2038	1.00565	1.00787	1835
749	588133	1792	175177	412955	100	60	1.06809	0.783417	38	37.4	83772.1	17	2038	1.0089	1.01156	1835
750	496971	1601	115565	381406	100	60	1.19749	0.783417	34	37.4	83772.1	17	2038	1.10262	1.17918	1835
751	550851	1323	193404	353703	100	60	0.79508	0.783417	39	37.4	0	17	2038	1.04553	1.05003	1835
752	637941	1145	266690	367281	100	60	0.703431	0.783417	39	37.4	0	17	2038	1.02617	1.02366	1835
753	536676	958	160230	375518	100	60	0.644897	0.783417	39	37.4	0	17	2038	1.01766	1.01129	1835
754	625494	797	240977	381366	100	60	0.658812	0.783417	39	37.4	0	17	2038	1.01864	1.00871	1835
755	713266	714	312343	398225	100	60	0.702096	0.783417	39	37.4	0	17	2038	1.02156	1.00763	1835
756	769162	1467	359088	410074	100	60	1.16137	0.783417	39	37.4	0	17	2038	1.02706	1.01359	1835
757	786563	1400	381221	405343	100	60	1.26924	0.783417	39	37.4	0	17	2038	1.03378	1.02268	1835
758	773889	1284	385436	388453	100	60	1.35504	0.783417	39	37.4	0	17	2038	1.03989	1.02992	1835
759	566253	1093	187766	378487	100	60	1.39454	0.783417	39	37.4	0	17	2038	1.0486	1.04067	1835
760	570223	916	230478	339745	100	60	1.41765	0.783417	39	37.4	6614.25	17	2038	1.06527	1.06608	1835
761	566347	768	261156	305192	100	60	1.48043	0.783417	39	37.4	6614.25	17	2038	1.0826	1.08311	1835
762	576876	684	285767	291109	100	60	1.48363	0.783417	39	37.4	6614.25	17	2038	1.11864	1.12148	1835
763	575700	625	295665	280035	100	60	1.52737	0.783417	39	37.4	6614.25	17	2038	1.14115	1.13889	1835
764	539508	549	282700	256808	100	60	1.5589	0.783417	39	37.4	6614.25	17	2038	1.16396	1.16477	1835
765	512798	496	272637	240161	100	60	1.56995	0.783417	39	37.4	6614.25	17	2038	1.18644	1.17336	1835
766	487302	454	257917	223841	100	60	1.57269	0.783417	39	37.4	6614.25	17	2038	1.21757	1.19026	1835
767	466286	423	245443	211031	100	60	1.57335	0.783417	39	37.4	6614.25	17	2038	1.22883	1.19298	1835
768	473152	414	249277	213930	100	60	1.58425	0.783417	39	37.4	6614.25	17	2038	1.23058	1.20779	1835
769	425735	365	225010	191560	100	60	1.62461	0.783417	39	37.4	6614.25	17	2038	1.24234	1.2071	1835
770	396024	333	209882	177677	100	60	1.63346	0.783417	39	37.4	6614.25	17	2038	1.24922	1.22924	1835
771	362886	304	196699	166187	100	60	1.6293	0.783417	39	37.4	6614.25	17	2038	1.27208	1.25746	1835
772	284376	284	123357	161018	100	60	0.0923606	0.783417	39	37.4	77597.5	17	2038	1.00433	0.993411	1835
773	488380	257	207299	281081	100	60	0.0764702	0.783417	39	37.4	77597.5	17	2038	1.00394	0.991728	1835
774	635014	232	267432	367582	100	60	0.0740335	0.783417	39	37.4	77597.5	17	2038	1.00414	0.994545	1835
775	615941	208	264882	351058	100	60	0.080338	0.783417	39	37.4	77597.5	17	2038	1.0048	0.999567	1835
776	585877	190	260747	325130	100	60	0.0882722	0.783417	39	37.4	77597.5	17	2038	1.00572	1.00389	1835
777	645952	2224	297069	348883	100	60	0.890528	0.783417	39	37.4	77597.5	17	2038	1.0088	1.00655	1835
778	717212	2009	334775	382437	100	60	1.03983	0.783417	39	37.4	77597.5	17	2038	1.01154	1.01055	1835
779	767868	1849	363705	404163	100	60	1.26021	0.783417	39	37.4	77597.5	17	2038	1.01644	1.01715	1835
780	589677	1647	187705	401972	100	60	1.38778	0.783417	37	37.4	77597.5	17	2038	1.10485	1.17936	1835
781	637606	1325	257509	377433	100	60	0.723558	0.783417	39	37.4	0	17	2038	1.03516	1.02536	1835
782	702627	1112	311706	387162	100	60	0.59164	0.783417	39	37.4	0	17	2038	1.02091	1.00664	1835
783	784516	955	364800	415604	100	60	0.545626	0.783417	39	37.4	0	17	2038	1.01425	0.999694	1835
784	629293	813	193732	435277	100	60	0.559562	0.783417	39	37.4	0	17	2038	1.0159	0.998428	1835
785	684659	740	260372	424052	100	60	0.61155	0.783417	39	37.4	0	17	2038	1.01726	1.00307	1835
786	714806	1523	307079	407727	100	60	1.1749	0.783417	39	37.4	0	17	2038	1.0187	1.00706	1835
787	736183	1498	340198	395985	100	60	1.31662	0.783417	39	37.4	0	17	2038	1.02095	1.01308	1835
788	745488	1387	360191	385297	100	60	1.49099	0.783417	39	37.4	0	17	2038	1.02768	1.02331	1835
789	745249	1168	369930	375319	100	60	1.55545	0.783417	39	37.4	0	17	2038	1.03153	1.02504	1835
790	662560	992	303350	359210	100	60	1.61686	0.783417	39	37.4	75541.9	17	2038	1.04661	1.0376	1835
791	487181	852	153916	333265	100	60	1.6918	0.783417	39	37.4	75541.9	17	2038	1.05174	1.04604	1835
792	497632	741	195994	301638	100	60	1.71964	0.783417	39	37.4	75541.9	17	2038	1.05975	1.05435	1835
793	513579	657	232994	280585	100	60	1.74278	0.783417	39	37.4	75541.9	17	2038	1.0709	1.06801	1835
794	525342	594	258201	267142	100	60	1.77032	0.783417	39	37.4	75541.9	17	2038	1.08368	1.07666	1835
795	518234	541	265988	252247	100	60	1.7744	0.783417	39	37.4	75541.9	17	2038	1.12199	1.1109	1835
796	494358	479	255691	231506	100	60	1.77977	0.783417	39	37.4	75541.9	17	2038	1.14471	1.13404	1835
797	491477	453	254040	224295	100	60	1.79345	0.783417	39	37.4	75541.9	17	2038	1.14256	1.14351	1835
798	328596	397	121305	205233	100	60	1.81284	0.783417	39	37.4	75541.9	17	2038	1.15854	1.1504	1835
799	325934	349	137931	182920	100	60	1.79286	0.783417	39	37.4	75541.9	17	2038	1.16343	1.15522	1835
800	319731	312	150582	164689	100	60	1.76753	0.783417	39	37.4	75541.9	17	2038	1.19032	1.18557	1835
801	301564	273	153836	147728	100	60	1.74606	0.783417	39	37.4	75541.9	17	2038	1.20664	1.19531	1835
802	241710	250	103605	138105	100	60	0.114608	0.783417	39	37.4	130229	17	2038	1.00472	1.00344	1835
803	374079	215	160602	213477	100	60	0.0834199	0.783417	39	37.4	130229	17	2038	1.0035	1.00261	1835
804	596006	197	258910	337095	100	60	0.0784273	0.783417	39	37.4	130229	17	2038	1.00344	1.0022	1835
805	664408	170	284977	379431	100	60	0.0781557	0.783417	39	37.4	130229	17	2038	1.00336	1.00205	1835
806	611997	142	266659	345338	100	60	0.0799986	0.783417	39	37.4	130229	17	2038	1.00367	1.00292	1835
807	610213	2183	276051	334163	100	60	0.877256	0.783417	38	37.4	130229	17	2038	1.00485	1.00341	1835
808	506839	1990	140544	366295	100	60	0.995095	0.783417	38	37.4	130229	17	2038	1.00557	1.00681	1835
809	572636	1812	206973	365663	100	60	1.25979	0.783417	38	37.4	130229	17	2038	1.00719	1.00588	1835
810	446358	1681	64641.1	381717	100	60	1.39807	0.783417	34	37.4	130229	17	2038	1.08829	1.13927	1835
811	402616	1397	60714.1	341800	100	60	0.858418	0.783417	39	37.4	0	17	2038	1.036	1.03473	1835
812	384076	1151	61701.7	322254	100	60	0.696181	0.783417	39	37.4	0	17	2038	1.0218	1.01591	1835
813	472915	983	142191	329987	100	60	0.632205	0.783417	39	37.4	0	17	2038	1.01483	1.00806	1835
814	610100	873	237527	371742	100	60	0.676919	0.783417	39	37.4	0	17	2038	1.01398	1.00573	1835
815	705148	768	304711	399718	100	60	0.744282	0.783417	39	37.4	0	17	2038	1.0159	1.00419	1835
816	757120	1558	346779	410341	100	60	1.37204	0.783417	39	37.4	0	17	2038	1.01643	1.00445	1835
817	769036	1460	366220	402816	100	60	1.48701	0.783417	39	37.4	0	17	2038	1.01812	1.0066	1835
818	776326	1361	380992	395333	100	60	1.56552	0.783417	39	37.4	0	17	2038	1.02242	1.00887	1835
819	786323	1171	395472	390851	100	60	1.56843	0.783417	39	37.4	0	17	2038	1.0254	1.01546	1835
820	678160	975	315386	362774	100	60	1.62013	0.783417	39	37.4	72756.8	17	2038	1.03429	1.02893	1835
821	678922	873	333429	345493	100	60	1.69323	0.783417	39	37.4	72756.8	17	2038	1.04363	1.03806	1835
822	640365	755	326913	313452	100	60	1.73498	0.783417	39	37.4	72756.8	17	2038	1.04683	1.03723	1835
823	611656	677	319261	292395	100	60	1.78499	0.783417	39	37.4	72756.8	17	2038	1.06568	1.05795	1835
824	430338	617	152304	278034	100	60	1.82242	0.783417	39	37.4	72756.8	17	2038	1.07921	1.07529	1835
825	427806	534	180124	247682	100	60	1.84929	0.783417	39	37.4	72756.8	17	2038	1.09275	1.08918	1835
826	445665	497	208902	229103	100	60	1.83252	0.783417	39	37.4	72756.8	17	2038	1.12523	1.11837	1835
827	321132	441	111449	207249	100	60	1.83823	0.783417	39	37.4	72756.8	17	2038	1.13462	1.12702	1835
828	337753	404	139790	191330	100	60	1.858	0.783417	39	37.4	72756.8	17	2038	1.1199	1.10687	1835
829	355396	376	165903	180671	100	60	1.88053	0.783417	39	37.4	72756.8	17	2038	1.11111	1.08197	1835
830	363788	354	181767	173673	100	60	1.86674	0.783417	39	37.4	72756.8	17	2038	1.10468	1.07225	1835
831	333536	315	175831	157705	100	60	1.87488	0.783417	39	37.4	72756.8	17	2038	1.11285	1.07591	1835
832	265245	292	115836	149409	100	60	0.101102	0.783417	39	37.4	134847	17	2038	1.00246	0.997714	1835
833	365352	260	100202	265150	100	60	0.083514	0.783417	39	37.4	134847	17	2038	1.00168	0.99668	1835
834	555833	242	192749	363084	100	60	0.0745658	0.783417	39	37.4	134847	17	2038	1.00148	0.997631	1835
835	596090	220	225701	370388	100	60	0.0803659	0.783417	37	37.4	134847	17	2038	1.00161	0.999037	1835
836	422595	191	94386.7	328208	100	60	0.085499	0.783417	36	37.4	134847	17	2038	1.00156	1.00039	1835
837	468735	2325	153175	315560	100	60	0.844175	0.783417	35	37.4	134847	17	2038	1.0024	1.00081	1835
838	597221	2184	235242	361979	100	60	1.06121	0.783417	35	37.4	134847	17	2038	1.00272	1.00111	1835
839	682209	2144	292221	389988	100	60	1.30476	0.783417	35	37.4	134847	17	2038	1.00315	1.00154	1835
840	570694	1981	166212	404482	100	60	1.46487	0.783417	32	37.4	134847	17	2038	1.06761	1.10718	1835
841	631372	1586	245144	384748	100	60	0.815711	0.783417	39	37.4	0	17	2038	1.02593	1.02305	1835
842	680784	1260	297027	381943	100	60	0.657109	0.783417	39	37.4	0	17	2038	1.01397	1.00796	1835
843	771272	1080	356990	411603	100	60	0.617076	0.783417	39	37.4	0	17	2038	1.00773	1.00163	1835
844	640490	942	196928	443366	100	60	0.653536	0.783417	39	37.4	0	17	2038	1.00844	1.00084	1835
845	705356	864	267027	438175	100	60	0.719413	0.783417	39	37.4	0	17	2038	1.01022	1.00356	1835
846	742735	1580	320119	422617	100	60	1.26591	0.783417	39	37.4	0	17	2038	1.01305	1.00506	1835
847	753999	1493	349827	404172	100	60	1.37476	0.783417	39	37.4	0	17	2038	1.01604	1.00782	1835
848	775741	1465	376247	399494	100	60	1.55187	0.783417	39	37.4	0	17	2038	1.0187	1.01235	1835
849	576400	1244	187160	389240	100	60	1.59794	0.783417	39	37.4	0	17	2038	1.02376	1.01859	1835
850	600084	1072	234889	365195	100	60	1.65238	0.783417	39	37.4	10979.8	17	2038	1.02387	1.0197	1835
851	637096	958	286955	350141	100	60	1.73169	0.783417	39	37.4	10979.8	17	2038	1.02331	1.01891	1835
852	643013	856	312870	330143	100	60	1.76273	0.783417	39	37.4	10979.8	17	2038	1.03391	1.0318	1835
853	619955	755	315205	304750	100	60	1.81329	0.783417	39	37.4	10979.8	17	2038	1.04343	1.04133	1835
854	585553	660	306292	279261	100	60	1.8429	0.783417	39	37.4	10979.8	17	2038	1.06389	1.05802	1835
855	546523	582	290560	255964	100	60	1.86439	0.783417	39	37.4	10979.8	17	2038	1.07599	1.07612	1835
856	525182	531	277509	239250	100	60	1.87842	0.783417	39	37.4	10979.8	17	2038	1.08968	1.08318	1835
857	497044	481	260625	221930	100	60	1.87603	0.783417	39	37.4	10979.8	17	2038	1.10227	1.09623	1835
858	331060	428	124766	203359	100	60	1.88306	0.783417	39	37.4	10979.8	17	2038	1.10284	1.09547	1835
859	346966	400	149923	190615	100	60	1.8827	0.783417	39	37.4	10979.8	17	2038	1.11353	1.10622	1835
860	342144	361	163401	173008	100	60	1.90605	0.783417	39	37.4	10979.8	17	2038	1.13661	1.11628	1835
861	325075	323	166963	158113	100	60	1.93122	0.783417	39	37.4	10979.8	17	2038	1.14953	1.12745	1835
862	265665	300	116795	148870	100	60	0.123025	0.783417	39	37.4	66393.9	17	2038	1.0039	1.00251	1835
863	437307	277	191558	245749	100	60	0.0983832	0.783417	39	37.4	66393.9	17	2038	1.00308	1.00192	1835
864	631071	250	273794	357277	100	60	0.0953339	0.783417	39	37.4	66393.9	17	2038	1.00271	1.00188	1835
865	670169	213	289507	380662	100	60	0.0935636	0.783417	38	37.4	66393.9	17	2038	1.00262	1.00192	1835
866	626856	177	275726	351130	100	60	0.0927612	0.783417	38	37.4	66393.9	17	2038	1.00296	1.00299	1835
867	637090	2354	289117	347972	100	60	0.937117	0.783417	38	37.4	66393.9	17	2038	1.0037	1.00431	1835
868	717227	2131	331497	385729	100	60	1.05309	0.783417	38	37.4	66393.9	17	2038	1.00426	1.00528	1835
869	770514	1905	360579	409934	100	60	1.28999	0.783417	38	37.4	66393.9	17	2038	1.00521	1.00624	1835
870	578231	1704	181190	397041	100	60	1.40817	0.783417	36	37.4	66393.9	17	2038	1.09316	1.16647	1835
871	483573	1359	118890	364564	100	60	0.878354	0.783417	39	37.4	0	17	2038	1.03921	1.04221	1835
872	540947	1124	190166	350214	100	60	0.673367	0.783417	39	37.4	0	17	2038	1.02179	1.01824	1835
873	651765	979	276074	375000	100	60	0.623007	0.783417	39	37.4	0	17	2038	1.0133	1.00649	1835
874	746392	843	338495	407119	100	60	0.653991	0.783417	39	37.4	0	17	2038	1.01383	1.00572	1835
875	792856	765	370522	421627	100	60	0.744662	0.783417	39	37.4	0	17	2038	1.01728	1.00681	1835
876	809007	1488	386354	422654	100	60	1.34833	0.783417	39	37.4	0	17	2038	1.01994	1.00823	1835
877	792088	1479	384788	407301	100	60	1.48641	0.783417	39	37.4	0	17	2038	1.02142	1.01018	1835
878	796472	1428	393424	403047	100	60	1.64307	0.783417	39	37.4	0	17	2038	1.0241	1.01622	1835
879	790800	1196	397187	393612	100	60	1.66609	0.783417	39	37.4	0	17	2038	1.02725	1.02355	1835
880	561720	1031	182563	379157	100	60	1.72194	0.783417	39	37.4	8965.47	17	2038	1.03652	1.0361	1835
881	606639	935	242618	364021	100	60	1.78992	0.783417	39	37.4	8965.47	17	2038	1.03885	1.03875	1835
882	620170	826	281054	339116	100	60	1.84773	0.783417	39	37.4	8965.47	17	2038	1.05268	1.05583	1835
883	602860	721	294654	308206	100	60	1.91983	0.783417	39	37.4	8965.47	17	2038	1.05537	1.05146	1835
884	576581	638	291879	284701	100	60	1.98965	0.783417	39	37.4	8965.47	17	2038	1.05348	1.04882	1835
885	538954	564	278473	260481	100	60	2.01481	0.783417	39	37.4	8965.47	17	2038	1.07512	1.07156	1835
886	492531	486	253932	229799	100	60	2.02629	0.783417	39	37.4	8965.47	17	2038	1.07303	1.06639	1835
887	493960	465	252807	225478	100	60	2.05742	0.783417	39	37.4	8965.47	17	2038	1.0743	1.06332	1835
888	479256	433	246537	217432	100	60	2.07484	0.783417	39	37.4	8965.47	17	2038	1.061	1.04684	1835
889	471024	416	243752	212147	100	60	2.1253	0.783417	39	37.4	8965.47	17	2038	1.06308	1.04691	1835
890	390973	340	204140	174399	100	60	2.13016	0.783417	39	37.4	8965.47	17	2038	1.05698	1.03927	1835
891	363367	317	196749	166618	100	60	2.1563	0.783417	39	37.4	8965.47	17	2038	1.0625	1.04221	1835
892	261870	286	107101	154769	100	60	0.0949386	0.783417	39	37.4	93154.8	17	2038	1.00113	0.995518	1835
893	494363	262	205478	288885	100	60	0.0817823	0.783417	39	37.4	93154.8	17	2038	1.00117	0.996199	1835
894	639158	248	267467	371691	100	60	0.0816472	0.783417	39	37.4	93154.8	17	2038	1.00124	0.996186	1835
895	620541	239	267147	353394	100	60	0.096239	0.783417	38	37.4	93154.8	17	2038	1.00187	0.9981	1835
896	577841	198	256928	320914	100	60	0.094582	0.783417	38	37.4	93154.8	17	2038	1.00209	0.998985	1835
897	491142	2436	130262	360880	100	60	1.01573	0.783417	38	37.4	93154.8	17	2038	1.00321	0.999579	1835
898	557034	2228	193176	363857	100	60	1.22081	0.783417	38	37.4	93154.8	17	2038	1.00385	1.00122	1835
899	647371	2060	259785	387587	100	60	1.51083	0.783417	38	37.4	93154.8	17	2038	1.00539	1.00251	1835
900	532192	1809	148054	384137	100	60	1.68232	0.783417	36	37.4	93154.8	17	2038	1.06966	1.10354	1835
901	601886	1494	228302	372548	100	60	0.71501	0.783417	39	37.4	0	17	2038	1.01852	1.01334	1835
902	698912	1261	296899	400807	100	60	0.590501	0.783417	39	37.4	0	17	2038	1.01043	1.00515	1835
903	786801	1060	352079	433086	100	60	0.541905	0.783417	39	37.4	0	17	2038	1.0068	1.00075	1835
904	822881	887	375949	445444	100	60	0.568754	0.783417	39	37.4	0	17	2038	1.00659	1.00052	1835
905	827527	812	386582	439619	100	60	0.650894	0.783417	39	37.4	0	17	2038	1.00721	1.00083	1835
906	812825	1654	388406	424419	100	60	1.34493	0.783417	39	37.4	0	17	2038	1.01035	1.00288	1835
907	805946	1547	391743	414203	100	60	1.51898	0.783417	39	37.4	0	17	2038	1.01353	1.00559	1835
908	783373	1426	386946	396427	100	60	1.72399	0.783417	39	37.4	0	17	2038	1.01532	1.00704	1835
909	795996	1211	399021	396975	100	60	1.80443	0.783417	39	37.4	0	17	2038	1.0194	1.01076	1835
910	674545	1055	293354	381191	100	60	1.87885	0.783417	39	37.4	108085	17	2038	1.02376	1.01425	1835
911	649505	882	302541	346964	100	60	1.96969	0.783417	39	37.4	108085	17	2038	1.03704	1.02955	1835
912	619573	770	301964	317609	100	60	2.01333	0.783417	39	37.4	108085	17	2038	1.03983	1.03125	1835
913	582108	665	292914	289194	100	60	2.05251	0.783417	39	37.4	108085	17	2038	1.05316	1.04525	1835
914	560515	596	288383	272132	100	60	2.08009	0.783417	39	37.4	108085	17	2038	1.06214	1.05574	1835
915	523467	531	273529	249939	100	60	2.11539	0.783417	39	37.4	108085	17	2038	1.07035	1.06084	1835
916	498860	483	257860	232178	100	60	2.12284	0.783417	39	37.4	108085	17	2038	1.08194	1.07547	1835
917	473870	442	242691	216338	100	60	2.12291	0.783417	39	37.4	108085	17	2038	1.07917	1.06606	1835
918	421986	380	216262	192212	100	60	2.15698	0.783417	39	37.4	108085	17	2038	1.07143	1.06667	1835
919	383359	330	197963	172956	100	60	2.14309	0.783417	39	37.4	108085	17	2038	1.05983	1.04938	1835
920	359382	301	186489	161601	100	60	2.14469	0.783417	39	37.4	108085	17	2038	1.06625	1.06102	1835
921	332756	285	178513	154244	100	60	2.17916	0.783417	39	37.4	108085	17	2038	1.07534	1.0722	1835
922	224640	245	87234.5	137405	100	60	0.0837989	0.783417	39	37.4	190539	17	2038	1.00143	0.995294	1835
923	365554	224	93957	271597	100	60	0.0704345	0.783417	39	37.4	190539	17	2038	1.00137	0.995011	1835
924	544985	210	176596	368389	100	60	0.0623543	0.783417	39	37.4	190539	17	2038	1.00123	0.994561	1835
925	561855	183	201705	360149	100	60	0.0660145	0.783417	37	37.4	190539	17	2038	1.00135	0.994331	1835
926	516929	143	202963	313965	100	60	0.0645166	0.783417	37	37.4	190539	17	2038	1.00182	0.993894	1835
927	578999	2558	247239	331760	100	60	0.985104	0.783417	37	37.4	190539	17	2038	1.00287	0.994165	1835
928	664628	2343	295139	369488	100	60	1.19518	0.783417	37	37.4	190539	17	2038	1.00363	0.995088	1835
929	712171	2138	323129	389043	100	60	1.51625	0.783417	37	37.4	190539	17	2038	1.00442	0.994327	1835
930	460945	1841	77732	383213	100	60	1.61136	0.783417	33	37.4	190539	17	2038	1.06977	1.11063	1835
