Time	totMass	NInd	abovemass	belowmass	mean_ares	mean_bres	shannon	meanShannon	NPFT	meanNPFT	Cutted	NNonClonal	NClonal	mean_generation	mean_genet_size	NGenets
1	454.6	0	227.3	227.3	100	60	0	0.705518	39	38.4	0	19	2048	1	0.876736	1809
2	8633.61	0	3388.34	5245.27	100	60	0	0.705518	39	38.4	0	19	2048	1	0.87819	1809
3	40705	0	18951.3	21753.7	100	60	0	0.705518	39	38.4	0	19	2048	1	0.874743	1809
4	122698	0	57704.3	64993.2	100	60	0	0.705518	39	38.4	0	19	2048	1	0.873958	1809
5	274537	0	128964	145573	100	60	0	0.705518	39	38.4	0	19	2048	1	0.872611	1809
6	487435	556	229157	258277	100	60	2.44406	0.705518	39	38.4	0	19	2048	1.00316	0.874732	1809
7	707776	796	334709	373067	100	60	3.19048	0.705518	39	38.4	0	19	2048	1.01055	0.882614	1809
8	889886	865	425829	464057	100	60	3.35019	0.705518	39	38.4	0	19	2048	1.03284	0.907514	1809
9	1.03146e+006	831	499987	531468	100	60	3.21554	0.705518	39	38.4	0	19	2048	1.05106	0.927798	1809
10	1.12799e+006	790	552846	575141	100	60	3.08518	0.705518	39	38.4	0	19	2048	1.06789	0.950695	1809
11	1.19984e+006	757	593421	606423	100	60	2.99423	0.705518	39	38.4	0	19	2048	1.08333	0.968338	1809
12	1.25849e+006	736	627780	630707	100	60	2.9519	0.705518	39	38.4	0	19	2048	1.09428	0.980952	1809
13	1.3153e+006	734	660094	655206	100	60	2.9414	0.705518	39	38.4	0	19	2048	1.11455	1.0083	1809
14	1.34922e+006	719	680890	668331	100	60	2.9208	0.705518	39	38.4	0	19	2048	1.13239	1.01834	1809
15	1.36232e+006	704	690306	672018	100	60	2.9171	0.705518	39	38.4	0	19	2048	1.14059	1.01599	1809
16	1.40103e+006	702	701555	679223	100	60	2.92172	0.705518	39	38.4	0	19	2048	1.16414	1.04405	1809
17	1.43404e+006	700	709720	685293	100	60	2.97169	0.705518	39	38.4	0	19	2048	1.17346	1.05646	1809
18	1.45631e+006	696	718858	693288	100	60	3.04331	0.705518	39	38.4	0	19	2048	1.16238	1.03158	1809
19	1.47223e+006	694	727107	699991	100	60	3.09006	0.705518	39	38.4	0	19	2048	1.15659	1.01685	1809
20	1.49473e+006	694	739341	710580	100	60	3.1445	0.705518	39	38.4	0	19	2048	1.15568	1.00929	1809
21	1.44991e+006	695	740408	709500	100	60	3.2075	0.705518	39	38.4	0	19	2048	1.15661	0.996865	1809
22	1.4556e+006	693	744256	711345	100	60	0.83783	0.705518	39	38.4	0	19	2048	1.02973	0.893046	1809
23	1.47384e+006	682	748140	725702	100	60	0.84143	0.705518	39	38.4	0	19	2048	1.03185	0.898871	1809
24	1.4774e+006	668	744863	732540	100	60	0.865643	0.705518	39	38.4	0	19	2048	1.03405	0.928592	1809
25	1.48306e+006	658	748109	734946	100	60	0.949356	0.705518	39	38.4	0	19	2048	1.04272	0.964166	1809
26	1.49947e+006	648	754229	745239	100	60	1.0786	0.705518	39	38.4	0	19	2048	1.05878	0.994132	1809
27	1.51591e+006	1480	759376	756538	100	60	2.43812	0.705518	39	38.4	0	19	2048	1.07734	1.00837	1809
28	1.55188e+006	1387	774869	777007	100	60	2.58258	0.705518	39	38.4	0	19	2048	1.08916	1.01318	1809
29	1.56848e+006	1283	782782	785699	100	60	2.60524	0.705518	39	38.4	0	19	2048	1.10615	1.0283	1809
30	1.19635e+006	1222	397809	798540	100	60	2.217	0.705518	39	38.4	0	19	2048	1.37332	1.47549	1809
31	1.19061e+006	1034	461458	728985	100	60	1.06563	0.705518	39	38.4	0	19	2048	1.11005	0.992699	1809
32	1.18148e+006	901	491989	689171	100	60	0.897279	0.705518	39	38.4	0	19	2048	1.07837	0.939277	1809
33	1.11093e+006	752	480791	629864	100	60	0.740522	0.705518	39	38.4	0	19	2048	1.05901	0.911031	1809
34	1.05312e+006	652	470062	582780	100	60	0.825503	0.705518	39	38.4	0	19	2048	1.06613	0.922595	1809
35	993738	675	452576	540948	100	60	1.04482	0.705518	39	38.4	0	19	2048	1.07553	0.954624	1809
36	966913	755	449281	517632	100	60	1.3648	0.705518	39	38.4	0	19	2048	1.09285	0.99241	1809
37	965868	896	456490	509378	100	60	1.8923	0.705518	39	38.4	0	19	2048	1.10757	1.01002	1809
38	927065	1054	443096	483969	100	60	2.49554	0.705518	39	38.4	0	19	2048	1.11796	1.03776	1809
39	887990	827	428847	459143	100	60	2.54393	0.705518	39	38.4	0	19	2048	1.13151	1.05346	1809
40	605306	723	153313	451993	100	60	2.59082	0.705518	39	38.4	299904	19	2048	1.13764	1.06706	1809
41	627131	613	203908	423224	100	60	2.6316	0.705518	39	38.4	299904	19	2048	1.15823	1.07937	1809
42	645403	538	249300	396103	100	60	2.72444	0.705518	39	38.4	299904	19	2048	1.19048	1.10953	1809
43	643299	472	274419	368880	100	60	2.83537	0.705518	39	38.4	299904	19	2048	1.23251	1.12383	1809
44	638503	431	288503	350000	100	60	2.79074	0.705518	39	38.4	299904	19	2048	1.26569	1.16154	1809
45	616180	381	287586	328595	100	60	2.77944	0.705518	39	38.4	299904	19	2048	1.29369	1.18768	1809
46	601664	343	282615	309536	100	60	2.74527	0.705518	39	38.4	299904	19	2048	1.31694	1.22112	1809
47	595859	330	280442	299001	100	60	2.82784	0.705518	39	38.4	299904	19	2048	1.32143	1.20619	1809
48	605948	318	288297	300017	100	60	2.88356	0.705518	39	38.4	299904	19	2048	1.32268	1.20652	1809
49	585938	297	281171	287336	100	60	2.8928	0.705518	39	38.4	299904	19	2048	1.31379	1.19685	1809
50	553663	273	267724	270194	100	60	2.97963	0.705518	39	38.4	299904	19	2048	1.31395	1.18341	1809
51	493979	243	246980	246999	100	60	3.00944	0.705518	39	38.4	299904	19	2048	1.32143	1.18408	1809
52	283199	215	55448.9	227750	100	60	0.130038	0.705518	39	38.4	368524	19	2048	1.00567	0.921811	1809
53	437786	197	139021	298765	100	60	0.0904173	0.705518	39	38.4	368524	19	2048	1.00407	0.925009	1809
54	623570	174	232972	390599	100	60	0.0852434	0.705518	39	38.4	368524	19	2048	1.00376	0.93024	1809
55	662911	159	259898	403013	100	60	0.0899427	0.705518	39	38.4	368524	19	2048	1.00463	0.938394	1809
56	663648	146	271909	391739	100	60	0.103851	0.705518	39	38.4	368524	19	2048	1.00604	0.952842	1809
57	720571	2582	308687	411884	100	60	1.44209	0.705518	39	38.4	368524	19	2048	1.0083	0.960398	1809
58	779721	2431	341223	438499	100	60	1.7407	0.705518	39	38.4	368524	19	2048	1.01075	0.967513	1809
59	828747	2000	367030	461718	100	60	1.96358	0.705518	39	38.4	368524	19	2048	1.01379	0.968113	1809
60	651878	1734	188958	462920	100	60	2.049	0.705518	39	38.4	368524	19	2048	1.10799	1.13578	1809
61	694066	1338	256810	436919	100	60	1.22663	0.705518	39	38.4	0	19	2048	1.05451	0.99763	1809
62	729128	1078	299620	429068	100	60	0.988673	0.705518	39	38.4	0	19	2048	1.03869	0.975604	1809
63	775868	884	336789	438629	100	60	0.891294	0.705518	39	38.4	0	19	2048	1.03246	0.965271	1809
64	816426	731	364428	451577	100	60	0.884375	0.705518	39	38.4	0	19	2048	1.0332	0.962281	1809
65	833547	657	378803	454472	100	60	0.946798	0.705518	39	38.4	0	19	2048	1.03494	0.964012	1809
66	863799	1278	396934	466865	100	60	1.87438	0.705518	39	38.4	0	19	2048	1.03898	0.97225	1809
67	881650	1274	410295	471355	100	60	2.13454	0.705518	39	38.4	0	19	2048	1.04207	0.972559	1809
68	855278	1276	401616	453662	100	60	2.41375	0.705518	39	38.4	0	19	2048	1.04327	0.971315	1809
69	850372	1056	404698	445674	100	60	2.43657	0.705518	39	38.4	0	19	2048	1.04531	0.972115	1809
70	594874	835	184342	410532	100	60	2.42655	0.705518	39	38.4	225534	19	2048	1.05359	0.985348	1809
71	599550	696	223922	375627	100	60	2.46663	0.705518	39	38.4	225534	19	2048	1.06996	0.995595	1809
72	616044	605	259596	356447	100	60	2.47894	0.705518	39	38.4	225534	19	2048	1.07092	0.986555	1809
73	635416	544	287324	348092	100	60	2.57749	0.705518	39	38.4	225534	19	2048	1.08169	0.994382	1809
74	643698	503	302661	341038	100	60	2.66205	0.705518	39	38.4	225534	19	2048	1.10877	1.01623	1809
75	612864	435	295433	317431	100	60	2.71744	0.705518	39	38.4	225534	19	2048	1.14659	1.05463	1809
76	567590	375	274161	283908	100	60	2.72222	0.705518	39	38.4	225534	19	2048	1.16547	1.06077	1809
77	544773	346	263598	265001	100	60	2.76979	0.705518	39	38.4	225534	19	2048	1.19178	1.09309	1809
78	523298	315	254596	252583	100	60	2.78537	0.705518	39	38.4	225534	19	2048	1.18429	1.07261	1809
79	474621	278	232315	227678	100	60	2.85625	0.705518	39	38.4	225534	19	2048	1.17544	1.04528	1809
80	460430	264	226079	220779	100	60	2.91568	0.705518	39	38.4	225534	19	2048	1.17939	1.02846	1809
81	392409	230	199617	192792	100	60	2.91133	0.705518	39	38.4	225534	19	2048	1.17699	1.03318	1809
82	242485	216	55899.3	186585	100	60	0.108002	0.705518	39	38.4	374090	19	2048	1.00315	0.900096	1809
83	419882	197	142761	277121	100	60	0.0800621	0.705518	39	38.4	374090	19	2048	1.00239	0.901248	1809
84	626935	182	238796	388139	100	60	0.0785373	0.705518	39	38.4	374090	19	2048	1.00276	0.907341	1809
85	659167	158	261047	398120	100	60	0.0795595	0.705518	39	38.4	374090	19	2048	1.00291	0.925087	1809
86	619250	135	255479	363771	100	60	0.0838144	0.705518	39	38.4	374090	19	2048	1.00372	0.933922	1809
87	646867	2474	278800	368066	100	60	1.2818	0.705518	39	38.4	374090	19	2048	1.00499	0.937926	1809
88	729324	2366	320939	408385	100	60	1.52991	0.705518	39	38.4	374090	19	2048	1.00623	0.94036	1809
89	777819	2045	346137	431682	100	60	1.8201	0.705518	39	38.4	374090	19	2048	1.00965	0.946588	1809
90	625410	1799	182392	443018	100	60	1.92378	0.705518	38	38.4	374090	19	2048	1.07883	1.07155	1809
91	686615	1428	256296	429843	100	60	1.14531	0.705518	39	38.4	0	19	2048	1.03654	0.952826	1809
92	751502	1209	310823	439966	100	60	0.977935	0.705518	39	38.4	0	19	2048	1.02433	0.932072	1809
93	820023	1019	357445	461846	100	60	0.881263	0.705518	39	38.4	0	19	2048	1.02079	0.927867	1809
94	884146	876	394683	488741	100	60	0.915967	0.705518	39	38.4	0	19	2048	1.01917	0.927244	1809
95	884673	757	401793	482192	100	60	0.957321	0.705518	39	38.4	0	19	2048	1.01922	0.932809	1809
96	892586	1427	411873	480713	100	60	1.84315	0.705518	39	38.4	0	19	2048	1.02176	0.935834	1809
97	682687	1426	203567	479120	100	60	2.08527	0.705518	39	38.4	0	19	2048	1.02189	0.937111	1809
98	717689	1310	262784	454905	100	60	2.2939	0.705518	39	38.4	0	19	2048	1.02656	0.935434	1809
99	776132	1124	321231	454900	100	60	2.30811	0.705518	39	38.4	0	19	2048	1.03097	0.93991	1809
100	640572	947	205878	434694	100	60	2.32544	0.705518	39	38.4	155124	19	2048	1.03587	0.948882	1809
101	682968	849	261889	421078	100	60	2.39587	0.705518	39	38.4	155124	19	2048	1.0377	0.945303	1809
102	701508	757	299837	401671	100	60	2.45134	0.705518	39	38.4	155124	19	2048	1.04705	0.957333	1809
103	682915	646	310572	372343	100	60	2.49447	0.705518	39	38.4	155124	19	2048	1.06634	0.970266	1809
104	667281	578	316752	350529	100	60	2.52601	0.705518	39	38.4	155124	19	2048	1.0942	1.00703	1809
105	666329	545	323897	342432	100	60	2.57948	0.705518	39	38.4	155124	19	2048	1.09236	1.00187	1809
106	654076	501	317596	326122	100	60	2.64781	0.705518	39	38.4	155124	19	2048	1.10364	1.0122	1809
107	611125	440	295750	297851	100	60	2.68063	0.705518	39	38.4	155124	19	2048	1.11966	1.02564	1809
108	611756	423	297290	296106	100	60	2.7268	0.705518	39	38.4	155124	19	2048	1.12073	1.01716	1809
109	579164	386	283022	278257	100	60	2.73221	0.705518	39	38.4	155124	19	2048	1.14031	1.02717	1809
110	515358	334	253669	246222	100	60	2.74939	0.705518	39	38.4	155124	19	2048	1.14414	1.01258	1809
111	444689	293	226317	218372	100	60	2.76599	0.705518	39	38.4	155124	19	2048	1.14634	1.01832	1809
112	270661	263	67949.1	202712	100	60	0.112629	0.705518	39	38.4	313937	19	2048	1.00279	0.914423	1809
113	396541	250	83558.7	312982	100	60	0.0897285	0.705518	39	38.4	313937	19	2048	1.00241	0.91227	1809
114	578658	233	171694	406964	100	60	0.0802176	0.705518	39	38.4	313937	19	2048	1.00228	0.912009	1809
115	507442	210	94841.1	412601	100	60	0.0848171	0.705518	39	38.4	313937	19	2048	1.00242	0.919796	1809
116	479480	165	129215	350265	100	60	0.0849792	0.705518	39	38.4	313937	19	2048	1.00276	0.923463	1809
117	545959	2326	186319	359640	100	60	1.0582	0.705518	39	38.4	313937	19	2048	1.0038	0.927318	1809
118	638818	2350	246576	392243	100	60	1.4279	0.705518	39	38.4	313937	19	2048	1.00511	0.925251	1809
119	714377	2286	293257	421119	100	60	1.75656	0.705518	39	38.4	313937	19	2048	1.00633	0.927488	1809
120	507749	2024	76589.3	431160	100	60	1.94741	0.705518	36	38.4	313937	19	2048	1.0592	1.01583	1809
121	534148	1572	140872	392679	100	60	0.923513	0.705518	39	38.4	0	19	2048	1.02091	0.941653	1809
122	641975	1326	222881	418446	100	60	0.779254	0.705518	39	38.4	0	19	2048	1.01356	0.935054	1809
123	750893	1076	298226	451613	100	60	0.705291	0.705518	39	38.4	0	19	2048	1.01224	0.932929	1809
124	842768	912	354497	487243	100	60	0.75333	0.705518	39	38.4	0	19	2048	1.01304	0.934513	1809
125	881426	819	383604	496876	100	60	0.834706	0.705518	39	38.4	0	19	2048	1.01479	0.93429	1809
126	890178	1671	399177	491001	100	60	1.70898	0.705518	39	38.4	0	19	2048	1.0178	0.940461	1809
127	880072	1528	403735	476337	100	60	1.84058	0.705518	39	38.4	0	19	2048	1.01844	0.933333	1809
128	907625	1452	423458	484168	100	60	2.07723	0.705518	39	38.4	0	19	2048	1.01993	0.939667	1809
129	906059	1217	428926	477133	100	60	2.11311	0.705518	39	38.4	0	19	2048	1.02351	0.941957	1809
130	683750	1017	230789	452961	100	60	2.19936	0.705518	39	38.4	203640	19	2048	1.03487	0.959285	1809
131	713683	898	278150	435533	100	60	2.29201	0.705518	39	38.4	203640	19	2048	1.0504	0.975169	1809
132	572294	805	155946	416348	100	60	2.40387	0.705518	39	38.4	203640	19	2048	1.0468	0.966123	1809
133	598072	723	209119	388953	100	60	2.46538	0.705518	39	38.4	203640	19	2048	1.05475	0.966434	1809
134	480470	640	123213	357257	100	60	2.58267	0.705518	39	38.4	203640	19	2048	1.0593	0.966719	1809
135	512168	591	172823	339345	100	60	2.61313	0.705518	39	38.4	203640	19	2048	1.08716	0.989637	1809
136	566844	570	224288	333279	100	60	2.64618	0.705518	39	38.4	203640	19	2048	1.09609	1.00719	1809
137	564444	506	243790	307136	100	60	2.68523	0.705518	39	38.4	203640	19	2048	1.09294	0.995968	1809
138	566375	461	257093	293398	100	60	2.70127	0.705518	39	38.4	203640	19	2048	1.09504	0.988914	1809
139	563773	429	263393	284470	100	60	2.72261	0.705518	39	38.4	203640	19	2048	1.09459	1	1809
140	547316	398	260708	272000	100	60	2.73729	0.705518	39	38.4	203640	19	2048	1.10149	1.00796	1809
141	509883	367	252328	257555	100	60	2.75202	0.705518	39	38.4	203640	19	2048	1.09485	1.0087	1809
142	326253	329	87076.5	239176	100	60	0.142949	0.705518	39	38.4	370200	19	2048	1.00274	0.936714	1809
143	436565	319	92050.5	344514	100	60	0.116309	0.705518	39	38.4	370200	19	2048	1.00217	0.934404	1809
144	601446	276	178940	422506	100	60	0.0964431	0.705518	39	38.4	370200	19	2048	1.00207	0.935569	1809
145	634477	233	215212	419265	100	60	0.0968889	0.705518	39	38.4	370200	19	2048	1.00229	0.936593	1809
146	590657	191	220617	370040	100	60	0.0998267	0.705518	39	38.4	370200	19	2048	1.00261	0.938856	1809
147	648589	2296	263639	384949	100	60	1.10028	0.705518	39	38.4	370200	19	2048	1.00448	0.944099	1809
148	731531	2279	313530	418001	100	60	1.3912	0.705518	39	38.4	370200	19	2048	1.00614	0.942778	1809
149	789410	2085	347015	442395	100	60	1.78698	0.705518	39	38.4	370200	19	2048	1.00897	0.940324	1809
150	626875	1773	181233	445642	100	60	1.91341	0.705518	34	38.4	370200	19	2048	1.08582	1.07875	1809
151	703226	1467	262018	440356	100	60	1.03239	0.705518	39	38.4	0	19	2048	1.03486	0.9725	1809
152	602160	1201	152337	449072	100	60	0.843404	0.705518	39	38.4	0	19	2048	1.0244	0.954522	1809
153	700937	998	241078	458713	100	60	0.677162	0.705518	39	38.4	0	19	2048	1.01584	0.944728	1809
154	653901	874	156726	496719	100	60	0.724498	0.705518	39	38.4	0	19	2048	1.01617	0.94408	1809
155	737567	833	236507	500649	100	60	0.823314	0.705518	39	38.4	0	19	2048	1.01997	0.94734	1809
156	768223	1639	289672	478552	100	60	1.61579	0.705518	39	38.4	0	19	2048	1.02427	0.948877	1809
157	802073	1594	332571	469502	100	60	1.78561	0.705518	39	38.4	0	19	2048	1.02715	0.957746	1809
158	858705	1553	376459	482246	100	60	2.03135	0.705518	39	38.4	0	19	2048	1.03167	0.959583	1809
159	853161	1243	387267	465894	100	60	2.08547	0.705518	39	38.4	0	19	2048	1.04083	0.964199	1809
160	677052	1022	233398	443654	100	60	2.15777	0.705518	39	38.4	171460	19	2048	1.05013	0.968348	1809
161	696300	889	276944	419355	100	60	2.27539	0.705518	39	38.4	171460	19	2048	1.05973	0.980616	1809
162	703123	778	307729	395394	100	60	2.35787	0.705518	39	38.4	171460	19	2048	1.0692	0.985677	1809
163	681964	671	315968	365996	100	60	2.40878	0.705518	39	38.4	171460	19	2048	1.08551	0.996974	1809
164	642741	582	309207	333534	100	60	2.43946	0.705518	39	38.4	171460	19	2048	1.09929	1.01576	1809
165	608240	510	298449	309791	100	60	2.52562	0.705518	39	38.4	171460	19	2048	1.10403	1.012	1809
166	559057	440	273229	276671	100	60	2.55012	0.705518	39	38.4	171460	19	2048	1.11423	1.02594	1809
167	533698	397	258186	260180	100	60	2.60771	0.705518	39	38.4	171460	19	2048	1.14353	1.05512	1809
168	496024	351	241492	239516	100	60	2.61718	0.705518	39	38.4	171460	19	2048	1.14706	1.0506	1809
169	488223	333	238869	234430	100	60	2.67047	0.705518	39	38.4	171460	19	2048	1.13833	1.03459	1809
170	458996	304	225619	219825	100	60	2.6582	0.705518	39	38.4	171460	19	2048	1.12579	1.00342	1809
171	400927	268	204479	196448	100	60	2.6512	0.705518	39	38.4	171460	19	2048	1.13214	1.01544	1809
172	249252	238	65934.6	183318	100	60	0.106367	0.705518	39	38.4	309410	19	2048	1.00244	0.924257	1809
173	435938	205	155939	279999	100	60	0.0765379	0.705518	39	38.4	309410	19	2048	1.00174	0.921453	1809
174	633449	194	246258	387191	100	60	0.0770041	0.705518	39	38.4	309410	19	2048	1.00201	0.923259	1809
175	677101	177	270569	406533	100	60	0.0814923	0.705518	39	38.4	309410	19	2048	1.00204	0.930503	1809
176	623272	157	258504	364768	100	60	0.0880625	0.705518	39	38.4	309410	19	2048	1.00229	0.937551	1809
177	485607	2593	117612	367995	100	60	1.22686	0.705518	39	38.4	309410	19	2048	1.00359	0.942413	1809
178	562397	2359	184679	377718	100	60	1.44155	0.705518	39	38.4	309410	19	2048	1.00472	0.942448	1809
179	658784	2096	250011	408773	100	60	1.76877	0.705518	39	38.4	309410	19	2048	1.00678	0.943519	1809
180	586349	1948	150457	435891	100	60	2.02726	0.705518	36	38.4	309410	19	2048	1.07094	1.04745	1809
181	653249	1581	230374	422428	100	60	1.03551	0.705518	39	38.4	0	19	2048	1.02553	0.95339	1809
182	730877	1302	291827	438396	100	60	0.861702	0.705518	39	38.4	0	19	2048	1.01711	0.946929	1809
183	795655	1072	339215	455640	100	60	0.760293	0.705518	39	38.4	0	19	2048	1.0127	0.940153	1809
184	851650	863	372915	478097	100	60	0.743512	0.705518	39	38.4	0	19	2048	1.01242	0.939659	1809
185	888943	786	397386	490975	100	60	0.830789	0.705518	39	38.4	0	19	2048	1.01474	0.943906	1809
186	698246	1647	196656	501590	100	60	1.67733	0.705518	39	38.4	0	19	2048	1.01989	0.951397	1809
187	602697	1557	121780	480917	100	60	1.86693	0.705518	39	38.4	0	19	2048	1.02112	0.957854	1809
188	642749	1479	191288	451461	100	60	2.09399	0.705518	39	38.4	0	19	2048	1.02396	0.96309	1809
189	702178	1263	260018	442159	100	60	2.16101	0.705518	39	38.4	0	19	2048	1.02726	0.960769	1809
190	663864	1110	226927	436937	100	60	2.28008	0.705518	39	38.4	96407	19	2048	1.03376	0.97083	1809
191	659747	925	261166	398581	100	60	2.38865	0.705518	39	38.4	96407	19	2048	1.0402	0.975983	1809
192	688763	840	299164	389599	100	60	2.42694	0.705518	39	38.4	96407	19	2048	1.05214	0.985577	1809
193	664294	718	303199	361096	100	60	2.46428	0.705518	39	38.4	96407	19	2048	1.06958	1.00142	1809
194	658697	645	310992	347705	100	60	2.45602	0.705518	39	38.4	96407	19	2048	1.08417	1.00945	1809
195	475929	574	150975	324953	100	60	2.4897	0.705518	39	38.4	96407	19	2048	1.0879	1.01235	1809
196	483960	510	183026	293179	100	60	2.50932	0.705518	39	38.4	96407	19	2048	1.09226	1.00792	1809
197	497100	459	211999	273754	100	60	2.54828	0.705518	39	38.4	96407	19	2048	1.09793	1.01325	1809
198	380140	423	117037	260584	100	60	2.59758	0.705518	39	38.4	96407	19	2048	1.09895	1.01202	1809
199	311928	379	75399.5	235185	100	60	2.66202	0.705518	39	38.4	96407	19	2048	1.10244	1.01348	1809
200	350136	366	118659	230149	100	60	2.70014	0.705518	39	38.4	96407	19	2048	1.11458	1.03081	1809
201	355942	332	145339	210603	100	60	2.70365	0.705518	39	38.4	96407	19	2048	1.13372	1.04984	1809
202	290870	319	82011.2	208859	100	60	0.324904	0.705518	39	38.4	189129	19	2048	1.00874	1.00211	1809
203	338485	267	123813	214671	100	60	0.213914	0.705518	39	38.4	189129	19	2048	1.00595	1.00178	1809
204	386878	234	104900	281978	100	60	0.186981	0.705518	39	38.4	189129	19	2048	1.00554	1.00112	1809
205	575950	213	201014	374936	100	60	0.170766	0.705518	39	38.4	189129	19	2048	1.00449	1.00025	1809
206	700890	192	269286	431604	100	60	0.183746	0.705518	39	38.4	189129	19	2048	1.00439	0.999499	1809
207	711918	1995	289732	422186	100	60	1.2092	0.705518	39	38.4	189129	19	2048	1.00607	1.00077	1809
208	576242	1870	145700	430542	100	60	1.36295	0.705518	39	38.4	189129	19	2048	1.00786	1.00375	1809
209	622177	1729	208684	413494	100	60	1.50582	0.705518	39	38.4	189129	19	2048	1.00981	1.00685	1809
210	566825	1691	139000	427826	100	60	1.55545	0.705518	32	38.4	189129	19	2048	1.13828	1.23575	1809
211	641472	1430	225202	413727	100	60	1.45308	0.705518	39	38.4	0	19	2048	1.1129	1.13296	1809
212	681220	1190	280175	398128	100	60	1.40572	0.705518	39	38.4	0	19	2048	1.09063	1.08663	1809
213	708415	999	315819	388722	100	60	1.36352	0.705518	39	38.4	0	19	2048	1.06602	1.05069	1809
214	734476	857	343851	386993	100	60	1.39144	0.705518	39	38.4	0	19	2048	1.06329	1.03895	1809
215	791320	857	379828	408251	100	60	1.55356	0.705518	39	38.4	0	19	2048	1.06943	1.04392	1809
216	805038	1051	394503	410535	100	60	1.95892	0.705518	39	38.4	0	19	2048	1.0743	1.04212	1809
217	596957	1012	194098	402859	100	60	2.14499	0.705518	39	38.4	0	19	2048	1.07784	1.04026	1809
218	626877	978	249816	377060	100	60	2.30084	0.705518	39	38.4	0	19	2048	1.0876	1.04632	1809
219	637326	832	285489	351837	100	60	2.25858	0.705518	39	38.4	0	19	2048	1.09605	1.05283	1809
220	483414	740	145681	337733	100	60	2.24143	0.705518	39	38.4	7596.07	19	2048	1.1087	1.07163	1809
221	399900	656	93785.5	306114	100	60	2.24278	0.705518	39	38.4	7596.07	19	2048	1.11264	1.07621	1809
222	361872	608	72543.2	289329	100	60	2.24731	0.705518	39	38.4	7596.07	19	2048	1.11791	1.08221	1809
223	363406	522	112848	250557	100	60	2.20943	0.705518	39	38.4	7596.07	19	2048	1.1331	1.09823	1809
224	387935	471	156689	231246	100	60	2.2056	0.705518	39	38.4	7596.07	19	2048	1.1581	1.13216	1809
225	406346	429	188450	217895	100	60	2.21112	0.705518	39	38.4	7596.07	19	2048	1.17841	1.15572	1809
226	406342	388	197125	202939	100	60	2.2272	0.705518	39	38.4	7596.07	19	2048	1.18272	1.15676	1809
227	404217	364	199691	194150	100	60	2.19074	0.705518	39	38.4	7596.07	19	2048	1.20899	1.17479	1809
228	378850	323	190509	178431	100	60	2.14104	0.705518	39	38.4	7596.07	19	2048	1.21829	1.16505	1809
229	341734	278	173490	159166	100	60	2.2174	0.705518	39	38.4	7596.07	19	2048	1.21754	1.15649	1809
230	324632	253	166243	150221	100	60	2.21864	0.705518	39	38.4	7596.07	19	2048	1.22311	1.17447	1809
231	293475	221	154683	138791	100	60	2.21869	0.705518	39	38.4	7596.07	19	2048	1.23529	1.18841	1809
232	187907	185	67774.9	120132	100	60	0.0700712	0.705518	39	38.4	85468.4	19	2048	1.00265	1.00175	1809
233	427306	181	168889	258417	100	60	0.0613946	0.705518	39	38.4	85468.4	19	2048	1.00233	1.00144	1809
234	591770	143	237491	354279	100	60	0.051737	0.705518	39	38.4	85468.4	19	2048	1.00227	1.00131	1809
235	590987	135	243048	347940	100	60	0.0579622	0.705518	38	38.4	85468.4	19	2048	1.00247	1.00177	1809
236	559370	129	239590	319780	100	60	0.0663698	0.705518	38	38.4	85468.4	19	2048	1.00273	1.00282	1809
237	615419	2591	273299	342120	100	60	1.09439	0.705518	38	38.4	85468.4	19	2048	1.00448	1.00522	1809
238	690135	2339	311594	378541	100	60	1.28393	0.705518	38	38.4	85468.4	19	2048	1.00548	1.00557	1809
239	739360	1965	338793	400567	100	60	1.4698	0.705518	38	38.4	85468.4	19	2048	1.0081	1.00803	1809
240	582215	1831	177138	405076	100	60	1.68119	0.705518	34	38.4	85468.4	19	2048	1.07421	1.12753	1809
241	628279	1458	247077	379154	100	60	0.86285	0.705518	39	38.4	0	19	2048	1.02607	1.02585	1809
242	546954	1206	148111	397809	100	60	0.695688	0.705518	39	38.4	0	19	2048	1.01695	1.01394	1809
243	651930	1020	236653	413055	100	60	0.577029	0.705518	39	38.4	0	19	2048	1.01078	1.00644	1809
244	749640	860	307462	439792	100	60	0.595856	0.705518	39	38.4	0	19	2048	1.01119	1.0061	1809
245	782098	768	341888	438205	100	60	0.651769	0.705518	39	38.4	0	19	2048	1.01414	1.00665	1809
246	817541	1642	372778	444764	100	60	1.30806	0.705518	39	38.4	0	19	2048	1.01805	1.0101	1809
247	822714	1604	387004	435710	100	60	1.49002	0.705518	39	38.4	0	19	2048	1.01901	1.01452	1809
248	616001	1568	188141	427860	100	60	1.77249	0.705518	39	38.4	0	19	2048	1.02375	1.01923	1809
249	524290	1309	118321	405969	100	60	1.83944	0.705518	39	38.4	0	19	2048	1.025	1.02219	1809
250	458637	1111	87188.5	371448	100	60	1.92876	0.705518	39	38.4	80.5967	19	2048	1.03408	1.03246	1809
251	499358	989	151499	347859	100	60	2.02934	0.705518	39	38.4	80.5967	19	2048	1.04195	1.0334	1809
252	540653	868	212661	327991	100	60	2.07372	0.705518	39	38.4	80.5967	19	2048	1.04615	1.0394	1809
253	549097	746	247103	301993	100	60	2.12046	0.705518	39	38.4	80.5967	19	2048	1.06132	1.05256	1809
254	536319	642	257718	278601	100	60	2.16279	0.705518	39	38.4	80.5967	19	2048	1.08378	1.07668	1809
255	530656	584	264612	266044	100	60	2.19543	0.705518	39	38.4	80.5967	19	2048	1.09524	1.0829	1809
256	502759	516	252583	242774	100	60	2.19455	0.705518	39	38.4	80.5967	19	2048	1.10508	1.09961	1809
257	471894	459	237799	221809	100	60	2.16954	0.705518	39	38.4	80.5967	19	2048	1.11577	1.10793	1809
258	443034	405	224840	206297	100	60	2.18701	0.705518	39	38.4	80.5967	19	2048	1.11111	1.095	1809
259	421562	365	215462	194568	100	60	2.21691	0.705518	39	38.4	80.5967	19	2048	1.11139	1.08564	1809
260	278975	323	99979.8	177188	100	60	2.21173	0.705518	39	38.4	80.5967	19	2048	1.11272	1.09148	1809
261	277351	290	118191	159160	100	60	2.14485	0.705518	39	38.4	80.5967	19	2048	1.14984	1.12411	1809
262	233651	265	89429.5	144221	100	60	0.143844	0.705518	39	38.4	48061.2	19	2048	1.00427	1.00258	1809
263	360419	234	148144	212275	100	60	0.105761	0.705518	39	38.4	48061.2	19	2048	1.00345	1.00197	1809
264	449102	211	121639	327462	100	60	0.0997685	0.705518	39	38.4	48061.2	19	2048	1.00334	1.0017	1809
265	574138	197	187377	386761	100	60	0.0946361	0.705518	39	38.4	48061.2	19	2048	1.0032	1.00182	1809
266	599199	192	216166	383034	100	60	0.109916	0.705518	38	38.4	48061.2	19	2048	1.00419	1.00311	1809
267	613042	2245	245425	367617	100	60	0.81607	0.705518	37	38.4	48061.2	19	2048	1.00546	1.00452	1809
268	688142	2061	297902	390240	100	60	0.947808	0.705518	37	38.4	48061.2	19	2048	1.00595	1.00395	1809
269	739019	1771	334215	404803	100	60	1.12667	0.705518	37	38.4	48061.2	19	2048	1.00747	1.00656	1809
270	589453	1665	180801	408653	100	60	1.28238	0.705518	33	38.4	48061.2	19	2048	1.11391	1.19771	1809
271	646733	1371	258574	384875	100	60	1.01618	0.705518	39	38.4	0	19	2048	1.06787	1.07932	1809
272	688716	1126	308918	375559	100	60	0.899472	0.705518	39	38.4	0	19	2048	1.04129	1.03962	1809
273	721773	963	345444	371167	100	60	0.85684	0.705518	39	38.4	0	19	2048	1.02975	1.02349	1809
274	759830	816	373778	381479	100	60	0.857734	0.705518	39	38.4	0	19	2048	1.02428	1.01681	1809
275	811545	773	403922	403519	100	60	0.947416	0.705518	39	38.4	0	19	2048	1.0284	1.01624	1809
276	825358	1259	414284	411074	100	60	1.40981	0.705518	39	38.4	0	19	2048	1.03058	1.01822	1809
277	816198	1280	411769	404430	100	60	1.5428	0.705518	39	38.4	0	19	2048	1.03518	1.02363	1809
278	772693	1180	393896	378798	100	60	1.57734	0.705518	39	38.4	0	19	2048	1.03651	1.03245	1809
279	743056	986	384410	358646	100	60	1.57538	0.705518	39	38.4	0	19	2048	1.04512	1.04601	1809
280	665964	901	312163	353802	100	60	1.58169	0.705518	39	38.4	84626.5	19	2048	1.06183	1.0648	1809
281	677530	823	334440	343090	100	60	1.62819	0.705518	39	38.4	84626.5	19	2048	1.06238	1.06227	1809
282	658224	747	335370	322853	100	60	1.6362	0.705518	39	38.4	84626.5	19	2048	1.08839	1.09852	1809
283	632377	677	329059	303318	100	60	1.6775	0.705518	39	38.4	84626.5	19	2048	1.12357	1.12687	1809
284	612642	627	322843	289799	100	60	1.70563	0.705518	39	38.4	84626.5	19	2048	1.13937	1.13086	1809
285	421895	572	150298	271598	100	60	1.7071	0.705518	39	38.4	84626.5	19	2048	1.15064	1.13499	1809
286	452055	537	188623	258031	100	60	1.70184	0.705518	39	38.4	84626.5	19	2048	1.18891	1.1692	1809
287	443342	475	205456	229979	100	60	1.70891	0.705518	39	38.4	84626.5	19	2048	1.19643	1.17211	1809
288	456280	453	224016	222324	100	60	1.72231	0.705518	39	38.4	84626.5	19	2048	1.19616	1.17281	1809
289	440699	416	223355	207669	100	60	1.74182	0.705518	39	38.4	84626.5	19	2048	1.20331	1.17391	1809
290	407798	376	210641	188569	100	60	1.72319	0.705518	39	38.4	84626.5	19	2048	1.23118	1.1971	1809
291	262797	326	94860.7	167937	100	60	1.702	0.705518	39	38.4	84626.5	19	2048	1.25472	1.21695	1809
292	278354	323	112167	166186	100	60	0.0907217	0.705518	38	38.4	99620.8	19	2048	1.00431	0.994515	1809
293	505801	279	207086	298715	100	60	0.0790323	0.705518	38	38.4	99620.8	19	2048	1.00368	0.994054	1809
294	624871	248	258181	366690	100	60	0.0757266	0.705518	37	38.4	99620.8	19	2048	1.00399	0.996601	1809
295	598930	228	256199	342731	100	60	0.0855962	0.705518	37	38.4	99620.8	19	2048	1.00463	1.00018	1809
296	575760	210	256970	318789	100	60	0.0952638	0.705518	37	38.4	99620.8	19	2048	1.00504	1.00172	1809
297	656642	2442	302455	354187	100	60	0.949538	0.705518	37	38.4	99620.8	19	2048	1.00849	1.00411	1809
298	731795	2050	341952	389843	100	60	1.06323	0.705518	37	38.4	99620.8	19	2048	1.01065	1.00762	1809
299	762133	1815	359641	402492	100	60	1.23216	0.705518	37	38.4	99620.8	19	2048	1.01594	1.01277	1809
300	581757	1687	184557	397200	100	60	1.40493	0.705518	35	38.4	99620.8	19	2048	1.09243	1.14815	1809
301	626466	1357	254933	368988	100	60	0.649342	0.705518	39	38.4	0	19	2048	1.02677	1.01829	1809
302	697365	1104	310458	383655	100	60	0.518054	0.705518	39	38.4	0	19	2048	1.01679	1.00676	1809
303	775002	926	358474	412744	100	60	0.467712	0.705518	39	38.4	0	19	2048	1.01038	0.999747	1809
304	839108	831	393408	442097	100	60	0.518382	0.705518	39	38.4	0	19	2048	1.01105	0.999474	1809
305	822471	749	392276	427059	100	60	0.576232	0.705518	39	38.4	0	19	2048	1.01269	1.00027	1809
306	813670	1599	396444	417226	100	60	1.16899	0.705518	39	38.4	0	19	2048	1.01452	1.00121	1809
307	585696	1516	186328	399368	100	60	1.30482	0.705518	39	38.4	0	19	2048	1.01435	1	1809
308	636909	1494	248648	388261	100	60	1.54036	0.705518	39	38.4	0	19	2048	1.01708	1.00471	1809
309	665734	1233	293925	371809	100	60	1.61216	0.705518	39	38.4	0	19	2048	1.02366	1.01222	1809
310	672737	1100	298867	373870	100	60	1.68336	0.705518	39	38.4	41677.6	19	2048	1.03532	1.03011	1809
311	646006	914	307924	338081	100	60	1.72238	0.705518	39	38.4	41677.6	19	2048	1.04823	1.0451	1809
312	631856	796	315358	316498	100	60	1.73572	0.705518	39	38.4	41677.6	19	2048	1.05377	1.05183	1809
313	628693	725	323088	305605	100	60	1.76506	0.705518	39	38.4	41677.6	19	2048	1.07459	1.07341	1809
314	430192	642	151869	278322	100	60	1.76013	0.705518	39	38.4	41677.6	19	2048	1.09446	1.09546	1809
315	452249	591	193319	258930	100	60	1.77738	0.705518	39	38.4	41677.6	19	2048	1.10355	1.0976	1809
316	433771	503	203243	224338	100	60	1.81238	0.705518	39	38.4	41677.6	19	2048	1.11879	1.11336	1809
317	448457	474	222141	215886	100	60	1.81549	0.705518	39	38.4	41677.6	19	2048	1.13153	1.12258	1809
318	310914	423	111677	197457	100	60	1.85758	0.705518	39	38.4	41677.6	19	2048	1.11186	1.10462	1809
319	314404	372	133760	175599	100	60	1.82728	0.705518	39	38.4	41677.6	19	2048	1.14103	1.12778	1809
320	313746	332	149467	159722	100	60	1.83887	0.705518	39	38.4	41677.6	19	2048	1.1474	1.13522	1809
321	299333	297	153037	146296	100	60	1.85559	0.705518	39	38.4	41677.6	19	2048	1.18874	1.175	1809
322	239061	267	104193	134868	100	60	0.0979519	0.705518	39	38.4	92374.8	19	2048	1.00332	0.996856	1809
323	437895	240	187691	250204	100	60	0.0795767	0.705518	39	38.4	92374.8	19	2048	1.00258	0.995923	1809
324	610046	202	257388	352658	100	60	0.0718785	0.705518	38	38.4	92374.8	19	2048	1.0026	0.997564	1809
325	635380	187	270339	365040	100	60	0.0774324	0.705518	38	38.4	92374.8	19	2048	1.00313	1.00025	1809
326	592365	170	259253	333112	100	60	0.083761	0.705518	38	38.4	92374.8	19	2048	1.00339	1.00174	1809
327	608782	2304	275350	333432	100	60	0.869173	0.705518	38	38.4	92374.8	19	2048	1.00483	1.00428	1809
328	699300	2117	322695	376604	100	60	1.01614	0.705518	38	38.4	92374.8	19	2048	1.00638	1.00678	1809
329	756101	1858	354675	401426	100	60	1.25607	0.705518	38	38.4	92374.8	19	2048	1.00953	1.01075	1809
330	591984	1678	186583	405401	100	60	1.40342	0.705518	34	38.4	92374.8	19	2048	1.10482	1.17227	1809
331	621975	1333	250901	368511	100	60	0.779657	0.705518	39	38.4	0	19	2048	1.03761	1.03509	1809
332	692568	1139	308604	380454	100	60	0.648553	0.705518	39	38.4	0	19	2048	1.02027	1.01445	1809
333	756176	956	354169	398217	100	60	0.587676	0.705518	39	38.4	0	19	2048	1.01105	1.0026	1809
334	814334	799	387892	423198	100	60	0.584947	0.705518	39	38.4	0	19	2048	1.01016	1.00214	1809
335	848120	734	408265	437016	100	60	0.640058	0.705518	39	38.4	0	19	2048	1.01249	1.00596	1809
336	829462	1583	404541	424921	100	60	1.20465	0.705518	39	38.4	0	19	2048	1.01518	1.01247	1809
337	831572	1580	410940	420632	100	60	1.33949	0.705518	39	38.4	0	19	2048	1.01692	1.01702	1809
338	593715	1460	192995	400719	100	60	1.4635	0.705518	39	38.4	0	19	2048	1.02015	1.02068	1809
339	490066	1202	118454	371612	100	60	1.48347	0.705518	39	38.4	0	19	2048	1.02422	1.02762	1809
340	518115	1031	179314	338801	100	60	1.58759	0.705518	39	38.4	1230.6	19	2048	1.02628	1.02729	1809
341	577909	933	245377	332532	100	60	1.65073	0.705518	39	38.4	1230.6	19	2048	1.03784	1.04203	1809
342	613584	846	289780	323805	100	60	1.71454	0.705518	39	38.4	1230.6	19	2048	1.04396	1.04626	1809
343	620753	759	310217	310536	100	60	1.78021	0.705518	39	38.4	1230.6	19	2048	1.06484	1.06614	1809
344	633928	718	326662	307266	100	60	1.80766	0.705518	39	38.4	1230.6	19	2048	1.07367	1.07293	1809
345	581102	623	304901	276201	100	60	1.78657	0.705518	39	38.4	1230.6	19	2048	1.09591	1.09709	1809
346	550026	561	287601	254593	100	60	1.79088	0.705518	39	38.4	1230.6	19	2048	1.1246	1.12094	1809
347	510629	497	265182	232357	100	60	1.78117	0.705518	39	38.4	1230.6	19	2048	1.14991	1.14664	1809
348	492394	459	256846	222912	100	60	1.79953	0.705518	39	38.4	1230.6	19	2048	1.14228	1.14	1809
349	457611	416	239765	206151	100	60	1.79484	0.705518	39	38.4	1230.6	19	2048	1.15385	1.14604	1809
350	432624	388	227563	194365	100	60	1.80026	0.705518	39	38.4	1230.6	19	2048	1.16422	1.13904	1809
351	395300	359	213845	181455	100	60	1.82486	0.705518	39	38.4	1230.6	19	2048	1.1626	1.12464	1809
352	305376	332	136432	168944	100	60	0.103375	0.705518	39	38.4	71979.6	19	2048	1.00367	0.996634	1809
353	536041	314	232288	303753	100	60	0.0926948	0.705518	39	38.4	71979.6	19	2048	1.00328	0.996181	1809
354	655096	293	281336	373760	100	60	0.0917592	0.705518	39	38.4	71979.6	19	2048	1.00347	0.997816	1809
355	630350	266	275871	354480	100	60	0.10047	0.705518	39	38.4	71979.6	19	2048	1.00376	0.999044	1809
356	598619	244	270400	328219	100	60	0.108121	0.705518	39	38.4	71979.6	19	2048	1.00419	0.999849	1809
357	679116	2344	314368	364748	100	60	0.929566	0.705518	39	38.4	71979.6	19	2048	1.00691	1.00481	1809
358	759195	2109	354961	404234	100	60	1.09591	0.705518	39	38.4	71979.6	19	2048	1.01051	1.01116	1809
359	763894	1832	359753	404141	100	60	1.32265	0.705518	39	38.4	71979.6	19	2048	1.01527	1.01691	1809
360	580357	1646	183498	396860	100	60	1.47236	0.705518	36	38.4	71979.6	19	2048	1.11028	1.18315	1809
361	616253	1291	249366	364843	100	60	0.638521	0.705518	39	38.4	0	19	2048	1.02921	1.0224	1809
362	711437	1103	314043	394322	100	60	0.52044	0.705518	39	38.4	0	19	2048	1.01683	1.0084	1809
363	802130	962	368209	430585	100	60	0.498204	0.705518	39	38.4	0	19	2048	1.01157	1.00283	1809
364	834042	826	388312	442764	100	60	0.530778	0.705518	39	38.4	0	19	2048	1.01162	1.00355	1809
365	825608	747	390999	432252	100	60	0.583777	0.705518	39	38.4	0	19	2048	1.01366	1.00297	1809
366	803271	1580	387573	415697	100	60	1.18203	0.705518	39	38.4	0	19	2048	1.01684	1.00676	1809
367	809924	1607	395851	414074	100	60	1.35153	0.705518	39	38.4	0	19	2048	1.01759	1.01001	1809
368	808112	1528	398942	409170	100	60	1.56258	0.705518	39	38.4	0	19	2048	1.02286	1.01714	1809
369	787646	1250	394087	393559	100	60	1.61761	0.705518	39	38.4	0	19	2048	1.02896	1.02816	1809
370	708851	1097	323526	385325	100	60	1.69758	0.705518	39	38.4	80740.1	19	2048	1.03873	1.03941	1809
371	714138	980	344789	369349	100	60	1.75307	0.705518	39	38.4	80740.1	19	2048	1.04287	1.04615	1809
372	674695	840	337117	337578	100	60	1.79289	0.705518	39	38.4	80740.1	19	2048	1.05596	1.0537	1809
373	609542	700	310964	298578	100	60	1.81781	0.705518	39	38.4	80740.1	19	2048	1.07478	1.07163	1809
374	609775	658	315817	293958	100	60	1.87379	0.705518	39	38.4	80740.1	19	2048	1.09299	1.08384	1809
375	533478	548	279957	253521	100	60	1.9065	0.705518	39	38.4	80740.1	19	2048	1.10732	1.09341	1809
376	367858	493	132404	234187	100	60	1.93388	0.705518	39	38.4	80740.1	19	2048	1.11852	1.10429	1809
377	379423	445	160768	212039	100	60	1.96665	0.705518	39	38.4	80740.1	19	2048	1.13548	1.12731	1809
378	366956	380	172077	186829	100	60	1.9833	0.705518	39	38.4	80740.1	19	2048	1.13486	1.12568	1809
379	370528	352	183044	177599	100	60	1.96134	0.705518	39	38.4	80740.1	19	2048	1.15169	1.14671	1809
380	361007	322	183118	168865	100	60	1.96609	0.705518	39	38.4	80740.1	19	2048	1.15692	1.15738	1809
381	320741	284	170101	150639	100	60	1.95846	0.705518	39	38.4	80740.1	19	2048	1.15789	1.15985	1809
382	249655	272	104455	145200	100	60	0.0892555	0.705518	39	38.4	146080	19	2048	1.00272	0.999487	1809
383	478237	240	199390	278847	100	60	0.0740549	0.705518	39	38.4	146080	19	2048	1.00248	0.999063	1809
384	480033	230	120752	359281	100	60	0.0751047	0.705518	39	38.4	146080	19	2048	1.00249	0.9986	1809
385	402602	216	65502	337100	100	60	0.0736754	0.705518	39	38.4	146080	19	2048	1.00214	0.998622	1809
386	416295	180	114225	302070	100	60	0.0817939	0.705518	39	38.4	146080	19	2048	1.00262	0.998688	1809
387	506335	2445	182812	323523	100	60	0.892876	0.705518	39	38.4	146080	19	2048	1.00318	0.999179	1809
388	609400	2230	246514	362886	100	60	1.11642	0.705518	39	38.4	146080	19	2048	1.00413	0.998036	1809
389	672658	1972	290419	382239	100	60	1.24755	0.705518	39	38.4	146080	19	2048	1.00484	0.998902	1809
390	549957	2029	160484	389473	100	60	1.51811	0.705518	34	38.4	146080	19	2048	1.04967	1.08037	1809
391	604515	1568	234686	367699	100	60	0.80174	0.705518	39	38.4	0	19	2048	1.01853	1.01409	1809
392	680758	1271	294551	383652	100	60	0.6413	0.705518	39	38.4	0	19	2048	1.01074	1.00431	1809
393	780500	1065	355142	422028	100	60	0.570907	0.705518	39	38.4	0	19	2048	1.00688	0.999725	1809
394	840334	919	388060	449309	100	60	0.61435	0.705518	39	38.4	0	19	2048	1.00436	0.996666	1809
395	834873	793	391316	440996	100	60	0.649275	0.705518	39	38.4	0	19	2048	1.00622	0.997556	1809
396	809042	1655	387010	422032	100	60	1.28754	0.705518	39	38.4	0	19	2048	1.00907	1	1809
397	792965	1504	384233	408732	100	60	1.39961	0.705518	39	38.4	0	19	2048	1.01086	1.00334	1809
398	791325	1415	389168	402157	100	60	1.62582	0.705518	39	38.4	0	19	2048	1.01422	1.00707	1809
399	766238	1167	381882	384356	100	60	1.68166	0.705518	39	38.4	0	19	2048	1.01904	1.012	1809
400	659893	989	296966	362927	100	60	1.80756	0.705518	39	38.4	82277.2	19	2048	1.02655	1.02022	1809
401	644721	847	309792	334929	100	60	1.88691	0.705518	39	38.4	82277.2	19	2048	1.0446	1.04368	1809
402	619481	744	309044	310437	100	60	1.93461	0.705518	39	38.4	82277.2	19	2048	1.04762	1.04704	1809
403	614453	690	313925	300529	100	60	1.98951	0.705518	39	38.4	82277.2	19	2048	1.05875	1.05355	1809
404	571391	611	296436	274956	100	60	2.0177	0.705518	39	38.4	82277.2	19	2048	1.07153	1.06897	1809
405	525750	538	275268	250482	100	60	2.07366	0.705518	39	38.4	82277.2	19	2048	1.09228	1.08614	1809
406	503985	500	261808	234018	100	60	2.09729	0.705518	39	38.4	82277.2	19	2048	1.10964	1.09959	1809
407	487461	465	250418	222895	100	60	2.10554	0.705518	39	38.4	82277.2	19	2048	1.11066	1.09628	1809
408	454661	417	233955	207398	100	60	2.11711	0.705518	39	38.4	82277.2	19	2048	1.11009	1.09268	1809
409	408910	364	211473	185538	100	60	2.11318	0.705518	39	38.4	82277.2	19	2048	1.11765	1.10541	1809
410	389664	339	202365	176317	100	60	2.09726	0.705518	39	38.4	82277.2	19	2048	1.12034	1.10671	1809
411	250148	303	90706.6	159441	100	60	2.12121	0.705518	39	38.4	82277.2	19	2048	1.13072	1.11498	1809
412	237435	273	89532.4	147903	100	60	0.0824597	0.705518	39	38.4	106925	19	2048	1.00213	0.997097	1809
413	492050	249	196519	295530	100	60	0.0760825	0.705518	39	38.4	106925	19	2048	1.00235	0.997333	1809
414	618088	222	250323	367765	100	60	0.0724262	0.705518	39	38.4	106925	19	2048	1.00215	0.998293	1809
415	583721	188	243346	340374	100	60	0.0741969	0.705518	38	38.4	106925	19	2048	1.00239	0.998587	1809
416	554124	165	240537	313587	100	60	0.0765344	0.705518	38	38.4	106925	19	2048	1.00221	0.999445	1809
417	465389	2594	119862	345527	100	60	1.05735	0.705518	38	38.4	106925	19	2048	1.00289	0.998332	1809
418	431962	2236	81925.6	350036	100	60	1.21079	0.705518	38	38.4	106925	19	2048	1.00338	0.996997	1809
419	484929	2012	147459	337470	100	60	1.4686	0.705518	38	38.4	106925	19	2048	1.0038	0.995443	1809
420	470766	1922	109935	360831	100	60	1.74062	0.705518	36	38.4	106925	19	2048	1.0462	1.06257	1809
421	550579	1587	193238	355502	100	60	0.719561	0.705518	39	38.4	0	19	2048	1.01126	1.00611	1809
422	664846	1346	268891	394156	100	60	0.595274	0.705518	39	38.4	0	19	2048	1.006	1.00054	1809
423	761095	1119	328949	429219	100	60	0.553529	0.705518	39	38.4	0	19	2048	1.00489	0.999289	1809
424	804397	945	358826	443042	100	60	0.595126	0.705518	39	38.4	0	19	2048	1.00533	0.999317	1809
425	792211	810	363688	426293	100	60	0.651656	0.705518	39	38.4	0	19	2048	1.0068	1	1809
426	584511	1637	170669	413843	100	60	1.33474	0.705518	39	38.4	0	19	2048	1.00861	1.00168	1809
427	635649	1560	235773	399877	100	60	1.48165	0.705518	39	38.4	0	19	2048	1.01112	1.00444	1809
428	689084	1465	293963	395120	100	60	1.76296	0.705518	39	38.4	0	19	2048	1.01452	1.00546	1809
429	700152	1212	322280	377872	100	60	1.88088	0.705518	39	38.4	0	19	2048	1.01641	1.00908	1809
430	648757	1045	282053	366704	100	60	1.95183	0.705518	39	38.4	64507.4	19	2048	1.02523	1.01916	1809
431	660490	925	309394	351096	100	60	2.00854	0.705518	39	38.4	64507.4	19	2048	1.04017	1.03575	1809
432	655849	826	321878	333971	100	60	2.00269	0.705518	39	38.4	64507.4	19	2048	1.06298	1.06189	1809
433	628549	732	316229	312320	100	60	2.01361	0.705518	39	38.4	64507.4	19	2048	1.07158	1.06276	1809
434	591755	648	302004	289750	100	60	2.06382	0.705518	39	38.4	64507.4	19	2048	1.07868	1.06327	1809
435	558571	585	287419	271152	100	60	2.10723	0.705518	39	38.4	64507.4	19	2048	1.08708	1.07204	1809
436	519199	520	264372	246438	100	60	2.1137	0.705518	39	38.4	64507.4	19	2048	1.11356	1.09884	1809
437	504436	485	254613	235307	100	60	2.1961	0.705518	39	38.4	64507.4	19	2048	1.10837	1.08403	1809
438	485476	447	245626	225632	100	60	2.23018	0.705518	39	38.4	64507.4	19	2048	1.10669	1.08447	1809
439	479922	430	243767	221961	100	60	2.26732	0.705518	39	38.4	64507.4	19	2048	1.09956	1.07416	1809
440	432479	375	220027	200161	100	60	2.26328	0.705518	39	38.4	64507.4	19	2048	1.10941	1.07671	1809
441	384436	338	201608	182828	100	60	2.24626	0.705518	39	38.4	64507.4	19	2048	1.12428	1.09938	1809
442	288797	321	109555	179242	100	60	0.107778	0.705518	39	38.4	157602	19	2048	1.00221	0.997066	1809
443	507864	272	205264	302600	100	60	0.0846765	0.705518	39	38.4	157602	19	2048	1.00206	0.996878	1809
444	654381	242	268709	385671	100	60	0.0773984	0.705518	39	38.4	157602	19	2048	1.00223	0.997274	1809
445	611364	211	257191	354173	100	60	0.0827874	0.705518	39	38.4	157602	19	2048	1.00221	0.997576	1809
446	577583	199	253035	324548	100	60	0.0924775	0.705518	39	38.4	157602	19	2048	1.00252	0.998104	1809
447	476898	2637	124186	352712	100	60	1.13764	0.705518	39	38.4	157602	19	2048	1.00448	1	1809
448	554145	2338	191894	362251	100	60	1.31557	0.705518	39	38.4	157602	19	2048	1.00535	1.00121	1809
449	520712	2187	122988	397724	100	60	1.65631	0.705518	39	38.4	157602	19	2048	1.00651	1.00319	1809
450	482363	1999	95910.3	386453	100	60	1.88178	0.705518	34	38.4	157602	19	2048	1.05675	1.08283	1809
451	542317	1612	175335	365639	100	60	0.711304	0.705518	39	38.4	0	19	2048	1.01339	1.00912	1809
452	651940	1313	251755	398763	100	60	0.571377	0.705518	39	38.4	0	19	2048	1.00934	1.00439	1809
453	764569	1120	320917	441545	100	60	0.54659	0.705518	39	38.4	0	19	2048	1.00729	1.00066	1809
454	627727	955	170334	457099	100	60	0.597843	0.705518	39	38.4	0	19	2048	1.00819	0.999365	1809
455	687738	886	237554	449902	100	60	0.668855	0.705518	39	38.4	0	19	2048	1.0088	0.999284	1809
456	721270	1805	289114	432155	100	60	1.36509	0.705518	39	38.4	0	19	2048	1.00948	0.999638	1809
457	773347	1759	337960	435386	100	60	1.53297	0.705518	39	38.4	0	19	2048	1.00961	1.00143	1809
458	812520	1693	371925	440595	100	60	1.82453	0.705518	39	38.4	0	19	2048	1.01439	1.00593	1809
459	812359	1403	384199	428159	100	60	1.88278	0.705518	39	38.4	0	19	2048	1.02335	1.0179	1809
460	602519	1224	183523	418996	100	60	1.98337	0.705518	39	38.4	8529.2	19	2048	1.03429	1.03038	1809
461	607509	1032	229094	378415	100	60	2.08423	0.705518	39	38.4	8529.2	19	2048	1.04176	1.03502	1809
462	637151	923	278382	358769	100	60	2.10422	0.705518	39	38.4	8529.2	19	2048	1.04798	1.04362	1809
463	476987	806	145147	331840	100	60	2.1382	0.705518	39	38.4	8529.2	19	2048	1.04752	1.04483	1809
464	506072	729	195802	310270	100	60	2.17118	0.705518	39	38.4	8529.2	19	2048	1.06636	1.06215	1809
465	523642	668	232472	291170	100	60	2.23538	0.705518	39	38.4	8529.2	19	2048	1.07572	1.06787	1809
466	506660	584	238558	259706	100	60	2.26049	0.705518	39	38.4	8529.2	19	2048	1.07798	1.06908	1809
467	497301	527	239624	244104	100	60	2.27883	0.705518	39	38.4	8529.2	19	2048	1.09059	1.08046	1809
468	351387	474	121139	227800	100	60	2.30014	0.705518	39	38.4	8529.2	19	2048	1.08696	1.07709	1809
469	368519	430	148843	212864	100	60	2.30349	0.705518	39	38.4	8529.2	19	2048	1.09091	1.0782	1809
470	380347	396	173448	200680	100	60	2.29846	0.705518	39	38.4	8529.2	19	2048	1.10214	1.09091	1809
471	362200	358	176939	185261	100	60	2.31338	0.705518	39	38.4	8529.2	19	2048	1.10526	1.10116	1809
472	239817	314	73282.2	166535	100	60	0.140231	0.705518	39	38.4	21457.7	19	2048	1.0029	1.00213	1809
473	418215	294	158861	259354	100	60	0.109087	0.705518	39	38.4	21457.7	19	2048	1.0023	1.00157	1809
474	631960	279	256780	375180	100	60	0.109099	0.705518	39	38.4	21457.7	19	2048	1.00289	1.00221	1809
475	676871	241	279583	397289	100	60	0.109517	0.705518	39	38.4	21457.7	19	2048	1.00337	1.003	1809
476	469436	219	113177	356259	100	60	0.122104	0.705518	39	38.4	21457.7	19	2048	1.00361	1.00501	1809
477	495208	2351	162654	332554	100	60	1.06817	0.705518	39	38.4	21457.7	19	2048	1.00402	1.00502	1809
478	612245	2391	238805	373440	100	60	1.33981	0.705518	39	38.4	21457.7	19	2048	1.00509	1.00584	1809
479	711833	2149	298633	413200	100	60	1.61086	0.705518	39	38.4	21457.7	19	2048	1.00713	1.00875	1809
480	583401	1867	165528	417873	100	60	1.76101	0.705518	37	38.4	21457.7	19	2048	1.0931	1.14186	1809
481	633727	1504	240572	392409	100	60	1.02125	0.705518	39	38.4	0	19	2048	1.03833	1.04137	1809
482	673224	1215	288394	383924	100	60	0.840056	0.705518	39	38.4	0	19	2048	1.02312	1.0197	1809
483	749794	1037	341657	406989	100	60	0.760974	0.705518	39	38.4	0	19	2048	1.01548	1.01017	1809
484	633045	937	188136	444716	100	60	0.835116	0.705518	39	38.4	0	19	2048	1.01577	1.00877	1809
485	721965	859	269040	452751	100	60	0.889271	0.705518	39	38.4	0	19	2048	1.01671	1.01146	1809
486	784107	1660	329011	455096	100	60	1.59835	0.705518	39	38.4	0	19	2048	1.01779	1.01552	1809
487	800367	1521	358955	441412	100	60	1.71262	0.705518	39	38.4	0	19	2048	1.01814	1.01938	1809
488	602162	1464	178509	423652	100	60	1.89463	0.705518	39	38.4	0	19	2048	1.02209	1.02138	1809
489	636250	1224	238465	397785	100	60	1.92044	0.705518	39	38.4	0	19	2048	1.02978	1.03048	1809
490	644337	1085	260118	384219	100	60	1.9451	0.705518	39	38.4	36270.7	19	2048	1.03305	1.03349	1809
491	645002	929	290042	354961	100	60	2.05293	0.705518	39	38.4	36270.7	19	2048	1.03777	1.03362	1809
492	660198	843	314739	345459	100	60	2.10433	0.705518	39	38.4	36270.7	19	2048	1.04627	1.04426	1809
493	640960	750	316213	324747	100	60	2.18386	0.705518	39	38.4	36270.7	19	2048	1.05448	1.04839	1809
494	625949	685	315772	310177	100	60	2.23221	0.705518	39	38.4	36270.7	19	2048	1.06096	1.0531	1809
495	592087	617	302068	290019	100	60	2.25203	0.705518	39	38.4	36270.7	19	2048	1.0727	1.06557	1809
496	550724	552	278114	263137	100	60	2.26545	0.705518	39	38.4	36270.7	19	2048	1.08814	1.07919	1809
497	510208	483	255236	239283	100	60	2.27819	0.705518	39	38.4	36270.7	19	2048	1.09862	1.08842	1809
498	480005	431	240955	224128	100	60	2.31359	0.705518	39	38.4	36270.7	19	2048	1.10987	1.09524	1809
499	432875	374	218792	200485	100	60	2.32327	0.705518	39	38.4	36270.7	19	2048	1.11169	1.09091	1809
500	300677	347	108159	190074	100	60	2.33472	0.705518	39	38.4	36270.7	19	2048	1.09551	1.07738	1809
501	290213	302	123075	167138	100	60	2.30142	0.705518	39	38.4	36270.7	19	2048	1.12745	1.10309	1809
502	254168	287	92099.9	162068	100	60	0.199361	0.705518	39	38.4	90198.2	19	2048	1.00536	1.00334	1809
503	348412	261	143500	204912	100	60	0.149036	0.705518	39	38.4	90198.2	19	2048	1.00388	1.00194	1809
504	548009	236	240435	307574	100	60	0.134035	0.705518	39	38.4	90198.2	19	2048	1.00404	1.0019	1809
505	693774	220	302280	391494	100	60	0.140545	0.705518	38	38.4	90198.2	19	2048	1.00417	1.00223	1809
506	713745	206	314163	399582	100	60	0.159301	0.705518	38	38.4	90198.2	19	2048	1.0043	1.00279	1809
507	704604	2137	318336	386268	100	60	1.06621	0.705518	38	38.4	90198.2	19	2048	1.00518	1.00523	1809
508	733335	1898	339208	394127	100	60	1.12783	0.705518	37	38.4	90198.2	19	2048	1.00627	1.00822	1809
509	784769	1690	371258	413511	100	60	1.30928	0.705518	37	38.4	90198.2	19	2048	1.00966	1.01269	1809
510	507585	1542	91184.3	416400	100	60	1.31733	0.705518	33	38.4	90198.2	19	2048	1.15459	1.27984	1809
511	541697	1290	159279	381447	100	60	1.04966	0.705518	39	38.4	0	19	2048	1.0931	1.10813	1809
512	613411	1123	234925	377311	100	60	0.993624	0.705518	39	38.4	0	19	2048	1.05721	1.05606	1809
513	673014	965	295221	376052	100	60	0.988264	0.705518	39	38.4	0	19	2048	1.03296	1.02705	1809
514	710471	816	332758	376105	100	60	1.03883	0.705518	39	38.4	0	19	2048	1.03087	1.02353	1809
515	742200	724	360492	380330	100	60	1.10716	0.705518	39	38.4	0	19	2048	1.03353	1.02291	1809
516	596015	1159	191960	404055	100	60	1.67037	0.705518	39	38.4	0	19	2048	1.04183	1.02837	1809
517	665415	1224	264995	400420	100	60	1.86348	0.705518	39	38.4	0	19	2048	1.04383	1.03151	1809
518	537954	1146	153684	384270	100	60	1.92335	0.705518	39	38.4	0	19	2048	1.04577	1.03108	1809
519	463263	988	105587	357676	100	60	1.89862	0.705518	39	38.4	0	19	2048	1.04927	1.03601	1809
520	492194	868	166318	325876	100	60	1.9	0.705518	39	38.4	2273.19	19	2048	1.06227	1.05134	1809
521	554300	807	235436	318864	100	60	1.91437	0.705518	39	38.4	2273.19	19	2048	1.07231	1.05772	1809
522	578787	726	273964	304822	100	60	1.96141	0.705518	39	38.4	2273.19	19	2048	1.09518	1.07961	1809
523	592913	678	295890	297023	100	60	2.00362	0.705518	39	38.4	2273.19	19	2048	1.1047	1.08846	1809
524	418889	601	144373	274516	100	60	2.0212	0.705518	39	38.4	2273.19	19	2048	1.11283	1.08968	1809
525	450068	564	187804	262264	100	60	2.04431	0.705518	39	38.4	2273.19	19	2048	1.1196	1.09765	1809
526	439768	484	202781	229379	100	60	2.04375	0.705518	39	38.4	2273.19	19	2048	1.12403	1.09725	1809
527	441671	441	214344	214589	100	60	2.07148	0.705518	39	38.4	2273.19	19	2048	1.12821	1.09722	1809
528	443906	413	222015	208426	100	60	2.14275	0.705518	39	38.4	2273.19	19	2048	1.11547	1.07731	1809
529	422429	374	214629	194885	100	60	2.1781	0.705518	39	38.4	2273.19	19	2048	1.12403	1.08333	1809
530	385488	329	198917	175145	100	60	2.21836	0.705518	39	38.4	2273.19	19	2048	1.10914	1.05625	1809
531	353465	300	189384	164082	100	60	2.24809	0.705518	39	38.4	2273.19	19	2048	1.11258	1.06207	1809
532	247176	262	98317.2	148859	100	60	0.090061	0.705518	39	38.4	84102.7	19	2048	1.0019	0.981908	1809
533	475090	234	194516	280574	100	60	0.0750653	0.705518	39	38.4	84102.7	19	2048	1.00173	0.981334	1809
534	610437	202	251104	359333	100	60	0.068363	0.705518	38	38.4	84102.7	19	2048	1.00159	0.98671	1809
535	576217	176	244211	332006	100	60	0.0725641	0.705518	38	38.4	84102.7	19	2048	1.0019	0.991988	1809
536	417536	149	103935	313601	100	60	0.0718449	0.705518	38	38.4	84102.7	19	2048	1.00208	0.992596	1809
537	492131	2556	167197	324934	100	60	1.03239	0.705518	38	38.4	84102.7	19	2048	1.00369	0.997302	1809
538	492668	2442	111667	381001	100	60	1.31053	0.705518	38	38.4	84102.7	19	2048	1.00534	1.00057	1809
539	533900	2117	172000	361900	100	60	1.53212	0.705518	38	38.4	84102.7	19	2048	1.00675	1.00204	1809
540	507658	1982	122819	384839	100	60	1.73304	0.705518	37	38.4	84102.7	19	2048	1.04697	1.06471	1809
541	590187	1635	207936	380556	100	60	0.762477	0.705518	39	38.4	0	19	2048	1.01208	0.994606	1809
542	533323	1320	132781	400146	100	60	0.612949	0.705518	39	38.4	0	19	2048	1.00756	0.989449	1809
543	640846	1081	225250	414013	100	60	0.516349	0.705518	39	38.4	0	19	2048	1.00473	0.987455	1809
544	760331	950	306685	451979	100	60	0.541912	0.705518	39	38.4	0	19	2048	1.00459	0.988647	1809
545	782279	838	339238	441626	100	60	0.601228	0.705518	39	38.4	0	19	2048	1.00576	0.995945	1809
546	779884	1759	356466	423418	100	60	1.2583	0.705518	39	38.4	0	19	2048	1.00868	0.998135	1809
547	795504	1609	377170	418334	100	60	1.41477	0.705518	39	38.4	0	19	2048	1.01175	1.0052	1809
548	809909	1574	393895	416015	100	60	1.7129	0.705518	39	38.4	0	19	2048	1.01378	1.00893	1809
549	804010	1323	399222	404788	100	60	1.76981	0.705518	39	38.4	0	19	2048	1.01593	1.00605	1809
550	692208	1100	308617	383590	100	60	1.86944	0.705518	39	38.4	90611.3	19	2048	1.0265	1.0173	1809
551	670622	930	316755	353866	100	60	1.95978	0.705518	39	38.4	90611.3	19	2048	1.03373	1.02043	1809
552	644434	803	317266	327168	100	60	2.00638	0.705518	39	38.4	90611.3	19	2048	1.04822	1.03113	1809
553	612560	703	310698	301863	100	60	2.02769	0.705518	39	38.4	90611.3	19	2048	1.06576	1.04979	1809
554	595455	643	307682	287773	100	60	2.07818	0.705518	39	38.4	90611.3	19	2048	1.07523	1.05313	1809
555	553807	570	290300	263507	100	60	2.09215	0.705518	39	38.4	90611.3	19	2048	1.09589	1.0757	1809
556	530184	521	276703	244798	100	60	2.10871	0.705518	39	38.4	90611.3	19	2048	1.10862	1.08915	1809
557	477205	450	247249	215417	100	60	2.10193	0.705518	39	38.4	90611.3	19	2048	1.12195	1.1009	1809
558	461022	419	239971	207071	100	60	2.14854	0.705518	39	38.4	90611.3	19	2048	1.09934	1.07543	1809
559	431458	383	225569	192681	100	60	2.15849	0.705518	39	38.4	90611.3	19	2048	1.09466	1.07507	1809
560	379043	324	199321	168386	100	60	2.18267	0.705518	39	38.4	90611.3	19	2048	1.10086	1.05994	1809
561	319635	277	173151	146484	100	60	2.17884	0.705518	39	38.4	90611.3	19	2048	1.11824	1.07491	1809
562	232338	258	93071.5	139266	100	60	0.0872554	0.705518	39	38.4	170922	19	2048	1.00201	0.984974	1809
563	475978	243	195848	280130	100	60	0.0776395	0.705518	39	38.4	170922	19	2048	1.00185	0.984286	1809
564	600300	200	247416	352884	100	60	0.0675657	0.705518	39	38.4	170922	19	2048	1.00159	0.988237	1809
565	574442	181	244130	330312	100	60	0.0732728	0.705518	39	38.4	170922	19	2048	1.00223	0.994926	1809
566	567178	176	251094	316085	100	60	0.0826851	0.705518	39	38.4	170922	19	2048	1.00264	0.995196	1809
567	639467	2581	292340	347128	100	60	1.07055	0.705518	39	38.4	170922	19	2048	1.00363	0.995905	1809
568	713692	2290	329264	384428	100	60	1.25549	0.705518	39	38.4	170922	19	2048	1.00473	0.998773	1809
569	761093	1981	355072	406021	100	60	1.48108	0.705518	39	38.4	170922	19	2048	1.00649	1.00085	1809
570	493964	1828	86397.2	407567	100	60	1.63479	0.705518	37	38.4	170922	19	2048	1.07673	1.12171	1809
571	521908	1482	153054	367705	100	60	0.671264	0.705518	39	38.4	0	19	2048	1.02038	1.00614	1809
572	623505	1237	235271	386975	100	60	0.565563	0.705518	39	38.4	0	19	2048	1.01161	0.996783	1809
573	718479	1013	305038	411444	100	60	0.520186	0.705518	39	38.4	0	19	2048	1.00684	0.994248	1809
574	783563	867	348497	433173	100	60	0.574477	0.705518	39	38.4	0	19	2048	1.00667	0.995203	1809
575	788288	763	362933	423821	100	60	0.638398	0.705518	39	38.4	0	19	2048	1.00849	0.997041	1809
576	785179	1689	373011	412169	100	60	1.40158	0.705518	39	38.4	0	19	2048	1.00956	0.998755	1809
577	804397	1560	389783	414614	100	60	1.53354	0.705518	39	38.4	0	19	2048	1.0107	1.00054	1809
578	803102	1483	394964	408138	100	60	1.77299	0.705518	39	38.4	0	19	2048	1.01437	1.00339	1809
579	792469	1255	395425	397044	100	60	1.85212	0.705518	39	38.4	0	19	2048	1.02071	1.0096	1809
580	674150	1071	295423	378727	100	60	1.95822	0.705518	39	38.4	101969	19	2048	1.02409	1.01407	1809
581	659343	913	309542	349801	100	60	2.03715	0.705518	39	38.4	101969	19	2048	1.03215	1.0209	1809
582	650589	817	319944	330644	100	60	2.07552	0.705518	39	38.4	101969	19	2048	1.03946	1.02709	1809
583	635106	739	321432	313675	100	60	2.08969	0.705518	39	38.4	101969	19	2048	1.04423	1.03542	1809
584	611505	673	315950	295556	100	60	2.117	0.705518	39	38.4	101969	19	2048	1.06658	1.05997	1809
585	567499	591	296106	271394	100	60	2.15914	0.705518	39	38.4	101969	19	2048	1.08382	1.08191	1809
586	519624	516	270094	241312	100	60	2.18253	0.705518	39	38.4	101969	19	2048	1.09507	1.08627	1809
587	498835	475	257435	227095	100	60	2.22382	0.705518	39	38.4	101969	19	2048	1.10039	1.07906	1809
588	483808	440	250375	219111	100	60	2.27459	0.705518	39	38.4	101969	19	2048	1.07759	1.05774	1809
589	321973	394	118004	201318	100	60	2.28997	0.705518	39	38.4	101969	19	2048	1.08557	1.05168	1809
590	318518	346	135515	180682	100	60	2.26837	0.705518	39	38.4	101969	19	2048	1.11765	1.09226	1809
591	327698	327	155565	172133	100	60	2.28063	0.705518	39	38.4	101969	19	2048	1.11012	1.08861	1809
592	252130	287	98078.6	154051	100	60	0.160133	0.705518	39	38.4	166912	19	2048	1.00301	1.00155	1809
593	378284	250	157257	221028	100	60	0.112951	0.705518	39	38.4	166912	19	2048	1.00222	1.00097	1809
594	600106	216	259378	340728	100	60	0.0995288	0.705518	39	38.4	166912	19	2048	1.00243	1.00148	1809
595	679882	179	290615	389267	100	60	0.0937431	0.705518	38	38.4	166912	19	2048	1.0022	1.00137	1809
596	642999	150	279224	363775	100	60	0.094926	0.705518	38	38.4	166912	19	2048	1.00219	1.00183	1809
597	635810	2221	286415	349395	100	60	0.884752	0.705518	38	38.4	166912	19	2048	1.00331	1.00368	1809
598	705202	2059	326345	378857	100	60	0.989071	0.705518	38	38.4	166912	19	2048	1.00405	1.00571	1809
599	750789	1751	353335	397455	100	60	1.19703	0.705518	38	38.4	166912	19	2048	1.00606	1.00708	1809
600	584981	1559	185257	399724	100	60	1.26406	0.705518	34	38.4	166912	19	2048	1.11672	1.20823	1809
601	625801	1260	254941	368084	100	60	0.941403	0.705518	39	38.4	0	19	2048	1.06452	1.07143	1809
602	676040	1070	305237	367052	100	60	0.833647	0.705518	39	38.4	0	19	2048	1.03738	1.0322	1809
603	704936	907	335977	364339	100	60	0.776068	0.705518	39	38.4	0	19	2048	1.02132	1.01317	1809
604	762006	791	372408	385258	100	60	0.792374	0.705518	39	38.4	0	19	2048	1.01914	1.00854	1809
605	811143	738	400218	407083	100	60	0.840781	0.705518	39	38.4	0	19	2048	1.02145	1.01002	1809
606	839512	1280	416969	422544	100	60	1.35168	0.705518	39	38.4	0	19	2048	1.02827	1.01486	1809
607	818342	1328	409678	408664	100	60	1.5489	0.705518	39	38.4	0	19	2048	1.0319	1.02022	1809
608	797285	1275	402657	394628	100	60	1.66003	0.705518	39	38.4	0	19	2048	1.03131	1.02134	1809
609	778476	1092	397521	380955	100	60	1.62278	0.705518	39	38.4	0	19	2048	1.03958	1.03324	1809
610	546273	948	183366	362907	100	60	1.63658	0.705518	39	38.4	4470.83	19	2048	1.04769	1.04676	1809
611	573056	840	235568	337488	100	60	1.68797	0.705518	39	38.4	4470.83	19	2048	1.05745	1.05642	1809
612	596145	760	276234	319912	100	60	1.73511	0.705518	39	38.4	4470.83	19	2048	1.07895	1.08378	1809
613	567841	652	282631	285210	100	60	1.76735	0.705518	39	38.4	4470.83	19	2048	1.09091	1.09006	1809
614	571026	609	294677	276350	100	60	1.80918	0.705518	39	38.4	4470.83	19	2048	1.1016	1.09866	1809
615	555266	568	291925	263341	100	60	1.83253	0.705518	39	38.4	4470.83	19	2048	1.11909	1.10971	1809
616	531731	522	277687	246729	100	60	1.81962	0.705518	39	38.4	4470.83	19	2048	1.14875	1.14625	1809
617	506745	490	262986	230777	100	60	1.84772	0.705518	39	38.4	4470.83	19	2048	1.16798	1.1617	1809
618	476560	444	248234	216103	100	60	1.88679	0.705518	39	38.4	4470.83	19	2048	1.15673	1.14486	1809
619	453584	411	237283	204797	100	60	1.87094	0.705518	39	38.4	4470.83	19	2048	1.15476	1.12658	1809
620	435033	384	227974	196361	100	60	1.86344	0.705518	39	38.4	4470.83	19	2048	1.16667	1.14092	1809
621	407026	370	219499	187527	100	60	1.85229	0.705518	39	38.4	4470.83	19	2048	1.184	1.15562	1809
622	320606	349	140932	179674	100	60	0.109145	0.705518	39	38.4	78117	19	2048	1.0042	1.00021	1809
623	541933	321	233203	308730	100	60	0.0962497	0.705518	39	38.4	78117	19	2048	1.00379	0.999951	1809
624	659976	290	281442	378534	100	60	0.0905395	0.705518	39	38.4	78117	19	2048	1.0033	1.00065	1809
625	624989	256	271648	353341	100	60	0.0960988	0.705518	39	38.4	78117	19	2048	1.00348	1.00171	1809
626	608796	248	274027	334769	100	60	0.108011	0.705518	39	38.4	78117	19	2048	1.00414	1.00458	1809
627	663744	2390	306084	357660	100	60	0.969409	0.705518	39	38.4	78117	19	2048	1.00666	1.00732	1809
628	730669	2112	340417	390252	100	60	1.14102	0.705518	39	38.4	78117	19	2048	1.00965	1.01243	1809
629	759390	1846	358347	401043	100	60	1.3716	0.705518	39	38.4	78117	19	2048	1.01413	1.01796	1809
630	563528	1608	178146	385382	100	60	1.47607	0.705518	36	38.4	78117	19	2048	1.09885	1.17367	1809
631	616414	1314	250132	364070	100	60	0.622504	0.705518	39	38.4	0	19	2048	1.02436	1.02113	1809
632	709658	1128	313558	393030	100	60	0.51639	0.705518	39	38.4	0	19	2048	1.01421	1.00935	1809
633	785304	955	360136	421722	100	60	0.467372	0.705518	39	38.4	0	19	2048	1.0093	1.00377	1809
634	837624	823	388860	445530	100	60	0.499068	0.705518	39	38.4	0	19	2048	1.00861	1.00404	1809
635	852281	753	402224	447167	100	60	0.546718	0.705518	39	38.4	0	19	2048	1.01027	1.00559	1809
636	613821	1712	186147	427674	100	60	1.16396	0.705518	39	38.4	0	19	2048	1.01182	1.00737	1809
637	520384	1591	111842	408542	100	60	1.28744	0.705518	39	38.4	0	19	2048	1.01355	1.00968	1809
638	576532	1620	185281	391250	100	60	1.56548	0.705518	39	38.4	0	19	2048	1.01737	1.01551	1809
639	641107	1347	255901	385206	100	60	1.67159	0.705518	39	38.4	0	19	2048	1.02278	1.02091	1809
640	662000	1155	286553	375447	100	60	1.78325	0.705518	39	38.4	20980.2	19	2048	1.03297	1.03394	1809
641	672796	987	316001	356795	100	60	1.84076	0.705518	39	38.4	20980.2	19	2048	1.04358	1.04888	1809
642	492039	849	157934	334105	100	60	1.88323	0.705518	39	38.4	20980.2	19	2048	1.06268	1.06786	1809
643	507351	749	202271	305080	100	60	1.88961	0.705518	39	38.4	20980.2	19	2048	1.06904	1.0698	1809
644	547300	705	250302	296998	100	60	1.89375	0.705518	39	38.4	20980.2	19	2048	1.07963	1.07846	1809
645	512147	598	251364	260783	100	60	1.91143	0.705518	39	38.4	20980.2	19	2048	1.10826	1.11054	1809
646	461697	497	233223	221460	100	60	1.92132	0.705518	39	38.4	20980.2	19	2048	1.12704	1.1299	1809
647	449951	455	229314	208336	100	60	1.95326	0.705518	39	38.4	20980.2	19	2048	1.13992	1.14155	1809
648	426815	407	220724	194468	100	60	1.9848	0.705518	39	38.4	20980.2	19	2048	1.12009	1.11196	1809
649	401027	366	208772	181675	100	60	1.94179	0.705518	39	38.4	20980.2	19	2048	1.1447	1.13352	1809
650	270207	335	98567.3	169939	100	60	1.97193	0.705518	39	38.4	20980.2	19	2048	1.15805	1.1348	1809
651	263501	285	113696	149806	100	60	1.94652	0.705518	39	38.4	20980.2	19	2048	1.18621	1.16667	1809
652	240866	272	99702.6	141164	100	60	0.124237	0.705518	39	38.4	54945.7	19	2048	1.00413	1.00268	1809
653	394520	245	167751	226769	100	60	0.0963399	0.705518	39	38.4	54945.7	19	2048	1.00296	1.00183	1809
654	599762	207	257193	342568	100	60	0.084789	0.705518	39	38.4	54945.7	19	2048	1.00284	1.00187	1809
655	691655	195	295521	396134	100	60	0.0897381	0.705518	39	38.4	54945.7	19	2048	1.00308	1.00265	1809
656	638483	174	278913	359570	100	60	0.0963323	0.705518	38	38.4	54945.7	19	2048	1.00341	1.00414	1809
657	631474	2221	286465	345009	100	60	0.81098	0.705518	38	38.4	54945.7	19	2048	1.00488	1.0075	1809
658	722340	1989	335451	386889	100	60	0.902527	0.705518	38	38.4	54945.7	19	2048	1.00649	1.00961	1809
659	791804	1786	373003	418801	100	60	1.09438	0.705518	38	38.4	54945.7	19	2048	1.00926	1.01137	1809
660	608106	1673	192611	415496	100	60	1.2089	0.705518	36	38.4	54945.7	19	2048	1.12357	1.20793	1809
661	510634	1338	127490	382258	100	60	0.872644	0.705518	39	38.4	0	19	2048	1.06039	1.0693	1809
662	560510	1107	197281	360243	100	60	0.708714	0.705518	39	38.4	0	19	2048	1.03175	1.02934	1809
663	650087	955	274859	371178	100	60	0.648875	0.705518	39	38.4	0	19	2048	1.02018	1.01501	1809
664	731434	820	334897	391852	100	60	0.681284	0.705518	39	38.4	0	19	2048	1.01828	1.01194	1809
665	794989	762	377863	413160	100	60	0.752748	0.705518	39	38.4	0	19	2048	1.02164	1.01173	1809
666	815676	1392	397513	418163	100	60	1.214	0.705518	39	38.4	0	19	2048	1.02405	1.01222	1809
667	820094	1371	407196	412899	100	60	1.33062	0.705518	39	38.4	0	19	2048	1.03064	1.0211	1809
668	793778	1272	400692	393086	100	60	1.4412	0.705518	39	38.4	0	19	2048	1.03781	1.0254	1809
669	778977	1096	398415	380562	100	60	1.45443	0.705518	39	38.4	0	19	2048	1.04134	1.03407	1809
670	677114	922	323638	353476	100	60	1.48578	0.705518	39	38.4	61288.2	19	2048	1.04754	1.04491	1809
671	672290	820	335873	336416	100	60	1.52678	0.705518	39	38.4	61288.2	19	2048	1.0754	1.07248	1809
672	665711	748	341209	324502	100	60	1.57799	0.705518	39	38.4	61288.2	19	2048	1.08954	1.08333	1809
673	635803	678	332242	303560	100	60	1.58707	0.705518	39	38.4	61288.2	19	2048	1.09926	1.09792	1809
674	616627	632	325251	291377	100	60	1.59121	0.705518	39	38.4	61288.2	19	2048	1.12789	1.13002	1809
675	564193	552	299375	264819	100	60	1.6106	0.705518	39	38.4	61288.2	19	2048	1.14654	1.13761	1809
676	526366	496	276502	243298	100	60	1.63231	0.705518	39	38.4	61288.2	19	2048	1.16081	1.15289	1809
677	487001	446	253713	221843	100	60	1.63636	0.705518	39	38.4	61288.2	19	2048	1.1871	1.18033	1809
678	335093	414	125600	207645	100	60	1.60088	0.705518	39	38.4	61288.2	19	2048	1.19159	1.17722	1809
679	337540	372	146337	186352	100	60	1.61134	0.705518	39	38.4	61288.2	19	2048	1.22888	1.2058	1809
680	247129	329	79361	167182	100	60	1.59648	0.705518	39	38.4	61288.2	19	2048	1.25	1.24503	1809
681	250885	293	102723	148162	100	60	1.59708	0.705518	39	38.4	61288.2	19	2048	1.24382	1.2214	1809
682	239031	263	105492	133539	100	60	0.11151	0.705518	39	38.4	79395.6	19	2048	1.00522	1.00378	1809
683	399944	255	175901	224043	100	60	0.0948673	0.705518	39	38.4	79395.6	19	2048	1.00448	1.0032	1809
684	621602	248	273183	348419	100	60	0.096438	0.705518	39	38.4	79395.6	19	2048	1.00493	1.00335	1809
685	685150	206	296347	388803	100	60	0.0928444	0.705518	39	38.4	79395.6	19	2048	1.00471	1.00315	1809
686	643244	188	284786	358457	100	60	0.102439	0.705518	38	38.4	79395.6	19	2048	1.00554	1.00488	1809
687	633222	2076	290266	342956	100	60	0.690124	0.705518	38	38.4	79395.6	19	2048	1.00709	1.00821	1809
688	733932	1915	343637	390294	100	60	0.761991	0.705518	38	38.4	79395.6	19	2048	1.00929	1.01164	1809
689	794519	1743	378040	416479	100	60	0.918701	0.705518	38	38.4	79395.6	19	2048	1.01247	1.01594	1809
690	610317	1555	195228	415088	100	60	0.975826	0.705518	36	38.4	79395.6	19	2048	1.16116	1.28034	1809
691	664848	1292	271341	387920	100	60	0.743885	0.705518	39	38.4	0	19	2048	1.08088	1.09134	1809
692	716204	1108	323904	385021	100	60	0.661645	0.705518	39	38.4	0	19	2048	1.04586	1.04299	1809
693	755394	941	360142	386261	100	60	0.612357	0.705518	39	38.4	0	19	2048	1.03074	1.02339	1809
694	790106	801	384618	397744	100	60	0.644122	0.705518	39	38.4	0	19	2048	1.02876	1.01956	1809
695	801548	720	393520	401753	100	60	0.669698	0.705518	39	38.4	0	19	2048	1.03146	1.0169	1809
696	795579	1250	397595	397984	100	60	0.967076	0.705518	39	38.4	0	19	2048	1.03529	1.01811	1809
697	796308	1253	401768	394540	100	60	1.05344	0.705518	39	38.4	0	19	2048	1.03815	1.0226	1809
698	787950	1222	401855	386095	100	60	1.12456	0.705518	39	38.4	0	19	2048	1.04765	1.03731	1809
699	752727	1003	388270	364456	100	60	1.15208	0.705518	39	38.4	0	19	2048	1.0492	1.04743	1809
700	674330	862	329035	345295	100	60	1.1818	0.705518	39	38.4	51230	19	2048	1.0639	1.07042	1809
701	644542	746	327235	317308	100	60	1.2126	0.705518	39	38.4	51230	19	2048	1.08513	1.09091	1809
702	443925	645	154974	288951	100	60	1.22878	0.705518	39	38.4	51230	19	2048	1.11271	1.11599	1809
703	463780	589	196833	266947	100	60	1.24084	0.705518	39	38.4	51230	19	2048	1.13409	1.13103	1809
704	473806	539	224668	249139	100	60	1.26593	0.705518	39	38.4	51230	19	2048	1.1791	1.16571	1809
705	482386	508	243415	238971	100	60	1.25417	0.705518	39	38.4	51230	19	2048	1.21933	1.19507	1809
706	445161	440	228571	212396	100	60	1.26074	0.705518	39	38.4	51230	19	2048	1.25495	1.22782	1809
707	424275	399	219165	197680	100	60	1.2721	0.705518	39	38.4	51230	19	2048	1.267	1.22995	1809
708	398935	359	208142	183780	100	60	1.26158	0.705518	39	38.4	51230	19	2048	1.28249	1.25449	1809
709	381174	331	199954	174375	100	60	1.27139	0.705518	39	38.4	51230	19	2048	1.29467	1.27063	1809
710	353272	301	186122	161024	100	60	1.27994	0.705518	39	38.4	51230	19	2048	1.30556	1.27941	1809
711	337017	291	181235	155782	100	60	1.27926	0.705518	39	38.4	51230	19	2048	1.33585	1.30952	1809
712	249838	246	113944	135894	100	60	0.0704431	0.705518	39	38.4	104411	19	2048	1.00482	1.00269	1809
713	479480	224	204060	275420	100	60	0.0604473	0.705518	39	38.4	104411	19	2048	1.00427	1.00218	1809
714	618961	191	258316	360644	100	60	0.0547807	0.705518	39	38.4	104411	19	2048	1.00386	1.00215	1809
715	592401	160	251462	340939	100	60	0.0550555	0.705518	39	38.4	104411	19	2048	1.00415	1.00303	1809
716	557738	144	246111	311627	100	60	0.0585982	0.705518	39	38.4	104411	19	2048	1.0047	1.00558	1809
717	623561	2323	284284	339277	100	60	0.779847	0.705518	39	38.4	104411	19	2048	1.00746	1.00889	1809
718	715242	2083	330860	384382	100	60	0.907323	0.705518	39	38.4	104411	19	2048	1.01056	1.01372	1809
719	753711	1823	354138	399574	100	60	1.03963	0.705518	39	38.4	104411	19	2048	1.01407	1.02153	1809
720	589266	1680	186060	403206	100	60	1.16857	0.705518	37	38.4	104411	19	2048	1.09474	1.17793	1809
721	636811	1343	257022	376676	100	60	0.594301	0.705518	39	38.4	0	19	2048	1.02948	1.02952	1809
722	727203	1124	322433	400470	100	60	0.484078	0.705518	39	38.4	0	19	2048	1.01858	1.01526	1809
723	618674	973	185067	432998	100	60	0.462142	0.705518	39	38.4	0	19	2048	1.01568	1.01008	1809
724	701403	831	260524	438464	100	60	0.487067	0.705518	39	38.4	0	19	2048	1.01563	1.00742	1809
725	743959	764	313353	428572	100	60	0.533944	0.705518	39	38.4	0	19	2048	1.01853	1.0085	1809
726	755019	1575	344067	410953	100	60	1.00711	0.705518	39	38.4	0	19	2048	1.02272	1.0115	1809
727	777522	1501	371684	405837	100	60	1.11499	0.705518	39	38.4	0	19	2048	1.02247	1.0123	1809
728	805028	1481	395799	409229	100	60	1.29018	0.705518	39	38.4	0	19	2048	1.028	1.01293	1809
729	597379	1248	194392	402987	100	60	1.32779	0.705518	39	38.4	0	19	2048	1.03415	1.02018	1809
730	486252	1049	118244	368008	100	60	1.35961	0.705518	39	38.4	11.0325	19	2048	1.03735	1.02297	1809
731	522192	921	182131	340062	100	60	1.439	0.705518	39	38.4	11.0325	19	2048	1.0418	1.02623	1809
732	559352	819	239448	319904	100	60	1.46943	0.705518	39	38.4	11.0325	19	2048	1.05963	1.04938	1809
733	440429	731	135904	304525	100	60	1.52139	0.705518	39	38.4	11.0325	19	2048	1.08004	1.06362	1809
734	460216	651	182660	277557	100	60	1.55876	0.705518	39	38.4	11.0325	19	2048	1.09753	1.07597	1809
735	479383	592	219299	260085	100	60	1.57922	0.705518	39	38.4	11.0325	19	2048	1.10558	1.08919	1809
736	492170	543	239012	246594	100	60	1.60262	0.705518	39	38.4	11.0325	19	2048	1.11755	1.10131	1809
737	487447	501	243108	232747	100	60	1.61338	0.705518	39	38.4	11.0325	19	2048	1.13576	1.11134	1809
738	469595	452	239338	219218	100	60	1.63624	0.705518	39	38.4	11.0325	19	2048	1.15351	1.11316	1809
739	436397	408	225932	200207	100	60	1.59611	0.705518	39	38.4	11.0325	19	2048	1.18564	1.13437	1809
740	396853	351	207302	180572	100	60	1.59752	0.705518	39	38.4	11.0325	19	2048	1.17039	1.11538	1809
741	379190	332	203884	175305	100	60	1.59004	0.705518	39	38.4	11.0325	19	2048	1.18879	1.14013	1809
742	254076	300	88652.5	165423	100	60	0.0959533	0.705518	39	38.4	8831.88	19	2048	1.0036	0.993852	1809
743	479903	284	188617	291285	100	60	0.0810288	0.705518	39	38.4	8831.88	19	2048	1.0033	0.991955	1809
744	631472	257	256184	375288	100	60	0.0776233	0.705518	38	38.4	8831.88	19	2048	1.00323	0.99197	1809
745	637798	241	266249	371549	100	60	0.0855635	0.705518	38	38.4	8831.88	19	2048	1.00374	0.99044	1809
746	602323	229	263276	339047	100	60	0.0983712	0.705518	38	38.4	8831.88	19	2048	1.0048	0.99077	1809
747	660634	2361	300619	360015	100	60	0.845699	0.705518	38	38.4	8831.88	19	2048	1.00546	0.987862	1809
748	743693	2139	346799	396894	100	60	1.00135	0.705518	38	38.4	8831.88	19	2048	1.00702	0.989899	1809
749	775533	1838	366774	408759	100	60	1.19188	0.705518	38	38.4	8831.88	19	2048	1.00972	0.99253	1809
750	598984	1661	189866	409118	100	60	1.31402	0.705518	37	38.4	8831.88	19	2048	1.10797	1.16221	1809
751	502142	1326	125098	376447	100	60	0.660912	0.705518	39	38.4	0	19	2048	1.03204	1.0235	1809
752	566679	1083	196039	368578	100	60	0.478719	0.705518	39	38.4	0	19	2048	1.01642	1.00549	1809
753	688179	909	282693	402887	100	60	0.427906	0.705518	39	38.4	0	19	2048	1.01134	1.00012	1809
754	779366	761	341749	434551	100	60	0.438722	0.705518	39	38.4	0	19	2048	1.01216	0.996789	1809
755	789499	691	362029	424739	100	60	0.506201	0.705518	39	38.4	0	19	2048	1.01462	0.996943	1809
756	787224	1578	373875	413350	100	60	1.08373	0.705518	39	38.4	0	19	2048	1.01772	0.999203	1809
757	789547	1567	384334	405213	100	60	1.228	0.705518	39	38.4	0	19	2048	1.01891	1.00387	1809
758	800043	1485	396401	403641	100	60	1.41767	0.705518	39	38.4	0	19	2048	1.02354	1.01156	1809
759	804875	1242	404560	400315	100	60	1.45652	0.705518	39	38.4	0	19	2048	1.02838	1.01868	1809
760	724361	1084	333281	391080	100	60	1.53834	0.705518	39	38.4	80911.6	19	2048	1.03551	1.02326	1809
761	722321	943	350279	372042	100	60	1.59156	0.705518	39	38.4	80911.6	19	2048	1.0471	1.03529	1809
762	702358	823	354911	347446	100	60	1.62532	0.705518	39	38.4	80911.6	19	2048	1.05959	1.04529	1809
763	700312	761	363015	337297	100	60	1.61444	0.705518	39	38.4	80911.6	19	2048	1.07708	1.0664	1809
764	666121	685	350656	315465	100	60	1.61565	0.705518	39	38.4	80911.6	19	2048	1.08392	1.075	1809
765	639222	626	340524	298698	100	60	1.65739	0.705518	39	38.4	80911.6	19	2048	1.09759	1.0836	1809
766	589429	555	311167	269648	100	60	1.68945	0.705518	39	38.4	80911.6	19	2048	1.12342	1.09654	1809
767	400664	506	149540	247906	100	60	1.7112	0.705518	39	38.4	80911.6	19	2048	1.13489	1.09658	1809
768	428540	482	182038	239281	100	60	1.74301	0.705518	39	38.4	80911.6	19	2048	1.14062	1.10426	1809
769	315017	427	98925.6	214386	100	60	1.73717	0.705518	39	38.4	80911.6	19	2048	1.14474	1.11165	1809
770	326709	389	128373	196916	100	60	1.71698	0.705518	39	38.4	80911.6	19	2048	1.16832	1.13636	1809
771	338875	363	154867	184007	100	60	1.68927	0.705518	39	38.4	80911.6	19	2048	1.16533	1.13218	1809
772	301640	332	130043	171597	100	60	0.155059	0.705518	39	38.4	123357	19	2048	1.0055	1.00367	1809
773	424207	295	185688	238518	100	60	0.117969	0.705518	39	38.4	123357	19	2048	1.00407	1.00274	1809
774	624921	274	276570	348351	100	60	0.113415	0.705518	39	38.4	123357	19	2048	1.00411	1.00295	1809
775	696291	243	305701	390590	100	60	0.114984	0.705518	39	38.4	123357	19	2048	1.00422	1.00309	1809
776	681061	221	304147	376913	100	60	0.12473	0.705518	39	38.4	123357	19	2048	1.00463	1.00476	1809
777	656447	2089	301620	354827	100	60	0.765963	0.705518	39	38.4	123357	19	2048	1.00532	1.00659	1809
778	724900	1886	339989	384911	100	60	0.829508	0.705518	39	38.4	123357	19	2048	1.00555	1.00727	1809
779	578776	1743	170881	407895	100	60	0.996182	0.705518	39	38.4	123357	19	2048	1.00763	1.00808	1809
780	504402	1589	116694	387708	100	60	1.07757	0.705518	31	38.4	123357	19	2048	1.12328	1.21316	1809
781	559726	1315	196251	359879	100	60	0.769576	0.705518	39	38.4	0	19	2048	1.05724	1.06071	1809
782	627062	1098	262521	360713	100	60	0.669042	0.705518	39	38.4	0	19	2048	1.03568	1.03191	1809
783	697236	943	319899	371062	100	60	0.640929	0.705518	39	38.4	0	19	2048	1.02124	1.01471	1809
784	577312	807	181943	394847	100	60	0.668375	0.705518	39	38.4	0	19	2048	1.019	1.01068	1809
785	661601	727	262435	398770	100	60	0.706885	0.705518	39	38.4	0	19	2048	1.02221	1.01123	1809
786	717215	1354	319654	397562	100	60	1.16849	0.705518	39	38.4	0	19	2048	1.02707	1.01024	1809
787	752119	1345	357065	395054	100	60	1.26973	0.705518	39	38.4	0	19	2048	1.03275	1.01935	1809
788	756387	1270	372730	383657	100	60	1.35416	0.705518	39	38.4	0	19	2048	1.03837	1.02866	1809
789	744236	1053	377176	367060	100	60	1.36033	0.705518	39	38.4	0	19	2048	1.05299	1.04798	1809
790	675024	905	328083	346941	100	60	1.37514	0.705518	39	38.4	48996.8	19	2048	1.06275	1.05339	1809
791	648925	788	327165	321761	100	60	1.41084	0.705518	39	38.4	48996.8	19	2048	1.07294	1.06914	1809
792	604274	683	313105	291169	100	60	1.42986	0.705518	39	38.4	48996.8	19	2048	1.09217	1.08715	1809
793	589835	624	310936	278899	100	60	1.46868	0.705518	39	38.4	48996.8	19	2048	1.11482	1.10373	1809
794	559127	565	297600	261528	100	60	1.45238	0.705518	39	38.4	48996.8	19	2048	1.15161	1.14363	1809
795	519293	507	277712	241581	100	60	1.46037	0.705518	39	38.4	48996.8	19	2048	1.16112	1.15631	1809
796	529844	503	281095	242806	100	60	1.45865	0.705518	39	38.4	48996.8	19	2048	1.18647	1.18443	1809
797	472963	436	248440	214445	100	60	1.48351	0.705518	39	38.4	48996.8	19	2048	1.23799	1.23317	1809
798	460098	409	241801	208333	100	60	1.49351	0.705518	39	38.4	48996.8	19	2048	1.23981	1.22365	1809
799	426225	377	224724	192359	100	60	1.47819	0.705518	39	38.4	48996.8	19	2048	1.26613	1.25356	1809
800	377922	326	199711	170245	100	60	1.45771	0.705518	39	38.4	48996.8	19	2048	1.28125	1.25839	1809
801	343483	292	185886	157598	100	60	1.46957	0.705518	39	38.4	48996.8	19	2048	1.31295	1.28897	1809
802	265216	268	119450	145766	100	60	0.0919953	0.705518	39	38.4	108969	19	2048	1.00558	1.00449	1809
803	457711	249	197831	259880	100	60	0.0775617	0.705518	39	38.4	108969	19	2048	1.00497	1.00387	1809
804	628047	232	268927	359121	100	60	0.0754855	0.705518	39	38.4	108969	19	2048	1.00508	1.00391	1809
805	499044	207	126747	372297	100	60	0.0792851	0.705518	38	38.4	108969	19	2048	1.00539	1.00493	1809
806	484940	207	152713	332227	100	60	0.0942283	0.705518	38	38.4	108969	19	2048	1.00651	1.0083	1809
807	556547	2370	212466	344081	100	60	0.921216	0.705518	38	38.4	108969	19	2048	1.00944	1.01156	1809
808	667529	2208	280966	386564	100	60	1.14456	0.705518	38	38.4	108969	19	2048	1.01414	1.01697	1809
809	737859	1969	327701	410158	100	60	1.33283	0.705518	38	38.4	108969	19	2048	1.01797	1.02279	1809
810	571596	1695	172868	398728	100	60	1.42355	0.705518	33	38.4	108969	19	2048	1.10689	1.18356	1809
811	617752	1370	244113	371811	100	60	0.79081	0.705518	39	38.4	0	19	2048	1.04069	1.04398	1809
812	679578	1128	298592	378149	100	60	0.636675	0.705518	39	38.4	0	19	2048	1.0252	1.02363	1809
813	766960	975	355833	408015	100	60	0.595272	0.705518	39	38.4	0	19	2048	1.0197	1.01509	1809
814	815315	816	385435	426975	100	60	0.614473	0.705518	39	38.4	0	19	2048	1.02128	1.01329	1809
815	831625	733	398165	430922	100	60	0.665147	0.705518	39	38.4	0	19	2048	1.02739	1.01565	1809
816	840671	1594	408927	431744	100	60	1.26432	0.705518	39	38.4	0	19	2048	1.03055	1.01816	1809
817	825980	1471	407637	418344	100	60	1.35392	0.705518	39	38.4	0	19	2048	1.03306	1.02214	1809
818	834363	1436	416409	417954	100	60	1.50583	0.705518	39	38.4	0	19	2048	1.03851	1.03045	1809
819	789618	1157	399623	389995	100	60	1.55531	0.705518	39	38.4	0	19	2048	1.03902	1.03509	1809
820	549048	965	183828	365220	100	60	1.61811	0.705518	39	38.4	4574.82	19	2048	1.05196	1.04612	1809
821	568023	841	230687	337336	100	60	1.70129	0.705518	39	38.4	4574.82	19	2048	1.05268	1.04436	1809
822	601101	761	275439	325661	100	60	1.7466	0.705518	39	38.4	4574.82	19	2048	1.06984	1.06217	1809
823	613570	693	300671	312898	100	60	1.82215	0.705518	39	38.4	4574.82	19	2048	1.07738	1.0625	1809
824	606995	637	308068	298927	100	60	1.89335	0.705518	39	38.4	4574.82	19	2048	1.11373	1.0941	1809
825	576941	572	298773	278168	100	60	1.91885	0.705518	39	38.4	4574.82	19	2048	1.13968	1.12143	1809
826	525026	491	271676	244829	100	60	1.88651	0.705518	39	38.4	4574.82	19	2048	1.15267	1.12577	1809
827	485964	433	250360	221146	100	60	1.88558	0.705518	39	38.4	4574.82	19	2048	1.16593	1.12941	1809
828	444056	371	230453	200595	100	60	1.91868	0.705518	39	38.4	4574.82	19	2048	1.17232	1.13019	1809
829	418181	340	217803	188201	100	60	1.98717	0.705518	39	38.4	4574.82	19	2048	1.16959	1.12963	1809
830	390116	307	204956	174127	100	60	1.99484	0.705518	39	38.4	4574.82	19	2048	1.17276	1.13542	1809
831	341396	276	185695	155701	100	60	1.93985	0.705518	39	38.4	4574.82	19	2048	1.18587	1.1323	1809
832	258842	262	107637	151205	100	60	0.0835794	0.705518	39	38.4	84307.1	19	2048	1.00256	0.995683	1809
833	489590	233	204175	285415	100	60	0.069143	0.705518	39	38.4	84307.1	19	2048	1.00241	0.995223	1809
834	628760	224	262822	365938	100	60	0.0714954	0.705518	39	38.4	84307.1	19	2048	1.00245	0.996916	1809
835	605167	199	259402	345764	100	60	0.0773476	0.705518	38	38.4	84307.1	19	2048	1.00279	0.998631	1809
836	560701	170	249682	311020	100	60	0.0786303	0.705518	38	38.4	84307.1	19	2048	1.00314	0.998491	1809
837	466543	2507	124985	341559	100	60	1.00827	0.705518	38	38.4	84307.1	19	2048	1.00442	0.998646	1809
838	540800	2213	191171	349628	100	60	1.20335	0.705518	38	38.4	84307.1	19	2048	1.00641	1.00064	1809
839	616474	1900	249617	366857	100	60	1.42672	0.705518	38	38.4	84307.1	19	2048	1.00777	0.99911	1809
840	453275	1756	69776	383499	100	60	1.58997	0.705518	35	38.4	84307.1	19	2048	1.08076	1.11714	1809
841	455795	1351	126505	327689	100	60	0.571549	0.705518	39	38.4	0	19	2048	1.01745	1.00933	1809
842	580842	1184	214137	365078	100	60	0.481503	0.705518	39	38.4	0	19	2048	1.01044	1.00346	1809
843	558714	1007	146485	411960	100	60	0.459149	0.705518	39	38.4	0	19	2048	1.00743	1.00011	1809
844	647489	844	224019	422007	100	60	0.494507	0.705518	39	38.4	0	19	2048	1.00783	0.999388	1809
845	547106	769	128197	418871	100	60	0.568532	0.705518	39	38.4	0	19	2048	1.00944	1.00171	1809
846	579188	1757	186986	392201	100	60	1.22457	0.705518	39	38.4	0	19	2048	1.01156	1.00413	1809
847	643124	1726	255291	387832	100	60	1.43522	0.705518	39	38.4	0	19	2048	1.01372	1.00908	1809
848	707995	1609	312408	395587	100	60	1.61834	0.705518	39	38.4	0	19	2048	1.01698	1.01128	1809
849	732362	1311	343218	389144	100	60	1.6998	0.705518	39	38.4	0	19	2048	1.02551	1.02308	1809
850	684003	1095	309796	374208	100	60	1.73383	0.705518	39	38.4	53598.9	19	2048	1.03485	1.03506	1809
851	667262	918	321764	345498	100	60	1.74882	0.705518	39	38.4	53598.9	19	2048	1.04403	1.04626	1809
852	650904	805	325965	324938	100	60	1.80296	0.705518	39	38.4	53598.9	19	2048	1.05332	1.05772	1809
853	635373	720	325945	309428	100	60	1.84164	0.705518	39	38.4	53598.9	19	2048	1.07151	1.07574	1809
854	454515	654	158616	295899	100	60	1.88119	0.705518	39	38.4	53598.9	19	2048	1.08333	1.08527	1809
855	451268	568	186205	265063	100	60	1.91366	0.705518	39	38.4	53598.9	19	2048	1.0961	1.09769	1809
856	447544	503	204332	236587	100	60	1.95723	0.705518	39	38.4	53598.9	19	2048	1.10973	1.1022	1809
857	439565	451	213368	215283	100	60	1.93768	0.705518	39	38.4	53598.9	19	2048	1.12249	1.10468	1809
858	424384	402	214094	199499	100	60	1.95249	0.705518	39	38.4	53598.9	19	2048	1.1224	1.11196	1809
859	420241	382	216479	192864	100	60	1.95575	0.705518	39	38.4	53598.9	19	2048	1.13317	1.12568	1809
860	389970	342	204161	176179	100	60	1.89837	0.705518	39	38.4	53598.9	19	2048	1.13031	1.13497	1809
861	354558	307	192016	162541	100	60	1.90643	0.705518	39	38.4	53598.9	19	2048	1.13916	1.15331	1809
862	253804	269	107126	146678	100	60	0.0953395	0.705518	39	38.4	131681	19	2048	1.00279	1.00251	1809
863	460112	247	192874	267238	100	60	0.0788647	0.705518	39	38.4	131681	19	2048	1.00248	1.00229	1809
864	635928	226	266797	369131	100	60	0.0764187	0.705518	39	38.4	131681	19	2048	1.00272	1.0026	1809
865	652745	209	278638	374106	100	60	0.0827098	0.705518	38	38.4	131681	19	2048	1.00337	1.0036	1809
866	597977	192	264778	333199	100	60	0.0908573	0.705518	37	38.4	131681	19	2048	1.00396	1.00572	1809
867	613622	2411	280646	332976	100	60	0.960334	0.705518	36	38.4	131681	19	2048	1.00472	1.00717	1809
868	694417	2184	323540	370877	100	60	1.11813	0.705518	36	38.4	131681	19	2048	1.006	1.00988	1809
869	750992	1942	353275	397718	100	60	1.36491	0.705518	35	38.4	131681	19	2048	1.00753	1.0092	1809
870	493206	1800	87623.1	405583	100	60	1.53967	0.705518	31	38.4	131681	19	2048	1.0923	1.15475	1809
871	517071	1462	150519	366262	100	60	0.714865	0.705518	39	38.4	0	19	2048	1.02806	1.02921	1809
872	473458	1176	106884	366501	100	60	0.577223	0.705518	39	38.4	0	19	2048	1.01593	1.01445	1809
873	584308	985	198832	385186	100	60	0.506813	0.705518	39	38.4	0	19	2048	1.01002	1.00725	1809
874	716418	866	285918	430151	100	60	0.535303	0.705518	39	38.4	0	19	2048	1.01015	1.00565	1809
875	586035	765	156028	429997	100	60	0.595267	0.705518	39	38.4	0	19	2048	1.01185	1.00681	1809
876	630590	1804	217261	413330	100	60	1.28018	0.705518	39	38.4	0	19	2048	1.01511	1.01041	1809
877	548156	1724	132684	415471	100	60	1.43062	0.705518	39	38.4	0	19	2048	1.01478	1.00959	1809
878	594960	1674	200102	394858	100	60	1.66109	0.705518	39	38.4	0	19	2048	1.0161	1.00779	1809
879	658789	1409	267217	391572	100	60	1.75509	0.705518	39	38.4	0	19	2048	1.01762	1.0114	1809
880	653076	1179	278480	374596	100	60	1.83367	0.705518	39	38.4	34807.7	19	2048	1.01946	1.01446	1809
881	662049	1010	308134	353915	100	60	1.89977	0.705518	39	38.4	34807.7	19	2048	1.0264	1.01984	1809
882	649053	865	318961	330091	100	60	1.93324	0.705518	39	38.4	34807.7	19	2048	1.02663	1.0197	1809
883	465230	754	156118	309112	100	60	1.97865	0.705518	39	38.4	34807.7	19	2048	1.0349	1.02922	1809
884	471496	658	192878	278618	100	60	1.99845	0.705518	39	38.4	34807.7	19	2048	1.04609	1.03957	1809
885	494025	603	230044	263980	100	60	2.03645	0.705518	39	38.4	34807.7	19	2048	1.05255	1.04485	1809
886	506273	554	247503	249388	100	60	2.04407	0.705518	39	38.4	34807.7	19	2048	1.05949	1.05244	1809
887	511232	515	253804	241044	100	60	2.07306	0.705518	39	38.4	34807.7	19	2048	1.06007	1.05653	1809
888	488625	457	247755	225092	100	60	2.11648	0.705518	39	38.4	34807.7	19	2048	1.05061	1.04857	1809
889	337626	408	123299	211100	100	60	2.13038	0.705518	39	38.4	34807.7	19	2048	1.04577	1.04198	1809
890	325630	351	138532	184375	100	60	2.15024	0.705518	39	38.4	34807.7	19	2048	1.05645	1.05217	1809
891	334777	331	158982	175795	100	60	2.17195	0.705518	39	38.4	34807.7	19	2048	1.08092	1.07764	1809
892	216700	276	66688.6	150011	100	60	0.182943	0.705518	39	38.4	46979.5	19	2048	1.0038	1.00196	1809
893	327303	253	124586	202717	100	60	0.13232	0.705518	39	38.4	46979.5	19	2048	1.00305	1.0017	1809
894	538857	237	231209	307648	100	60	0.124892	0.705518	39	38.4	46979.5	19	2048	1.00322	1.00162	1809
895	680390	217	294702	385688	100	60	0.129199	0.705518	39	38.4	46979.5	19	2048	1.00327	1.00159	1809
896	688424	187	302315	386109	100	60	0.135738	0.705518	38	38.4	46979.5	19	2048	1.00309	1.00184	1809
897	678464	2088	307318	371145	100	60	0.893473	0.705518	37	38.4	46979.5	19	2048	1.00423	1.00368	1809
898	532019	1922	149610	382409	100	60	0.988699	0.705518	37	38.4	46979.5	19	2048	1.00412	1.00492	1809
899	474723	1740	97168.6	377555	100	60	1.16638	0.705518	37	38.4	46979.5	19	2048	1.00651	1.00902	1809
900	433479	1558	82613.3	350866	100	60	1.2226	0.705518	31	38.4	46979.5	19	2048	1.10578	1.17988	1809
901	477464	1290	152516	324802	100	60	0.96692	0.705518	39	38.4	0	19	2048	1.05751	1.06196	1809
902	556673	1114	224877	331654	100	60	0.884255	0.705518	39	38.4	0	19	2048	1.03543	1.03046	1809
903	635812	976	286774	348827	100	60	0.854421	0.705518	39	38.4	0	19	2048	1.02044	1.01339	1809
904	711546	864	341353	369971	100	60	0.894379	0.705518	39	38.4	0	19	2048	1.01565	1.00476	1809
905	788494	807	388792	399497	100	60	0.984063	0.705518	39	38.4	0	19	2048	1.02012	1.00679	1809
906	810692	1256	405248	405444	100	60	1.40377	0.705518	39	38.4	0	19	2048	1.02085	1.00879	1809
907	836120	1303	423662	412458	100	60	1.58382	0.705518	39	38.4	0	19	2048	1.02621	1.01331	1809
908	820505	1202	421253	399253	100	60	1.64903	0.705518	39	38.4	0	19	2048	1.03385	1.02179	1809
909	798017	1040	415006	383011	100	60	1.63621	0.705518	39	38.4	0	19	2048	1.04392	1.03585	1809
910	656674	899	296467	360207	100	60	1.65789	0.705518	39	38.4	112605	19	2048	1.05479	1.04933	1809
911	650111	797	314405	335706	100	60	1.68596	0.705518	39	38.4	112605	19	2048	1.0555	1.04924	1809
912	624279	702	315374	308904	100	60	1.7326	0.705518	39	38.4	112605	19	2048	1.06286	1.05747	1809
913	585776	611	304682	281094	100	60	1.78926	0.705518	39	38.4	112605	19	2048	1.0662	1.06126	1809
914	413801	558	148939	264863	100	60	1.82563	0.705518	39	38.4	112605	19	2048	1.05984	1.04685	1809
915	443750	528	191068	252682	100	60	1.87135	0.705518	39	38.4	112605	19	2048	1.06207	1.05182	1809
916	452955	482	213861	230678	100	60	1.83133	0.705518	39	38.4	112605	19	2048	1.07184	1.06303	1809
917	454559	447	224527	215332	100	60	1.82776	0.705518	39	38.4	112605	19	2048	1.09554	1.08884	1809
918	427353	395	217860	195209	100	60	1.82847	0.705518	39	38.4	112605	19	2048	1.086	1.07752	1809
919	421188	371	218905	188234	100	60	1.84595	0.705518	39	38.4	112605	19	2048	1.07068	1.04645	1809
920	391787	334	206392	172794	100	60	1.85886	0.705518	39	38.4	112605	19	2048	1.06195	1.03976	1809
921	247328	294	92229.5	155098	100	60	1.85795	0.705518	39	38.4	112605	19	2048	1.05281	1.03136	1809
922	238819	274	92192.1	146626	100	60	0.0799025	0.705518	39	38.4	136565	19	2048	1.00101	0.995987	1809
923	473192	228	189912	283280	100	60	0.0665137	0.705518	39	38.4	136565	19	2048	1.00089	0.995989	1809
924	610013	208	249424	360589	100	60	0.0646644	0.705518	39	38.4	136565	19	2048	1.001	0.99634	1809
925	574974	186	244277	330698	100	60	0.0715233	0.705518	39	38.4	136565	19	2048	1.00114	0.996495	1809
926	556158	170	248035	308123	100	60	0.0778021	0.705518	39	38.4	136565	19	2048	1.00131	0.996125	1809
927	624099	2607	287750	336349	100	60	0.987702	0.705518	39	38.4	136565	19	2048	1.00217	0.995615	1809
928	712564	2211	332837	379726	100	60	1.10043	0.705518	39	38.4	136565	19	2048	1.00265	0.995363	1809
929	761253	1990	360932	400320	100	60	1.31743	0.705518	39	38.4	136565	19	2048	1.00359	0.993232	1809
930	585108	1811	186704	398404	100	60	1.43126	0.705518	33	38.4	136565	19	2048	1.08307	1.13212	1809
