Time	totMass	NInd	abovemass	belowmass	mean_ares	mean_bres	shannon	meanShannon	NPFT	meanNPFT	Cutted	NNonClonal	NClonal	mean_generation	mean_genet_size	NGenets
1	510.2	0	255.1	255.1	100	60	0	0.746893	39	38.2	0	2	1998	1	0.869492	1630
2	8890.62	0	3482.6	5408.02	100	60	0	0.746893	39	38.2	0	2	1998	1	0.874279	1630
3	41446.3	0	19381.6	22064.7	100	60	0	0.746893	39	38.2	0	2	1998	1	0.874372	1630
4	122940	0	57778.8	65161.5	100	60	0	0.746893	39	38.2	0	2	1998	1	0.87334	1630
5	272649	0	127971	144678	100	60	0	0.746893	39	38.2	0	2	1998	1	0.870968	1630
6	477312	562	224144	253167	100	60	2.43868	0.746893	39	38.2	0	2	1998	1.00104	0.87055	1630
7	685472	780	323976	361495	100	60	3.11996	0.746893	39	38.2	0	2	1998	1.01576	0.884222	1630
8	867314	842	415204	452110	100	60	3.28488	0.746893	39	38.2	0	2	1998	1.03401	0.907363	1630
9	995532	797	482106	513425	100	60	3.15705	0.746893	39	38.2	0	2	1998	1.04968	0.930991	1630
10	1.09447e+006	754	535811	558658	100	60	3.00616	0.746893	39	38.2	0	2	1998	1.06739	0.953642	1630
11	1.17241e+006	722	579557	592851	100	60	2.92872	0.746893	39	38.2	0	2	1998	1.07889	0.962656	1630
12	1.20934e+006	698	603978	605364	100	60	2.90471	0.746893	39	38.2	0	2	1998	1.09217	0.971264	1630
13	1.25202e+006	681	629492	622528	100	60	2.85549	0.746893	39	38.2	0	2	1998	1.11243	1.00148	1630
14	1.2874e+006	671	651277	636126	100	60	2.85012	0.746893	39	38.2	0	2	1998	1.12927	1.00908	1630
15	1.32226e+006	670	671046	651210	100	60	2.91115	0.746893	39	38.2	0	2	1998	1.13846	1.02752	1630
16	1.34171e+006	656	671628	650171	100	60	2.92026	0.746893	39	38.2	0	2	1998	1.1557	1.03762	1630
17	1.37193e+006	654	678565	655308	100	60	2.92972	0.746893	39	38.2	0	2	1998	1.16621	1.04754	1630
18	1.40852e+006	662	694560	670965	100	60	3.01239	0.746893	39	38.2	0	2	1998	1.16361	1.04466	1630
19	1.43346e+006	657	707087	681958	100	60	3.0738	0.746893	39	38.2	0	2	1998	1.16327	1.02585	1630
20	1.43874e+006	649	710456	684654	100	60	3.11923	0.746893	39	38.2	0	2	1998	1.16342	1.01488	1630
21	1.39835e+006	646	712698	685651	100	60	3.1546	0.746893	39	38.2	0	2	1998	1.15805	1.00168	1630
22	1.40235e+006	647	716456	685899	100	60	0.73381	0.746893	39	38.2	0	2	1998	1.02449	0.861429	1630
23	1.42802e+006	635	724795	703226	100	60	0.733669	0.746893	39	38.2	0	2	1998	1.0267	0.866922	1630
24	1.43279e+006	619	724405	708386	100	60	0.754187	0.746893	39	38.2	0	2	1998	1.03225	0.904032	1630
25	1.41583e+006	597	716494	699333	100	60	0.828093	0.746893	39	38.2	0	2	1998	1.03878	0.934113	1630
26	1.44118e+006	590	728356	712821	100	60	0.953458	0.746893	39	38.2	0	2	1998	1.05011	0.962008	1630
27	1.46885e+006	1505	740041	728811	100	60	2.39261	0.746893	39	38.2	0	2	1998	1.06877	0.98409	1630
28	1.51046e+006	1412	758765	751690	100	60	2.53622	0.746893	39	38.2	0	2	1998	1.08646	1.00272	1630
29	1.54693e+006	1321	776358	770570	100	60	2.62233	0.746893	39	38.2	0	2	1998	1.09899	1.01768	1630
30	1.16772e+006	1228	391570	776153	100	60	2.23455	0.746893	39	38.2	0	2	1998	1.33767	1.42015	1630
31	1.17508e+006	1054	459676	715286	100	60	1.07221	0.746893	39	38.2	0	2	1998	1.09873	0.961114	1630
32	1.13349e+006	898	476809	656485	100	60	0.884218	0.746893	39	38.2	0	2	1998	1.07144	0.918303	1630
33	1.11022e+006	776	485143	624862	100	60	0.739969	0.746893	39	38.2	0	2	1998	1.05552	0.903612	1630
34	1.05241e+006	646	471104	581129	100	60	0.792666	0.746893	39	38.2	0	2	1998	1.06067	0.917238	1630
35	1.03593e+006	698	474752	561029	100	60	1.04995	0.746893	39	38.2	0	2	1998	1.07044	0.945957	1630
36	1.01571e+006	776	473585	542129	100	60	1.36764	0.746893	39	38.2	0	2	1998	1.07744	0.979127	1630
37	980614	862	463848	516766	100	60	1.81114	0.746893	39	38.2	0	2	1998	1.09011	0.991511	1630
38	962492	1016	460110	502382	100	60	2.48124	0.746893	39	38.2	0	2	1998	1.10363	0.997899	1630
39	898303	817	434344	463959	100	60	2.52047	0.746893	39	38.2	0	2	1998	1.1133	1.00261	1630
40	584948	698	146270	438678	100	60	2.55771	0.746893	39	38.2	309116	2	1998	1.13278	1.02914	1630
41	610001	611	198261	411740	100	60	2.60632	0.746893	39	38.2	309116	2	1998	1.14057	1.04021	1630
42	623958	539	240542	383416	100	60	2.62611	0.746893	39	38.2	309116	2	1998	1.15896	1.06452	1630
43	623251	466	267568	355683	100	60	2.68939	0.746893	39	38.2	309116	2	1998	1.17863	1.07674	1630
44	650755	437	295761	354994	100	60	2.71429	0.746893	39	38.2	309116	2	1998	1.20349	1.10025	1630
45	657231	407	310451	346780	100	60	2.79138	0.746893	39	38.2	309116	2	1998	1.22566	1.12262	1630
46	652543	379	311390	330947	100	60	2.85768	0.746893	39	38.2	309116	2	1998	1.26209	1.15	1630
47	630264	354	300830	311483	100	60	2.93927	0.746893	39	38.2	309116	2	1998	1.26286	1.14873	1630
48	592684	312	286663	288045	100	60	2.99517	0.746893	39	38.2	309116	2	1998	1.25658	1.10638	1630
49	566362	285	276373	272512	100	60	2.98245	0.746893	39	38.2	309116	2	1998	1.25714	1.08949	1630
50	389437	254	134640	252001	100	60	3.06275	0.746893	39	38.2	309116	2	1998	1.24898	1.09211	1630
51	400786	236	166096	234690	100	60	3.0579	0.746893	39	38.2	309116	2	1998	1.27854	1.12683	1630
52	274888	222	53228.9	221659	100	60	0.237901	0.746893	39	38.2	453948	2	1998	1.00982	0.958179	1630
53	345479	201	104526	240953	100	60	0.159762	0.746893	39	38.2	453948	2	1998	1.00614	0.956288	1630
54	505904	181	194742	311161	100	60	0.144118	0.746893	39	38.2	453948	2	1998	1.00565	0.955479	1630
55	655296	160	269821	385475	100	60	0.141859	0.746893	39	38.2	453948	2	1998	1.00566	0.964333	1630
56	719823	146	304262	415561	100	60	0.157564	0.746893	39	38.2	453948	2	1998	1.00703	0.97758	1630
57	749944	2049	325740	424204	100	60	1.43565	0.746893	39	38.2	453948	2	1998	1.0087	0.984398	1630
58	786509	1955	350815	435694	100	60	1.61597	0.746893	39	38.2	453948	2	1998	1.01038	0.989225	1630
59	836740	1697	383905	452835	100	60	1.73063	0.746893	39	38.2	453948	2	1998	1.01056	0.98944	1630
60	649804	1519	199494	450310	100	60	1.75106	0.746893	39	38.2	453948	2	1998	1.15642	1.25697	1630
61	696989	1240	272638	423579	100	60	1.55889	0.746893	39	38.2	0	2	1998	1.12131	1.11818	1630
62	742156	1063	322241	418738	100	60	1.48388	0.746893	39	38.2	0	2	1998	1.08487	1.05209	1630
63	753164	912	346962	404871	100	60	1.42877	0.746893	39	38.2	0	2	1998	1.07045	1.01454	1630
64	771371	775	368635	401610	100	60	1.43814	0.746893	39	38.2	0	2	1998	1.06653	0.995349	1630
65	599745	730	190325	408990	100	60	1.58258	0.746893	39	38.2	0	2	1998	1.07225	0.995789	1630
66	666669	967	256212	410457	100	60	2.20089	0.746893	39	38.2	0	2	1998	1.06909	0.994239	1630
67	710379	959	307215	403164	100	60	2.44562	0.746893	39	38.2	0	2	1998	1.06039	0.987179	1630
68	718861	890	332030	386831	100	60	2.58684	0.746893	39	38.2	0	2	1998	1.06379	0.993103	1630
69	694915	755	333810	361105	100	60	2.58315	0.746893	39	38.2	0	2	1998	1.06512	0.998649	1630
70	553532	697	192446	361086	100	60	2.60372	0.746893	39	38.2	170566	2	1998	1.07862	1.01318	1630
71	537122	582	217104	320018	100	60	2.60198	0.746893	39	38.2	170566	2	1998	1.07953	1.01565	1630
72	515541	497	229917	285624	100	60	2.61836	0.746893	39	38.2	170566	2	1998	1.09381	1.02227	1630
73	521635	453	246438	275197	100	60	2.64702	0.746893	39	38.2	170566	2	1998	1.10317	1.02895	1630
74	384217	406	125348	258869	100	60	2.6489	0.746893	39	38.2	170566	2	1998	1.12955	1.055	1630
75	390879	366	155011	235868	100	60	2.70503	0.746893	39	38.2	170566	2	1998	1.13402	1.06197	1630
76	402872	339	178116	217820	100	60	2.7349	0.746893	39	38.2	170566	2	1998	1.14368	1.08	1630
77	396595	301	185449	200349	100	60	2.73905	0.746893	39	38.2	170566	2	1998	1.14935	1.08621	1630
78	366465	261	177684	178175	100	60	2.77659	0.746893	39	38.2	170566	2	1998	1.1553	1.07631	1630
79	366068	241	181412	173461	100	60	2.83153	0.746893	39	38.2	170566	2	1998	1.15745	1.08889	1630
80	376481	233	189810	175887	100	60	2.80865	0.746893	39	38.2	170566	2	1998	1.17699	1.11574	1630
81	338290	206	177628	160662	100	60	2.85621	0.746893	39	38.2	170566	2	1998	1.175	1.09474	1630
82	205697	183	54763.5	150933	100	60	0.0855113	0.746893	39	38.2	297745	2	1998	1.00248	0.963108	1630
83	398728	169	144037	254691	100	60	0.0663039	0.746893	39	38.2	297745	2	1998	1.00201	0.961343	1630
84	595937	156	233979	361958	100	60	0.0654703	0.746893	39	38.2	297745	2	1998	1.00204	0.967454	1630
85	619810	136	249926	369883	100	60	0.0670578	0.746893	39	38.2	297745	2	1998	1.00229	0.979256	1630
86	602493	125	253358	349135	100	60	0.0752935	0.746893	39	38.2	297745	2	1998	1.00292	0.984074	1630
87	645546	2586	284405	361141	100	60	1.23611	0.746893	39	38.2	297745	2	1998	1.00411	0.985971	1630
88	742277	2512	334116	408161	100	60	1.48278	0.746893	39	38.2	297745	2	1998	1.00507	0.991559	1630
89	801448	2185	365944	435504	100	60	1.74902	0.746893	39	38.2	297745	2	1998	1.00682	0.995559	1630
90	616272	1883	187042	429230	100	60	1.88378	0.746893	39	38.2	297745	2	1998	1.06911	1.10951	1630
91	669287	1506	258961	409537	100	60	1.10175	0.746893	39	38.2	0	2	1998	1.03177	1.00286	1630
92	728054	1254	309719	417360	100	60	0.929557	0.746893	39	38.2	0	2	1998	1.02013	0.985866	1630
93	820456	1096	368747	450494	100	60	0.843314	0.746893	39	38.2	0	2	1998	1.01499	0.97609	1630
94	885332	952	406498	477587	100	60	0.881613	0.746893	39	38.2	0	2	1998	1.0151	0.979938	1630
95	892992	832	417626	474286	100	60	0.944871	0.746893	39	38.2	0	2	1998	1.01513	0.984785	1630
96	881566	1494	417909	463657	100	60	1.71493	0.746893	39	38.2	0	2	1998	1.0173	0.983672	1630
97	888418	1442	426536	461881	100	60	1.87854	0.746893	39	38.2	0	2	1998	1.02064	0.988565	1630
98	868593	1433	421418	447175	100	60	2.08867	0.746893	39	38.2	0	2	1998	1.0235	0.996484	1630
99	838117	1175	411156	426961	100	60	2.16231	0.746893	39	38.2	0	2	1998	1.02429	1.00086	1630
100	673698	1029	253967	419731	100	60	2.23501	0.746893	39	38.2	172282	2	1998	1.02917	1.00491	1630
101	536233	905	139391	396842	100	60	2.29902	0.746893	39	38.2	172282	2	1998	1.03476	1.00779	1630
102	555032	791	188856	366176	100	60	2.41761	0.746893	39	38.2	172282	2	1998	1.03861	1.01024	1630
103	452446	691	114392	338055	100	60	2.52323	0.746893	39	38.2	172282	2	1998	1.0561	1.02343	1630
104	480238	631	163273	316965	100	60	2.55205	0.746893	39	38.2	172282	2	1998	1.06327	1.02564	1630
105	481240	554	199135	282104	100	60	2.60735	0.746893	39	38.2	172282	2	1998	1.0684	1.03114	1630
106	463997	463	208396	247585	100	60	2.62322	0.746893	39	38.2	172282	2	1998	1.07647	1.03282	1630
107	480223	433	225831	241212	100	60	2.61877	0.746893	39	38.2	172282	2	1998	1.08051	1.03505	1630
108	449555	368	218174	218297	100	60	2.63309	0.746893	39	38.2	172282	2	1998	1.08838	1.03846	1630
109	323305	338	109997	210482	100	60	2.63445	0.746893	39	38.2	172282	2	1998	1.09341	1.04204	1630
110	346110	323	140493	202874	100	60	2.62954	0.746893	39	38.2	172282	2	1998	1.10204	1.04762	1630
111	352116	298	161194	190921	100	60	2.62684	0.746893	39	38.2	172282	2	1998	1.11935	1.0692	1630
112	271619	283	85036.6	186582	100	60	0.177647	0.746893	39	38.2	268097	2	1998	1.00399	1.00156	1630
113	391917	258	148946	242971	100	60	0.130287	0.746893	39	38.2	268097	2	1998	1.00313	1.00157	1630
114	608419	247	253366	355053	100	60	0.129435	0.746893	39	38.2	268097	2	1998	1.00348	1.00203	1630
115	706937	215	298532	408405	100	60	0.126338	0.746893	39	38.2	268097	2	1998	1.0033	1.00179	1630
116	524468	197	131644	392824	100	60	0.141582	0.746893	39	38.2	268097	2	1998	1.0039	1.00331	1630
117	531213	2128	168783	362431	100	60	1.0127	0.746893	39	38.2	268097	2	1998	1.00488	1.00503	1630
118	619411	2000	234546	384865	100	60	1.17297	0.746893	39	38.2	268097	2	1998	1.00597	1.00691	1630
119	717999	1819	299287	418712	100	60	1.41332	0.746893	39	38.2	268097	2	1998	1.00826	1.00875	1630
120	577474	1598	165111	412363	100	60	1.51907	0.746893	36	38.2	268097	2	1998	1.117	1.18892	1630
121	628741	1311	240143	386162	100	60	1.07745	0.746893	39	38.2	0	2	1998	1.06252	1.06954	1630
122	671660	1086	290992	377670	100	60	0.937618	0.746893	39	38.2	0	2	1998	1.03985	1.03344	1630
123	744666	961	345641	395110	100	60	0.885235	0.746893	39	38.2	0	2	1998	1.02815	1.01946	1630
124	804268	833	386464	414139	100	60	0.919401	0.746893	39	38.2	0	2	1998	1.02924	1.01863	1630
125	852511	789	417160	432092	100	60	1.02905	0.746893	39	38.2	0	2	1998	1.03271	1.0205	1630
126	900835	1393	446881	453954	100	60	1.60617	0.746893	39	38.2	0	2	1998	1.0355	1.01854	1630
127	893189	1379	447821	445368	100	60	1.75734	0.746893	39	38.2	0	2	1998	1.03771	1.01767	1630
128	639793	1284	214854	424939	100	60	1.83134	0.746893	39	38.2	0	2	1998	1.04089	1.02205	1630
129	659228	1086	266261	392967	100	60	1.82277	0.746893	39	38.2	0	2	1998	1.04542	1.02889	1630
130	628516	923	264784	363732	100	60	1.84138	0.746893	39	38.2	43107.9	2	1998	1.0531	1.03392	1630
131	655031	836	303132	351900	100	60	1.9007	0.746893	39	38.2	43107.9	2	1998	1.05899	1.0399	1630
132	486053	744	156003	330050	100	60	1.94727	0.746893	39	38.2	43107.9	2	1998	1.07064	1.05177	1630
133	500669	659	200071	300598	100	60	1.97676	0.746893	39	38.2	43107.9	2	1998	1.08724	1.07419	1630
134	517148	598	235919	281228	100	60	1.99767	0.746893	39	38.2	43107.9	2	1998	1.09926	1.08362	1630
135	522222	541	257439	264783	100	60	2.01742	0.746893	39	38.2	43107.9	2	1998	1.12457	1.09981	1630
136	529505	505	266426	255406	100	60	2.03804	0.746893	39	38.2	43107.9	2	1998	1.13863	1.10463	1630
137	506669	456	257693	235873	100	60	2.03353	0.746893	39	38.2	43107.9	2	1998	1.16424	1.12135	1630
138	489786	416	253122	223796	100	60	2.0389	0.746893	39	38.2	43107.9	2	1998	1.17371	1.12438	1630
139	447953	362	233309	202505	100	60	2.01764	0.746893	39	38.2	43107.9	2	1998	1.18649	1.13833	1630
140	434094	344	227517	195423	100	60	2.02495	0.746893	39	38.2	43107.9	2	1998	1.20058	1.15385	1630
141	395769	313	213957	181811	100	60	2.06704	0.746893	39	38.2	43107.9	2	1998	1.21104	1.16151	1630
142	277095	278	111380	165714	100	60	0.0926434	0.746893	39	38.2	140837	2	1998	1.00348	0.995844	1630
143	485657	234	197919	287738	100	60	0.0734612	0.746893	39	38.2	140837	2	1998	1.00289	0.995239	1630
144	619531	209	256374	363156	100	60	0.0686309	0.746893	39	38.2	140837	2	1998	1.00266	0.996274	1630
145	605361	186	256994	348367	100	60	0.0730526	0.746893	39	38.2	140837	2	1998	1.00335	0.99863	1630
146	574318	165	253673	320645	100	60	0.077853	0.746893	39	38.2	140837	2	1998	1.00345	0.999582	1630
147	634336	2448	290789	343547	100	60	1.02192	0.746893	39	38.2	140837	2	1998	1.00545	1.0023	1630
148	527880	2129	148281	379599	100	60	1.17237	0.746893	39	38.2	140837	2	1998	1.00652	1.00362	1630
149	571061	1896	203439	367622	100	60	1.39509	0.746893	39	38.2	140837	2	1998	1.0083	1.00469	1630
150	500692	1819	129683	371010	100	60	1.63291	0.746893	37	38.2	140837	2	1998	1.06403	1.10099	1630
151	577678	1518	211204	364254	100	60	0.685514	0.746893	39	38.2	0	2	1998	1.01676	1.00892	1630
152	678797	1254	280656	395617	100	60	0.553307	0.746893	39	38.2	0	2	1998	1.01071	1.00161	1630
153	762094	1018	335328	423293	100	60	0.497994	0.746893	39	38.2	0	2	1998	1.00799	0.997005	1630
154	818638	863	370548	445021	100	60	0.538093	0.746893	39	38.2	0	2	1998	1.00914	0.998674	1630
155	816089	749	379372	434141	100	60	0.579593	0.746893	39	38.2	0	2	1998	1.0097	0.997419	1630
156	794799	1706	380019	414779	100	60	1.26993	0.746893	39	38.2	0	2	1998	1.01206	1	1630
157	819605	1609	398341	421264	100	60	1.44072	0.746893	39	38.2	0	2	1998	1.01321	1.00156	1630
158	619881	1548	194666	425216	100	60	1.72028	0.746893	39	38.2	0	2	1998	1.01874	1.00975	1630
159	672373	1332	258703	413670	100	60	1.79834	0.746893	39	38.2	0	2	1998	1.01886	1.00983	1630
160	672937	1140	274076	398860	100	60	1.88859	0.746893	39	38.2	38889.8	2	1998	1.02485	1.0168	1630
161	692061	994	312024	380037	100	60	1.97346	0.746893	39	38.2	38889.8	2	1998	1.03146	1.02434	1630
162	696854	884	335597	361256	100	60	2.02363	0.746893	39	38.2	38889.8	2	1998	1.04356	1.03763	1630
163	670200	765	335926	334274	100	60	2.07418	0.746893	39	38.2	38889.8	2	1998	1.06028	1.05541	1630
164	631403	666	324762	306642	100	60	2.11805	0.746893	39	38.2	38889.8	2	1998	1.06848	1.06515	1630
165	597242	595	312021	285220	100	60	2.13264	0.746893	39	38.2	38889.8	2	1998	1.07364	1.07276	1630
166	565553	531	295193	262308	100	60	2.11166	0.746893	39	38.2	38889.8	2	1998	1.10847	1.10687	1630
167	508956	462	264289	231453	100	60	2.09094	0.746893	39	38.2	38889.8	2	1998	1.13583	1.13348	1630
168	351668	424	127760	221707	100	60	2.13323	0.746893	39	38.2	38889.8	2	1998	1.12639	1.12107	1630
169	277677	385	76112.1	200789	100	60	2.11816	0.746893	39	38.2	38889.8	2	1998	1.15212	1.1355	1630
170	287432	347	103551	183202	100	60	2.1031	0.746893	39	38.2	38889.8	2	1998	1.16438	1.14199	1630
171	291737	310	125176	166561	100	60	2.11702	0.746893	39	38.2	38889.8	2	1998	1.17957	1.15932	1630
172	250213	283	97381.5	152831	100	60	0.164433	0.746893	39	38.2	84248	2	1998	1.00519	1.00343	1630
173	374302	258	156251	218051	100	60	0.125203	0.746893	39	38.2	84248	2	1998	1.00411	1.00272	1630
174	577435	238	251203	326232	100	60	0.121561	0.746893	39	38.2	84248	2	1998	1.00379	1.00204	1630
175	701738	223	304484	397255	100	60	0.126803	0.746893	39	38.2	84248	2	1998	1.00435	1.00329	1630
176	714617	213	314816	399801	100	60	0.145065	0.746893	39	38.2	84248	2	1998	1.0055	1.00674	1630
177	677284	2151	305902	371382	100	60	0.86081	0.746893	39	38.2	84248	2	1998	1.00671	1.01048	1630
178	738277	1885	342624	395654	100	60	0.93996	0.746893	39	38.2	84248	2	1998	1.00881	1.01528	1630
179	784235	1651	371057	413178	100	60	1.10961	0.746893	38	38.2	84248	2	1998	1.01167	1.01654	1630
180	605587	1494	193289	412297	100	60	1.19168	0.746893	37	38.2	84248	2	1998	1.17027	1.3	1630
181	642024	1209	261389	376269	100	60	0.944216	0.746893	39	38.2	0	2	1998	1.09914	1.11132	1630
182	676774	1000	305784	365277	100	60	0.83717	0.746893	39	38.2	0	2	1998	1.06234	1.05568	1630
183	744590	899	354827	382573	100	60	0.819074	0.746893	39	38.2	0	2	1998	1.04495	1.03504	1630
184	794923	793	389042	399080	100	60	0.845109	0.746893	39	38.2	0	2	1998	1.04346	1.03003	1630
185	828508	776	411437	411165	100	60	0.936844	0.746893	39	38.2	0	2	1998	1.05008	1.03111	1630
186	850895	1233	427774	423121	100	60	1.34129	0.746893	39	38.2	0	2	1998	1.05558	1.02886	1630
187	826462	1189	418293	408168	100	60	1.44692	0.746893	39	38.2	0	2	1998	1.06313	1.03843	1630
188	822638	1157	421300	401338	100	60	1.52404	0.746893	39	38.2	0	2	1998	1.0742	1.05804	1630
189	832716	1040	430858	401858	100	60	1.52305	0.746893	39	38.2	0	2	1998	1.08308	1.0715	1630
190	709935	908	328823	381113	100	60	1.57066	0.746893	39	38.2	94377.2	2	1998	1.09408	1.08523	1630
191	706298	823	345603	360695	100	60	1.57506	0.746893	39	38.2	94377.2	2	1998	1.1047	1.08966	1630
192	656545	713	332408	324136	100	60	1.59316	0.746893	39	38.2	94377.2	2	1998	1.11611	1.09182	1630
193	634006	658	328088	305918	100	60	1.61059	0.746893	39	38.2	94377.2	2	1998	1.14745	1.11994	1630
194	582703	578	305456	277248	100	60	1.60949	0.746893	39	38.2	94377.2	2	1998	1.16954	1.13214	1630
195	557680	534	295383	262297	100	60	1.57591	0.746893	39	38.2	94377.2	2	1998	1.20804	1.17829	1630
196	526735	485	276892	244641	100	60	1.5701	0.746893	39	38.2	94377.2	2	1998	1.24554	1.20807	1630
197	365405	449	134127	229647	100	60	1.57727	0.746893	39	38.2	94377.2	2	1998	1.27193	1.23095	1630
198	371893	415	156450	211652	100	60	1.52653	0.746893	39	38.2	94377.2	2	1998	1.309	1.28238	1630
199	373074	386	172865	195114	100	60	1.50171	0.746893	39	38.2	94377.2	2	1998	1.32976	1.29714	1630
200	366017	354	179965	181301	100	60	1.53575	0.746893	39	38.2	94377.2	2	1998	1.33333	1.2776	1630
201	260906	333	89958.4	170948	100	60	1.48123	0.746893	39	38.2	94377.2	2	1998	1.37049	1.32639	1630
202	268380	310	107080	161300	100	60	0.087068	0.746893	39	38.2	102505	2	1998	1.00573	1.00265	1630
203	494891	288	200797	294094	100	60	0.0801456	0.746893	39	38.2	102505	2	1998	1.00527	1.00238	1630
204	633222	260	260829	372393	100	60	0.0782488	0.746893	39	38.2	102505	2	1998	1.00551	1.00323	1630
205	471405	233	114934	356471	100	60	0.0835041	0.746893	39	38.2	102505	2	1998	1.00617	1.00346	1630
206	461092	209	145377	315715	100	60	0.092853	0.746893	39	38.2	102505	2	1998	1.00713	1.00577	1630
207	548919	2477	211996	336922	100	60	0.888333	0.746893	39	38.2	102505	2	1998	1.00974	1.00859	1630
208	650815	2140	275490	375326	100	60	1.04938	0.746893	39	38.2	102505	2	1998	1.01394	1.01114	1630
209	707239	1926	316508	390731	100	60	1.208	0.746893	39	38.2	102505	2	1998	1.01713	1.016	1630
210	559288	1789	170892	388396	100	60	1.33668	0.746893	32	38.2	102505	2	1998	1.08497	1.1398	1630
211	635716	1506	253193	379093	100	60	0.687145	0.746893	39	38.2	0	2	1998	1.02562	1.02371	1630
212	716108	1258	315732	396202	100	60	0.571208	0.746893	39	38.2	0	2	1998	1.0147	1.01046	1630
213	791532	1047	366353	420049	100	60	0.521967	0.746893	39	38.2	0	2	1998	1.01071	1.00537	1630
214	847648	904	400079	443088	100	60	0.565515	0.746893	39	38.2	0	2	1998	1.01177	1.0047	1630
215	848454	805	407414	437446	100	60	0.611126	0.746893	39	38.2	0	2	1998	1.01324	1.00693	1630
216	815578	1582	402362	413216	100	60	1.14469	0.746893	39	38.2	0	2	1998	1.01676	1.01306	1630
217	811630	1493	407161	404469	100	60	1.25368	0.746893	39	38.2	0	2	1998	1.01718	1.01371	1630
218	821126	1443	417662	403464	100	60	1.43615	0.746893	39	38.2	0	2	1998	1.0206	1.01675	1630
219	781877	1185	402395	379481	100	60	1.46944	0.746893	39	38.2	0	2	1998	1.02629	1.02464	1630
220	565544	1044	192140	373404	100	60	1.52111	0.746893	39	38.2	6102.32	2	1998	1.03755	1.04046	1630
221	581095	900	240358	340737	100	60	1.58511	0.746893	39	38.2	6102.32	2	1998	1.04481	1.04348	1630
222	602894	805	280152	322742	100	60	1.63356	0.746893	39	38.2	6102.32	2	1998	1.05572	1.05473	1630
223	608920	730	303103	305817	100	60	1.66172	0.746893	39	38.2	6102.32	2	1998	1.06696	1.06859	1630
224	588431	650	305465	282966	100	60	1.67504	0.746893	39	38.2	6102.32	2	1998	1.09814	1.09457	1630
225	412450	590	148881	263569	100	60	1.68322	0.746893	39	38.2	6102.32	2	1998	1.12481	1.11592	1630
226	430680	535	182897	242512	100	60	1.68971	0.746893	39	38.2	6102.32	2	1998	1.13835	1.12885	1630
227	430050	472	203727	217918	100	60	1.68668	0.746893	39	38.2	6102.32	2	1998	1.14402	1.14004	1630
228	432726	438	217036	206357	100	60	1.65789	0.746893	39	38.2	6102.32	2	1998	1.17439	1.16945	1630
229	410073	395	211726	189325	100	60	1.6647	0.746893	39	38.2	6102.32	2	1998	1.17588	1.17297	1630
230	388828	358	204640	176164	100	60	1.64736	0.746893	39	38.2	6102.32	2	1998	1.19167	1.18209	1630
231	383753	347	208315	175438	100	60	1.6275	0.746893	39	38.2	6102.32	2	1998	1.21387	1.20615	1630
232	308212	326	138489	169722	100	60	0.0998042	0.746893	39	38.2	75049.6	2	1998	1.00411	1.00343	1630
233	524436	305	225864	298572	100	60	0.0882055	0.746893	39	38.2	75049.6	2	1998	1.00399	1.00311	1630
234	655558	271	278767	376791	100	60	0.0837038	0.746893	39	38.2	75049.6	2	1998	1.00391	1.00295	1630
235	639207	251	278785	360422	100	60	0.0928116	0.746893	39	38.2	75049.6	2	1998	1.00484	1.00438	1630
236	601177	223	271382	329795	100	60	0.0984217	0.746893	39	38.2	75049.6	2	1998	1.00496	1.00663	1630
237	665265	2459	309331	355935	100	60	0.974694	0.746893	39	38.2	75049.6	2	1998	1.00819	1.01075	1630
238	728138	2192	340751	387387	100	60	1.10552	0.746893	39	38.2	75049.6	2	1998	1.00946	1.01168	1630
239	759836	1948	360594	399242	100	60	1.31325	0.746893	39	38.2	75049.6	2	1998	1.01285	1.01475	1630
240	599225	1830	190771	408454	100	60	1.45401	0.746893	35	38.2	75049.6	2	1998	1.08728	1.14758	1630
241	654557	1488	264553	387477	100	60	0.70662	0.746893	39	38.2	0	2	1998	1.02464	1.02511	1630
242	752042	1283	332963	415635	100	60	0.598788	0.746893	39	38.2	0	2	1998	1.01568	1.01383	1630
243	818780	1067	378911	435719	100	60	0.545638	0.746893	39	38.2	0	2	1998	1.01125	1.00876	1630
244	869519	918	409918	456016	100	60	0.572933	0.746893	39	38.2	0	2	1998	1.01126	1.00683	1630
245	856980	806	410833	443117	100	60	0.600778	0.746893	39	38.2	0	2	1998	1.01217	1.00861	1630
246	821832	1679	401404	420428	100	60	1.17001	0.746893	39	38.2	0	2	1998	1.0134	1.0101	1630
247	821299	1611	408070	413229	100	60	1.29109	0.746893	39	38.2	0	2	1998	1.01503	1.01283	1630
248	805160	1462	405529	399631	100	60	1.48456	0.746893	39	38.2	0	2	1998	1.01634	1.01444	1630
249	771813	1189	393478	378335	100	60	1.5565	0.746893	39	38.2	0	2	1998	1.02332	1.02113	1630
250	657888	999	299837	358051	100	60	1.65544	0.746893	39	38.2	92486.6	2	1998	1.02984	1.03119	1630
251	644586	861	310052	334533	100	60	1.74669	0.746893	39	38.2	92486.6	2	1998	1.04313	1.04322	1630
252	643018	779	322599	320419	100	60	1.77173	0.746893	39	38.2	92486.6	2	1998	1.04839	1.04903	1630
253	596444	677	307341	289103	100	60	1.80428	0.746893	39	38.2	92486.6	2	1998	1.07082	1.06984	1630
254	570024	606	299375	270649	100	60	1.81537	0.746893	39	38.2	92486.6	2	1998	1.07884	1.07973	1630
255	548541	555	291914	256627	100	60	1.84797	0.746893	39	38.2	92486.6	2	1998	1.09262	1.08909	1630
256	511492	500	271739	232528	100	60	1.85715	0.746893	39	38.2	92486.6	2	1998	1.11392	1.10751	1630
257	475965	451	250925	212571	100	60	1.8697	0.746893	39	38.2	92486.6	2	1998	1.12757	1.11738	1630
258	459342	420	243236	203752	100	60	1.86914	0.746893	39	38.2	92486.6	2	1998	1.12641	1.1198	1630
259	416258	365	221343	183662	100	60	1.86346	0.746893	39	38.2	92486.6	2	1998	1.13953	1.13445	1630
260	281842	332	107926	171935	100	60	1.89272	0.746893	39	38.2	92486.6	2	1998	1.1312	1.12112	1630
261	293181	316	128886	164295	100	60	1.89318	0.746893	39	38.2	92486.6	2	1998	1.14953	1.12541	1630
262	259472	291	106694	152778	100	60	0.126306	0.746893	39	38.2	132723	2	1998	1.00407	1.00281	1630
263	425833	281	179502	246331	100	60	0.105303	0.746893	39	38.2	132723	2	1998	1.00351	1.00259	1630
264	630870	249	269914	360957	100	60	0.0991917	0.746893	39	38.2	132723	2	1998	1.00303	1.00221	1630
265	692752	202	295528	397224	100	60	0.0923304	0.746893	39	38.2	132723	2	1998	1.00276	1.00167	1630
266	642515	181	281152	361363	100	60	0.0986529	0.746893	39	38.2	132723	2	1998	1.00318	1.00296	1630
267	650976	2366	296355	354621	100	60	0.84917	0.746893	39	38.2	132723	2	1998	1.00518	1.00683	1630
268	727085	2055	339512	387573	100	60	0.941453	0.746893	39	38.2	132723	2	1998	1.00632	1.00791	1630
269	786280	1750	374294	411986	100	60	1.12664	0.746893	39	38.2	132723	2	1998	1.00986	1.01286	1630
270	589128	1569	188526	400603	100	60	1.20928	0.746893	38	38.2	132723	2	1998	1.13185	1.22713	1630
271	490557	1251	123567	366179	100	60	0.814868	0.746893	39	38.2	0	2	1998	1.06094	1.06808	1630
272	544701	1059	194327	347598	100	60	0.64116	0.746893	39	38.2	0	2	1998	1.02884	1.02515	1630
273	641373	914	273295	364443	100	60	0.578624	0.746893	39	38.2	0	2	1998	1.01809	1.01122	1630
274	748655	817	342928	401078	100	60	0.621321	0.746893	39	38.2	0	2	1998	1.01764	1.01019	1630
275	793053	736	376122	413041	100	60	0.687413	0.746893	39	38.2	0	2	1998	1.02118	1.01046	1630
276	819053	1388	399426	419627	100	60	1.15398	0.746893	39	38.2	0	2	1998	1.02293	1.01464	1630
277	614815	1459	199154	415661	100	60	1.31539	0.746893	39	38.2	0	2	1998	1.02547	1.01982	1630
278	658737	1382	261996	396741	100	60	1.42251	0.746893	39	38.2	0	2	1998	1.02959	1.02485	1630
279	712733	1197	320908	391825	100	60	1.45111	0.746893	39	38.2	0	2	1998	1.0373	1.03973	1630
280	697316	1041	320691	376625	100	60	1.49196	0.746893	39	38.2	33723.6	2	1998	1.05175	1.05734	1630
281	674681	876	332235	342447	100	60	1.49933	0.746893	39	38.2	33723.6	2	1998	1.06223	1.0692	1630
282	676416	798	345008	331408	100	60	1.52762	0.746893	39	38.2	33723.6	2	1998	1.08143	1.08481	1630
283	658612	727	343757	314856	100	60	1.53435	0.746893	39	38.2	33723.6	2	1998	1.094	1.10042	1630
284	618072	645	326329	291744	100	60	1.54336	0.746893	39	38.2	33723.6	2	1998	1.12189	1.13154	1630
285	569098	573	303227	265871	100	60	1.54871	0.746893	39	38.2	33723.6	2	1998	1.14551	1.14722	1630
286	521371	499	275596	239411	100	60	1.56738	0.746893	39	38.2	33723.6	2	1998	1.17982	1.17418	1630
287	478024	442	251615	215369	100	60	1.54147	0.746893	39	38.2	33723.6	2	1998	1.22198	1.19626	1630
288	451959	396	237740	203674	100	60	1.55012	0.746893	39	38.2	33723.6	2	1998	1.22705	1.19221	1630
289	389077	331	206321	173841	100	60	1.54585	0.746893	39	38.2	33723.6	2	1998	1.2381	1.19365	1630
290	363884	304	194161	161786	100	60	1.51761	0.746893	39	38.2	33723.6	2	1998	1.25083	1.19649	1630
291	328117	272	179786	148331	100	60	1.52756	0.746893	39	38.2	33723.6	2	1998	1.26966	1.23108	1630
292	246433	244	108321	138111	100	60	0.0756012	0.746893	39	38.2	98131.5	2	1998	1.00384	1.00031	1630
293	482558	227	203061	279496	100	60	0.0658148	0.746893	39	38.2	98131.5	2	1998	1.00349	1.00009	1630
294	635366	219	266670	368696	100	60	0.0672548	0.746893	39	38.2	98131.5	2	1998	1.00357	1.00075	1630
295	607284	191	260506	346778	100	60	0.0709936	0.746893	39	38.2	98131.5	2	1998	1.00384	1.00179	1630
296	421081	162	104057	317024	100	60	0.0732296	0.746893	39	38.2	98131.5	2	1998	1.00405	1.00251	1630
297	477908	2358	162432	315476	100	60	0.885238	0.746893	39	38.2	98131.5	2	1998	1.00581	1.00336	1630
298	589844	2157	233955	355889	100	60	1.08837	0.746893	39	38.2	98131.5	2	1998	1.00826	1.00504	1630
299	680544	1954	292045	388499	100	60	1.24835	0.746893	39	38.2	98131.5	2	1998	1.01004	1.00553	1630
300	539389	1751	158519	380870	100	60	1.38839	0.746893	33	38.2	98131.5	2	1998	1.07108	1.10907	1630
301	598868	1417	234475	361855	100	60	0.650799	0.746893	39	38.2	0	2	1998	1.01934	1.0164	1630
302	692332	1179	302113	387157	100	60	0.541264	0.746893	39	38.2	0	2	1998	1.01253	1.0085	1630
303	779102	980	357827	417412	100	60	0.483502	0.746893	39	38.2	0	2	1998	1.00819	1.00328	1630
304	630740	822	191912	438522	100	60	0.492684	0.746893	39	38.2	0	2	1998	1.00842	1.00225	1630
305	704267	767	264506	439476	100	60	0.543798	0.746893	39	38.2	0	2	1998	1.00872	1.00299	1630
306	713933	1716	304244	409689	100	60	1.12336	0.746893	39	38.2	0	2	1998	1.01068	1.0062	1630
307	549713	1573	157913	391800	100	60	1.21816	0.746893	39	38.2	0	2	1998	1.01054	1.00645	1630
308	608131	1557	228541	379591	100	60	1.39352	0.746893	39	38.2	0	2	1998	1.01682	1.0155	1630
309	664310	1311	289853	374456	100	60	1.46199	0.746893	39	38.2	0	2	1998	1.0193	1.01992	1630
310	676363	1134	308634	367730	100	60	1.56532	0.746893	39	38.2	24223.7	2	1998	1.02736	1.02834	1630
311	669608	962	325104	344505	100	60	1.62391	0.746893	39	38.2	24223.7	2	1998	1.04117	1.04489	1630
312	643767	811	326082	317685	100	60	1.6664	0.746893	39	38.2	24223.7	2	1998	1.05824	1.06064	1630
313	626128	732	325933	300195	100	60	1.6577	0.746893	39	38.2	24223.7	2	1998	1.06711	1.06164	1630
314	604574	666	320212	284361	100	60	1.67042	0.746893	39	38.2	24223.7	2	1998	1.07028	1.06777	1630
315	562311	587	301508	260803	100	60	1.66651	0.746893	39	38.2	24223.7	2	1998	1.08441	1.08233	1630
316	385897	536	141937	242924	100	60	1.69755	0.746893	39	38.2	24223.7	2	1998	1.08717	1.0794	1630
317	395876	479	169835	219809	100	60	1.70554	0.746893	39	38.2	24223.7	2	1998	1.09524	1.08439	1630
318	304540	438	98310.9	204753	100	60	1.68938	0.746893	39	38.2	24223.7	2	1998	1.1125	1.10209	1630
319	323313	400	129364	188719	100	60	1.71188	0.746893	39	38.2	24223.7	2	1998	1.1186	1.09694	1630
320	329637	356	153056	171889	100	60	1.73164	0.746893	39	38.2	24223.7	2	1998	1.11467	1.09249	1630
321	333339	336	168983	164356	100	60	1.72691	0.746893	39	38.2	24223.7	2	1998	1.14826	1.12654	1630
322	279237	305	124480	154757	100	60	0.13403	0.746893	39	38.2	74460.2	2	1998	1.00489	1.0026	1630
323	430223	290	191206	239017	100	60	0.109651	0.746893	39	38.2	74460.2	2	1998	1.00382	1.00156	1630
324	621117	246	273373	347744	100	60	0.0985183	0.746893	39	38.2	74460.2	2	1998	1.00312	1.0011	1630
325	703893	234	308043	395850	100	60	0.104051	0.746893	39	38.2	74460.2	2	1998	1.00344	1.00206	1630
326	645983	211	288476	357507	100	60	0.111904	0.746893	39	38.2	74460.2	2	1998	1.00374	1.00312	1630
327	660046	2244	304303	355743	100	60	0.898452	0.746893	39	38.2	74460.2	2	1998	1.00521	1.00558	1630
328	739836	2022	347650	392186	100	60	1.00758	0.746893	39	38.2	74460.2	2	1998	1.00689	1.00814	1630
329	796197	1818	377787	418409	100	60	1.24014	0.746893	38	38.2	74460.2	2	1998	1.00952	1.01206	1630
330	608077	1675	193447	414630	100	60	1.35442	0.746893	34	38.2	74460.2	2	1998	1.12439	1.21214	1630
331	646611	1332	263838	381478	100	60	0.915513	0.746893	39	38.2	0	2	1998	1.0571	1.06301	1630
332	710343	1145	321033	387321	100	60	0.805055	0.746893	39	38.2	0	2	1998	1.03617	1.03183	1630
333	574032	982	176815	396920	100	60	0.761585	0.746893	39	38.2	0	2	1998	1.02194	1.01375	1630
334	674746	860	262506	411082	100	60	0.784699	0.746893	39	38.2	0	2	1998	1.02049	1.01106	1630
335	753454	761	330337	422123	100	60	0.806382	0.746893	39	38.2	0	2	1998	1.02151	1.0122	1630
336	778570	1381	363329	415241	100	60	1.37554	0.746893	39	38.2	0	2	1998	1.02132	1.01147	1630
337	794544	1398	384929	409615	100	60	1.51332	0.746893	39	38.2	0	2	1998	1.02429	1.01639	1630
338	794007	1308	394762	399245	100	60	1.62675	0.746893	39	38.2	0	2	1998	1.02928	1.02475	1630
339	791876	1123	402601	389274	100	60	1.63546	0.746893	39	38.2	0	2	1998	1.03097	1.0279	1630
340	556845	975	186425	370420	100	60	1.68134	0.746893	39	38.2	7239.84	2	1998	1.03794	1.03631	1630
341	463565	870	117016	346549	100	60	1.71312	0.746893	39	38.2	7239.84	2	1998	1.04821	1.04773	1630
342	473544	754	168319	305225	100	60	1.73393	0.746893	39	38.2	7239.84	2	1998	1.05112	1.0498	1630
343	489509	656	212726	276783	100	60	1.79184	0.746893	39	38.2	7239.84	2	1998	1.0549	1.04314	1630
344	507833	597	245415	262418	100	60	1.81356	0.746893	39	38.2	7239.84	2	1998	1.06805	1.05415	1630
345	510937	551	260529	250408	100	60	1.80954	0.746893	39	38.2	7239.84	2	1998	1.0866	1.07537	1630
346	510787	520	262898	239190	100	60	1.83851	0.746893	39	38.2	7239.84	2	1998	1.10252	1.0943	1630
347	341808	456	126124	212712	100	60	1.84964	0.746893	39	38.2	7239.84	2	1998	1.12579	1.10291	1630
348	373574	435	159056	207250	100	60	1.87666	0.746893	39	38.2	7239.84	2	1998	1.1183	1.09647	1630
349	390471	412	184182	196850	100	60	1.90782	0.746893	39	38.2	7239.84	2	1998	1.11611	1.09023	1630
350	276196	368	95180.7	179567	100	60	1.9077	0.746893	39	38.2	7239.84	2	1998	1.10667	1.09322	1630
351	276627	324	117063	159564	100	60	1.91325	0.746893	39	38.2	7239.84	2	1998	1.10843	1.09325	1630
352	243034	280	101749	141285	100	60	0.186276	0.746893	39	38.2	41408.1	2	1998	1.00544	1.00372	1630
353	326698	243	144028	182670	100	60	0.134038	0.746893	39	38.2	41408.1	2	1998	1.00398	1.00209	1630
354	523425	228	238964	284461	100	60	0.126573	0.746893	39	38.2	41408.1	2	1998	1.00352	1.00124	1630
355	674250	194	300920	373330	100	60	0.118591	0.746893	39	38.2	41408.1	2	1998	1.00354	1.0017	1630
356	695161	162	308810	386351	100	60	0.121133	0.746893	39	38.2	41408.1	2	1998	1.00306	1.00155	1630
357	690151	2177	312419	377731	100	60	0.918249	0.746893	38	38.2	41408.1	2	1998	1.00405	1.00359	1630
358	696782	1833	324066	372716	100	60	0.944462	0.746893	38	38.2	41408.1	2	1998	1.00453	1.00453	1630
359	749414	1632	357315	392099	100	60	1.07827	0.746893	38	38.2	41408.1	2	1998	1.006	1.00544	1630
360	593574	1522	191286	402288	100	60	1.10584	0.746893	34	38.2	41408.1	2	1998	1.14881	1.27745	1630
361	611305	1201	252773	355686	100	60	0.949198	0.746893	39	38.2	0	2	1998	1.0988	1.11647	1630
362	496643	1016	146297	349501	100	60	0.880803	0.746893	39	38.2	0	2	1998	1.05682	1.05337	1630
363	555122	877	214834	337521	100	60	0.804948	0.746893	39	38.2	0	2	1998	1.03134	1.02039	1630
364	659043	807	293452	362161	100	60	0.852949	0.746893	39	38.2	0	2	1998	1.02888	1.01447	1630
365	710927	727	338316	369776	100	60	0.90809	0.746893	39	38.2	0	2	1998	1.03227	1.01717	1630
366	566774	1090	182326	384448	100	60	1.3272	0.746893	39	38.2	0	2	1998	1.03954	1.02036	1630
367	635259	1170	255307	379952	100	60	1.53206	0.746893	39	38.2	0	2	1998	1.0431	1.02099	1630
368	670135	1123	306549	363587	100	60	1.62259	0.746893	39	38.2	0	2	1998	1.04658	1.0225	1630
369	691810	965	338673	353136	100	60	1.63123	0.746893	39	38.2	0	2	1998	1.05678	1.03774	1630
370	655852	864	307883	347969	100	60	1.64368	0.746893	39	38.2	55802.9	2	1998	1.06807	1.04918	1630
371	632437	747	314594	317843	100	60	1.65682	0.746893	39	38.2	55802.9	2	1998	1.07303	1.05413	1630
372	617945	671	318519	299426	100	60	1.67941	0.746893	39	38.2	55802.9	2	1998	1.07179	1.05749	1630
373	589736	602	309741	279994	100	60	1.72404	0.746893	39	38.2	55802.9	2	1998	1.09118	1.06949	1630
374	558443	541	296428	262015	100	60	1.7495	0.746893	39	38.2	55802.9	2	1998	1.10733	1.08868	1630
375	496389	459	265026	231363	100	60	1.74397	0.746893	39	38.2	55802.9	2	1998	1.15083	1.13229	1630
376	471531	424	249499	215372	100	60	1.69256	0.746893	39	38.2	55802.9	2	1998	1.17978	1.16302	1630
377	458762	397	240307	206761	100	60	1.68866	0.746893	39	38.2	55802.9	2	1998	1.19221	1.16883	1630
378	421772	359	221389	189803	100	60	1.65313	0.746893	39	38.2	55802.9	2	1998	1.19613	1.17251	1630
379	393648	330	207583	176515	100	60	1.63693	0.746893	39	38.2	55802.9	2	1998	1.21362	1.19218	1630
380	358909	292	189916	160541	100	60	1.65376	0.746893	39	38.2	55802.9	2	1998	1.23929	1.21132	1630
381	330906	272	179609	151297	100	60	1.67971	0.746893	39	38.2	55802.9	2	1998	1.244	1.20417	1630
382	252214	249	110098	142117	100	60	0.0798355	0.746893	39	38.2	122716	2	1998	1.00301	0.991335	1630
383	474509	224	200037	274472	100	60	0.0668029	0.746893	38	38.2	122716	2	1998	1.00276	0.990684	1630
384	633940	209	265981	367959	100	60	0.0661433	0.746893	37	38.2	122716	2	1998	1.00306	0.994558	1630
385	600112	170	256342	343770	100	60	0.0662038	0.746893	37	38.2	122716	2	1998	1.00315	0.996523	1630
386	554845	144	246170	308674	100	60	0.0678909	0.746893	37	38.2	122716	2	1998	1.0036	0.998111	1630
387	610516	2408	280754	329762	100	60	0.905464	0.746893	37	38.2	122716	2	1998	1.00506	1.00047	1630
388	711586	2126	331760	379825	100	60	1.02767	0.746893	37	38.2	122716	2	1998	1.00662	1.00459	1630
389	752533	1829	355416	397117	100	60	1.22591	0.746893	37	38.2	122716	2	1998	1.00887	1.00787	1630
390	579298	1627	184214	395084	100	60	1.32745	0.746893	31	38.2	122716	2	1998	1.0965	1.16574	1630
391	618537	1274	252697	363003	100	60	0.657256	0.746893	39	38.2	0	2	1998	1.03174	1.02409	1630
392	703328	1102	315259	384187	100	60	0.552314	0.746893	39	38.2	0	2	1998	1.01873	1.00867	1630
393	782389	944	366065	411742	100	60	0.509864	0.746893	39	38.2	0	2	1998	1.01364	1.00445	1630
394	853299	841	405068	444021	100	60	0.55831	0.746893	39	38.2	0	2	1998	1.01464	1.00452	1630
395	857410	768	412232	441621	100	60	0.617169	0.746893	39	38.2	0	2	1998	1.01835	1.00987	1630
396	852195	1589	417092	435103	100	60	1.18526	0.746893	39	38.2	0	2	1998	1.02143	1.01129	1630
397	834829	1482	415117	419712	100	60	1.26983	0.746893	39	38.2	0	2	1998	1.02257	1.0133	1630
398	827346	1407	416945	410401	100	60	1.41986	0.746893	39	38.2	0	2	1998	1.02983	1.02434	1630
399	582503	1146	193493	389010	100	60	1.45393	0.746893	39	38.2	0	2	1998	1.03621	1.03515	1630
400	598728	993	237948	360780	100	60	1.53839	0.746893	39	38.2	8866.17	2	1998	1.04271	1.03959	1630
401	628366	873	285315	343051	100	60	1.65526	0.746893	39	38.2	8866.17	2	1998	1.05328	1.04509	1630
402	638392	769	312006	326386	100	60	1.71035	0.746893	39	38.2	8866.17	2	1998	1.06799	1.05643	1630
403	618350	676	315168	303183	100	60	1.72295	0.746893	39	38.2	8866.17	2	1998	1.09518	1.0806	1630
404	583790	595	304844	278946	100	60	1.7686	0.746893	39	38.2	8866.17	2	1998	1.11877	1.09814	1630
405	544039	524	287253	256786	100	60	1.79525	0.746893	39	38.2	8866.17	2	1998	1.1414	1.11346	1630
406	500478	459	263205	229806	100	60	1.78279	0.746893	39	38.2	8866.17	2	1998	1.15551	1.12939	1630
407	466705	406	243349	210107	100	60	1.79577	0.746893	39	38.2	8866.17	2	1998	1.1789	1.14963	1630
408	467823	390	244304	210309	100	60	1.86717	0.746893	39	38.2	8866.17	2	1998	1.14806	1.10938	1630
409	427936	344	224167	191535	100	60	1.86501	0.746893	39	38.2	8866.17	2	1998	1.13573	1.10417	1630
410	386151	303	202672	172805	100	60	1.87509	0.746893	39	38.2	8866.17	2	1998	1.13694	1.10959	1630
411	339547	273	184624	154923	100	60	1.84345	0.746893	39	38.2	8866.17	2	1998	1.15054	1.1145	1630
412	232751	234	94596.1	138155	100	60	0.0748343	0.746893	39	38.2	86158.5	2	1998	1.00238	0.999455	1630
413	376566	203	97194.4	279371	100	60	0.0615867	0.746893	39	38.2	86158.5	2	1998	1.00221	0.999323	1630
414	525419	182	167990	357429	100	60	0.05315	0.746893	39	38.2	86158.5	2	1998	1.00195	0.999365	1630
415	525206	140	187129	338077	100	60	0.0509838	0.746893	39	38.2	86158.5	2	1998	1.00176	0.999719	1630
416	386615	108	81989.2	304626	100	60	0.0498179	0.746893	39	38.2	86158.5	2	1998	1.00203	1.00074	1630
417	446552	2408	142092	304460	100	60	0.882028	0.746893	39	38.2	86158.5	2	1998	1.00291	1.00097	1630
418	555143	2208	211459	343684	100	60	1.13072	0.746893	39	38.2	86158.5	2	1998	1.00387	1.00169	1630
419	636334	2179	267622	368713	100	60	1.39664	0.746893	39	38.2	86158.5	2	1998	1.00424	1.0028	1630
420	550941	1954	157980	392961	100	60	1.51795	0.746893	35	38.2	86158.5	2	1998	1.04949	1.07854	1630
421	598632	1510	229430	366976	100	60	0.695334	0.746893	39	38.2	0	2	1998	1.01549	1.0116	1630
422	533546	1235	142394	390649	100	60	0.551254	0.746893	39	38.2	0	2	1998	1.00919	1.00468	1630
423	652247	1024	236666	413603	100	60	0.460082	0.746893	39	38.2	0	2	1998	1.00572	1.00033	1630
424	740798	859	303682	435040	100	60	0.477015	0.746893	39	38.2	0	2	1998	1.00659	1.0012	1630
425	783445	753	344218	437452	100	60	0.510973	0.746893	39	38.2	0	2	1998	1.00806	1.00491	1630
426	789023	1705	365127	423896	100	60	1.10255	0.746893	39	38.2	0	2	1998	1.00973	1.00751	1630
427	804079	1678	383509	420571	100	60	1.27009	0.746893	39	38.2	0	2	1998	1.01204	1.01302	1630
428	821217	1600	401196	420021	100	60	1.49465	0.746893	39	38.2	0	2	1998	1.01476	1.01444	1630
429	837539	1350	417052	420487	100	60	1.56889	0.746893	39	38.2	0	2	1998	1.01923	1.02009	1630
430	732165	1134	334974	397190	100	60	1.67123	0.746893	39	38.2	82829.2	2	1998	1.02663	1.02834	1630
431	706628	953	340292	366336	100	60	1.7429	0.746893	39	38.2	82829.2	2	1998	1.03684	1.03903	1630
432	717795	874	360401	357394	100	60	1.78576	0.746893	39	38.2	82829.2	2	1998	1.04846	1.05069	1630
433	704364	794	362461	341903	100	60	1.81426	0.746893	39	38.2	82829.2	2	1998	1.05765	1.05838	1630
434	648142	688	338732	309409	100	60	1.84057	0.746893	39	38.2	82829.2	2	1998	1.08314	1.08065	1630
435	440347	600	156227	284120	100	60	1.88284	0.746893	39	38.2	82829.2	2	1998	1.10684	1.10252	1630
436	466125	552	192909	266759	100	60	1.93079	0.746893	39	38.2	82829.2	2	1998	1.12987	1.11111	1630
437	486928	513	222353	253841	100	60	1.96199	0.746893	39	38.2	82829.2	2	1998	1.1375	1.12229	1630
438	493715	475	239312	242048	100	60	1.95877	0.746893	39	38.2	82829.2	2	1998	1.14567	1.13734	1630
439	341974	426	118987	220629	100	60	1.99785	0.746893	39	38.2	82829.2	2	1998	1.14512	1.12409	1630
440	358325	399	147998	208301	100	60	2.02479	0.746893	39	38.2	82829.2	2	1998	1.1393	1.12304	1630
441	349704	351	163309	186396	100	60	1.98878	0.746893	39	38.2	82829.2	2	1998	1.17045	1.15916	1630
442	283850	313	114919	168931	100	60	0.16448	0.746893	39	38.2	143024	2	1998	1.00545	1.0037	1630
443	406831	283	173951	232880	100	60	0.124453	0.746893	39	38.2	143024	2	1998	1.00426	1.00257	1630
444	606434	245	266186	340248	100	60	0.11129	0.746893	39	38.2	143024	2	1998	1.0034	1.00203	1630
445	700047	232	305463	394585	100	60	0.119385	0.746893	38	38.2	143024	2	1998	1.0039	1.00274	1630
446	682006	198	300271	381735	100	60	0.122971	0.746893	38	38.2	143024	2	1998	1.00482	1.00513	1630
447	693181	2152	315468	377712	100	60	0.858108	0.746893	37	38.2	143024	2	1998	1.00576	1.00777	1630
448	739598	1966	345570	394028	100	60	0.94627	0.746893	37	38.2	143024	2	1998	1.00658	1.01037	1630
449	777814	1748	369806	408008	100	60	1.13614	0.746893	37	38.2	143024	2	1998	1.00745	1.00979	1630
450	610186	1570	195510	414677	100	60	1.18442	0.746893	30	38.2	143024	2	1998	1.1262	1.22826	1630
451	658374	1280	268909	386317	100	60	0.903652	0.746893	39	38.2	0	2	1998	1.07336	1.0824	1630
452	712282	1085	322851	384987	100	60	0.795547	0.746893	39	38.2	0	2	1998	1.04802	1.04639	1630
453	764771	953	365827	393815	100	60	0.76461	0.746893	39	38.2	0	2	1998	1.03062	1.02386	1630
454	601118	825	194380	405967	100	60	0.80181	0.746893	39	38.2	0	2	1998	1.02974	1.02015	1630
455	682918	779	272711	409562	100	60	0.882763	0.746893	39	38.2	0	2	1998	1.03499	1.02181	1630
456	562138	1283	159182	402956	100	60	1.35797	0.746893	39	38.2	0	2	1998	1.03938	1.02178	1630
457	494940	1278	110585	384355	100	60	1.46957	0.746893	39	38.2	0	2	1998	1.04565	1.03064	1630
458	545208	1252	181838	363369	100	60	1.54695	0.746893	39	38.2	0	2	1998	1.04831	1.03006	1630
459	612780	1087	253058	359722	100	60	1.54532	0.746893	39	38.2	0	2	1998	1.05505	1.04022	1630
460	622464	922	279524	342941	100	60	1.58554	0.746893	39	38.2	16560.5	2	1998	1.078	1.06188	1630
461	628861	803	305905	322956	100	60	1.61091	0.746893	39	38.2	16560.5	2	1998	1.09015	1.07478	1630
462	612438	702	310281	302157	100	60	1.63219	0.746893	39	38.2	16560.5	2	1998	1.10811	1.09012	1630
463	613889	655	317928	295961	100	60	1.65016	0.746893	39	38.2	16560.5	2	1998	1.11585	1.1	1630
464	581058	583	305166	275892	100	60	1.64918	0.746893	39	38.2	16560.5	2	1998	1.13023	1.11796	1630
465	546267	530	289461	256806	100	60	1.61915	0.746893	39	38.2	16560.5	2	1998	1.14533	1.13529	1630
466	511772	481	269179	235950	100	60	1.63761	0.746893	39	38.2	16560.5	2	1998	1.17059	1.15251	1630
467	480192	437	250357	218302	100	60	1.60042	0.746893	39	38.2	16560.5	2	1998	1.21319	1.2029	1630
468	456802	399	239090	206683	100	60	1.61949	0.746893	39	38.2	16560.5	2	1998	1.19128	1.17819	1630
469	432651	364	227295	195153	100	60	1.59744	0.746893	39	38.2	16560.5	2	1998	1.20643	1.20235	1630
470	408744	335	215082	184376	100	60	1.59059	0.746893	39	38.2	16560.5	2	1998	1.22714	1.22436	1630
471	356464	286	191812	164652	100	60	1.64842	0.746893	39	38.2	16560.5	2	1998	1.24101	1.24324	1630
472	272546	268	118576	153970	100	60	0.0910463	0.746893	39	38.2	86585.8	2	1998	1.00453	0.997645	1630
473	483176	252	205065	278111	100	60	0.0782893	0.746893	39	38.2	86585.8	2	1998	1.0038	0.996606	1630
474	648973	234	273301	375672	100	60	0.0770078	0.746893	39	38.2	86585.8	2	1998	1.00336	0.996899	1630
475	661069	220	282167	378902	100	60	0.085963	0.746893	39	38.2	86585.8	2	1998	1.00392	0.996534	1630
476	617025	215	273440	343585	100	60	0.0995917	0.746893	39	38.2	86585.8	2	1998	1.00502	0.999364	1630
477	649373	2264	297241	352132	100	60	0.92735	0.746893	39	38.2	86585.8	2	1998	1.00755	1.00353	1630
478	723613	2071	335749	387864	100	60	1.09412	0.746893	39	38.2	86585.8	2	1998	1.00878	1.00418	1630
479	573107	1788	165215	407892	100	60	1.3495	0.746893	39	38.2	86585.8	2	1998	1.01273	1.00096	1630
480	483509	1590	108900	374609	100	60	1.47168	0.746893	35	38.2	86585.8	2	1998	1.09989	1.15082	1630
481	533084	1298	182810	348877	100	60	0.68768	0.746893	39	38.2	0	2	1998	1.02877	1.01968	1630
482	636373	1112	258368	376333	100	60	0.579304	0.746893	39	38.2	0	2	1998	1.01699	1.00585	1630
483	734098	941	324906	406912	100	60	0.543467	0.746893	39	38.2	0	2	1998	1.01309	1.00149	1630
484	812286	829	371832	438226	100	60	0.611046	0.746893	39	38.2	0	2	1998	1.01469	1.00228	1630
485	846707	755	396461	448266	100	60	0.686628	0.746893	39	38.2	0	2	1998	1.0172	1.00616	1630
486	824701	1555	394976	429725	100	60	1.30863	0.746893	39	38.2	0	2	1998	1.02082	1.0081	1630
487	810805	1487	394516	416289	100	60	1.40769	0.746893	39	38.2	0	2	1998	1.02228	1.01371	1630
488	799253	1405	394944	404310	100	60	1.53532	0.746893	39	38.2	0	2	1998	1.02381	1.01579	1630
489	798563	1175	401495	397067	100	60	1.56681	0.746893	39	38.2	0	2	1998	1.0258	1.01885	1630
490	573849	1018	188721	385128	100	60	1.65004	0.746893	39	38.2	4377.13	2	1998	1.03426	1.02973	1630
491	607911	901	244428	363483	100	60	1.72071	0.746893	39	38.2	4377.13	2	1998	1.04111	1.037	1630
492	612973	782	279469	333504	100	60	1.75152	0.746893	39	38.2	4377.13	2	1998	1.04952	1.04242	1630
493	606597	687	297322	309275	100	60	1.80243	0.746893	39	38.2	4377.13	2	1998	1.06805	1.0558	1630
494	600373	623	306215	294159	100	60	1.86992	0.746893	39	38.2	4377.13	2	1998	1.07913	1.06311	1630
495	563985	551	293684	270302	100	60	1.91672	0.746893	39	38.2	4377.13	2	1998	1.08946	1.06972	1630
496	552711	509	286001	257610	100	60	1.95597	0.746893	39	38.2	4377.13	2	1998	1.12568	1.10579	1630
497	533739	472	273137	244554	100	60	1.94618	0.746893	39	38.2	4377.13	2	1998	1.13503	1.11207	1630
498	515916	432	264742	235676	100	60	1.98692	0.746893	39	38.2	4377.13	2	1998	1.12174	1.08235	1630
499	485386	387	249948	220757	100	60	1.99532	0.746893	39	38.2	4377.13	2	1998	1.11707	1.07592	1630
500	457733	358	236272	208075	100	60	2.03062	0.746893	39	38.2	4377.13	2	1998	1.10963	1.06897	1630
501	390438	315	209312	181126	100	60	2.06404	0.746893	39	38.2	4377.13	2	1998	1.11392	1.07023	1630
502	272040	273	108739	163301	100	60	0.0887171	0.746893	39	38.2	94613.9	2	1998	1.00212	0.994336	1630
503	501123	247	207528	293595	100	60	0.0752991	0.746893	39	38.2	94613.9	2	1998	1.00204	0.993542	1630
504	630770	220	260722	370049	100	60	0.0705675	0.746893	39	38.2	94613.9	2	1998	1.00212	0.993526	1630
505	614153	203	261397	352756	100	60	0.0789056	0.746893	38	38.2	94613.9	2	1998	1.00238	0.994878	1630
506	579263	180	255784	323479	100	60	0.08525	0.746893	38	38.2	94613.9	2	1998	1.00271	0.995536	1630
507	652581	2341	297580	355000	100	60	0.982271	0.746893	38	38.2	94613.9	2	1998	1.00422	0.996644	1630
508	719050	2059	331294	387756	100	60	1.14908	0.746893	38	38.2	94613.9	2	1998	1.00487	0.998069	1630
509	768666	1881	358776	409890	100	60	1.43402	0.746893	38	38.2	94613.9	2	1998	1.00682	0.997725	1630
510	493414	1648	86327.5	407087	100	60	1.56398	0.746893	35	38.2	94613.9	2	1998	1.10155	1.15581	1630
511	426321	1294	68461.5	357603	100	60	0.557637	0.746893	39	38.2	0	2	1998	1.02186	1.01208	1630
512	505239	1054	144781	359267	100	60	0.414912	0.746893	39	38.2	0	2	1998	1.01098	1.00116	1630
513	651614	885	242750	407488	100	60	0.380251	0.746893	39	38.2	0	2	1998	1.00728	0.997811	1630
514	744192	760	303791	438416	100	60	0.415557	0.746893	39	38.2	0	2	1998	1.00688	0.997241	1630
515	732432	655	317469	413273	100	60	0.471587	0.746893	39	38.2	0	2	1998	1.00847	0.998834	1630
516	746472	1703	340058	406414	100	60	1.18036	0.746893	39	38.2	0	2	1998	1.01036	1	1630
517	766547	1567	360010	406537	100	60	1.34384	0.746893	39	38.2	0	2	1998	1.01351	1.00473	1630
518	766174	1522	367856	398319	100	60	1.59402	0.746893	39	38.2	0	2	1998	1.01589	1.00528	1630
519	788179	1286	385040	403139	100	60	1.6494	0.746893	39	38.2	0	2	1998	1.02123	1.00937	1630
520	668587	1021	295814	372773	100	60	1.73347	0.746893	39	38.2	80774.8	2	1998	1.03323	1.02167	1630
521	670521	892	314921	355600	100	60	1.81374	0.746893	39	38.2	80774.8	2	1998	1.04545	1.0339	1630
522	646844	769	317778	329066	100	60	1.87016	0.746893	39	38.2	80774.8	2	1998	1.06829	1.05636	1630
523	594861	644	300630	294231	100	60	1.90728	0.746893	39	38.2	80774.8	2	1998	1.06897	1.06583	1630
524	416946	572	144770	272175	100	60	1.9532	0.746893	39	38.2	80774.8	2	1998	1.08559	1.07584	1630
525	430404	523	176591	253814	100	60	2.00633	0.746893	39	38.2	80774.8	2	1998	1.1043	1.09339	1630
526	434719	473	195867	232118	100	60	2.04748	0.746893	39	38.2	80774.8	2	1998	1.10964	1.09565	1630
527	445055	445	211616	222203	100	60	2.08716	0.746893	39	38.2	80774.8	2	1998	1.11642	1.09745	1630
528	417266	385	204616	201104	100	60	2.10488	0.746893	39	38.2	80774.8	2	1998	1.1325	1.11622	1630
529	284733	338	100777	181900	100	60	2.12944	0.746893	39	38.2	80774.8	2	1998	1.12209	1.1118	1630
530	293710	311	121625	170116	100	60	2.09078	0.746893	39	38.2	80774.8	2	1998	1.14103	1.13514	1630
531	313798	303	145583	168215	100	60	2.09899	0.746893	39	38.2	80774.8	2	1998	1.15333	1.13937	1630
532	260662	271	102977	157685	100	60	0.150389	0.746893	39	38.2	133423	2	1998	1.00487	1.00356	1630
533	385854	248	161572	224282	100	60	0.114587	0.746893	39	38.2	133423	2	1998	1.00415	1.00297	1630
534	472737	232	130713	342025	100	60	0.10895	0.746893	39	38.2	133423	2	1998	1.0042	1.00289	1630
535	589817	222	193439	396378	100	60	0.105676	0.746893	39	38.2	133423	2	1998	1.00384	1.00334	1630
536	491298	206	100938	390360	100	60	0.116741	0.746893	39	38.2	133423	2	1998	1.00413	1.00426	1630
537	491585	2087	147636	343948	100	60	0.793452	0.746893	37	38.2	133423	2	1998	1.00489	1.00374	1630
538	580552	2008	218128	362424	100	60	0.941222	0.746893	37	38.2	133423	2	1998	1.00555	1.0042	1630
539	698554	1833	292412	406142	100	60	1.10451	0.746893	37	38.2	133423	2	1998	1.00697	1.00335	1630
540	575596	1837	166760	408836	100	60	1.30391	0.746893	35	38.2	133423	2	1998	1.09398	1.14894	1630
541	639062	1497	248899	387068	100	60	1.0052	0.746893	39	38.2	0	2	1998	1.05517	1.06207	1630
542	685890	1229	303765	378426	100	60	0.892112	0.746893	39	38.2	0	2	1998	1.03329	1.03153	1630
543	730508	1027	345576	380078	100	60	0.84132	0.746893	39	38.2	0	2	1998	1.01897	1.01182	1630
544	805875	925	393178	408079	100	60	0.893163	0.746893	39	38.2	0	2	1998	1.02148	1.01311	1630
545	834081	824	412453	417703	100	60	0.936381	0.746893	39	38.2	0	2	1998	1.02502	1.01579	1630
546	821843	1317	410937	410907	100	60	1.39849	0.746893	39	38.2	0	2	1998	1.02903	1.01684	1630
547	585593	1223	194740	390853	100	60	1.49961	0.746893	39	38.2	0	2	1998	1.03157	1.02013	1630
548	599488	1142	245486	354001	100	60	1.58108	0.746893	39	38.2	0	2	1998	1.03715	1.02998	1630
549	632309	959	292041	340269	100	60	1.59786	0.746893	39	38.2	0	2	1998	1.04233	1.03463	1630
550	591811	826	270662	321149	100	60	1.60708	0.746893	39	38.2	48566.6	2	1998	1.05526	1.04982	1630
551	588113	724	288425	299688	100	60	1.64668	0.746893	39	38.2	48566.6	2	1998	1.06959	1.06371	1630
552	550923	612	281069	269854	100	60	1.67637	0.746893	39	38.2	48566.6	2	1998	1.07995	1.07921	1630
553	511657	523	267332	244325	100	60	1.70997	0.746893	39	38.2	48566.6	2	1998	1.10475	1.10232	1630
554	504897	495	267507	237390	100	60	1.72227	0.746893	39	38.2	48566.6	2	1998	1.13059	1.12041	1630
555	450795	432	240958	209837	100	60	1.71922	0.746893	39	38.2	48566.6	2	1998	1.13866	1.12264	1630
556	329164	418	121151	206985	100	60	1.72308	0.746893	39	38.2	48566.6	2	1998	1.16222	1.14951	1630
557	249550	354	68896.9	179923	100	60	1.78055	0.746893	39	38.2	48566.6	2	1998	1.15365	1.12894	1630
558	272711	331	99607.2	169156	100	60	1.79817	0.746893	39	38.2	48566.6	2	1998	1.18391	1.14462	1630
559	288792	309	126845	157205	100	60	1.82566	0.746893	39	38.2	48566.6	2	1998	1.17949	1.13605	1630
560	292425	279	141370	146742	100	60	1.83536	0.746893	39	38.2	48566.6	2	1998	1.19355	1.14662	1630
561	282656	259	145254	137402	100	60	1.77147	0.746893	39	38.2	48566.6	2	1998	1.24125	1.19672	1630
562	218238	225	95449	122789	100	60	0.0795806	0.746893	39	38.2	95310.5	2	1998	1.00322	0.997175	1630
563	424901	201	179148	245752	100	60	0.0639434	0.746893	39	38.2	95310.5	2	1998	1.00305	0.997198	1630
564	614686	187	257521	357165	100	60	0.0635486	0.746893	39	38.2	95310.5	2	1998	1.00293	0.998372	1630
565	634262	175	269001	365262	100	60	0.0702579	0.746893	39	38.2	95310.5	2	1998	1.00333	0.999336	1630
566	576905	152	252926	323979	100	60	0.0725847	0.746893	39	38.2	95310.5	2	1998	1.0035	1.00133	1630
567	616822	2330	280766	336056	100	60	0.840301	0.746893	39	38.2	95310.5	2	1998	1.00513	1.00361	1630
568	695274	2046	322548	372725	100	60	0.972446	0.746893	39	38.2	95310.5	2	1998	1.00653	1.0065	1630
569	755031	1834	355119	399912	100	60	1.15592	0.746893	39	38.2	95310.5	2	1998	1.00957	1.01042	1630
570	565830	1660	178886	386944	100	60	1.29972	0.746893	36	38.2	95310.5	2	1998	1.0885	1.14882	1630
571	627772	1374	255168	369430	100	60	0.715184	0.746893	39	38.2	0	2	1998	1.02882	1.02333	1630
572	702549	1156	314688	383716	100	60	0.596287	0.746893	39	38.2	0	2	1998	1.01681	1.00911	1630
573	796852	1008	375044	416597	100	60	0.563945	0.746893	39	38.2	0	2	1998	1.01149	1.00197	1630
574	847032	871	405143	437108	100	60	0.613323	0.746893	39	38.2	0	2	1998	1.01408	1.00467	1630
575	880177	832	426987	448879	100	60	0.699865	0.746893	39	38.2	0	2	1998	1.01851	1.00912	1630
576	861096	1567	424573	436523	100	60	1.19883	0.746893	39	38.2	0	2	1998	1.01906	1.01126	1630
577	823991	1443	410547	413444	100	60	1.29924	0.746893	39	38.2	0	2	1998	1.0202	1.0117	1630
578	839499	1431	423064	416435	100	60	1.46026	0.746893	39	38.2	0	2	1998	1.02133	1.01335	1630
579	813830	1211	414316	399513	100	60	1.49258	0.746893	39	38.2	0	2	1998	1.02395	1.01826	1630
580	730700	1059	344108	386593	100	60	1.56416	0.746893	39	38.2	73086.3	2	1998	1.03386	1.02751	1630
581	521505	898	167425	354080	100	60	1.6124	0.746893	39	38.2	73086.3	2	1998	1.05285	1.05487	1630
582	535007	788	211679	323327	100	60	1.6619	0.746893	39	38.2	73086.3	2	1998	1.05045	1.05371	1630
583	544659	701	248659	296000	100	60	1.68529	0.746893	39	38.2	73086.3	2	1998	1.07118	1.07637	1630
584	388783	600	126992	261792	100	60	1.70086	0.746893	39	38.2	73086.3	2	1998	1.08757	1.08799	1630
585	418758	558	172261	246497	100	60	1.71391	0.746893	39	38.2	73086.3	2	1998	1.11181	1.10929	1630
586	415104	487	192272	216991	100	60	1.71725	0.746893	39	38.2	73086.3	2	1998	1.13858	1.13053	1630
587	406040	428	199815	196845	100	60	1.7186	0.746893	39	38.2	73086.3	2	1998	1.17457	1.15827	1630
588	404027	396	205278	188856	100	60	1.72708	0.746893	39	38.2	73086.3	2	1998	1.1899	1.17277	1630
589	395964	370	204858	181392	100	60	1.71177	0.746893	39	38.2	73086.3	2	1998	1.16667	1.15297	1630
590	373392	335	195181	169300	100	60	1.73421	0.746893	39	38.2	73086.3	2	1998	1.1585	1.14511	1630
591	360938	324	194149	166790	100	60	1.73573	0.746893	39	38.2	73086.3	2	1998	1.16463	1.15232	1630
592	290476	307	130482	159994	100	60	0.0922521	0.746893	39	38.2	135676	2	1998	1.00276	0.999699	1630
593	521292	284	223379	297913	100	60	0.0835395	0.746893	39	38.2	135676	2	1998	1.00291	0.99957	1630
594	651936	256	276298	375638	100	60	0.0791247	0.746893	39	38.2	135676	2	1998	1.00281	1.00088	1630
595	625708	227	271123	354584	100	60	0.0853522	0.746893	39	38.2	135676	2	1998	1.00308	1.0029	1630
596	582155	203	261036	321119	100	60	0.0900287	0.746893	39	38.2	135676	2	1998	1.00347	1.00549	1630
597	648056	2459	299123	348933	100	60	0.956242	0.746893	38	38.2	135676	2	1998	1.00526	1.00826	1630
598	716986	2111	333580	383407	100	60	1.08466	0.746893	38	38.2	135676	2	1998	1.00577	1.00939	1630
599	760387	1866	358488	401899	100	60	1.29484	0.746893	38	38.2	135676	2	1998	1.01031	1.01547	1630
600	587225	1716	185928	401298	100	60	1.44345	0.746893	36	38.2	135676	2	1998	1.09232	1.16344	1630
601	626136	1372	253069	370682	100	60	0.633501	0.746893	39	38.2	0	2	1998	1.0245	1.02235	1630
602	701277	1144	309181	388963	100	60	0.509164	0.746893	39	38.2	0	2	1998	1.01264	1.00793	1630
603	815085	1003	374220	437121	100	60	0.481738	0.746893	39	38.2	0	2	1998	1.00934	1.00383	1630
604	844871	838	393810	447788	100	60	0.497341	0.746893	39	38.2	0	2	1998	1.0092	1.0031	1630
605	613689	717	185604	427879	100	60	0.520772	0.746893	39	38.2	0	2	1998	1.01043	1.00479	1630
606	626334	1631	233925	392409	100	60	1.12637	0.746893	39	38.2	0	2	1998	1.0141	1.00783	1630
607	524786	1563	133362	391424	100	60	1.27934	0.746893	39	38.2	0	2	1998	1.01553	1.00869	1630
608	580294	1510	201968	378326	100	60	1.52841	0.746893	39	38.2	0	2	1998	1.01638	1.00732	1630
609	660032	1321	275944	384088	100	60	1.66448	0.746893	39	38.2	0	2	1998	1.02113	1.01293	1630
610	665523	1134	292977	372546	100	60	1.76953	0.746893	39	38.2	28463.2	2	1998	1.02647	1.02128	1630
611	654904	959	311645	343259	100	60	1.82629	0.746893	39	38.2	28463.2	2	1998	1.0299	1.02723	1630
612	640096	831	320290	319807	100	60	1.82254	0.746893	39	38.2	28463.2	2	1998	1.04951	1.05066	1630
613	632419	756	325838	306581	100	60	1.80956	0.746893	39	38.2	28463.2	2	1998	1.06349	1.06631	1630
614	594919	661	312483	282437	100	60	1.79738	0.746893	39	38.2	28463.2	2	1998	1.08979	1.08926	1630
615	561023	588	297967	263055	100	60	1.81664	0.746893	39	38.2	28463.2	2	1998	1.09986	1.09354	1630
616	540752	540	284720	248120	100	60	1.82877	0.746893	39	38.2	28463.2	2	1998	1.1254	1.11852	1630
617	519229	503	271311	233806	100	60	1.87419	0.746893	39	38.2	28463.2	2	1998	1.13321	1.11968	1630
618	499417	464	261489	224346	100	60	1.89503	0.746893	39	38.2	28463.2	2	1998	1.13497	1.12168	1630
619	451734	411	236920	202365	100	60	1.89202	0.746893	39	38.2	28463.2	2	1998	1.14052	1.115	1630
620	432097	383	227662	192793	100	60	1.88869	0.746893	39	38.2	28463.2	2	1998	1.14796	1.11892	1630
621	389012	348	210915	178096	100	60	1.89816	0.746893	39	38.2	28463.2	2	1998	1.16524	1.12312	1630
622	292661	314	126266	166395	100	60	0.103523	0.746893	39	38.2	104930	2	1998	1.00332	0.998874	1630
623	498269	278	210908	287361	100	60	0.0853681	0.746893	39	38.2	104930	2	1998	1.0031	0.998449	1630
624	643612	254	272368	371245	100	60	0.0817977	0.746893	39	38.2	104930	2	1998	1.00338	0.999884	1630
625	626367	229	270020	356347	100	60	0.0875942	0.746893	39	38.2	104930	2	1998	1.00372	1.0025	1630
626	593106	204	264304	328801	100	60	0.0915554	0.746893	39	38.2	104930	2	1998	1.00455	1.00489	1630
627	643427	2584	294948	348479	100	60	1.04402	0.746893	39	38.2	104930	2	1998	1.00581	1.00518	1630
628	724517	2283	335425	389092	100	60	1.19453	0.746893	39	38.2	104930	2	1998	1.00633	1.00692	1630
629	761582	2022	356621	404961	100	60	1.43087	0.746893	39	38.2	104930	2	1998	1.00761	1.00884	1630
630	595471	1850	186697	408773	100	60	1.58013	0.746893	34	38.2	104930	2	1998	1.07948	1.13905	1630
631	645078	1498	259596	384714	100	60	0.776038	0.746893	39	38.2	0	2	1998	1.02436	1.02208	1630
632	721521	1253	317558	402649	100	60	0.632032	0.746893	39	38.2	0	2	1998	1.01479	1.01042	1630
633	604944	1057	178424	426374	100	60	0.582764	0.746893	39	38.2	0	2	1998	1.00939	1.003	1630
634	698752	894	258419	439778	100	60	0.597864	0.746893	39	38.2	0	2	1998	1.00989	1.00213	1630
635	745730	801	311097	434198	100	60	0.63581	0.746893	39	38.2	0	2	1998	1.01204	1.00542	1630
636	769959	1783	344685	425273	100	60	1.29603	0.746893	39	38.2	0	2	1998	1.0137	1.00876	1630
637	585905	1717	171682	414223	100	60	1.46009	0.746893	39	38.2	0	2	1998	1.01288	1.01012	1630
638	624630	1578	230951	393679	100	60	1.662	0.746893	39	38.2	0	2	1998	1.0158	1.01151	1630
639	679590	1319	289710	389880	100	60	1.77115	0.746893	39	38.2	0	2	1998	1.02468	1.02219	1630
640	649858	1137	277762	372096	100	60	1.85878	0.746893	39	38.2	45766.4	2	1998	1.02716	1.02214	1630
641	651483	972	301976	349507	100	60	1.93497	0.746893	39	38.2	45766.4	2	1998	1.0287	1.02282	1630
642	649121	859	316790	332331	100	60	1.98621	0.746893	39	38.2	45766.4	2	1998	1.04388	1.04113	1630
643	637535	777	320931	316604	100	60	2.02786	0.746893	39	38.2	45766.4	2	1998	1.06189	1.05837	1630
644	601214	687	309174	292040	100	60	2.03573	0.746893	39	38.2	45766.4	2	1998	1.06849	1.06461	1630
645	561383	607	292150	269233	100	60	2.06919	0.746893	39	38.2	45766.4	2	1998	1.07547	1.06822	1630
646	506229	521	261732	236058	100	60	2.09148	0.746893	39	38.2	45766.4	2	1998	1.08981	1.07529	1630
647	495280	483	253800	226126	100	60	2.09797	0.746893	39	38.2	45766.4	2	1998	1.10646	1.09186	1630
648	449498	418	231207	203867	100	60	2.11396	0.746893	39	38.2	45766.4	2	1998	1.09313	1.07434	1630
649	417112	370	216480	187268	100	60	2.15256	0.746893	39	38.2	45766.4	2	1998	1.08142	1.0545	1630
650	390847	335	203170	175520	100	60	2.18853	0.746893	39	38.2	45766.4	2	1998	1.07843	1.04819	1630
651	353364	299	189997	163367	100	60	2.19145	0.746893	39	38.2	45766.4	2	1998	1.1041	1.06826	1630
652	243597	269	93062.2	150534	100	60	0.0910186	0.746893	39	38.2	138899	2	1998	1.00163	1.00087	1630
653	378528	244	95711.2	282817	100	60	0.0769509	0.746893	39	38.2	138899	2	1998	1.00143	1.00083	1630
654	542431	210	175386	367045	100	60	0.0637734	0.746893	39	38.2	138899	2	1998	1.00133	1.00102	1630
655	557436	185	199538	357898	100	60	0.0676347	0.746893	38	38.2	138899	2	1998	1.00163	1.00097	1630
656	532268	155	207267	325001	100	60	0.0701635	0.746893	38	38.2	138899	2	1998	1.00191	1.00083	1630
657	577010	2503	244955	332055	100	60	0.998682	0.746893	38	38.2	138899	2	1998	1.00257	1.00117	1630
658	670771	2335	296327	374444	100	60	1.21883	0.746893	38	38.2	138899	2	1998	1.00361	1.00202	1630
659	723675	2161	328393	395282	100	60	1.55321	0.746893	38	38.2	138899	2	1998	1.0064	1.00478	1630
660	573868	1918	174032	399836	100	60	1.70373	0.746893	34	38.2	138899	2	1998	1.07392	1.11697	1630
661	614152	1519	241269	372129	100	60	0.802771	0.746893	39	38.2	0	2	1998	1.02319	1.02175	1630
662	690023	1241	299635	389338	100	60	0.636367	0.746893	39	38.2	0	2	1998	1.01342	1.01086	1630
663	786467	1062	357463	427774	100	60	0.582777	0.746893	39	38.2	0	2	1998	1.0094	1.00578	1630
664	831742	865	383246	447367	100	60	0.581554	0.746893	39	38.2	0	2	1998	1.00959	1.00511	1630
665	633055	772	188098	444855	100	60	0.621145	0.746893	39	38.2	0	2	1998	1.01167	1.00786	1630
666	661730	1746	242991	418738	100	60	1.32693	0.746893	39	38.2	0	2	1998	1.01464	1.0121	1630
667	727455	1712	304432	423023	100	60	1.5056	0.746893	39	38.2	0	2	1998	1.01557	1.01559	1630
668	763045	1637	343674	419371	100	60	1.75662	0.746893	39	38.2	0	2	1998	1.01837	1.02031	1630
669	769405	1362	362085	407320	100	60	1.83694	0.746893	39	38.2	0	2	1998	1.0231	1.02293	1630
670	703600	1176	303037	400562	100	60	1.90889	0.746893	39	38.2	82128.8	2	1998	1.0305	1.03336	1630
671	693368	1007	320204	373164	100	60	1.97889	0.746893	39	38.2	82128.8	2	1998	1.03709	1.04	1630
672	670881	868	324913	345968	100	60	2.00025	0.746893	39	38.2	82128.8	2	1998	1.03593	1.03472	1630
673	654355	776	326685	327670	100	60	2.0769	0.746893	39	38.2	82128.8	2	1998	1.04244	1.04161	1630
674	628800	701	319781	309020	100	60	2.12072	0.746893	39	38.2	82128.8	2	1998	1.05721	1.05772	1630
675	582450	621	301000	281450	100	60	2.14407	0.746893	39	38.2	82128.8	2	1998	1.06592	1.07178	1630
676	559863	570	287246	263099	100	60	2.18658	0.746893	39	38.2	82128.8	2	1998	1.07508	1.08036	1630
677	535172	517	272495	246347	100	60	2.22892	0.746893	39	38.2	82128.8	2	1998	1.08656	1.08841	1630
678	501628	465	257094	228794	100	60	2.24933	0.746893	39	38.2	82128.8	2	1998	1.06996	1.06754	1630
679	487442	440	251067	220911	100	60	2.27031	0.746893	39	38.2	82128.8	2	1998	1.06087	1.05324	1630
680	341284	416	126344	211933	100	60	2.27781	0.746893	39	38.2	82128.8	2	1998	1.05774	1.04401	1630
681	346607	380	150499	196109	100	60	2.25069	0.746893	39	38.2	82128.8	2	1998	1.0725	1.05026	1630
682	287675	342	108490	179184	100	60	0.207356	0.746893	39	38.2	142938	2	1998	1.00425	1.00255	1630
683	393875	310	164060	229815	100	60	0.154964	0.746893	39	38.2	142938	2	1998	1.00356	1.00182	1630
684	588297	285	257902	330395	100	60	0.144686	0.746893	39	38.2	142938	2	1998	1.00331	1.00142	1630
685	543630	266	145647	397984	100	60	0.152699	0.746893	39	38.2	142938	2	1998	1.0034	1.00266	1630
686	564428	222	184513	379916	100	60	0.155693	0.746893	38	38.2	142938	2	1998	1.00311	1.00203	1630
687	586367	2166	220982	365385	100	60	0.998655	0.746893	38	38.2	142938	2	1998	1.00308	1.00251	1630
688	666430	1944	279267	387163	100	60	1.09524	0.746893	38	38.2	142938	2	1998	1.00461	1.00507	1630
689	741518	1733	329993	411525	100	60	1.28413	0.746893	38	38.2	142938	2	1998	1.00604	1.00709	1630
690	597104	1574	179971	417132	100	60	1.34499	0.746893	34	38.2	142938	2	1998	1.13801	1.23582	1630
691	637813	1282	254386	382826	100	60	1.03475	0.746893	39	38.2	0	2	1998	1.07658	1.0879	1630
692	681169	1077	306472	373820	100	60	0.924311	0.746893	39	38.2	0	2	1998	1.04172	1.03812	1630
693	704377	906	336333	367054	100	60	0.857682	0.746893	39	38.2	0	2	1998	1.02218	1.01432	1630
694	747965	793	367187	379821	100	60	0.887974	0.746893	39	38.2	0	2	1998	1.02313	1.0156	1630
695	775651	727	385995	388846	100	60	0.974583	0.746893	39	38.2	0	2	1998	1.02602	1.01483	1630
696	804810	1178	403555	401255	100	60	1.47565	0.746893	39	38.2	0	2	1998	1.02894	1.01523	1630
697	811000	1215	410573	400427	100	60	1.61769	0.746893	39	38.2	0	2	1998	1.02961	1.01555	1630
698	798760	1194	408543	390217	100	60	1.74131	0.746893	39	38.2	0	2	1998	1.03733	1.02451	1630
699	767914	1020	397400	370514	100	60	1.73444	0.746893	39	38.2	0	2	1998	1.0422	1.03458	1630
700	655378	907	297338	358040	100	60	1.73081	0.746893	39	38.2	104573	2	1998	1.05187	1.04889	1630
701	479247	785	149821	329426	100	60	1.7787	0.746893	39	38.2	104573	2	1998	1.05674	1.05135	1630
702	497239	700	197475	299763	100	60	1.80042	0.746893	39	38.2	104573	2	1998	1.05355	1.04317	1630
703	502889	615	230508	272382	100	60	1.84001	0.746893	39	38.2	104573	2	1998	1.06027	1.04926	1630
704	497985	546	247748	250237	100	60	1.87182	0.746893	39	38.2	104573	2	1998	1.07642	1.061	1630
705	474044	484	245718	228326	100	60	1.85701	0.746893	39	38.2	104573	2	1998	1.09211	1.08333	1630
706	455248	441	236570	210108	100	60	1.87662	0.746893	39	38.2	104573	2	1998	1.10426	1.09404	1630
707	387228	355	200180	173921	100	60	1.8906	0.746893	39	38.2	104573	2	1998	1.09067	1.07736	1630
708	385117	335	200765	171601	100	60	1.93373	0.746893	39	38.2	104573	2	1998	1.05398	1.04242	1630
709	263866	310	99684.1	161817	100	60	1.95065	0.746893	39	38.2	104573	2	1998	1.04321	1.03268	1630
710	263133	274	116084	145022	100	60	1.96948	0.746893	39	38.2	104573	2	1998	1.0636	1.05204	1630
711	275597	263	136130	139466	100	60	1.95243	0.746893	39	38.2	104573	2	1998	1.0855	1.0695	1630
712	221463	242	91764.1	129699	100	60	0.146999	0.746893	39	38.2	158210	2	1998	1.00289	1.00139	1630
713	328296	214	142559	185737	100	60	0.107221	0.746893	39	38.2	158210	2	1998	1.00241	1.00075	1630
714	526961	179	235192	291770	100	60	0.0911375	0.746893	39	38.2	158210	2	1998	1.0023	1.00091	1630
715	674737	171	296302	378435	100	60	0.0961528	0.746893	39	38.2	158210	2	1998	1.0023	1.00164	1630
716	693592	159	306128	387463	100	60	0.107473	0.746893	38	38.2	158210	2	1998	1.00305	1.00308	1630
717	666172	2160	301466	364705	100	60	0.903173	0.746893	38	38.2	158210	2	1998	1.00415	1.00522	1630
718	698115	1881	325550	372565	100	60	0.952412	0.746893	38	38.2	158210	2	1998	1.00417	1.00529	1630
719	781000	1707	372731	408269	100	60	1.11504	0.746893	38	38.2	158210	2	1998	1.00643	1.00826	1630
720	617177	1589	198823	418355	100	60	1.1883	0.746893	31	38.2	158210	2	1998	1.13605	1.24905	1630
721	644948	1279	265967	376234	100	60	1.00262	0.746893	39	38.2	0	2	1998	1.09264	1.10862	1630
722	692956	1098	318429	370681	100	60	0.932073	0.746893	39	38.2	0	2	1998	1.05284	1.05113	1630
723	748020	977	363276	380120	100	60	0.901211	0.746893	39	38.2	0	2	1998	1.03204	1.02274	1630
724	577120	841	192424	384046	100	60	0.922309	0.746893	39	38.2	0	2	1998	1.02886	1.01516	1630
725	651525	769	268545	382479	100	60	0.974702	0.746893	39	38.2	0	2	1998	1.03283	1.01478	1630
726	729643	1187	335326	394317	100	60	1.42204	0.746893	39	38.2	0	2	1998	1.03771	1.01421	1630
727	756694	1198	366714	389980	100	60	1.6087	0.746893	39	38.2	0	2	1998	1.04391	1.02174	1630
728	781781	1167	391385	390396	100	60	1.65554	0.746893	39	38.2	0	2	1998	1.05563	1.03717	1630
729	770230	1022	393953	376277	100	60	1.61808	0.746893	39	38.2	0	2	1998	1.06193	1.0504	1630
730	655463	872	309155	346308	100	60	1.61912	0.746893	39	38.2	75646.3	2	1998	1.0704	1.05916	1630
731	643740	773	319729	324011	100	60	1.6251	0.746893	39	38.2	75646.3	2	1998	1.07526	1.06021	1630
732	638539	711	327787	310752	100	60	1.62884	0.746893	39	38.2	75646.3	2	1998	1.10046	1.08559	1630
733	585902	615	307483	278420	100	60	1.63324	0.746893	39	38.2	75646.3	2	1998	1.12088	1.10099	1630
734	556149	556	295884	260265	100	60	1.66216	0.746893	39	38.2	75646.3	2	1998	1.12203	1.10294	1630
735	521904	504	280690	241214	100	60	1.6649	0.746893	39	38.2	75646.3	2	1998	1.15118	1.13552	1630
736	509637	472	271431	230667	100	60	1.66975	0.746893	39	38.2	75646.3	2	1998	1.1746	1.15859	1630
737	477116	426	251805	212071	100	60	1.70903	0.746893	39	38.2	75646.3	2	1998	1.17793	1.16216	1630
738	438189	380	231236	194856	100	60	1.73629	0.746893	39	38.2	75646.3	2	1998	1.1928	1.16851	1630
739	407743	342	215975	180469	100	60	1.78063	0.746893	39	38.2	75646.3	2	1998	1.20294	1.1677	1630
740	378032	316	200366	167438	100	60	1.81547	0.746893	39	38.2	75646.3	2	1998	1.19417	1.14915	1630
741	246805	284	92819	153986	100	60	1.85022	0.746893	39	38.2	75646.3	2	1998	1.18216	1.15058	1630
742	227871	245	90491.9	137379	100	60	0.0768726	0.746893	39	38.2	94273.1	2	1998	1.00253	0.992404	1630
743	462122	233	189119	273003	100	60	0.0701258	0.746893	39	38.2	94273.1	2	1998	1.00244	0.993981	1630
744	609979	208	251404	358576	100	60	0.0676243	0.746893	39	38.2	94273.1	2	1998	1.00257	0.993061	1630
745	599540	191	254055	345484	100	60	0.0750041	0.746893	39	38.2	94273.1	2	1998	1.0028	0.992235	1630
746	563931	163	248584	315348	100	60	0.0768543	0.746893	39	38.2	94273.1	2	1998	1.00294	0.992841	1630
747	632158	2437	289805	342353	100	60	0.971309	0.746893	39	38.2	94273.1	2	1998	1.00472	0.99644	1630
748	708078	2073	329067	379011	100	60	1.09628	0.746893	39	38.2	94273.1	2	1998	1.00675	1	1630
749	738483	1769	348615	389868	100	60	1.29707	0.746893	39	38.2	94273.1	2	1998	1.00886	1.00092	1630
750	562457	1634	178909	383548	100	60	1.43433	0.746893	35	38.2	94273.1	2	1998	1.09482	1.15224	1630
751	474389	1294	118267	355875	100	60	0.695592	0.746893	39	38.2	0	2	1998	1.02909	1.01993	1630
752	459048	1105	94772.1	364145	100	60	0.526408	0.746893	39	38.2	0	2	1998	1.01404	1.00356	1630
753	567780	916	188635	378467	100	60	0.437325	0.746893	39	38.2	0	2	1998	1.00799	0.996182	1630
754	690852	782	275084	414903	100	60	0.459221	0.746893	39	38.2	0	2	1998	1.00668	0.994823	1630
755	738401	677	318313	419411	100	60	0.5024	0.746893	39	38.2	0	2	1998	1.00734	0.995011	1630
756	731459	1670	331639	399821	100	60	1.13499	0.746893	39	38.2	0	2	1998	1.0108	1.00072	1630
757	738963	1686	348235	390728	100	60	1.32419	0.746893	39	38.2	0	2	1998	1.01363	1.00311	1630
758	751733	1514	364007	387726	100	60	1.47344	0.746893	39	38.2	0	2	1998	1.01535	1.00265	1630
759	750212	1241	370739	379473	100	60	1.56771	0.746893	39	38.2	0	2	1998	1.02077	1.0113	1630
760	666440	1050	300887	365553	100	60	1.67062	0.746893	39	38.2	77783.8	2	1998	1.02571	1.01336	1630
761	647708	885	310242	337466	100	60	1.77522	0.746893	39	38.2	77783.8	2	1998	1.03618	1.02036	1630
762	608215	732	304865	303349	100	60	1.80897	0.746893	39	38.2	77783.8	2	1998	1.04717	1.0301	1630
763	599193	658	309196	289997	100	60	1.84187	0.746893	39	38.2	77783.8	2	1998	1.06373	1.04427	1630
764	564436	580	296721	267715	100	60	1.88666	0.746893	39	38.2	77783.8	2	1998	1.066	1.04671	1630
765	395581	526	141471	254110	100	60	1.91569	0.746893	39	38.2	77783.8	2	1998	1.09226	1.07824	1630
766	409682	471	172886	229990	100	60	1.91196	0.746893	39	38.2	77783.8	2	1998	1.09228	1.07839	1630
767	425701	436	199027	215823	100	60	1.94677	0.746893	39	38.2	77783.8	2	1998	1.09091	1.0778	1630
768	399947	377	197874	189838	100	60	1.94729	0.746893	39	38.2	77783.8	2	1998	1.08354	1.06417	1630
769	388099	342	198394	178051	100	60	1.95876	0.746893	39	38.2	77783.8	2	1998	1.08424	1.05588	1630
770	367801	312	191725	165576	100	60	2.01024	0.746893	39	38.2	77783.8	2	1998	1.06728	1.03583	1630
771	317887	264	173169	144718	100	60	1.99805	0.746893	39	38.2	77783.8	2	1998	1.06884	1.04247	1630
772	226029	235	91115.1	134913	100	60	0.079797	0.746893	39	38.2	155911	2	1998	1.00151	0.996042	1630
773	466938	226	193334	273604	100	60	0.0713772	0.746893	39	38.2	155911	2	1998	1.00147	0.995918	1630
774	606810	206	253994	352816	100	60	0.0694353	0.746893	39	38.2	155911	2	1998	1.00147	0.996652	1630
775	592306	174	252717	339588	100	60	0.0707807	0.746893	39	38.2	155911	2	1998	1.00194	0.99673	1630
776	576111	163	254707	321404	100	60	0.0788251	0.746893	39	38.2	155911	2	1998	1.0022	0.996949	1630
777	629448	2315	286800	342648	100	60	0.95375	0.746893	39	38.2	155911	2	1998	1.00353	0.998004	1630
778	715343	2123	330202	385141	100	60	1.12894	0.746893	39	38.2	155911	2	1998	1.00335	0.997777	1630
779	761770	1838	356918	404851	100	60	1.34996	0.746893	39	38.2	155911	2	1998	1.0045	0.997739	1630
780	585060	1667	183977	401083	100	60	1.49374	0.746893	37	38.2	155911	2	1998	1.09455	1.15663	1630
781	620811	1309	251815	367930	100	60	0.723406	0.746893	39	38.2	0	2	1998	1.02935	1.02488	1630
782	713239	1123	317354	394321	100	60	0.59311	0.746893	39	38.2	0	2	1998	1.01586	1.00937	1630
783	767290	921	356218	409316	100	60	0.523117	0.746893	39	38.2	0	2	1998	1.00982	1.00142	1630
784	837619	805	394048	441944	100	60	0.554087	0.746893	39	38.2	0	2	1998	1.01026	1.00131	1630
785	835162	727	398012	435766	100	60	0.622873	0.746893	39	38.2	0	2	1998	1.01301	1.00399	1630
786	609732	1622	187166	422566	100	60	1.2668	0.746893	39	38.2	0	2	1998	1.01552	1.00792	1630
787	647055	1531	245061	401994	100	60	1.43282	0.746893	39	38.2	0	2	1998	1.02146	1.01606	1630
788	688731	1419	299424	389307	100	60	1.62301	0.746893	39	38.2	0	2	1998	1.02518	1.01771	1630
789	729009	1220	342193	386816	100	60	1.70897	0.746893	39	38.2	0	2	1998	1.02745	1.01891	1630
790	637933	1012	278339	359595	100	60	1.80084	0.746893	39	38.2	78914.6	2	1998	1.0321	1.02483	1630
791	632565	861	297280	335285	100	60	1.87602	0.746893	39	38.2	78914.6	2	1998	1.04313	1.03384	1630
792	615846	743	304197	311650	100	60	1.8678	0.746893	39	38.2	78914.6	2	1998	1.0522	1.04465	1630
793	610205	675	311732	298473	100	60	1.87863	0.746893	39	38.2	78914.6	2	1998	1.06504	1.05655	1630
794	582462	610	302791	279671	100	60	1.94038	0.746893	39	38.2	78914.6	2	1998	1.07609	1.05592	1630
795	544712	549	286861	257851	100	60	1.94	0.746893	39	38.2	78914.6	2	1998	1.10109	1.08425	1630
796	513978	497	267309	237841	100	60	2.01094	0.746893	39	38.2	78914.6	2	1998	1.10108	1.07692	1630
797	483921	455	249260	219347	100	60	2.0312	0.746893	39	38.2	78914.6	2	1998	1.10678	1.08407	1630
798	459813	416	237025	208261	100	60	2.02917	0.746893	39	38.2	78914.6	2	1998	1.09955	1.07282	1630
799	415254	358	215221	186920	100	60	2.07602	0.746893	39	38.2	78914.6	2	1998	1.08021	1.05085	1630
800	374054	320	194424	168352	100	60	2.09321	0.746893	39	38.2	78914.6	2	1998	1.07229	1.05145	1630
801	355646	311	191413	164233	100	60	2.13401	0.746893	39	38.2	78914.6	2	1998	1.07419	1.0604	1630
802	236755	262	95007	141748	100	60	0.0877905	0.746893	39	38.2	163777	2	1998	1.00175	0.994189	1630
803	478389	246	196817	281573	100	60	0.0763626	0.746893	39	38.2	163777	2	1998	1.0019	0.993167	1630
804	603879	203	249700	354179	100	60	0.0668123	0.746893	39	38.2	163777	2	1998	1.00154	0.992788	1630
805	583610	186	247960	335650	100	60	0.0741263	0.746893	39	38.2	163777	2	1998	1.00173	0.992539	1630
806	541962	160	238479	303483	100	60	0.0762168	0.746893	39	38.2	163777	2	1998	1.0018	0.993436	1630
807	610534	2416	277843	332691	100	60	1.00539	0.746893	38	38.2	163777	2	1998	1.00284	0.995152	1630
808	687566	2184	315890	371676	100	60	1.19946	0.746893	38	38.2	163777	2	1998	1.00331	0.996256	1630
809	734905	1888	342167	392737	100	60	1.43055	0.746893	38	38.2	163777	2	1998	1.00619	0.998266	1630
810	551676	1691	171770	379906	100	60	1.57529	0.746893	37	38.2	163777	2	1998	1.08045	1.1293	1630
811	610592	1385	246013	363238	100	60	0.704549	0.746893	39	38.2	0	2	1998	1.02189	1.01444	1630
812	691227	1161	303567	385775	100	60	0.576744	0.746893	39	38.2	0	2	1998	1.01187	1.00273	1630
813	769802	934	353169	414594	100	60	0.502772	0.746893	39	38.2	0	2	1998	1.00688	0.996447	1630
814	815017	806	379796	433395	100	60	0.537964	0.746893	39	38.2	0	2	1998	1.00598	0.994725	1630
815	608214	702	182938	425041	100	60	0.56723	0.746893	39	38.2	0	2	1998	1.00755	0.995507	1630
816	637813	1620	236627	401186	100	60	1.25675	0.746893	39	38.2	0	2	1998	1.00941	0.996423	1630
817	698429	1536	296592	401837	100	60	1.42172	0.746893	39	38.2	0	2	1998	1.01124	0.99947	1630
818	754162	1559	344360	409802	100	60	1.69972	0.746893	39	38.2	0	2	1998	1.01336	1.00128	1630
819	787086	1339	375721	411365	100	60	1.78307	0.746893	39	38.2	0	2	1998	1.01878	1.00748	1630
820	678219	1107	294867	383352	100	60	1.84993	0.746893	39	38.2	86280.3	2	1998	1.0214	1.00995	1630
821	690117	977	323225	366892	100	60	1.88669	0.746893	39	38.2	86280.3	2	1998	1.03351	1.03074	1630
822	659516	835	324302	335215	100	60	1.88413	0.746893	39	38.2	86280.3	2	1998	1.04872	1.05042	1630
823	599860	690	303596	296264	100	60	1.94083	0.746893	39	38.2	86280.3	2	1998	1.05028	1.04203	1630
824	570588	614	294521	276067	100	60	1.97108	0.746893	39	38.2	86280.3	2	1998	1.05685	1.04072	1630
825	520054	531	272089	247966	100	60	2.01708	0.746893	39	38.2	86280.3	2	1998	1.07143	1.05273	1630
826	488026	472	253480	226218	100	60	2.07688	0.746893	39	38.2	86280.3	2	1998	1.09733	1.07889	1630
827	449911	416	231614	204382	100	60	2.10098	0.746893	39	38.2	86280.3	2	1998	1.10562	1.08454	1630
828	438051	389	225729	198789	100	60	2.1122	0.746893	39	38.2	86280.3	2	1998	1.1068	1.08031	1630
829	386566	332	200017	174625	100	60	2.16137	0.746893	39	38.2	86280.3	2	1998	1.07429	1.0367	1630
830	342837	287	178266	154586	100	60	2.12837	0.746893	39	38.2	86280.3	2	1998	1.09	1.05735	1630
831	205696	236	73675.9	132020	100	60	2.12632	0.746893	39	38.2	86280.3	2	1998	1.10484	1.07489	1630
832	200332	219	72428.9	127903	100	60	0.0734753	0.746893	39	38.2	110462	2	1998	1.00201	0.987711	1630
833	437527	199	172919	264609	100	60	0.0642706	0.746893	39	38.2	110462	2	1998	1.00186	0.986948	1630
834	600292	177	242556	357736	100	60	0.0614948	0.746893	39	38.2	110462	2	1998	1.00184	0.989172	1630
835	593790	158	246062	347728	100	60	0.0669132	0.746893	39	38.2	110462	2	1998	1.00171	0.99037	1630
836	546084	119	234623	311461	100	60	0.0604567	0.746893	38	38.2	110462	2	1998	1.00159	0.989064	1630
837	613824	2680	274629	339195	100	60	1.08994	0.746893	38	38.2	110462	2	1998	1.00237	0.987819	1630
838	706946	2269	321549	385397	100	60	1.20584	0.746893	37	38.2	110462	2	1998	1.00306	0.987058	1630
839	737842	1909	340336	397507	100	60	1.45148	0.746893	37	38.2	110462	2	1998	1.00474	0.990192	1630
840	567711	1687	174348	393363	100	60	1.58626	0.746893	34	38.2	110462	2	1998	1.07316	1.10999	1630
841	611606	1335	243646	367577	100	60	0.788645	0.746893	39	38.2	0	2	1998	1.02524	1.01169	1630
842	671939	1088	295373	376071	100	60	0.626938	0.746893	39	38.2	0	2	1998	1.01356	0.997127	1630
843	573878	891	169145	404575	100	60	0.556818	0.746893	39	38.2	0	2	1998	1.00696	0.98959	1630
844	540279	767	119047	421214	100	60	0.585872	0.746893	39	38.2	0	2	1998	1.00706	0.990334	1630
845	491123	670	86504.9	404618	100	60	0.622737	0.746893	39	38.2	0	2	1998	1.00838	0.991416	1630
846	536452	1642	148919	387533	100	60	1.3872	0.746893	39	38.2	0	2	1998	1.00781	0.990431	1630
847	608732	1667	219864	388868	100	60	1.60438	0.746893	39	38.2	0	2	1998	1.01053	0.997408	1630
848	525351	1553	133948	391404	100	60	1.79248	0.746893	39	38.2	0	2	1998	1.0131	0.998706	1630
849	569946	1300	198872	371074	100	60	1.82448	0.746893	39	38.2	0	2	1998	1.01752	1.00232	1630
850	601769	1121	237910	363858	100	60	1.85516	0.746893	39	38.2	25342.7	2	1998	1.02207	1.00628	1630
851	625654	968	278816	346838	100	60	1.91859	0.746893	39	38.2	25342.7	2	1998	1.02705	1.00831	1630
852	646528	870	307055	339473	100	60	1.98547	0.746893	39	38.2	25342.7	2	1998	1.03556	1.01499	1630
853	635344	775	314265	321079	100	60	2.03408	0.746893	39	38.2	25342.7	2	1998	1.04307	1.02073	1630
854	605362	680	307196	298166	100	60	2.04796	0.746893	39	38.2	25342.7	2	1998	1.05824	1.03392	1630
855	580674	618	300226	280448	100	60	2.08387	0.746893	39	38.2	25342.7	2	1998	1.06392	1.04078	1630
856	545060	552	279789	255831	100	60	2.11637	0.746893	39	38.2	25342.7	2	1998	1.06431	1.04015	1630
857	507219	491	257318	233650	100	60	2.14946	0.746893	39	38.2	25342.7	2	1998	1.07763	1.05773	1630
858	358098	455	128260	226330	100	60	2.16829	0.746893	39	38.2	25342.7	2	1998	1.068	1.04009	1630
859	369954	419	151616	210802	100	60	2.21099	0.746893	39	38.2	25342.7	2	1998	1.06459	1.03155	1630
860	370633	379	169839	193957	100	60	2.21836	0.746893	39	38.2	25342.7	2	1998	1.06683	1.03784	1630
861	351791	338	174578	177213	100	60	2.20292	0.746893	39	38.2	25342.7	2	1998	1.08033	1.05183	1630
862	253292	293	95219.7	158072	100	60	0.128721	0.746893	39	38.2	105845	2	1998	1.00202	0.992591	1630
863	415002	246	168451	246551	100	60	0.091463	0.746893	39	38.2	105845	2	1998	1.00162	0.991826	1630
864	601276	205	251301	349976	100	60	0.0800478	0.746893	39	38.2	105845	2	1998	1.00173	0.99255	1630
865	644680	176	271517	373163	100	60	0.0786833	0.746893	39	38.2	105845	2	1998	1.00184	0.992216	1630
866	610319	167	264238	346081	100	60	0.0880006	0.746893	38	38.2	105845	2	1998	1.00221	0.993254	1630
867	628189	2263	282594	345595	100	60	0.922522	0.746893	38	38.2	105845	2	1998	1.00293	0.991393	1630
868	708297	2097	325531	382766	100	60	1.07894	0.746893	38	38.2	105845	2	1998	1.00377	0.99313	1630
869	780155	1941	362719	417436	100	60	1.35353	0.746893	38	38.2	105845	2	1998	1.00378	0.99148	1630
870	596257	1691	184659	411598	100	60	1.47	0.746893	33	38.2	105845	2	1998	1.09562	1.15471	1630
871	651960	1378	261207	390679	100	60	0.921062	0.746893	39	38.2	0	2	1998	1.03978	1.0303	1630
872	526911	1102	145489	381393	100	60	0.744677	0.746893	39	38.2	0	2	1998	1.01954	1.00476	1630
873	624340	957	233018	391258	100	60	0.630723	0.746893	39	38.2	0	2	1998	1.00933	0.994405	1630
874	724395	837	308031	416290	100	60	0.672956	0.746893	39	38.2	0	2	1998	1.01	0.993782	1630
875	780992	758	353190	427727	100	60	0.759763	0.746893	39	38.2	0	2	1998	1.01233	0.995662	1630
876	800515	1401	375099	425416	100	60	1.40805	0.746893	39	38.2	0	2	1998	1.01807	1.0009	1630
877	810752	1360	388895	421857	100	60	1.55985	0.746893	39	38.2	0	2	1998	1.01944	1.00176	1630
878	807708	1412	393798	413910	100	60	1.75286	0.746893	39	38.2	0	2	1998	1.02523	1.00712	1630
879	800253	1186	396647	403607	100	60	1.76801	0.746893	39	38.2	0	2	1998	1.03079	1.01441	1630
880	662395	1017	275153	387242	100	60	1.81794	0.746893	39	38.2	125963	2	1998	1.03024	1.00791	1630
881	516741	900	150426	366315	100	60	1.88254	0.746893	39	38.2	125963	2	1998	1.03341	1.00895	1630
882	430216	790	98841.7	331374	100	60	1.9352	0.746893	39	38.2	125963	2	1998	1.03786	1.01145	1630
883	450943	694	153136	297807	100	60	2.01026	0.746893	39	38.2	125963	2	1998	1.04706	1.02029	1630
884	479461	627	203776	275684	100	60	2.0534	0.746893	39	38.2	125963	2	1998	1.06362	1.04006	1630
885	394058	596	122335	271723	100	60	2.10855	0.746893	39	38.2	125963	2	1998	1.07798	1.05051	1630
886	436230	560	168537	259723	100	60	2.11183	0.746893	39	38.2	125963	2	1998	1.09421	1.06104	1630
887	463441	517	205858	246005	100	60	2.1389	0.746893	39	38.2	125963	2	1998	1.08212	1.04678	1630
888	481825	485	228270	238143	100	60	2.1762	0.746893	39	38.2	125963	2	1998	1.08268	1.04792	1630
889	478486	450	235655	227562	100	60	2.18728	0.746893	39	38.2	125963	2	1998	1.06852	1.02908	1630
890	448719	409	225805	209312	100	60	2.20477	0.746893	39	38.2	125963	2	1998	1.06413	1.02239	1630
891	416828	379	218269	198558	100	60	2.25894	0.746893	39	38.2	125963	2	1998	1.06283	1.01892	1630
892	253177	323	78565.1	174612	100	60	0.111713	0.746893	39	38.2	148630	2	1998	1.00163	0.986368	1630
893	495326	312	188982	306344	100	60	0.0950264	0.746893	39	38.2	148630	2	1998	1.00171	0.985966	1630
894	637955	286	256395	381559	100	60	0.092129	0.746893	38	38.2	148630	2	1998	1.00181	0.986348	1630
895	607055	252	253658	353397	100	60	0.0991466	0.746893	38	38.2	148630	2	1998	1.00201	0.987574	1630
896	418282	218	102396	315886	100	60	0.104956	0.746893	38	38.2	148630	2	1998	1.00196	0.987871	1630
897	482894	2122	161255	321639	100	60	0.955844	0.746893	38	38.2	148630	2	1998	1.00326	0.987549	1630
898	613443	2140	240205	373238	100	60	1.25783	0.746893	38	38.2	148630	2	1998	1.00415	0.986629	1630
899	683390	1912	289918	393472	100	60	1.49088	0.746893	38	38.2	148630	2	1998	1.00598	0.987225	1630
900	565911	1784	163314	402597	100	60	1.64705	0.746893	34	38.2	148630	2	1998	1.07837	1.1073	1630
901	603539	1402	233092	370326	100	60	0.690624	0.746893	39	38.2	0	2	1998	1.01952	1.00135	1630
902	675874	1156	290781	384927	100	60	0.553726	0.746893	39	38.2	0	2	1998	1.0095	0.991448	1630
903	772553	979	348736	423670	100	60	0.494552	0.746893	39	38.2	0	2	1998	1.0064	0.987076	1630
904	811898	819	372503	439292	100	60	0.512792	0.746893	39	38.2	0	2	1998	1.00731	0.988536	1630
905	608634	742	177398	431228	100	60	0.554149	0.746893	39	38.2	0	2	1998	1.00855	0.988889	1630
906	638616	1622	233213	405403	100	60	1.18262	0.746893	39	38.2	0	2	1998	1.00989	0.989583	1630
907	704038	1574	296545	407493	100	60	1.32685	0.746893	39	38.2	0	2	1998	1.01225	0.991344	1630
908	735101	1541	332974	402127	100	60	1.63113	0.746893	39	38.2	0	2	1998	1.01857	0.999347	1630
909	746835	1277	353905	392930	100	60	1.73998	0.746893	39	38.2	0	2	1998	1.02349	1.00079	1630
910	643651	1067	268211	375440	100	60	1.80035	0.746893	39	38.2	98263.8	2	1998	1.02792	1.00754	1630
911	488696	911	141318	347379	100	60	1.85313	0.746893	39	38.2	98263.8	2	1998	1.03531	1.01433	1630
912	414853	804	94244.5	320609	100	60	1.89426	0.746893	39	38.2	98263.8	2	1998	1.03985	1.015	1630
913	440765	712	148619	292145	100	60	1.9437	0.746893	39	38.2	98263.8	2	1998	1.04804	1.01977	1630
914	368237	632	97366.1	270871	100	60	1.98823	0.746893	39	38.2	98263.8	2	1998	1.04731	1.02552	1630
915	382176	551	140809	241367	100	60	2.04542	0.746893	39	38.2	98263.8	2	1998	1.05573	1.03291	1630
916	411402	504	179853	223163	100	60	2.06928	0.746893	39	38.2	98263.8	2	1998	1.08257	1.06827	1630
917	320403	459	102683	215097	100	60	2.10903	0.746893	39	38.2	98263.8	2	1998	1.0823	1.05947	1630
918	354497	432	141598	204827	100	60	2.14025	0.746893	39	38.2	98263.8	2	1998	1.08222	1.05412	1630
919	344387	362	158897	176708	100	60	2.1675	0.746893	39	38.2	98263.8	2	1998	1.07547	1.04816	1630
920	251656	325	85227	164494	100	60	2.16853	0.746893	39	38.2	98263.8	2	1998	1.07485	1.0538	1630
921	262270	296	109389	152881	100	60	2.15568	0.746893	39	38.2	98263.8	2	1998	1.05844	1.0346	1630
922	211078	254	75504.1	135574	100	60	0.207196	0.746893	39	38.2	148568	2	1998	1.00308	1.00117	1630
923	293476	226	122613	170863	100	60	0.147293	0.746893	39	38.2	148568	2	1998	1.0024	1.00022	1630
924	461966	202	207977	253989	100	60	0.132283	0.746893	39	38.2	148568	2	1998	1.00269	1.00076	1630
925	617650	155	274969	342681	100	60	0.113304	0.746893	39	38.2	148568	2	1998	1.00246	1.00049	1630
926	537678	140	147428	390251	100	60	0.122266	0.746893	39	38.2	148568	2	1998	1.00329	1.00247	1630
927	542286	2175	188062	354224	100	60	1.02397	0.746893	38	38.2	148568	2	1998	1.00328	1.00303	1630
928	623832	2032	251033	372798	100	60	1.10333	0.746893	38	38.2	148568	2	1998	1.00307	1.00309	1630
929	704086	1840	310985	393101	100	60	1.21935	0.746893	37	38.2	148568	2	1998	1.0024	1.00193	1630
930	565133	1632	171901	393232	100	60	1.24426	0.746893	35	38.2	148568	2	1998	1.1304	1.22577	1630
