Time	totMass	NInd	abovemass	belowmass	mean_ares	mean_bres	shannon	meanShannon	NPFT	meanNPFT	Cutted	NNonClonal	NClonal	mean_generation	mean_genet_size	NGenets
1	472	0	236	236	100	60	0	0.632704	39	37.7	0	4	1925	1	0.878788	1480
2	8859.55	0	3483.75	5375.8	100	60	0	0.632704	39	37.7	0	4	1925	1	0.873446	1480
3	41788.3	0	19434.4	22353.9	100	60	0	0.632704	39	37.7	0	4	1925	1	0.871	1480
4	125511	0	58830.4	66680.1	100	60	0	0.632704	39	37.7	0	4	1925	1	0.872838	1480
5	276443	0	129079	147364	100	60	0	0.632704	39	37.7	0	4	1925	1	0.873684	1480
6	480611	561	224760	255851	100	60	2.44022	0.632704	39	37.7	0	4	1925	1.00104	0.874187	1480
7	685127	798	323041	362086	100	60	3.18473	0.632704	39	37.7	0	4	1925	1.01049	0.886878	1480
8	847863	835	405005	442857	100	60	3.28449	0.632704	39	37.7	0	4	1925	1.02548	0.906699	1480
9	978578	791	474225	504353	100	60	3.14767	0.632704	39	37.7	0	4	1925	1.04194	0.924242	1480
10	1.08449e+006	761	531358	553130	100	60	3.06727	0.632704	39	37.7	0	4	1925	1.05349	0.933246	1480
11	1.14889e+006	722	569008	579884	100	60	2.929	0.632704	39	37.7	0	4	1925	1.08111	0.970954	1480
12	1.21443e+006	704	607983	606443	100	60	2.90103	0.632704	39	37.7	0	4	1925	1.09714	0.98433	1480
13	1.25049e+006	686	631226	619263	100	60	2.86832	0.632704	39	37.7	0	4	1925	1.11995	1.02056	1480
14	1.2869e+006	675	653734	633165	100	60	2.87626	0.632704	39	37.7	0	4	1925	1.12974	1.02711	1480
15	1.31073e+006	670	668178	642551	100	60	2.89542	0.632704	39	37.7	0	4	1925	1.15032	1.05344	1480
16	1.3565e+006	675	683179	653631	100	60	2.91516	0.632704	39	37.7	0	4	1925	1.17346	1.08783	1480
17	1.3825e+006	670	688446	656077	100	60	2.9227	0.632704	39	37.7	0	4	1925	1.21045	1.11268	1480
18	1.41373e+006	670	701827	668446	100	60	2.98196	0.632704	39	37.7	0	4	1925	1.20169	1.09335	1480
19	1.43527e+006	663	712781	677745	100	60	3.02804	0.632704	39	37.7	0	4	1925	1.19509	1.07051	1480
20	1.45157e+006	670	721764	685664	100	60	3.0914	0.632704	39	37.7	0	4	1925	1.19793	1.06016	1480
21	1.40263e+006	661	720240	682393	100	60	3.0979	0.632704	39	37.7	0	4	1925	1.20272	1.04992	1480
22	1.40356e+006	662	721705	681860	100	60	0.69927	0.632704	39	37.7	0	4	1925	1.02703	0.89285	1480
23	1.42858e+006	648	727886	700694	100	60	0.695921	0.632704	39	37.7	0	4	1925	1.03025	0.898608	1480
24	1.42274e+006	630	720878	701866	100	60	0.698398	0.632704	39	37.7	0	4	1925	1.03232	0.926573	1480
25	1.42162e+006	621	720418	701206	100	60	0.788808	0.632704	39	37.7	0	4	1925	1.03753	0.952716	1480
26	1.45694e+006	621	737336	719608	100	60	0.914963	0.632704	39	37.7	0	4	1925	1.04846	0.978888	1480
27	1.49926e+006	1618	756650	742609	100	60	2.34758	0.632704	39	37.7	0	4	1925	1.06296	0.996774	1480
28	1.5318e+006	1503	770841	760962	100	60	2.50532	0.632704	39	37.7	0	4	1925	1.07632	1.00187	1480
29	1.55425e+006	1390	781252	772993	100	60	2.57182	0.632704	39	37.7	0	4	1925	1.08925	1.01225	1480
30	1.1809e+006	1311	396532	784365	100	60	2.24364	0.632704	39	37.7	0	4	1925	1.33081	1.40891	1480
31	1.19894e+006	1100	469257	729537	100	60	1.092	0.632704	39	37.7	0	4	1925	1.10064	0.989084	1480
32	1.15657e+006	942	483661	672700	100	60	0.929042	0.632704	39	37.7	0	4	1925	1.07157	0.958154	1480
33	1.10598e+006	803	482103	623688	100	60	0.784404	0.632704	39	37.7	0	4	1925	1.05382	0.940214	1480
34	1.0795e+006	681	484023	595309	100	60	0.823601	0.632704	39	37.7	0	4	1925	1.05751	0.945154	1480
35	1.02537e+006	695	470617	554604	100	60	1.01875	0.632704	39	37.7	0	4	1925	1.06435	0.966993	1480
36	1.00267e+006	776	468226	534445	100	60	1.41302	0.632704	39	37.7	0	4	1925	1.07782	0.997434	1480
37	979438	849	464284	515154	100	60	1.85365	0.632704	39	37.7	0	4	1925	1.09292	1.02249	1480
38	957585	1021	459525	498060	100	60	2.55677	0.632704	39	37.7	0	4	1925	1.10298	1.02181	1480
39	912191	864	442695	469496	100	60	2.63223	0.632704	39	37.7	0	4	1925	1.10655	1.01954	1480
40	585011	712	150678	434332	100	60	2.67765	0.632704	39	37.7	304380	4	1925	1.11147	1.02235	1480
41	594749	599	194011	400738	100	60	2.68224	0.632704	39	37.7	304380	4	1925	1.12322	1.01754	1480
42	491828	529	116244	375585	100	60	2.76016	0.632704	39	37.7	304380	4	1925	1.12943	1.02204	1480
43	488823	449	158154	330668	100	60	2.80274	0.632704	39	37.7	304380	4	1925	1.14153	1.01896	1480
44	507481	408	200518	306963	100	60	2.9207	0.632704	39	37.7	304380	4	1925	1.15033	1.03675	1480
45	497491	357	218978	278513	100	60	2.88318	0.632704	39	37.7	304380	4	1925	1.16459	1.03274	1480
46	496651	314	227529	260592	100	60	2.95113	0.632704	39	37.7	304380	4	1925	1.17994	1.03051	1480
47	465000	265	216877	234794	100	60	2.92301	0.632704	39	37.7	304380	4	1925	1.19081	1.04	1480
48	466893	245	222894	229775	100	60	2.96089	0.632704	39	37.7	304380	4	1925	1.19455	1.04348	1480
49	480975	240	233082	233280	100	60	2.97659	0.632704	39	37.7	304380	4	1925	1.20243	1.05455	1480
50	451595	221	221213	217267	100	60	3.01392	0.632704	39	37.7	304380	4	1925	1.17181	1.02	1480
51	405203	195	206733	198470	100	60	3.0132	0.632704	39	37.7	304380	4	1925	1.165	0.994413	1480
52	236514	176	47729.4	188785	100	60	0.103974	0.632704	39	37.7	468531	4	1925	1.00301	0.89233	1480
53	400221	166	128802	271419	100	60	0.076412	0.632704	39	37.7	468531	4	1925	1.00201	0.890346	1480
54	605437	150	226057	379380	100	60	0.0738847	0.632704	39	37.7	468531	4	1925	1.00196	0.900695	1480
55	664143	129	258499	405644	100	60	0.0737015	0.632704	39	37.7	468531	4	1925	1.00178	0.916863	1480
56	636794	118	257991	378804	100	60	0.0829445	0.632704	39	37.7	468531	4	1925	1.00224	0.930181	1480
57	682640	2415	290786	391854	100	60	1.3199	0.632704	39	37.7	468531	4	1925	1.00295	0.935454	1480
58	769884	2376	337019	432865	100	60	1.59609	0.632704	39	37.7	468531	4	1925	1.00316	0.939248	1480
59	847325	2074	376933	470392	100	60	1.93404	0.632704	39	37.7	468531	4	1925	1.00517	0.943662	1480
60	654408	1806	191160	463248	100	60	2.04631	0.632704	39	37.7	468531	4	1925	1.07986	1.07147	1480
61	707244	1420	264589	442347	100	60	1.28884	0.632704	39	37.7	0	4	1925	1.03938	0.949746	1480
62	778657	1168	322962	455285	100	60	1.06463	0.632704	39	37.7	0	4	1925	1.02814	0.929783	1480
63	641686	970	178316	463141	100	60	0.966174	0.632704	39	37.7	0	4	1925	1.019	0.919037	1480
64	743636	856	262489	480819	100	60	1.02425	0.632704	39	37.7	0	4	1925	1.02011	0.922062	1480
65	813024	793	327158	485538	100	60	1.14717	0.632704	39	37.7	0	4	1925	1.02155	0.924419	1480
66	845817	1300	363573	482244	100	60	1.97355	0.632704	39	37.7	0	4	1925	1.02239	0.927224	1480
67	842479	1255	378120	464359	100	60	2.2356	0.632704	39	37.7	0	4	1925	1.02969	0.932914	1480
68	825261	1105	381165	444097	100	60	2.41372	0.632704	39	37.7	0	4	1925	1.03438	0.934247	1480
69	803521	910	379036	424484	100	60	2.40675	0.632704	39	37.7	0	4	1925	1.03927	0.94	1480
70	576978	744	175044	401934	100	60	2.4771	0.632704	39	37.7	217030	4	1925	1.05101	0.949864	1480
71	605366	656	225686	379681	100	60	2.58949	0.632704	39	37.7	217030	4	1925	1.0628	0.960061	1480
72	624993	593	264523	360469	100	60	2.70259	0.632704	39	37.7	217030	4	1925	1.07334	0.972743	1480
73	619461	528	281709	337752	100	60	2.77751	0.632704	39	37.7	217030	4	1925	1.08167	0.977011	1480
74	582681	450	277091	305590	100	60	2.86547	0.632704	39	37.7	217030	4	1925	1.08537	0.98427	1480
75	546143	388	266095	280047	100	60	2.84636	0.632704	39	37.7	217030	4	1925	1.10714	1.00787	1480
76	538326	356	261510	267655	100	60	2.84348	0.632704	39	37.7	217030	4	1925	1.12963	1.02601	1480
77	493227	311	238842	239448	100	60	2.78057	0.632704	39	37.7	217030	4	1925	1.15106	1.04319	1480
78	451781	267	219999	217435	100	60	2.76346	0.632704	39	37.7	217030	4	1925	1.18214	1.05469	1480
79	417750	235	204767	199646	100	60	2.75913	0.632704	39	37.7	217030	4	1925	1.19262	1.06726	1480
80	397263	215	196198	189006	100	60	2.79795	0.632704	39	37.7	217030	4	1925	1.19725	1.04412	1480
81	377255	212	193050	184205	100	60	2.84589	0.632704	39	37.7	217030	4	1925	1.19324	1.04061	1480
82	209040	181	49423.8	159616	100	60	0.0953839	0.632704	39	37.7	360124	4	1925	1.0027	0.923421	1480
83	378888	161	132970	245918	100	60	0.0672748	0.632704	39	37.7	360124	4	1925	1.00187	0.918214	1480
84	591167	140	231478	359689	100	60	0.0620642	0.632704	39	37.7	360124	4	1925	1.00146	0.924513	1480
85	645613	133	259004	386609	100	60	0.0688248	0.632704	39	37.7	360124	4	1925	1.00193	0.931015	1480
86	608432	111	252993	355439	100	60	0.070874	0.632704	39	37.7	360124	4	1925	1.0019	0.939268	1480
87	637106	2418	276524	360582	100	60	1.25205	0.632704	39	37.7	360124	4	1925	1.00305	0.938845	1480
88	550007	2420	146508	403498	100	60	1.53233	0.632704	39	37.7	360124	4	1925	1.00397	0.945806	1480
89	623315	2095	210640	412675	100	60	1.871	0.632704	39	37.7	360124	4	1925	1.00527	0.947368	1480
90	549419	1807	130420	418999	100	60	2.0806	0.632704	37	37.7	360124	4	1925	1.0697	1.04823	1480
91	628284	1487	212075	415752	100	60	1.17535	0.632704	39	37.7	0	4	1925	1.03119	0.951343	1480
92	711313	1235	278370	432449	100	60	0.98796	0.632704	39	37.7	0	4	1925	1.02469	0.941488	1480
93	812951	1051	344096	468130	100	60	0.927421	0.632704	39	37.7	0	4	1925	1.02093	0.934656	1480
94	879563	899	387762	491164	100	60	0.981987	0.632704	39	37.7	0	4	1925	1.02245	0.933485	1480
95	909419	806	410768	498100	100	60	1.07459	0.632704	39	37.7	0	4	1925	1.02387	0.944785	1480
96	896829	1387	412186	484643	100	60	1.89863	0.632704	39	37.7	0	4	1925	1.0254	0.948936	1480
97	881011	1282	411282	469729	100	60	2.07416	0.632704	39	37.7	0	4	1925	1.03001	0.952514	1480
98	867607	1194	411528	456078	100	60	2.24499	0.632704	39	37.7	0	4	1925	1.02871	0.94861	1480
99	860238	1004	413645	446592	100	60	2.25792	0.632704	39	37.7	0	4	1925	1.03329	0.957789	1480
100	641859	859	211408	430451	100	60	2.34831	0.632704	39	37.7	214895	4	1925	1.03548	0.957597	1480
101	664087	761	258171	405916	100	60	2.44487	0.632704	39	37.7	214895	4	1925	1.04257	0.962963	1480
102	671776	677	289868	381908	100	60	2.47396	0.632704	39	37.7	214895	4	1925	1.05869	0.980684	1480
103	674093	607	310528	363566	100	60	2.5025	0.632704	39	37.7	214895	4	1925	1.07835	1	1480
104	675268	570	322802	352467	100	60	2.61131	0.632704	39	37.7	214895	4	1925	1.08446	1.01062	1480
105	647457	514	315342	332114	100	60	2.67257	0.632704	39	37.7	214895	4	1925	1.09075	1	1480
106	604745	453	292174	302793	100	60	2.67733	0.632704	39	37.7	214895	4	1925	1.096	1.00454	1480
107	584290	416	280633	286618	100	60	2.66252	0.632704	39	37.7	214895	4	1925	1.12061	1.0325	1480
108	401613	365	132548	266050	100	60	2.71431	0.632704	39	37.7	214895	4	1925	1.12371	1.02266	1480
109	401979	328	156148	237872	100	60	2.74135	0.632704	39	37.7	214895	4	1925	1.12317	1.01899	1480
110	413377	305	181532	224369	100	60	2.73285	0.632704	39	37.7	214895	4	1925	1.13291	1.02389	1480
111	378427	266	180245	198182	100	60	2.75096	0.632704	39	37.7	214895	4	1925	1.14498	1.03571	1480
112	271020	263	71615.4	199404	100	60	0.142083	0.632704	39	37.7	338847	4	1925	1.00322	0.952197	1480
113	414840	229	148491	266349	100	60	0.101275	0.632704	39	37.7	338847	4	1925	1.00218	0.953293	1480
114	628423	219	249963	378459	100	60	0.102574	0.632704	39	37.7	338847	4	1925	1.00245	0.956241	1480
115	683599	181	277942	405657	100	60	0.0966968	0.632704	39	37.7	338847	4	1925	1.00286	0.960454	1480
116	491804	158	117524	374280	100	60	0.10423	0.632704	39	37.7	338847	4	1925	1.00322	0.962109	1480
117	505738	2249	159362	346376	100	60	1.22018	0.632704	39	37.7	338847	4	1925	1.00493	0.961957	1480
118	611085	2139	230796	380290	100	60	1.45514	0.632704	39	37.7	338847	4	1925	1.00603	0.967488	1480
119	711559	1874	293070	418489	100	60	1.75643	0.632704	39	37.7	338847	4	1925	1.00839	0.969054	1480
120	592426	1762	164493	427933	100	60	2.0071	0.632704	37	37.7	338847	4	1925	1.09292	1.10782	1480
121	649771	1418	240658	408144	100	60	1.18366	0.632704	39	37.7	0	4	1925	1.04241	0.997231	1480
122	700177	1146	292518	406448	100	60	0.965857	0.632704	39	37.7	0	4	1925	1.02826	0.974417	1480
123	769080	980	341475	426130	100	60	0.901704	0.632704	39	37.7	0	4	1925	1.02171	0.966894	1480
124	851609	889	388435	461857	100	60	1.00599	0.632704	39	37.7	0	4	1925	1.02249	0.968143	1480
125	897304	812	415585	480572	100	60	1.09639	0.632704	39	37.7	0	4	1925	1.02616	0.969404	1480
126	893833	1350	419257	474576	100	60	1.86649	0.632704	39	37.7	0	4	1925	1.02676	0.973886	1480
127	880422	1340	417908	462514	100	60	2.08756	0.632704	39	37.7	0	4	1925	1.03103	0.974774	1480
128	877692	1306	422033	455659	100	60	2.26675	0.632704	39	37.7	0	4	1925	1.03632	0.981395	1480
129	851198	1105	414491	436708	100	60	2.24479	0.632704	39	37.7	0	4	1925	1.03692	0.986239	1480
130	651238	950	238360	412878	100	60	2.30734	0.632704	39	37.7	183342	4	1925	1.04321	0.993617	1480
131	533678	851	138175	395504	100	60	2.37967	0.632704	39	37.7	183342	4	1925	1.05521	1.00594	1480
132	578620	775	199830	378790	100	60	2.418	0.632704	39	37.7	183342	4	1925	1.06526	1.0118	1480
133	579508	671	239753	339755	100	60	2.48683	0.632704	39	37.7	183342	4	1925	1.08529	1.02266	1480
134	597769	611	271962	325807	100	60	2.55233	0.632704	39	37.7	183342	4	1925	1.09871	1.03494	1480
135	565828	530	271073	294755	100	60	2.57923	0.632704	39	37.7	183342	4	1925	1.11168	1.04642	1480
136	542416	470	261707	271367	100	60	2.61884	0.632704	39	37.7	183342	4	1925	1.12623	1.06374	1480
137	524578	427	253598	255567	100	60	2.65275	0.632704	39	37.7	183342	4	1925	1.12611	1.06295	1480
138	490716	382	238976	236803	100	60	2.63052	0.632704	39	37.7	183342	4	1925	1.13184	1.07084	1480
139	466629	351	229455	223063	100	60	2.67401	0.632704	39	37.7	183342	4	1925	1.14127	1.06287	1480
140	446199	320	221643	211461	100	60	2.71513	0.632704	39	37.7	183342	4	1925	1.13932	1.05281	1480
141	404773	290	208315	196458	100	60	2.72324	0.632704	39	37.7	183342	4	1925	1.14041	1.04015	1480
142	270011	273	78327.3	191684	100	60	0.112216	0.632704	39	37.7	316225	4	1925	1.00255	0.954177	1480
143	490198	257	182593	307605	100	60	0.0915749	0.632704	39	37.7	316225	4	1925	1.00209	0.952923	1480
144	644638	234	254157	390481	100	60	0.0900372	0.632704	39	37.7	316225	4	1925	1.00204	0.961441	1480
145	643460	212	262513	380947	100	60	0.098615	0.632704	39	37.7	316225	4	1925	1.00219	0.969915	1480
146	621903	190	264012	357892	100	60	0.107563	0.632704	39	37.7	316225	4	1925	1.00246	0.970524	1480
147	664884	2453	292229	372656	100	60	1.22919	0.632704	39	37.7	316225	4	1925	1.00374	0.972872	1480
148	734051	2199	328569	405482	100	60	1.40344	0.632704	38	37.7	316225	4	1925	1.00447	0.974922	1480
149	767681	1899	347463	420218	100	60	1.65283	0.632704	38	37.7	316225	4	1925	1.00669	0.978355	1480
150	509154	1770	84014.4	425139	100	60	1.83096	0.632704	38	37.7	316225	4	1925	1.07578	1.10726	1480
151	542288	1414	151407	390070	100	60	0.784187	0.632704	39	37.7	0	4	1925	1.02422	0.980929	1480
152	643731	1168	229816	412992	100	60	0.640051	0.632704	39	37.7	0	4	1925	1.01702	0.973924	1480
153	752019	959	302274	448539	100	60	0.589931	0.632704	39	37.7	0	4	1925	1.01493	0.97381	1480
154	829654	830	351154	477348	100	60	0.65863	0.632704	39	37.7	0	4	1925	1.01636	0.977393	1480
155	856217	761	374613	480654	100	60	0.750315	0.632704	39	37.7	0	4	1925	1.01874	0.982097	1480
156	859987	1683	386815	473172	100	60	1.62573	0.632704	39	37.7	0	4	1925	1.02203	0.987029	1480
157	860601	1576	395730	464871	100	60	1.78928	0.632704	39	37.7	0	4	1925	1.02388	0.989825	1480
158	858716	1474	400321	458395	100	60	1.97833	0.632704	39	37.7	0	4	1925	1.02572	0.990391	1480
159	854923	1236	403669	451254	100	60	2.00916	0.632704	39	37.7	0	4	1925	1.03103	1	1480
160	686126	1039	254546	431579	100	60	2.1313	0.632704	39	37.7	152330	4	1925	1.04188	1.00973	1480
161	685456	891	284949	400506	100	60	2.22517	0.632704	39	37.7	152330	4	1925	1.04556	1.01133	1480
162	691725	780	308943	382782	100	60	2.30954	0.632704	39	37.7	152330	4	1925	1.06927	1.03368	1480
163	679111	690	317050	362061	100	60	2.3749	0.632704	39	37.7	152330	4	1925	1.08037	1.0366	1480
164	665524	628	320324	345201	100	60	2.4242	0.632704	39	37.7	152330	4	1925	1.09198	1.04187	1480
165	584350	510	285809	298541	100	60	2.49347	0.632704	39	37.7	152330	4	1925	1.11775	1.05357	1480
166	417566	464	137542	278489	100	60	2.53723	0.632704	39	37.7	152330	4	1925	1.12209	1.06074	1480
167	433280	426	168979	256063	100	60	2.58175	0.632704	39	37.7	152330	4	1925	1.11207	1.05263	1480
168	444913	385	195014	239734	100	60	2.61483	0.632704	39	37.7	152330	4	1925	1.11707	1.04787	1480
169	456542	365	210671	232743	100	60	2.60568	0.632704	39	37.7	152330	4	1925	1.12953	1.07102	1480
170	460915	349	219467	228928	100	60	2.61855	0.632704	39	37.7	152330	4	1925	1.14011	1.07485	1480
171	431523	321	214444	217079	100	60	2.65054	0.632704	39	37.7	152330	4	1925	1.14458	1.06863	1480
172	278548	278	78731.8	199816	100	60	0.117128	0.632704	39	37.7	284383	4	1925	1.00265	0.967724	1480
173	403918	265	90680.6	313238	100	60	0.0948039	0.632704	39	37.7	284383	4	1925	1.00237	0.965454	1480
174	571788	236	176115	395672	100	60	0.0820092	0.632704	39	37.7	284383	4	1925	1.00202	0.967918	1480
175	601047	207	208735	392313	100	60	0.0849636	0.632704	39	37.7	284383	4	1925	1.00241	0.972006	1480
176	560193	173	213310	346883	100	60	0.0896282	0.632704	38	37.7	284383	4	1925	1.00292	0.975147	1480
177	618026	2231	256023	362003	100	60	1.06614	0.632704	38	37.7	284383	4	1925	1.00414	0.973279	1480
178	699230	2208	303579	395651	100	60	1.361	0.632704	38	37.7	284383	4	1925	1.00579	0.975446	1480
179	762718	2026	338474	424245	100	60	1.72522	0.632704	38	37.7	284383	4	1925	1.0078	0.977711	1480
180	508045	1787	82485.7	425559	100	60	1.86722	0.632704	35	37.7	284383	4	1925	1.08694	1.11385	1480
181	524743	1411	147197	376808	100	60	0.825864	0.632704	39	37.7	0	4	1925	1.02338	0.991926	1480
182	632977	1190	228893	403256	100	60	0.67692	0.632704	39	37.7	0	4	1925	1.01403	0.981421	1480
183	729363	977	296891	431333	100	60	0.632205	0.632704	39	37.7	0	4	1925	1.01034	0.976681	1480
184	793084	796	340272	451803	100	60	0.652602	0.632704	39	37.7	0	4	1925	1.00991	0.978555	1480
185	796700	689	352817	442978	100	60	0.713402	0.632704	39	37.7	0	4	1925	1.0111	0.978419	1480
186	815042	1572	371111	443931	100	60	1.57409	0.632704	39	37.7	0	4	1925	1.01356	0.97995	1480
187	833402	1528	386914	446488	100	60	1.73502	0.632704	39	37.7	0	4	1925	1.0157	0.981636	1480
188	858730	1494	405302	453428	100	60	1.98761	0.632704	39	37.7	0	4	1925	1.01868	0.980511	1480
189	828427	1228	395519	432908	100	60	1.98471	0.632704	39	37.7	0	4	1925	1.02362	0.983727	1480
190	695850	1089	267039	428810	100	60	2.10022	0.632704	39	37.7	145231	4	1925	1.03208	0.99172	1480
191	706882	951	301266	405617	100	60	2.14592	0.632704	39	37.7	145231	4	1925	1.04294	1.00634	1480
192	717173	855	327256	389917	100	60	2.22794	0.632704	39	37.7	145231	4	1925	1.05254	1.00818	1480
193	680154	739	323362	356792	100	60	2.29227	0.632704	39	37.7	145231	4	1925	1.06146	1.01081	1480
194	490978	654	155731	335247	100	60	2.33636	0.632704	39	37.7	145231	4	1925	1.07579	1.01997	1480
195	524309	612	201169	323140	100	60	2.41079	0.632704	39	37.7	145231	4	1925	1.08391	1.02306	1480
196	410929	543	116652	293081	100	60	2.47337	0.632704	39	37.7	145231	4	1925	1.08134	1.01866	1480
197	430291	487	157169	265300	100	60	2.48794	0.632704	39	37.7	145231	4	1925	1.09455	1.03354	1480
198	453472	450	193995	250411	100	60	2.51557	0.632704	39	37.7	145231	4	1925	1.10664	1.04338	1480
199	479050	433	218826	246594	100	60	2.55612	0.632704	39	37.7	145231	4	1925	1.125	1.05276	1480
200	444823	374	212101	221013	100	60	2.60039	0.632704	39	37.7	145231	4	1925	1.11026	1.04457	1480
201	408503	330	204260	204244	100	60	2.6367	0.632704	39	37.7	145231	4	1925	1.10619	1.03145	1480
202	273611	296	86100.2	187511	100	60	0.122587	0.632704	39	37.7	265553	4	1925	1.00212	0.965561	1480
203	473871	265	181275	292596	100	60	0.0949342	0.632704	39	37.7	265553	4	1925	1.0021	0.965987	1480
204	637261	235	256087	381174	100	60	0.0896367	0.632704	39	37.7	265553	4	1925	1.0018	0.96715	1480
205	646099	211	267147	378952	100	60	0.0954347	0.632704	39	37.7	265553	4	1925	1.00216	0.970107	1480
206	598921	172	255742	343180	100	60	0.0946004	0.632704	39	37.7	265553	4	1925	1.00277	0.971395	1480
207	634951	2402	280874	354077	100	60	1.17228	0.632704	39	37.7	265553	4	1925	1.00441	0.970649	1480
208	713781	2157	320930	392852	100	60	1.32268	0.632704	39	37.7	265553	4	1925	1.00496	0.973899	1480
209	756207	1880	343357	412850	100	60	1.64778	0.632704	39	37.7	265553	4	1925	1.00672	0.977064	1480
210	597768	1697	178713	419055	100	60	1.80984	0.632704	37	37.7	265553	4	1925	1.091	1.12352	1480
211	650228	1358	250289	399079	100	60	0.908947	0.632704	39	37.7	0	4	1925	1.03251	1.00128	1480
212	716733	1117	303607	411921	100	60	0.72521	0.632704	39	37.7	0	4	1925	1.0208	0.986631	1480
213	799341	941	354027	443857	100	60	0.656496	0.632704	39	37.7	0	4	1925	1.01482	0.983496	1480
214	861438	803	388075	472019	100	60	0.687523	0.632704	39	37.7	0	4	1925	1.01639	0.982169	1480
215	867015	738	395911	469983	100	60	0.764023	0.632704	39	37.7	0	4	1925	1.01882	0.983831	1480
216	851054	1564	395045	456009	100	60	1.59713	0.632704	39	37.7	0	4	1925	1.02366	0.990309	1480
217	828272	1412	389676	438596	100	60	1.73362	0.632704	39	37.7	0	4	1925	1.02722	0.993719	1480
218	806228	1270	384401	421827	100	60	1.97824	0.632704	39	37.7	0	4	1925	1.03079	1.0024	1480
219	800656	1092	386281	414375	100	60	2.04942	0.632704	39	37.7	0	4	1925	1.03713	1.01206	1480
220	611581	900	230121	381460	100	60	2.1343	0.632704	39	37.7	149415	4	1925	1.04096	1.009	1480
221	611816	756	259612	352204	100	60	2.18004	0.632704	39	37.7	149415	4	1925	1.04885	1.02547	1480
222	641752	700	294103	347648	100	60	2.23733	0.632704	39	37.7	149415	4	1925	1.06304	1.04658	1480
223	626915	621	299787	327127	100	60	2.32546	0.632704	39	37.7	149415	4	1925	1.07282	1.0477	1480
224	596044	548	291732	304312	100	60	2.42042	0.632704	39	37.7	149415	4	1925	1.08189	1.05629	1480
225	571361	506	282665	288697	100	60	2.43887	0.632704	39	37.7	149415	4	1925	1.09075	1.06122	1480
226	548157	463	268335	270515	100	60	2.51213	0.632704	39	37.7	149415	4	1925	1.11885	1.08072	1480
227	517605	425	251266	250722	100	60	2.53686	0.632704	39	37.7	149415	4	1925	1.13395	1.09406	1480
228	345969	368	116982	226398	100	60	2.56669	0.632704	39	37.7	149415	4	1925	1.13821	1.09798	1480
229	358194	332	142882	208314	100	60	2.53269	0.632704	39	37.7	149415	4	1925	1.1454	1.11218	1480
230	373551	310	167378	199714	100	60	2.49995	0.632704	39	37.7	149415	4	1925	1.15773	1.12715	1480
231	353447	282	171349	182097	100	60	2.55121	0.632704	39	37.7	149415	4	1925	1.14841	1.13127	1480
232	252498	263	78652.5	173845	100	60	0.126747	0.632704	39	37.7	251300	4	1925	1.00291	0.989117	1480
233	413290	221	157052	256238	100	60	0.090083	0.632704	39	37.7	251300	4	1925	1.00221	0.988698	1480
234	487258	193	123225	364033	100	60	0.0825021	0.632704	39	37.7	251300	4	1925	1.00223	0.988605	1480
235	570334	180	174298	396036	100	60	0.0777294	0.632704	39	37.7	251300	4	1925	1.00206	0.989431	1480
236	537157	159	185657	351501	100	60	0.0834783	0.632704	39	37.7	251300	4	1925	1.00226	0.989637	1480
237	569197	2198	223696	345501	100	60	0.978776	0.632704	39	37.7	251300	4	1925	1.00348	0.990394	1480
238	665581	2092	281778	383803	100	60	1.23694	0.632704	39	37.7	251300	4	1925	1.00419	0.991656	1480
239	747767	1822	327838	419930	100	60	1.54523	0.632704	39	37.7	251300	4	1925	1.00556	0.993022	1480
240	609395	1768	177534	431861	100	60	1.82177	0.632704	33	37.7	251300	4	1925	1.09496	1.14237	1480
241	634730	1358	242496	391083	100	60	1.13807	0.632704	39	37.7	0	4	1925	1.04669	1.03862	1480
242	675994	1103	289665	384698	100	60	0.917936	0.632704	39	37.7	0	4	1925	1.02651	1.01205	1480
243	743004	929	336720	404483	100	60	0.796602	0.632704	39	37.7	0	4	1925	1.01806	1.00196	1480
244	820843	817	378954	440138	100	60	0.841501	0.632704	39	37.7	0	4	1925	1.01761	0.997598	1480
245	641444	737	189888	451018	100	60	0.920325	0.632704	39	37.7	0	4	1925	1.02249	0.999645	1480
246	708517	1390	259248	449269	100	60	1.65111	0.632704	39	37.7	0	4	1925	1.02547	1.00185	1480
247	749146	1372	311260	437886	100	60	1.86222	0.632704	39	37.7	0	4	1925	1.02934	1.00742	1480
248	782964	1352	351069	431896	100	60	2.03047	0.632704	39	37.7	0	4	1925	1.03361	1.0135	1480
249	786241	1143	368800	417441	100	60	1.99646	0.632704	39	37.7	0	4	1925	1.03954	1.02569	1480
250	647401	951	258683	388718	100	60	2.02296	0.632704	39	37.7	119011	4	1925	1.04409	1.03082	1480
251	656657	837	291216	365440	100	60	2.09162	0.632704	39	37.7	119011	4	1925	1.05748	1.04964	1480
252	666279	752	313360	352920	100	60	2.18868	0.632704	39	37.7	119011	4	1925	1.06592	1.05683	1480
253	639031	658	310300	328731	100	60	2.2594	0.632704	39	37.7	119011	4	1925	1.0723	1.05701	1480
254	582440	569	288084	294356	100	60	2.31147	0.632704	39	37.7	119011	4	1925	1.08605	1.06798	1480
255	566335	529	283553	282782	100	60	2.39284	0.632704	39	37.7	119011	4	1925	1.10733	1.07737	1480
256	531278	478	263830	258731	100	60	2.38548	0.632704	39	37.7	119011	4	1925	1.13949	1.11039	1480
257	508365	440	250180	243623	100	60	2.40849	0.632704	39	37.7	119011	4	1925	1.14379	1.11765	1480
258	479232	398	236904	228206	100	60	2.45788	0.632704	39	37.7	119011	4	1925	1.12107	1.09091	1480
259	457637	370	227107	216857	100	60	2.49715	0.632704	39	37.7	119011	4	1925	1.11936	1.09632	1480
260	416618	320	207627	196957	100	60	2.51726	0.632704	39	37.7	119011	4	1925	1.13166	1.10596	1480
261	382342	298	196877	185465	100	60	2.50497	0.632704	39	37.7	119011	4	1925	1.15358	1.11828	1480
262	256316	268	85781.7	170534	100	60	0.106759	0.632704	39	37.7	225951	4	1925	1.00267	0.983601	1480
263	460290	235	178634	281656	100	60	0.0814219	0.632704	39	37.7	225951	4	1925	1.00214	0.984009	1480
264	620834	199	248937	371897	100	60	0.0741042	0.632704	39	37.7	225951	4	1925	1.0021	0.983855	1480
265	625056	177	256817	368239	100	60	0.0772055	0.632704	39	37.7	225951	4	1925	1.00248	0.984504	1480
266	572226	154	243421	328805	100	60	0.0807963	0.632704	39	37.7	225951	4	1925	1.00273	0.985565	1480
267	612056	2396	271297	340759	100	60	1.13042	0.632704	39	37.7	225951	4	1925	1.00414	0.986292	1480
268	713610	2213	320714	392896	100	60	1.30964	0.632704	39	37.7	225951	4	1925	1.00514	0.988761	1480
269	774885	1903	350915	423970	100	60	1.5946	0.632704	39	37.7	225951	4	1925	1.00809	0.990574	1480
270	589777	1708	176187	413590	100	60	1.83158	0.632704	36	37.7	225951	4	1925	1.09142	1.13325	1480
271	650629	1365	251197	398697	100	60	0.909991	0.632704	39	37.7	0	4	1925	1.0322	1.01837	1480
272	715156	1119	303495	410605	100	60	0.722425	0.632704	39	37.7	0	4	1925	1.01954	1.00203	1480
273	791285	935	351721	438397	100	60	0.650018	0.632704	39	37.7	0	4	1925	1.01365	0.994891	1480
274	862235	816	388506	472644	100	60	0.699494	0.632704	39	37.7	0	4	1925	1.01422	0.995359	1480
275	871784	738	398276	472712	100	60	0.760099	0.632704	39	37.7	0	4	1925	1.01629	0.992988	1480
276	841446	1565	390744	450701	100	60	1.5633	0.632704	39	37.7	0	4	1925	1.0178	0.991205	1480
277	820497	1420	387127	433370	100	60	1.65318	0.632704	39	37.7	0	4	1925	1.02362	0.999411	1480
278	829426	1388	396851	432575	100	60	1.93937	0.632704	39	37.7	0	4	1925	1.02753	1.00146	1480
279	795888	1107	385337	410551	100	60	1.95386	0.632704	39	37.7	0	4	1925	1.03206	1.00639	1480
280	654286	974	249073	405213	100	60	2.0888	0.632704	39	37.7	152868	4	1925	1.03584	1.00519	1480
281	648337	827	275869	372468	100	60	2.18724	0.632704	39	37.7	152868	4	1925	1.03792	1.01103	1480
282	632922	711	289773	343149	100	60	2.27192	0.632704	39	37.7	152868	4	1925	1.046	1.02286	1480
283	601150	614	287396	313754	100	60	2.31563	0.632704	39	37.7	152868	4	1925	1.06201	1.04312	1480
284	576337	552	283476	292860	100	60	2.36619	0.632704	39	37.7	152868	4	1925	1.06728	1.05176	1480
285	529571	479	265484	264088	100	60	2.41811	0.632704	39	37.7	152868	4	1925	1.08349	1.06852	1480
286	521192	452	258638	253399	100	60	2.44532	0.632704	39	37.7	152868	4	1925	1.09717	1.08428	1480
287	495679	413	243953	236242	100	60	2.49292	0.632704	39	37.7	152868	4	1925	1.10755	1.08586	1480
288	455177	359	225723	214784	100	60	2.53258	0.632704	39	37.7	152868	4	1925	1.09867	1.08163	1480
289	419177	317	209929	196105	100	60	2.55377	0.632704	39	37.7	152868	4	1925	1.09394	1.06931	1480
290	395848	298	198481	185384	100	60	2.58455	0.632704	39	37.7	152868	4	1925	1.09571	1.07447	1480
291	378739	288	196662	182077	100	60	2.58007	0.632704	39	37.7	152868	4	1925	1.11419	1.08456	1480
292	241888	274	69186	172702	100	60	0.107855	0.632704	39	37.7	181478	4	1925	1.00216	0.985541	1480
293	474853	265	176192	298660	100	60	0.0900434	0.632704	39	37.7	181478	4	1925	1.0021	0.984635	1480
294	507894	246	120608	387286	100	60	0.0905443	0.632704	39	37.7	181478	4	1925	1.00197	0.986173	1480
295	534339	221	155998	378341	100	60	0.0848294	0.632704	39	37.7	181478	4	1925	1.00198	0.986415	1480
296	527516	183	181356	346160	100	60	0.088451	0.632704	39	37.7	181478	4	1925	1.0019	0.987532	1480
297	584070	2432	228041	356029	100	60	1.05194	0.632704	39	37.7	181478	4	1925	1.00277	0.986707	1480
298	669338	2323	280559	388779	100	60	1.33518	0.632704	39	37.7	181478	4	1925	1.00306	0.986711	1480
299	719384	1971	313814	405571	100	60	1.59794	0.632704	39	37.7	181478	4	1925	1.00485	0.990635	1480
300	502769	1866	79672.6	423096	100	60	1.83007	0.632704	34	37.7	181478	4	1925	1.07542	1.11398	1480
301	443075	1456	68269.7	374534	100	60	0.841562	0.632704	39	37.7	0	4	1925	1.02555	1.01165	1480
302	513622	1210	142133	370795	100	60	0.636339	0.632704	39	37.7	0	4	1925	1.01598	0.999276	1480
303	654337	1032	239577	413954	100	60	0.590319	0.632704	39	37.7	0	4	1925	1.01188	0.993068	1480
304	765688	880	309867	454770	100	60	0.628711	0.632704	39	37.7	0	4	1925	1.01208	0.99226	1480
305	815259	797	348238	466070	100	60	0.720824	0.632704	39	37.7	0	4	1925	1.01331	0.993895	1480
306	819388	1710	364524	454863	100	60	1.53497	0.632704	39	37.7	0	4	1925	1.0176	0.995358	1480
307	831924	1602	382053	449871	100	60	1.68435	0.632704	39	37.7	0	4	1925	1.02062	0.997345	1480
308	840734	1483	395451	445284	100	60	1.90827	0.632704	39	37.7	0	4	1925	1.02361	1.00136	1480
309	827530	1216	396850	430681	100	60	1.96641	0.632704	39	37.7	0	4	1925	1.0269	1.00744	1480
310	709878	1102	273463	436415	100	60	2.08843	0.632704	39	37.7	149279	4	1925	1.03765	1.0155	1480
311	586149	1004	156276	429873	100	60	2.16528	0.632704	39	37.7	149279	4	1925	1.03937	1.01802	1480
312	588750	852	207113	381637	100	60	2.24939	0.632704	39	37.7	149279	4	1925	1.03918	1.01653	1480
313	605430	755	252986	352443	100	60	2.29477	0.632704	39	37.7	149279	4	1925	1.04842	1.02406	1480
314	626402	693	286078	340324	100	60	2.36063	0.632704	39	37.7	149279	4	1925	1.05168	1.02915	1480
315	608221	618	291101	317121	100	60	2.37094	0.632704	39	37.7	149279	4	1925	1.05777	1.04255	1480
316	574140	544	277343	287212	100	60	2.38943	0.632704	39	37.7	149279	4	1925	1.07063	1.05566	1480
317	550520	490	267383	266932	100	60	2.43178	0.632704	39	37.7	149279	4	1925	1.08752	1.07246	1480
318	536602	454	263359	257334	100	60	2.45427	0.632704	39	37.7	149279	4	1925	1.09298	1.07675	1480
319	514585	420	254641	244803	100	60	2.4854	0.632704	39	37.7	149279	4	1925	1.09112	1.06846	1480
320	459368	371	228745	217469	100	60	2.48523	0.632704	39	37.7	149279	4	1925	1.112	1.08101	1480
321	418928	341	215324	203604	100	60	2.45788	0.632704	39	37.7	149279	4	1925	1.12139	1.09202	1480
322	280054	310	92729.6	187324	100	60	0.117062	0.632704	39	37.7	270745	4	1925	1.00255	0.979212	1480
323	404953	298	95296	309657	100	60	0.099486	0.632704	39	37.7	270745	4	1925	1.00224	0.978919	1480
324	570975	258	179740	391235	100	60	0.0830252	0.632704	39	37.7	270745	4	1925	1.00182	0.979079	1480
325	601784	230	211560	390224	100	60	0.0883146	0.632704	39	37.7	270745	4	1925	1.0023	0.979285	1480
326	549686	196	210342	339344	100	60	0.093554	0.632704	39	37.7	270745	4	1925	1.00253	0.977704	1480
327	603207	2396	252297	350910	100	60	1.02395	0.632704	39	37.7	270745	4	1925	1.00328	0.98008	1480
328	685699	2246	299608	386091	100	60	1.25256	0.632704	39	37.7	270745	4	1925	1.00412	0.978195	1480
329	730220	2012	327203	403017	100	60	1.60159	0.632704	39	37.7	270745	4	1925	1.00552	0.982708	1480
330	587620	1815	173811	413809	100	60	1.76251	0.632704	35	37.7	270745	4	1925	1.0868	1.1221	1480
331	658061	1472	251706	405464	100	60	0.871892	0.632704	39	37.7	0	4	1925	1.03012	1.01305	1480
332	732666	1216	309318	422067	100	60	0.70712	0.632704	39	37.7	0	4	1925	1.0193	1.00101	1480
333	804940	1006	356208	447240	100	60	0.637159	0.632704	39	37.7	0	4	1925	1.0128	0.990475	1480
334	878269	871	395811	481211	100	60	0.672771	0.632704	39	37.7	0	4	1925	1.01293	0.99069	1480
335	879584	779	402238	476268	100	60	0.729266	0.632704	39	37.7	0	4	1925	1.01472	0.993067	1480
336	887049	1669	411842	475207	100	60	1.46765	0.632704	39	37.7	0	4	1925	1.0178	0.997671	1480
337	867135	1549	409173	457962	100	60	1.61403	0.632704	39	37.7	0	4	1925	1.02001	1.00325	1480
338	867742	1472	415906	451836	100	60	1.87589	0.632704	39	37.7	0	4	1925	1.02594	1.00618	1480
339	856629	1239	416598	440031	100	60	1.93491	0.632704	39	37.7	0	4	1925	1.02771	1.00899	1480
340	659920	1036	246957	412963	100	60	2.03157	0.632704	39	37.7	168199	4	1925	1.0324	1.00978	1480
341	692600	937	291318	401282	100	60	2.15957	0.632704	39	37.7	168199	4	1925	1.04016	1.01842	1480
342	682553	816	308907	373646	100	60	2.22265	0.632704	39	37.7	168199	4	1925	1.04816	1.02366	1480
343	665238	724	315527	349712	100	60	2.24497	0.632704	39	37.7	168199	4	1925	1.06044	1.03797	1480
344	640372	649	312663	327708	100	60	2.27976	0.632704	39	37.7	168199	4	1925	1.07224	1.05346	1480
345	631112	599	313827	317285	100	60	2.31149	0.632704	39	37.7	168199	4	1925	1.09039	1.06961	1480
346	586252	525	290219	286312	100	60	2.34934	0.632704	39	37.7	168199	4	1925	1.09612	1.0695	1480
347	570495	489	280735	272905	100	60	2.39113	0.632704	39	37.7	168199	4	1925	1.10674	1.08108	1480
348	532105	428	262879	252856	100	60	2.40582	0.632704	39	37.7	168199	4	1925	1.11765	1.08511	1480
349	492208	390	244104	232936	100	60	2.49189	0.632704	39	37.7	168199	4	1925	1.11471	1.07143	1480
350	343681	364	121357	219498	100	60	2.48678	0.632704	39	37.7	168199	4	1925	1.11497	1.07143	1480
351	357113	347	148423	208690	100	60	2.51323	0.632704	39	37.7	168199	4	1925	1.11714	1.07317	1480
352	276195	308	88587.6	187608	100	60	0.181195	0.632704	39	37.7	249530	4	1925	1.0037	1.00124	1480
353	404872	283	155554	249317	100	60	0.137182	0.632704	39	37.7	249530	4	1925	1.00319	1.00104	1480
354	618823	273	258601	360223	100	60	0.137162	0.632704	39	37.7	249530	4	1925	1.00315	1.00109	1480
355	727620	253	307506	420114	100	60	0.141931	0.632704	39	37.7	249530	4	1925	1.00345	1.00178	1480
356	685146	213	295363	389783	100	60	0.144963	0.632704	39	37.7	249530	4	1925	1.0035	1.00182	1480
357	683775	2170	304228	379548	100	60	1.05543	0.632704	39	37.7	249530	4	1925	1.00458	1.00353	1480
358	742622	1982	337910	404712	100	60	1.16109	0.632704	38	37.7	249530	4	1925	1.00606	1.00571	1480
359	777772	1727	360587	417185	100	60	1.42445	0.632704	38	37.7	249530	4	1925	1.00906	1.00706	1480
360	588873	1544	182324	406549	100	60	1.49899	0.632704	36	37.7	249530	4	1925	1.13566	1.22807	1480
361	651952	1300	260322	389651	100	60	1.07775	0.632704	39	37.7	0	4	1925	1.07053	1.07516	1480
362	698712	1095	308943	386869	100	60	0.937877	0.632704	39	37.7	0	4	1925	1.04248	1.03654	1480
363	747486	949	348719	395383	100	60	0.870785	0.632704	39	37.7	0	4	1925	1.02867	1.02119	1480
364	792837	834	378461	411210	100	60	0.907531	0.632704	39	37.7	0	4	1925	1.02576	1.01656	1480
365	822706	755	396516	423457	100	60	0.966056	0.632704	39	37.7	0	4	1925	1.02443	1.01255	1480
366	815652	1369	397004	418647	100	60	1.63773	0.632704	39	37.7	0	4	1925	1.02856	1.01399	1480
367	820470	1342	403486	416984	100	60	1.80096	0.632704	39	37.7	0	4	1925	1.0292	1.01618	1480
368	798571	1235	397480	401091	100	60	1.89146	0.632704	39	37.7	0	4	1925	1.03181	1.01966	1480
369	576611	1058	190945	385666	100	60	1.86151	0.632704	39	37.7	0	4	1925	1.03691	1.02383	1480
370	576419	908	222514	353906	100	60	1.91688	0.632704	39	37.7	16374	4	1925	1.0399	1.02775	1480
371	590583	800	264751	325831	100	60	1.95117	0.632704	39	37.7	16374	4	1925	1.05918	1.0493	1480
372	435773	697	136200	299573	100	60	1.9925	0.632704	39	37.7	16374	4	1925	1.07143	1.05362	1480
373	446838	616	175846	270991	100	60	2.01956	0.632704	39	37.7	16374	4	1925	1.08611	1.07553	1480
374	463704	554	211830	251874	100	60	2.06052	0.632704	39	37.7	16374	4	1925	1.09791	1.08227	1480
375	452902	492	222664	230238	100	60	2.08067	0.632704	39	37.7	16374	4	1925	1.10507	1.09129	1480
376	452320	459	225631	219620	100	60	2.09995	0.632704	39	37.7	16374	4	1925	1.11885	1.10491	1480
377	313235	412	109475	201672	100	60	2.12049	0.632704	39	37.7	16374	4	1925	1.14858	1.12531	1480
378	312426	360	128141	178884	100	60	2.0858	0.632704	39	37.7	16374	4	1925	1.18378	1.16046	1480
379	301861	309	139302	156350	100	60	2.09178	0.632704	39	37.7	16374	4	1925	1.18671	1.16835	1480
380	309952	295	152464	151669	100	60	2.0832	0.632704	39	37.7	16374	4	1925	1.20339	1.18478	1480
381	280497	257	144866	135631	100	60	2.04698	0.632704	39	37.7	16374	4	1925	1.2381	1.23207	1480
382	215989	236	86303.7	129685	100	60	0.0878267	0.632704	39	37.7	77905.4	4	1925	1.00334	0.997227	1480
383	433488	225	179067	254421	100	60	0.0754628	0.632704	39	37.7	77905.4	4	1925	1.00254	0.996558	1480
384	630515	218	262627	367888	100	60	0.0769842	0.632704	39	37.7	77905.4	4	1925	1.00248	0.997887	1480
385	656198	210	276724	379474	100	60	0.0877076	0.632704	39	37.7	77905.4	4	1925	1.00288	1.00068	1480
386	594235	191	258585	335650	100	60	0.096272	0.632704	38	37.7	77905.4	4	1925	1.00313	1.00215	1480
387	641292	2546	289368	351924	100	60	1.04647	0.632704	38	37.7	77905.4	4	1925	1.00495	1.00555	1480
388	731699	2234	335273	396426	100	60	1.16659	0.632704	38	37.7	77905.4	4	1925	1.00604	1.00867	1480
389	776061	1937	359659	416402	100	60	1.4348	0.632704	38	37.7	77905.4	4	1925	1.00988	1.01322	1480
390	590620	1717	182268	408353	100	60	1.5621	0.632704	35	37.7	77905.4	4	1925	1.10736	1.17681	1480
391	628915	1373	250105	376823	100	60	0.853045	0.632704	39	37.7	0	4	1925	1.04174	1.04062	1480
392	688273	1157	302374	383042	100	60	0.701031	0.632704	39	37.7	0	4	1925	1.02175	1.01482	1480
393	762936	990	352607	407146	100	60	0.643729	0.632704	39	37.7	0	4	1925	1.01326	1.00546	1480
394	828885	864	388490	437499	100	60	0.68182	0.632704	39	37.7	0	4	1925	1.01283	1.00499	1480
395	858596	791	406373	449693	100	60	0.747719	0.632704	39	37.7	0	4	1925	1.01621	1.00981	1480
396	831926	1547	399518	432409	100	60	1.37761	0.632704	39	37.7	0	4	1925	1.02063	1.01245	1480
397	800055	1428	390154	409901	100	60	1.48403	0.632704	39	37.7	0	4	1925	1.01998	1.01238	1480
398	582448	1345	185467	396981	100	60	1.6801	0.632704	39	37.7	0	4	1925	1.02571	1.01723	1480
399	484031	1114	114482	369548	100	60	1.72275	0.632704	39	37.7	0	4	1925	1.03339	1.02534	1480
400	505797	953	172943	332854	100	60	1.80864	0.632704	39	37.7	2090.39	4	1925	1.04047	1.03168	1480
401	545319	835	228437	316881	100	60	1.91864	0.632704	39	37.7	2090.39	4	1925	1.05509	1.04699	1480
402	562663	743	263121	299542	100	60	1.96555	0.632704	39	37.7	2090.39	4	1925	1.05746	1.05014	1480
403	558931	668	276140	282791	100	60	1.99476	0.632704	39	37.7	2090.39	4	1925	1.07079	1.05891	1480
404	524557	582	267244	257313	100	60	2.01364	0.632704	39	37.7	2090.39	4	1925	1.07843	1.0692	1480
405	495972	515	256877	239095	100	60	2.01627	0.632704	39	37.7	2090.39	4	1925	1.09828	1.08789	1480
406	329999	447	116585	212444	100	60	2.04051	0.632704	39	37.7	2090.39	4	1925	1.12449	1.1036	1480
407	360309	427	149962	204121	100	60	2.08401	0.632704	39	37.7	2090.39	4	1925	1.12611	1.1074	1480
408	354349	371	165505	181308	100	60	2.06574	0.632704	39	37.7	2090.39	4	1925	1.1148	1.10411	1480
409	340663	326	167189	163924	100	60	2.07074	0.632704	39	37.7	2090.39	4	1925	1.12317	1.12422	1480
410	318124	290	160461	149124	100	60	2.10845	0.632704	39	37.7	2090.39	4	1925	1.11706	1.09825	1480
411	215890	264	77468	138422	100	60	2.08841	0.632704	39	37.7	2090.39	4	1925	1.1391	1.11024	1480
412	191214	218	73399.8	117814	100	60	0.069874	0.632704	39	37.7	21495.5	4	1925	1.00199	0.996729	1480
413	428458	185	172419	256039	100	60	0.0578989	0.632704	39	37.7	21495.5	4	1925	1.0017	0.996913	1480
414	582781	171	236681	346100	100	60	0.0580067	0.632704	39	37.7	21495.5	4	1925	1.00164	0.998756	1480
415	572355	149	238103	334252	100	60	0.0621142	0.632704	39	37.7	21495.5	4	1925	1.00156	0.999834	1480
416	527888	133	228017	299871	100	60	0.0663132	0.632704	39	37.7	21495.5	4	1925	1.00167	1.00015	1480
417	436238	2519	110882	325356	100	60	1.02144	0.632704	39	37.7	21495.5	4	1925	1.00286	1.00114	1480
418	515431	2177	178666	336765	100	60	1.1789	0.632704	39	37.7	21495.5	4	1925	1.0042	1.00259	1480
419	615256	1941	247407	367849	100	60	1.45375	0.632704	39	37.7	21495.5	4	1925	1.00559	1.00218	1480
420	553209	1865	153186	400023	100	60	1.69482	0.632704	34	37.7	21495.5	4	1925	1.06932	1.10274	1480
421	605194	1489	228152	375004	100	60	0.804231	0.632704	39	37.7	0	4	1925	1.02135	1.0164	1480
422	688718	1266	292435	393900	100	60	0.662174	0.632704	39	37.7	0	4	1925	1.01216	1.00639	1480
423	777890	1073	349954	424554	100	60	0.602779	0.632704	39	37.7	0	4	1925	1.00902	1.00286	1480
424	838503	919	384969	450533	100	60	0.632501	0.632704	39	37.7	0	4	1925	1.00973	1.00321	1480
425	846038	839	395797	447531	100	60	0.710614	0.632704	39	37.7	0	4	1925	1.012	1.00595	1480
426	802767	1568	382630	420137	100	60	1.28536	0.632704	39	37.7	0	4	1925	1.01231	1.00446	1480
427	582011	1494	178849	403161	100	60	1.44705	0.632704	39	37.7	0	4	1925	1.01265	1.00664	1480
428	619188	1461	237124	382064	100	60	1.66315	0.632704	39	37.7	0	4	1925	1.01692	1.01167	1480
429	486548	1164	130025	356523	100	60	1.69387	0.632704	39	37.7	0	4	1925	1.0193	1.0155	1480
430	423233	1000	91826.8	331406	100	60	1.79604	0.632704	39	37.7	0	4	1925	1.02049	1.01403	1480
431	386513	899	74528.1	311985	100	60	1.90455	0.632704	39	37.7	0	4	1925	1.0302	1.02453	1480
432	339191	777	60732.6	278458	100	60	1.973	0.632704	39	37.7	0	4	1925	1.03803	1.02972	1480
433	359620	679	107911	251709	100	60	2.04825	0.632704	39	37.7	0	4	1925	1.05972	1.0503	1480
434	395674	606	157548	238126	100	60	2.06537	0.632704	39	37.7	0	4	1925	1.08346	1.07513	1480
435	421272	547	193069	228203	100	60	2.05594	0.632704	39	37.7	0	4	1925	1.09244	1.08872	1480
436	430876	495	207787	215895	100	60	2.05342	0.632704	39	37.7	0	4	1925	1.1039	1.10062	1480
437	426705	446	210669	204364	100	60	2.06766	0.632704	39	37.7	0	4	1925	1.1174	1.10884	1480
438	398436	386	200663	186372	100	60	2.15489	0.632704	39	37.7	0	4	1925	1.10152	1.08824	1480
439	384735	355	196391	177375	100	60	2.1802	0.632704	39	37.7	0	4	1925	1.09831	1.09145	1480
440	361945	322	186356	165552	100	60	2.1253	0.632704	39	37.7	0	4	1925	1.10671	1.08387	1480
441	296097	262	157773	138324	100	60	2.10766	0.632704	39	37.7	0	4	1925	1.10861	1.0873	1480
442	220958	244	88714.3	132244	100	60	0.0800464	0.632704	39	37.7	66683.3	4	1925	1.00162	0.998573	1480
443	472568	227	196065	276503	100	60	0.0715462	0.632704	39	37.7	66683.3	4	1925	1.00171	0.998889	1480
444	612180	211	254002	358178	100	60	0.0701311	0.632704	39	37.7	66683.3	4	1925	1.00175	1.00035	1480
445	592898	191	252027	340871	100	60	0.0775352	0.632704	39	37.7	66683.3	4	1925	1.00223	1.00127	1480
446	558778	174	245749	313028	100	60	0.0839684	0.632704	39	37.7	66683.3	4	1925	1.0027	1.00278	1480
447	628601	2503	283762	344839	100	60	1.04305	0.632704	39	37.7	66683.3	4	1925	1.00468	1.00514	1480
448	694418	2144	315636	378783	100	60	1.14846	0.632704	39	37.7	66683.3	4	1925	1.00558	1.00676	1480
449	550416	1845	154251	396165	100	60	1.34467	0.632704	39	37.7	66683.3	4	1925	1.00627	1.00615	1480
450	471804	1680	102985	368820	100	60	1.55735	0.632704	36	37.7	66683.3	4	1925	1.07997	1.13536	1480
451	537960	1389	184147	352198	100	60	0.656434	0.632704	39	37.7	0	4	1925	1.02153	1.01955	1480
452	648532	1183	261201	385529	100	60	0.550391	0.632704	39	37.7	0	4	1925	1.01328	1.00951	1480
453	751928	1004	326692	422489	100	60	0.519083	0.632704	39	37.7	0	4	1925	1.01031	1.00697	1480
454	785922	836	352202	431296	100	60	0.555329	0.632704	39	37.7	0	4	1925	1.01061	1.0062	1480
455	783346	737	359642	421670	100	60	0.62305	0.632704	39	37.7	0	4	1925	1.01307	1.00857	1480
456	782338	1571	368738	413600	100	60	1.31537	0.632704	39	37.7	0	4	1925	1.01543	1.01033	1480
457	789622	1498	378241	411381	100	60	1.44207	0.632704	39	37.7	0	4	1925	1.01391	1.01092	1480
458	808355	1505	392844	415510	100	60	1.70938	0.632704	39	37.7	0	4	1925	1.01708	1.01472	1480
459	795023	1274	390384	404639	100	60	1.74151	0.632704	39	37.7	0	4	1925	1.01966	1.01576	1480
460	713602	1110	315870	397732	100	60	1.85792	0.632704	39	37.7	82887.7	4	1925	1.02615	1.02803	1480
461	531928	947	162695	369232	100	60	1.92716	0.632704	39	37.7	82887.7	4	1925	1.03183	1.03606	1480
462	562782	849	217572	345210	100	60	1.96495	0.632704	39	37.7	82887.7	4	1925	1.04805	1.05319	1480
463	562335	732	250598	311737	100	60	1.9973	0.632704	39	37.7	82887.7	4	1925	1.06196	1.06593	1480
464	536772	622	258558	278214	100	60	2.06522	0.632704	39	37.7	82887.7	4	1925	1.0646	1.06472	1480
465	547099	590	273734	273365	100	60	2.12639	0.632704	39	37.7	82887.7	4	1925	1.07669	1.08233	1480
466	380680	526	130440	248870	100	60	2.18421	0.632704	39	37.7	82887.7	4	1925	1.08028	1.07692	1480
467	411111	497	166873	236731	100	60	2.20708	0.632704	39	37.7	82887.7	4	1925	1.09074	1.08998	1480
468	414731	442	189281	216586	100	60	2.19055	0.632704	39	37.7	82887.7	4	1925	1.10213	1.09361	1480
469	413352	403	198916	203252	100	60	2.20777	0.632704	39	37.7	82887.7	4	1925	1.11137	1.10579	1480
470	397220	369	197177	189791	100	60	2.23659	0.632704	39	37.7	82887.7	4	1925	1.10106	1.08889	1480
471	381062	351	197007	184055	100	60	2.26367	0.632704	39	37.7	82887.7	4	1925	1.10734	1.0885	1480
472	287853	322	115292	172561	100	60	0.112545	0.632704	39	37.7	160371	4	1925	1.0025	1.00169	1480
473	400674	289	105606	295069	100	60	0.0928157	0.632704	39	37.7	160371	4	1925	1.00213	1.00145	1480
474	559118	267	185962	373156	100	60	0.0822259	0.632704	39	37.7	160371	4	1925	1.00204	1.0015	1480
475	573062	238	210761	362301	100	60	0.0887811	0.632704	39	37.7	160371	4	1925	1.00218	1.0014	1480
476	544661	215	217870	326791	100	60	0.0990134	0.632704	39	37.7	160371	4	1925	1.00269	1.00269	1480
477	609275	2224	261770	347506	100	60	0.964333	0.632704	39	37.7	160371	4	1925	1.00406	1.00371	1480
478	677828	1995	300811	377017	100	60	1.13565	0.632704	39	37.7	160371	4	1925	1.00486	1.00411	1480
479	736546	1935	333493	403053	100	60	1.46776	0.632704	39	37.7	160371	4	1925	1.00699	1.00694	1480
480	568794	1731	171716	397078	100	60	1.58635	0.632704	38	37.7	160371	4	1925	1.09367	1.16271	1480
481	637481	1438	250356	385640	100	60	0.800788	0.632704	39	37.7	0	4	1925	1.03035	1.03083	1480
482	709313	1183	305934	401546	100	60	0.641571	0.632704	39	37.7	0	4	1925	1.01782	1.01576	1480
483	807411	1017	364159	440971	100	60	0.586987	0.632704	39	37.7	0	4	1925	1.01035	1.00771	1480
484	853747	889	390777	461012	100	60	0.638646	0.632704	39	37.7	0	4	1925	1.01052	1.00614	1480
485	864685	818	402481	460512	100	60	0.703172	0.632704	39	37.7	0	4	1925	1.0113	1.00565	1480
486	838836	1634	396714	442122	100	60	1.37155	0.632704	39	37.7	0	4	1925	1.01288	1.00787	1480
487	848033	1539	405795	442238	100	60	1.49471	0.632704	39	37.7	0	4	1925	1.01161	1.00691	1480
488	835105	1517	404446	430659	100	60	1.78644	0.632704	39	37.7	0	4	1925	1.01626	1.01387	1480
489	793632	1253	388314	405318	100	60	1.79664	0.632704	39	37.7	0	4	1925	1.01689	1.016	1480
490	684704	1069	296598	388106	100	60	1.88818	0.632704	39	37.7	91618.9	4	1925	1.02616	1.02814	1480
491	696056	950	324331	371725	100	60	1.93145	0.632704	39	37.7	91618.9	4	1925	1.03315	1.03376	1480
492	646027	801	313919	332107	100	60	1.96934	0.632704	39	37.7	91618.9	4	1925	1.04344	1.0437	1480
493	614338	710	305501	308836	100	60	2.04469	0.632704	39	37.7	91618.9	4	1925	1.05192	1.04944	1480
494	603374	663	305018	298356	100	60	2.06607	0.632704	39	37.7	91618.9	4	1925	1.07188	1.07121	1480
495	551569	584	281324	270245	100	60	2.10582	0.632704	39	37.7	91618.9	4	1925	1.08209	1.07945	1480
496	520406	526	262709	248891	100	60	2.1603	0.632704	39	37.7	91618.9	4	1925	1.08048	1.07692	1480
497	477114	466	238784	224300	100	60	2.18634	0.632704	39	37.7	91618.9	4	1925	1.08167	1.07625	1480
498	455421	421	228548	213249	100	60	2.19694	0.632704	39	37.7	91618.9	4	1925	1.08114	1.07434	1480
499	442838	394	223068	206439	100	60	2.21962	0.632704	39	37.7	91618.9	4	1925	1.08255	1.06667	1480
500	414157	360	209388	192665	100	60	2.21043	0.632704	39	37.7	91618.9	4	1925	1.0799	1.05882	1480
501	366864	323	191208	175656	100	60	2.22599	0.632704	39	37.7	91618.9	4	1925	1.09302	1.06625	1480
502	241358	262	92554	148804	100	60	0.0928039	0.632704	39	37.7	176598	4	1925	1.00201	1.00132	1480
503	469762	242	192463	277299	100	60	0.0772834	0.632704	39	37.7	176598	4	1925	1.00167	1.00102	1480
504	615006	216	252976	362030	100	60	0.0731285	0.632704	39	37.7	176598	4	1925	1.00131	1.0009	1480
505	595813	188	249862	345952	100	60	0.0772356	0.632704	39	37.7	176598	4	1925	1.00119	1.00092	1480
506	557619	176	243490	314128	100	60	0.0862242	0.632704	38	37.7	176598	4	1925	1.00152	1.00228	1480
507	641798	2603	288910	352889	100	60	1.09919	0.632704	38	37.7	176598	4	1925	1.00233	1.0035	1480
508	729969	2442	330685	399283	100	60	1.30751	0.632704	38	37.7	176598	4	1925	1.00252	1.00394	1480
509	762595	1988	348626	413969	100	60	1.50711	0.632704	38	37.7	176598	4	1925	1.0052	1.00888	1480
510	586711	1745	177909	408802	100	60	1.68031	0.632704	37	37.7	176598	4	1925	1.08691	1.15066	1480
511	635862	1396	249614	385011	100	60	0.775957	0.632704	39	37.7	0	4	1925	1.02558	1.02634	1480
512	730824	1212	313970	415125	100	60	0.640668	0.632704	39	37.7	0	4	1925	1.01306	1.01165	1480
513	805196	1014	360732	442455	100	60	0.572205	0.632704	39	37.7	0	4	1925	1.00919	1.00602	1480
514	844274	864	384453	458056	100	60	0.60519	0.632704	39	37.7	0	4	1925	1.00957	1.00505	1480
515	840081	781	388859	449717	100	60	0.664679	0.632704	39	37.7	0	4	1925	1.01092	1.00736	1480
516	813492	1584	384495	428997	100	60	1.39782	0.632704	39	37.7	0	4	1925	1.0126	1.01071	1480
517	801103	1508	384359	416744	100	60	1.58748	0.632704	39	37.7	0	4	1925	1.01582	1.01702	1480
518	780048	1373	378135	401914	100	60	1.81009	0.632704	39	37.7	0	4	1925	1.01947	1.0183	1480
519	575909	1168	181054	394855	100	60	1.89028	0.632704	39	37.7	0	4	1925	1.02211	1.02239	1480
520	571737	982	210546	361191	100	60	1.98343	0.632704	39	37.7	19654.9	4	1925	1.02913	1.02866	1480
521	598597	856	257336	341261	100	60	2.08835	0.632704	39	37.7	19654.9	4	1925	1.03448	1.03286	1480
522	589850	737	275719	314131	100	60	2.13767	0.632704	39	37.7	19654.9	4	1925	1.04075	1.03678	1480
523	578655	654	283099	295556	100	60	2.17105	0.632704	39	37.7	19654.9	4	1925	1.04994	1.04601	1480
524	565276	601	283358	281918	100	60	2.2016	0.632704	39	37.7	19654.9	4	1925	1.06967	1.06344	1480
525	517624	529	262962	254662	100	60	2.21038	0.632704	39	37.7	19654.9	4	1925	1.0742	1.06654	1480
526	493028	481	248732	235650	100	60	2.22243	0.632704	39	37.7	19654.9	4	1925	1.08302	1.07516	1480
527	456461	429	228162	214820	100	60	2.21222	0.632704	39	37.7	19654.9	4	1925	1.09957	1.09155	1480
528	446921	411	224911	208749	100	60	2.22759	0.632704	39	37.7	19654.9	4	1925	1.10673	1.09383	1480
529	429858	384	216750	200066	100	60	2.26106	0.632704	39	37.7	19654.9	4	1925	1.08437	1.07427	1480
530	416220	365	210820	193151	100	60	2.27985	0.632704	39	37.7	19654.9	4	1925	1.08158	1.07022	1480
531	375139	336	196171	178968	100	60	2.31256	0.632704	39	37.7	19654.9	4	1925	1.08069	1.05199	1480
532	266463	300	100954	165509	100	60	0.103988	0.632704	39	37.7	108565	4	1925	1.00205	1.00116	1480
533	500400	276	204515	295885	100	60	0.0886613	0.632704	39	37.7	108565	4	1925	1.00214	1.00133	1480
534	635601	255	262327	373274	100	60	0.0871156	0.632704	39	37.7	108565	4	1925	1.00201	1.00163	1480
535	618431	224	261260	357171	100	60	0.0922544	0.632704	39	37.7	108565	4	1925	1.00189	1.00166	1480
536	573518	181	248726	324792	100	60	0.0898792	0.632704	39	37.7	108565	4	1925	1.00213	1.00256	1480
537	631538	2487	281328	350211	100	60	1.0693	0.632704	39	37.7	108565	4	1925	1.00303	1.00398	1480
538	719045	2291	323877	395169	100	60	1.2278	0.632704	39	37.7	108565	4	1925	1.00384	1.00531	1480
539	749670	2029	341787	407884	100	60	1.50286	0.632704	39	37.7	108565	4	1925	1.00459	1.00583	1480
540	554502	1746	167863	386639	100	60	1.64394	0.632704	37	37.7	108565	4	1925	1.07589	1.13333	1480
541	627221	1448	245221	380804	100	60	0.745935	0.632704	39	37.7	0	4	1925	1.02386	1.02487	1480
542	720283	1225	308190	410454	100	60	0.622542	0.632704	39	37.7	0	4	1925	1.0156	1.01432	1480
543	812557	1049	361901	448600	100	60	0.581751	0.632704	39	37.7	0	4	1925	1.01043	1.00831	1480
544	831786	859	375313	454864	100	60	0.582204	0.632704	39	37.7	0	4	1925	1.00922	1.00513	1480
545	818778	754	375899	441557	100	60	0.620326	0.632704	39	37.7	0	4	1925	1.01179	1.00883	1480
546	806887	1666	375751	431136	100	60	1.35388	0.632704	39	37.7	0	4	1925	1.0144	1.01243	1480
547	598534	1560	175875	422659	100	60	1.51518	0.632704	39	37.7	0	4	1925	1.01593	1.01685	1480
548	647421	1531	238599	408822	100	60	1.80584	0.632704	39	37.7	0	4	1925	1.01823	1.01711	1480
549	694694	1290	293318	401376	100	60	1.87929	0.632704	39	37.7	0	4	1925	1.01725	1.01797	1480
550	654337	1101	270711	383626	100	60	1.95564	0.632704	39	37.7	55572.4	4	1925	1.02144	1.02289	1480
551	653598	933	296357	357240	100	60	2.02506	0.632704	39	37.7	55572.4	4	1925	1.02776	1.02808	1480
552	664033	847	317015	347018	100	60	2.0801	0.632704	39	37.7	55572.4	4	1925	1.03373	1.03686	1480
553	622640	727	306103	316537	100	60	2.10562	0.632704	39	37.7	55572.4	4	1925	1.0429	1.04986	1480
554	595074	657	297536	297538	100	60	2.16196	0.632704	39	37.7	55572.4	4	1925	1.05656	1.06288	1480
555	537836	569	271853	265983	100	60	2.18004	0.632704	39	37.7	55572.4	4	1925	1.06677	1.06915	1480
556	506942	512	253634	244867	100	60	2.21055	0.632704	39	37.7	55572.4	4	1925	1.09171	1.0927	1480
557	461923	446	229187	219038	100	60	2.22924	0.632704	39	37.7	55572.4	4	1925	1.09259	1.0839	1480
558	436317	398	217327	205872	100	60	2.2685	0.632704	39	37.7	55572.4	4	1925	1.09739	1.08354	1480
559	301262	364	105770	193167	100	60	2.28567	0.632704	39	37.7	55572.4	4	1925	1.08947	1.07283	1480
560	314862	331	131291	181395	100	60	2.24093	0.632704	39	37.7	55572.4	4	1925	1.12174	1.10185	1480
561	319278	310	148356	170922	100	60	2.19452	0.632704	39	37.7	55572.4	4	1925	1.16614	1.15333	1480
562	250049	284	90705.3	159344	100	60	0.170608	0.632704	39	37.7	122158	4	1925	1.00521	1.00341	1480
563	361455	250	147934	213520	100	60	0.122213	0.632704	39	37.7	122158	4	1925	1.00337	1.00192	1480
564	580711	239	251778	328932	100	60	0.119956	0.632704	39	37.7	122158	4	1925	1.00282	1.00206	1480
565	683503	220	294538	388965	100	60	0.12414	0.632704	39	37.7	122158	4	1925	1.00319	1.00261	1480
566	682847	198	297064	385783	100	60	0.137039	0.632704	39	37.7	122158	4	1925	1.00398	1.00418	1480
567	664439	2207	296100	368339	100	60	0.966048	0.632704	38	37.7	122158	4	1925	1.00481	1.00578	1480
568	710567	2045	324751	385816	100	60	1.0603	0.632704	38	37.7	122158	4	1925	1.00461	1.00762	1480
569	757313	1779	353837	403475	100	60	1.23649	0.632704	38	37.7	122158	4	1925	1.00511	1.00794	1480
570	608475	1637	191476	416999	100	60	1.30841	0.632704	34	37.7	122158	4	1925	1.12969	1.23573	1480
571	638463	1326	257368	378329	100	60	1.00822	0.632704	39	37.7	0	4	1925	1.07324	1.0845	1480
572	694344	1149	312004	378305	100	60	0.890854	0.632704	39	37.7	0	4	1925	1.04549	1.0426	1480
573	736350	985	350235	381488	100	60	0.822202	0.632704	39	37.7	0	4	1925	1.02963	1.02027	1480
574	804406	886	391431	408574	100	60	0.86811	0.632704	39	37.7	0	4	1925	1.02836	1.0166	1480
575	837861	821	411855	422206	100	60	0.943023	0.632704	39	37.7	0	4	1925	1.03187	1.01868	1480
576	839687	1318	417823	421864	100	60	1.43126	0.632704	39	37.7	0	4	1925	1.03152	1.01583	1480
577	620576	1317	203239	417337	100	60	1.56673	0.632704	39	37.7	0	4	1925	1.03596	1.02247	1480
578	656604	1271	262858	393746	100	60	1.68242	0.632704	39	37.7	0	4	1925	1.03747	1.02055	1480
579	694075	1103	313890	380186	100	60	1.66564	0.632704	39	37.7	0	4	1925	1.04685	1.03643	1480
580	663064	960	299413	363650	100	60	1.68801	0.632704	39	37.7	43228.2	4	1925	1.06037	1.05753	1480
581	658035	842	319212	338823	100	60	1.73391	0.632704	39	37.7	43228.2	4	1925	1.06226	1.05602	1480
582	649383	756	327445	321937	100	60	1.75925	0.632704	39	37.7	43228.2	4	1925	1.07952	1.07692	1480
583	639737	699	329691	310046	100	60	1.80731	0.632704	39	37.7	43228.2	4	1925	1.08098	1.07626	1480
584	609711	633	319090	290621	100	60	1.80096	0.632704	39	37.7	43228.2	4	1925	1.08787	1.08599	1480
585	588762	589	310311	278451	100	60	1.78246	0.632704	39	37.7	43228.2	4	1925	1.11774	1.11492	1480
586	557778	546	291925	258114	100	60	1.80363	0.632704	39	37.7	43228.2	4	1925	1.12998	1.12336	1480
587	359191	466	133153	223829	100	60	1.73137	0.632704	39	37.7	43228.2	4	1925	1.13944	1.13377	1480
588	361551	407	154184	201828	100	60	1.74378	0.632704	39	37.7	43228.2	4	1925	1.16317	1.16327	1480
589	376273	387	176176	192769	100	60	1.72479	0.632704	39	37.7	43228.2	4	1925	1.17337	1.17439	1480
590	284394	369	96905.8	186361	100	60	1.72205	0.632704	39	37.7	43228.2	4	1925	1.18568	1.18444	1480
591	290599	333	120749	169850	100	60	1.69553	0.632704	39	37.7	43228.2	4	1925	1.21581	1.20388	1480
592	241553	268	100616	140936	100	60	0.113414	0.632704	39	37.7	71896.7	4	1925	1.00525	1.00422	1480
593	390547	238	165737	224810	100	60	0.0882935	0.632704	39	37.7	71896.7	4	1925	1.00415	1.00317	1480
594	610079	228	262404	347674	100	60	0.0884149	0.632704	39	37.7	71896.7	4	1925	1.00397	1.00297	1480
595	679157	202	290108	389049	100	60	0.0889636	0.632704	39	37.7	71896.7	4	1925	1.00424	1.00361	1480
596	635100	176	277057	358043	100	60	0.0941029	0.632704	39	37.7	71896.7	4	1925	1.00516	1.00598	1480
597	631843	2163	285584	346259	100	60	0.736203	0.632704	39	37.7	71896.7	4	1925	1.00691	1.00969	1480
598	709707	1936	327836	381871	100	60	0.825585	0.632704	39	37.7	71896.7	4	1925	1.00967	1.01479	1480
599	788906	1785	370978	417928	100	60	0.976938	0.632704	39	37.7	71896.7	4	1925	1.01353	1.01909	1480
600	596629	1600	189109	407519	100	60	1.06271	0.632704	34	37.7	71896.7	4	1925	1.14111	1.24779	1480
601	650233	1313	263707	382000	100	60	0.75911	0.632704	39	37.7	0	4	1925	1.06706	1.07733	1480
602	724749	1133	325692	392864	100	60	0.682572	0.632704	39	37.7	0	4	1925	1.04485	1.04278	1480
603	773394	976	366345	399547	100	60	0.649695	0.632704	39	37.7	0	4	1925	1.03179	1.02641	1480
604	819190	848	397864	414506	100	60	0.680834	0.632704	39	37.7	0	4	1925	1.03147	1.02244	1480
605	841068	779	412177	422942	100	60	0.747851	0.632704	39	37.7	0	4	1925	1.03782	1.02455	1480
606	858061	1419	426276	431785	100	60	1.10558	0.632704	39	37.7	0	4	1925	1.0456	1.02663	1480
607	838655	1404	420159	418496	100	60	1.20585	0.632704	39	37.7	0	4	1925	1.04426	1.02822	1480
608	601523	1278	198390	403133	100	60	1.29485	0.632704	39	37.7	0	4	1925	1.04633	1.0311	1480
609	616878	1067	251516	365362	100	60	1.28541	0.632704	39	37.7	0	4	1925	1.05067	1.04095	1480
610	619120	916	278998	340122	100	60	1.30875	0.632704	39	37.7	11736.6	4	1925	1.06381	1.05876	1480
611	623190	797	303488	319702	100	60	1.34178	0.632704	39	37.7	11736.6	4	1925	1.08278	1.08015	1480
612	608811	703	309408	299403	100	60	1.35417	0.632704	39	37.7	11736.6	4	1925	1.10069	1.09668	1480
613	619021	668	321773	297248	100	60	1.37284	0.632704	39	37.7	11736.6	4	1925	1.13889	1.13567	1480
614	576069	599	303982	272087	100	60	1.38946	0.632704	39	37.7	11736.6	4	1925	1.1699	1.16295	1480
615	540012	542	287163	252849	100	60	1.39319	0.632704	39	37.7	11736.6	4	1925	1.19393	1.18251	1480
616	512208	493	270660	236158	100	60	1.42097	0.632704	39	37.7	11736.6	4	1925	1.22053	1.20798	1480
617	486676	455	255504	221245	100	60	1.43145	0.632704	39	37.7	11736.6	4	1925	1.24211	1.21609	1480
618	465860	427	245136	211292	100	60	1.43203	0.632704	39	37.7	11736.6	4	1925	1.25408	1.22807	1480
619	320079	396	118851	200148	100	60	1.39434	0.632704	39	37.7	11736.6	4	1925	1.25945	1.22951	1480
620	325750	358	141819	182975	100	60	1.41318	0.632704	39	37.7	11736.6	4	1925	1.28291	1.24625	1480
621	315558	313	152130	163429	100	60	1.414	0.632704	39	37.7	11736.6	4	1925	1.31699	1.27622	1480
622	295569	306	136007	159563	100	60	0.103188	0.632704	39	37.7	45680.6	4	1925	1.00639	1.00489	1480
623	484165	291	214165	270000	100	60	0.0897493	0.632704	39	37.7	45680.6	4	1925	1.00593	1.00477	1480
624	645463	251	279295	366168	100	60	0.0831686	0.632704	39	37.7	45680.6	4	1925	1.00549	1.00445	1480
625	679105	224	294274	384831	100	60	0.0842396	0.632704	39	37.7	45680.6	4	1925	1.00607	1.00566	1480
626	636337	209	281944	354392	100	60	0.0926502	0.632704	39	37.7	45680.6	4	1925	1.00665	1.00941	1480
627	652251	2190	298126	354125	100	60	0.665562	0.632704	39	37.7	45680.6	4	1925	1.00938	1.0139	1480
628	530912	1932	150199	380713	100	60	0.754092	0.632704	39	37.7	45680.6	4	1925	1.01012	1.01602	1480
629	599229	1720	218706	380523	100	60	0.880678	0.632704	39	37.7	45680.6	4	1925	1.01508	1.02276	1480
630	535496	1672	142635	392861	100	60	0.997492	0.632704	37	37.7	45680.6	4	1925	1.11564	1.19734	1480
631	589740	1330	220754	364292	100	60	0.604747	0.632704	39	37.7	0	4	1925	1.04264	1.0447	1480
632	693893	1163	297537	390826	100	60	0.523798	0.632704	39	37.7	0	4	1925	1.02641	1.02405	1480
633	784227	1001	358591	417582	100	60	0.49784	0.632704	39	37.7	0	4	1925	1.02035	1.01469	1480
634	828604	831	387792	433812	100	60	0.50217	0.632704	39	37.7	0	4	1925	1.0215	1.01234	1480
635	834107	741	396711	431376	100	60	0.53639	0.632704	39	37.7	0	4	1925	1.02452	1.01571	1480
636	837382	1517	407571	429811	100	60	0.873712	0.632704	39	37.7	0	4	1925	1.02743	1.02036	1480
637	810491	1436	401057	409434	100	60	0.965165	0.632704	39	37.7	0	4	1925	1.02702	1.02314	1480
638	812986	1402	406740	406246	100	60	1.03128	0.632704	39	37.7	0	4	1925	1.0272	1.0282	1480
639	782343	1159	396342	386001	100	60	1.05401	0.632704	39	37.7	0	4	1925	1.03775	1.04549	1480
640	721657	996	356177	365480	100	60	1.10446	0.632704	39	37.7	36791.8	4	1925	1.04577	1.05386	1480
641	673990	831	344599	329390	100	60	1.10993	0.632704	39	37.7	36791.8	4	1925	1.05766	1.06659	1480
642	671197	767	350081	321116	100	60	1.12685	0.632704	39	37.7	36791.8	4	1925	1.08746	1.09843	1480
643	624115	671	329913	294202	100	60	1.14103	0.632704	39	37.7	36791.8	4	1925	1.11575	1.12462	1480
644	428396	601	154258	274138	100	60	1.15748	0.632704	39	37.7	36791.8	4	1925	1.14525	1.15059	1480
645	432189	525	186606	245583	100	60	1.1748	0.632704	39	37.7	36791.8	4	1925	1.17362	1.16248	1480
646	435351	473	206708	224666	100	60	1.15501	0.632704	39	37.7	36791.8	4	1925	1.22179	1.19565	1480
647	445666	455	222094	216619	100	60	1.16102	0.632704	39	37.7	36791.8	4	1925	1.23368	1.2093	1480
648	432844	420	221923	203462	100	60	1.19063	0.632704	39	37.7	36791.8	4	1925	1.22353	1.18575	1480
649	301167	382	108679	191281	100	60	1.20074	0.632704	39	37.7	36791.8	4	1925	1.22632	1.18207	1480
650	309749	347	132680	176003	100	60	1.19268	0.632704	39	37.7	36791.8	4	1925	1.28152	1.21914	1480
651	318965	325	152490	166475	100	60	1.20147	0.632704	39	37.7	36791.8	4	1925	1.31447	1.24342	1480
652	276971	280	128402	148569	100	60	0.0916214	0.632704	39	37.7	64660.7	4	1925	1.00618	1.00483	1480
653	467355	265	206515	260840	100	60	0.0789277	0.632704	39	37.7	64660.7	4	1925	1.00505	1.00386	1480
654	638218	238	276808	361410	100	60	0.0743477	0.632704	39	37.7	64660.7	4	1925	1.00514	1.00431	1480
655	516006	207	135354	380651	100	60	0.0742937	0.632704	39	37.7	64660.7	4	1925	1.00545	1.00527	1480
656	400087	188	69009.9	331078	100	60	0.0814555	0.632704	39	37.7	64660.7	4	1925	1.00573	1.00744	1480
657	428765	2275	126742	302023	100	60	0.678535	0.632704	39	37.7	64660.7	4	1925	1.0078	1.0094	1480
658	438966	2130	94595	344371	100	60	0.851631	0.632704	39	37.7	64660.7	4	1925	1.01148	1.01092	1480
659	512960	1911	167501	345459	100	60	0.929852	0.632704	39	37.7	64660.7	4	1925	1.01265	1.01358	1480
660	478478	1752	117706	360772	100	60	1.04408	0.632704	35	37.7	64660.7	4	1925	1.07005	1.107	1480
661	541436	1410	194932	341350	100	60	0.602693	0.632704	39	37.7	0	4	1925	1.02458	1.02295	1480
662	630492	1144	264223	361242	100	60	0.497255	0.632704	39	37.7	0	4	1925	1.0165	1.01325	1480
663	720697	954	325215	387094	100	60	0.457375	0.632704	39	37.7	0	4	1925	1.01375	1.00819	1480
664	820920	833	381679	431682	100	60	0.478733	0.632704	39	37.7	0	4	1925	1.0145	1.0071	1480
665	860219	761	407617	446241	100	60	0.517932	0.632704	39	37.7	0	4	1925	1.01955	1.01086	1480
666	627942	1593	193169	434773	100	60	0.902988	0.632704	39	37.7	0	4	1925	1.02226	1.01744	1480
667	667271	1489	258137	409134	100	60	0.986464	0.632704	39	37.7	0	4	1925	1.02434	1.02028	1480
668	717135	1417	317654	399481	100	60	1.08976	0.632704	39	37.7	0	4	1925	1.02738	1.02287	1480
669	725243	1148	345107	380136	100	60	1.13672	0.632704	39	37.7	0	4	1925	1.03512	1.03625	1480
670	713984	998	344317	369667	100	60	1.19038	0.632704	39	37.7	23215.1	4	1925	1.05057	1.05306	1480
671	684307	846	345077	339229	100	60	1.22007	0.632704	39	37.7	23215.1	4	1925	1.07878	1.08293	1480
672	671051	766	347081	323970	100	60	1.21991	0.632704	39	37.7	23215.1	4	1925	1.10112	1.10757	1480
673	460094	676	162553	297541	100	60	1.24281	0.632704	39	37.7	23215.1	4	1925	1.12673	1.12708	1480
674	465422	589	198916	266506	100	60	1.25051	0.632704	39	37.7	23215.1	4	1925	1.15094	1.1466	1480
675	480881	542	230642	250239	100	60	1.25268	0.632704	39	37.7	23215.1	4	1925	1.17541	1.16985	1480
676	465416	482	234156	226410	100	60	1.23801	0.632704	39	37.7	23215.1	4	1925	1.21689	1.20779	1480
677	461590	452	236497	216598	100	60	1.24346	0.632704	39	37.7	23215.1	4	1925	1.26105	1.25647	1480
678	449872	422	234072	207573	100	60	1.21096	0.632704	39	37.7	23215.1	4	1925	1.2788	1.26786	1480
679	437854	400	229702	200371	100	60	1.20034	0.632704	39	37.7	23215.1	4	1925	1.29925	1.29155	1480
680	393196	351	207789	178960	100	60	1.12739	0.632704	39	37.7	23215.1	4	1925	1.32456	1.30818	1480
681	367110	331	198036	169074	100	60	1.12677	0.632704	39	37.7	23215.1	4	1925	1.35144	1.33219	1480
682	311054	312	149243	161811	100	60	0.0839832	0.632704	39	37.7	67534.9	4	1925	1.00569	0.996541	1480
683	528793	280	233055	295737	100	60	0.0734263	0.632704	39	37.7	67534.9	4	1925	1.00493	0.995785	1480
684	647040	253	278673	368367	100	60	0.0690143	0.632704	39	37.7	67534.9	4	1925	1.00528	0.997476	1480
685	610972	223	267081	343891	100	60	0.0734487	0.632704	39	37.7	67534.9	4	1925	1.00573	0.999829	1480
686	579336	204	261683	317653	100	60	0.0790806	0.632704	39	37.7	67534.9	4	1925	1.00655	1.00269	1480
687	635887	2336	293170	342718	100	60	0.756894	0.632704	39	37.7	67534.9	4	1925	1.00901	1.00443	1480
688	700133	1998	325693	374440	100	60	0.85998	0.632704	39	37.7	67534.9	4	1925	1.01039	1.00452	1480
689	735140	1762	346214	388926	100	60	1.0004	0.632704	39	37.7	67534.9	4	1925	1.01557	1.01205	1480
690	562711	1656	177649	385062	100	60	1.13782	0.632704	37	37.7	67534.9	4	1925	1.09801	1.1619	1480
691	608211	1318	246528	358071	100	60	0.541	0.632704	39	37.7	0	4	1925	1.026	1.01739	1480
692	695009	1086	308009	382227	100	60	0.44276	0.632704	39	37.7	0	4	1925	1.01701	1.00773	1480
693	782753	903	361199	415817	100	60	0.399543	0.632704	39	37.7	0	4	1925	1.01247	1.00188	1480
694	636105	805	190843	445124	100	60	0.440751	0.632704	39	37.7	0	4	1925	1.01444	1.00245	1480
695	675660	713	254363	421180	100	60	0.456162	0.632704	39	37.7	0	4	1925	1.01471	1.00308	1480
696	718873	1674	307944	410929	100	60	0.955799	0.632704	39	37.7	0	4	1925	1.01769	1.00348	1480
697	757640	1601	349406	408234	100	60	1.05287	0.632704	39	37.7	0	4	1925	1.01949	1.00417	1480
698	758896	1486	365270	393625	100	60	1.20987	0.632704	39	37.7	0	4	1925	1.02686	1.01087	1480
699	775752	1258	383942	391810	100	60	1.2686	0.632704	39	37.7	0	4	1925	1.03251	1.01764	1480
700	716153	1057	345885	370268	100	60	1.31356	0.632704	39	37.7	35931.4	4	1925	1.03952	1.02383	1480
701	710338	929	355175	355163	100	60	1.36611	0.632704	39	37.7	35931.4	4	1925	1.05008	1.02919	1480
702	685887	813	352077	333811	100	60	1.3866	0.632704	39	37.7	35931.4	4	1925	1.06395	1.04568	1480
703	484085	733	169798	314287	100	60	1.41669	0.632704	39	37.7	35931.4	4	1925	1.07391	1.05647	1480
704	497304	657	210369	286935	100	60	1.41712	0.632704	39	37.7	35931.4	4	1925	1.09323	1.07373	1480
705	363613	557	111868	251744	100	60	1.436	0.632704	39	37.7	35931.4	4	1925	1.11581	1.09601	1480
706	398389	521	156035	237362	100	60	1.46789	0.632704	39	37.7	35931.4	4	1925	1.13181	1.10526	1480
707	430688	496	195896	227672	100	60	1.47055	0.632704	39	37.7	35931.4	4	1925	1.15076	1.12371	1480
708	416963	444	204117	203627	100	60	1.43377	0.632704	39	37.7	35931.4	4	1925	1.17965	1.15023	1480
709	394927	391	201469	185023	100	60	1.40724	0.632704	39	37.7	35931.4	4	1925	1.18546	1.14745	1480
710	388152	367	201686	178555	100	60	1.4203	0.632704	39	37.7	35931.4	4	1925	1.18699	1.14327	1480
711	257970	331	92734.8	165236	100	60	1.4437	0.632704	39	37.7	35931.4	4	1925	1.19757	1.15335	1480
712	267800	311	112210	155590	100	60	0.097087	0.632704	39	37.7	42653.5	4	1925	1.00409	0.990572	1480
713	470014	284	197659	272355	100	60	0.0831575	0.632704	39	37.7	42653.5	4	1925	1.00371	0.990549	1480
714	636869	247	268010	368858	100	60	0.0784829	0.632704	39	37.7	42653.5	4	1925	1.00404	0.99161	1480
715	650242	231	278192	372051	100	60	0.0868032	0.632704	39	37.7	42653.5	4	1925	1.00456	0.993139	1480
716	607791	209	268665	339127	100	60	0.0939218	0.632704	39	37.7	42653.5	4	1925	1.00507	0.993284	1480
717	649627	2370	296967	352660	100	60	0.84717	0.632704	39	37.7	42653.5	4	1925	1.00789	0.995833	1480
718	730198	2072	338849	391349	100	60	0.960227	0.632704	39	37.7	42653.5	4	1925	1.00881	0.996179	1480
719	788614	1869	370412	418202	100	60	1.16128	0.632704	39	37.7	42653.5	4	1925	1.0137	1.00046	1480
720	502176	1664	88273	413903	100	60	1.2959	0.632704	33	37.7	42653.5	4	1925	1.10826	1.16041	1480
721	526158	1348	154692	370675	100	60	0.66974	0.632704	39	37.7	0	4	1925	1.03456	1.01912	1480
722	612831	1139	233673	377928	100	60	0.571124	0.632704	39	37.7	0	4	1925	1.02019	1.00223	1480
723	705304	959	304750	398954	100	60	0.540416	0.632704	39	37.7	0	4	1925	1.01437	0.996946	1480
724	767227	792	349473	416147	100	60	0.567379	0.632704	39	37.7	0	4	1925	1.01349	0.995912	1480
725	821239	735	384533	435281	100	60	0.646342	0.632704	39	37.7	0	4	1925	1.01599	0.996065	1480
726	817496	1513	391149	426347	100	60	1.16028	0.632704	39	37.7	0	4	1925	1.02111	1.00086	1480
727	804408	1465	392263	412146	100	60	1.26148	0.632704	39	37.7	0	4	1925	1.02247	1.00463	1480
728	798965	1375	396859	402107	100	60	1.39378	0.632704	39	37.7	0	4	1925	1.02371	1.00442	1480
729	777614	1152	392806	384808	100	60	1.41586	0.632704	39	37.7	0	4	1925	1.02504	1.01054	1480
730	690167	990	324359	365808	100	60	1.48525	0.632704	39	37.7	67101.6	4	1925	1.034	1.02143	1480
731	502753	862	161092	341661	100	60	1.53099	0.632704	39	37.7	67101.6	4	1925	1.04608	1.03275	1480
732	430455	787	106279	324176	100	60	1.58162	0.632704	39	37.7	67101.6	4	1925	1.05273	1.03457	1480
733	458559	707	161015	297544	100	60	1.61454	0.632704	39	37.7	67101.6	4	1925	1.05862	1.04267	1480
734	474759	624	206003	268756	100	60	1.64808	0.632704	39	37.7	67101.6	4	1925	1.06504	1.04992	1480
735	499067	576	240717	258349	100	60	1.69471	0.632704	39	37.7	67101.6	4	1925	1.06977	1.04704	1480
736	497352	527	247625	240804	100	60	1.73242	0.632704	39	37.7	67101.6	4	1925	1.06878	1.04389	1480
737	483758	484	245335	223159	100	60	1.70597	0.632704	39	37.7	67101.6	4	1925	1.08333	1.05846	1480
738	457585	431	235372	207883	100	60	1.75761	0.632704	39	37.7	67101.6	4	1925	1.07207	1.04481	1480
739	410444	371	213276	184253	100	60	1.73894	0.632704	39	37.7	67101.6	4	1925	1.07311	1.04945	1480
740	376598	325	197335	167781	100	60	1.7405	0.632704	39	37.7	67101.6	4	1925	1.06122	1.02786	1480
741	360667	311	195489	165178	100	60	1.75549	0.632704	39	37.7	67101.6	4	1925	1.06422	1.02589	1480
742	283671	292	124777	158894	100	60	0.0901033	0.632704	39	37.7	135635	4	1925	1.00195	0.992264	1480
743	513704	271	220089	293615	100	60	0.0800148	0.632704	39	37.7	135635	4	1925	1.00187	0.992675	1480
744	640496	241	270796	369700	100	60	0.074973	0.632704	39	37.7	135635	4	1925	1.00134	0.99274	1480
745	619411	219	267895	351517	100	60	0.0829144	0.632704	39	37.7	135635	4	1925	1.00146	0.992714	1480
746	590562	198	264145	326417	100	60	0.0868988	0.632704	39	37.7	135635	4	1925	1.00136	0.991759	1480
747	652781	2468	300280	352501	100	60	0.950127	0.632704	39	37.7	135635	4	1925	1.00166	0.991375	1480
748	723213	2133	335797	387416	100	60	1.11482	0.632704	39	37.7	135635	4	1925	1.00272	0.991523	1480
749	772872	1903	362906	409966	100	60	1.33667	0.632704	39	37.7	135635	4	1925	1.00448	0.995966	1480
750	601043	1741	188416	412628	100	60	1.45724	0.632704	37	37.7	135635	4	1925	1.08167	1.13069	1480
751	597915	1382	218748	377430	100	60	0.68115	0.632704	39	37.7	0	4	1925	1.02256	1.01313	1480
752	686822	1151	291856	393216	100	60	0.527015	0.632704	39	37.7	0	4	1925	1.0114	1.00107	1480
753	780712	978	351914	426073	100	60	0.478364	0.632704	39	37.7	0	4	1925	1.00712	0.996614	1480
754	841310	861	388086	450774	100	60	0.523229	0.632704	39	37.7	0	4	1925	1.0066	0.99513	1480
755	628311	767	186157	441936	100	60	0.571875	0.632704	39	37.7	0	4	1925	1.00751	0.99564	1480
756	644003	1518	237346	406657	100	60	1.11504	0.632704	39	37.7	0	4	1925	1.00895	0.995693	1480
757	696241	1530	294287	401954	100	60	1.32481	0.632704	39	37.7	0	4	1925	1.01074	0.997855	1480
758	734767	1492	336624	398144	100	60	1.57289	0.632704	39	37.7	0	4	1925	1.01397	1.00336	1480
759	766195	1260	368032	398163	100	60	1.67692	0.632704	39	37.7	0	4	1925	1.01793	1.00478	1480
760	688032	1056	310148	377885	100	60	1.76544	0.632704	39	37.7	67650.3	4	1925	1.02957	1.02093	1480
761	679356	914	325965	353391	100	60	1.81656	0.632704	39	37.7	67650.3	4	1925	1.0365	1.0286	1480
762	674240	821	337181	337059	100	60	1.82144	0.632704	39	37.7	67650.3	4	1925	1.04883	1.04412	1480
763	658257	740	337951	320306	100	60	1.82563	0.632704	39	37.7	67650.3	4	1925	1.06376	1.05699	1480
764	641491	688	333538	307953	100	60	1.86044	0.632704	39	37.7	67650.3	4	1925	1.0679	1.06003	1480
765	614337	637	321601	292736	100	60	1.91143	0.632704	39	37.7	67650.3	4	1925	1.07692	1.06847	1480
766	551359	552	286035	257060	100	60	1.93739	0.632704	39	37.7	67650.3	4	1925	1.08432	1.07209	1480
767	507732	485	260647	233360	100	60	1.91225	0.632704	39	37.7	67650.3	4	1925	1.11868	1.09874	1480
768	489296	445	252137	224048	100	60	1.92216	0.632704	39	37.7	67650.3	4	1925	1.11229	1.08945	1480
769	333069	407	121394	209556	100	60	1.95276	0.632704	39	37.7	67650.3	4	1925	1.12352	1.10127	1480
770	335457	363	142199	191381	100	60	1.94197	0.632704	39	37.7	67650.3	4	1925	1.14865	1.12644	1480
771	338473	335	158782	179692	100	60	1.92833	0.632704	39	37.7	67650.3	4	1925	1.16914	1.14107	1480
772	273780	298	115752	158029	100	60	0.223989	0.632704	39	37.7	115091	4	1925	1.00811	1.00436	1480
773	362813	283	161709	201104	100	60	0.170323	0.632704	39	37.7	115091	4	1925	1.00665	1.00328	1480
774	537402	266	246575	290827	100	60	0.161444	0.632704	39	37.7	115091	4	1925	1.00649	1.00305	1480
775	667183	223	303379	363805	100	60	0.148677	0.632704	39	37.7	115091	4	1925	1.00682	1.00254	1480
776	706152	194	319909	386242	100	60	0.152202	0.632704	39	37.7	115091	4	1925	1.00672	1.00464	1480
777	696863	1952	322050	374814	100	60	0.923551	0.632704	39	37.7	115091	4	1925	1.00806	1.00825	1480
778	740909	1854	349637	391272	100	60	1.00284	0.632704	39	37.7	115091	4	1925	1.00901	1.01076	1480
779	760362	1617	366316	394046	100	60	1.12892	0.632704	39	37.7	115091	4	1925	1.01125	1.01373	1480
780	575609	1451	188097	387512	100	60	1.11791	0.632704	37	37.7	115091	4	1925	1.15782	1.29126	1480
781	626764	1202	262402	362699	100	60	0.960975	0.632704	39	37.7	0	4	1925	1.10678	1.12984	1480
782	667353	1014	310433	354501	100	60	0.907236	0.632704	39	37.7	0	4	1925	1.06161	1.05935	1480
783	684291	860	335894	345604	100	60	0.877655	0.632704	39	37.7	0	4	1925	1.04199	1.03183	1480
784	716577	746	360778	353122	100	60	0.895797	0.632704	39	37.7	0	4	1925	1.0396	1.02479	1480
785	746026	707	379894	363804	100	60	0.991937	0.632704	39	37.7	0	4	1925	1.0432	1.02327	1480
786	558812	1022	189459	369352	100	60	1.4745	0.632704	39	37.7	0	4	1925	1.04954	1.02305	1480
787	617590	1058	254470	363120	100	60	1.59078	0.632704	39	37.7	0	4	1925	1.05201	1.0223	1480
788	656657	1012	302725	353931	100	60	1.68552	0.632704	39	37.7	0	4	1925	1.05702	1.0261	1480
789	667393	872	328656	338738	100	60	1.67782	0.632704	39	37.7	0	4	1925	1.06562	1.03833	1480
790	562154	724	257684	304470	100	60	1.67671	0.632704	39	37.7	71482.8	4	1925	1.06768	1.04596	1480
791	541863	620	266313	275550	100	60	1.68729	0.632704	39	37.7	71482.8	4	1925	1.0846	1.06169	1480
792	546031	570	279813	266217	100	60	1.69526	0.632704	39	37.7	71482.8	4	1925	1.10138	1.07951	1480
793	510832	504	268080	242752	100	60	1.71461	0.632704	39	37.7	71482.8	4	1925	1.09752	1.07631	1480
794	481343	454	256330	225013	100	60	1.70459	0.632704	39	37.7	71482.8	4	1925	1.11847	1.09663	1480
795	450721	406	241693	209028	100	60	1.73625	0.632704	39	37.7	71482.8	4	1925	1.13023	1.10327	1480
796	423418	368	224248	192141	100	60	1.75961	0.632704	39	37.7	71482.8	4	1925	1.14621	1.12045	1480
797	382839	319	200672	170533	100	60	1.73459	0.632704	39	37.7	71482.8	4	1925	1.16615	1.14052	1480
798	370501	295	194615	164427	100	60	1.71516	0.632704	39	37.7	71482.8	4	1925	1.13861	1.12587	1480
799	346876	266	182690	153646	100	60	1.72358	0.632704	39	37.7	71482.8	4	1925	1.14182	1.12451	1480
800	323755	243	170934	143374	100	60	1.75229	0.632704	39	37.7	71482.8	4	1925	1.15385	1.13478	1480
801	284146	218	154914	129232	100	60	1.80899	0.632704	39	37.7	71482.8	4	1925	1.16204	1.14428	1480
802	216755	209	89161.8	127593	100	60	0.0677535	0.632704	39	37.7	139444	4	1925	1.0023	0.993993	1480
803	452792	181	185164	267628	100	60	0.0557008	0.632704	39	37.7	139444	4	1925	1.00174	0.992989	1480
804	594941	152	243209	351732	100	60	0.0500046	0.632704	39	37.7	139444	4	1925	1.00183	0.993742	1480
805	562189	119	235092	327097	100	60	0.0478706	0.632704	38	37.7	139444	4	1925	1.00154	0.993336	1480
806	533514	110	233988	299527	100	60	0.0524649	0.632704	38	37.7	139444	4	1925	1.00194	0.991852	1480
807	620307	2515	282323	337985	100	60	0.934373	0.632704	38	37.7	139444	4	1925	1.00301	0.991837	1480
808	700590	2195	323059	377532	100	60	1.04845	0.632704	38	37.7	139444	4	1925	1.00423	0.992677	1480
809	750065	1885	351023	399043	100	60	1.23726	0.632704	38	37.7	139444	4	1925	1.00706	0.998658	1480
810	576958	1697	181368	395589	100	60	1.36794	0.632704	33	37.7	139444	4	1925	1.07331	1.11789	1480
811	620294	1353	250346	367572	100	60	0.667623	0.632704	39	37.7	0	4	1925	1.02258	1.01652	1480
812	699635	1133	310269	386239	100	60	0.546319	0.632704	39	37.7	0	4	1925	1.01357	1.00602	1480
813	798413	986	371160	423222	100	60	0.514035	0.632704	39	37.7	0	4	1925	1.00863	0.999296	1480
814	841292	832	396972	440970	100	60	0.539061	0.632704	39	37.7	0	4	1925	1.00803	0.99717	1480
815	850484	758	408198	439259	100	60	0.61098	0.632704	39	37.7	0	4	1925	1.00988	1.00028	1480
816	834054	1517	408295	425760	100	60	1.14401	0.632704	39	37.7	0	4	1925	1.01008	0.99756	1480
817	829976	1484	411737	418239	100	60	1.28147	0.632704	39	37.7	0	4	1925	1.01291	1.00109	1480
818	827625	1446	416302	411323	100	60	1.45832	0.632704	39	37.7	0	4	1925	1.01814	1.00902	1480
819	846027	1257	430432	415596	100	60	1.51975	0.632704	39	37.7	0	4	1925	1.02618	1.01833	1480
820	711939	1039	324233	387705	100	60	1.56698	0.632704	39	37.7	97805	4	1925	1.03638	1.03191	1480
821	714285	922	342365	371920	100	60	1.65173	0.632704	39	37.7	97805	4	1925	1.04355	1.03817	1480
822	680552	799	340849	339703	100	60	1.71257	0.632704	39	37.7	97805	4	1925	1.04693	1.03383	1480
823	661144	726	340906	320237	100	60	1.73802	0.632704	39	37.7	97805	4	1925	1.06423	1.0511	1480
824	457705	643	163908	293797	100	60	1.74095	0.632704	39	37.7	97805	4	1925	1.07733	1.0579	1480
825	489544	606	207548	281996	100	60	1.77424	0.632704	39	37.7	97805	4	1925	1.07837	1.0601	1480
826	510153	564	237211	265498	100	60	1.80319	0.632704	39	37.7	97805	4	1925	1.09283	1.07957	1480
827	481313	487	234797	234393	100	60	1.80002	0.632704	39	37.7	97805	4	1925	1.10837	1.09937	1480
828	450970	426	227319	212199	100	60	1.81846	0.632704	39	37.7	97805	4	1925	1.12162	1.11765	1480
829	412441	367	212620	189066	100	60	1.80499	0.632704	39	37.7	97805	4	1925	1.11842	1.10482	1480
830	288909	337	106673	180610	100	60	1.79013	0.632704	39	37.7	97805	4	1925	1.12791	1.10526	1480
831	284822	299	124251	160570	100	60	1.71164	0.632704	39	37.7	97805	4	1925	1.16447	1.13986	1480
832	248038	262	104201	143837	100	60	0.113294	0.632704	39	37.7	133695	4	1925	1.00409	1.00227	1480
833	396445	232	169358	227088	100	60	0.087403	0.632704	39	37.7	133695	4	1925	1.00349	1.00162	1480
834	615895	217	265875	350020	100	60	0.0856884	0.632704	39	37.7	133695	4	1925	1.00378	1.00229	1480
835	682116	194	292991	389125	100	60	0.0892597	0.632704	39	37.7	133695	4	1925	1.00364	1.00275	1480
836	649111	175	286074	363037	100	60	0.0955657	0.632704	39	37.7	133695	4	1925	1.00388	1.00503	1480
837	633688	2229	289083	344605	100	60	0.782677	0.632704	39	37.7	133695	4	1925	1.00494	1.00785	1480
838	694132	1905	324557	369575	100	60	0.855186	0.632704	39	37.7	133695	4	1925	1.00542	1.00939	1480
839	740253	1644	352687	387566	100	60	1.01185	0.632704	39	37.7	133695	4	1925	1.00773	1.01001	1480
840	576139	1504	185014	391125	100	60	1.11518	0.632704	35	37.7	133695	4	1925	1.12519	1.21815	1480
841	472250	1191	119619	351793	100	60	0.769737	0.632704	39	37.7	0	4	1925	1.05921	1.0652	1480
842	521131	984	185317	332884	100	60	0.598182	0.632704	39	37.7	0	4	1925	1.02959	1.02499	1480
843	623861	863	264600	355421	100	60	0.558151	0.632704	39	37.7	0	4	1925	1.01949	1.01288	1480
844	729069	754	333533	391152	100	60	0.584544	0.632704	39	37.7	0	4	1925	1.01858	1.01091	1480
845	788271	681	373077	411500	100	60	0.634869	0.632704	39	37.7	0	4	1925	1.02292	1.01246	1480
846	798680	1397	386069	412611	100	60	1.11919	0.632704	39	37.7	0	4	1925	1.02422	1.00972	1480
847	787691	1443	386601	401090	100	60	1.27307	0.632704	39	37.7	0	4	1925	1.02534	1.01216	1480
848	762796	1261	382362	380434	100	60	1.32988	0.632704	39	37.7	0	4	1925	1.03224	1.02242	1480
849	764820	1072	391006	373814	100	60	1.33813	0.632704	39	37.7	0	4	1925	1.04278	1.03481	1480
850	671042	900	322778	348264	100	60	1.3523	0.632704	39	37.7	59615.4	4	1925	1.05501	1.04815	1480
851	676793	816	340306	336487	100	60	1.39985	0.632704	39	37.7	59615.4	4	1925	1.06512	1.05179	1480
852	654082	730	338311	315772	100	60	1.44573	0.632704	39	37.7	59615.4	4	1925	1.08954	1.073	1480
853	607882	645	319979	287903	100	60	1.45544	0.632704	39	37.7	59615.4	4	1925	1.10724	1.0902	1480
854	578697	585	307121	271576	100	60	1.48291	0.632704	39	37.7	59615.4	4	1925	1.13205	1.11168	1480
855	555160	544	295827	259333	100	60	1.49169	0.632704	39	37.7	59615.4	4	1925	1.16584	1.13729	1480
856	550421	521	290402	253523	100	60	1.5022	0.632704	39	37.7	59615.4	4	1925	1.19751	1.16117	1480
857	382632	489	140789	240001	100	60	1.45993	0.632704	39	37.7	59615.4	4	1925	1.22587	1.17537	1480
858	400622	452	170319	225157	100	60	1.4641	0.632704	39	37.7	59615.4	4	1925	1.23529	1.16742	1480
859	418338	427	195572	215295	100	60	1.48764	0.632704	39	37.7	59615.4	4	1925	1.23409	1.16262	1480
860	419816	403	207898	205038	100	60	1.47461	0.632704	39	37.7	59615.4	4	1925	1.26515	1.18783	1480
861	388410	362	200696	187714	100	60	1.4732	0.632704	39	37.7	59615.4	4	1925	1.29971	1.2259	1480
862	320220	332	146017	174203	100	60	0.10248	0.632704	39	37.7	111569	4	1925	1.00616	0.997722	1480
863	526495	311	230053	296442	100	60	0.0902417	0.632704	39	37.7	111569	4	1925	1.00532	0.996956	1480
864	655902	280	283218	372684	100	60	0.0860186	0.632704	39	37.7	111569	4	1925	1.00525	0.998405	1480
865	641631	256	281534	360097	100	60	0.0938536	0.632704	39	37.7	111569	4	1925	1.00631	1.00105	1480
866	441584	214	114431	327153	100	60	0.0940279	0.632704	39	37.7	111569	4	1925	1.00664	1.00392	1480
867	496365	2271	172603	323761	100	60	0.812719	0.632704	39	37.7	111569	4	1925	1.00971	1.00737	1480
868	617554	2136	249835	367719	100	60	0.961911	0.632704	39	37.7	111569	4	1925	1.01228	1.01206	1480
869	681184	1886	297278	383906	100	60	1.10319	0.632704	39	37.7	111569	4	1925	1.01646	1.01522	1480
870	551956	1743	164855	387101	100	60	1.22849	0.632704	35	37.7	111569	4	1925	1.08941	1.14344	1480
871	602115	1402	237478	361534	100	60	0.60545	0.632704	39	37.7	0	4	1925	1.02496	1.01779	1480
872	714316	1208	312997	397214	100	60	0.50131	0.632704	39	37.7	0	4	1925	1.0171	1.00719	1480
873	800348	1023	368428	426757	100	60	0.480201	0.632704	39	37.7	0	4	1925	1.01291	1.00153	1480
874	827776	864	388957	434254	100	60	0.524363	0.632704	39	37.7	0	4	1925	1.0142	1.00099	1480
875	822459	768	394519	424194	100	60	0.566928	0.632704	39	37.7	0	4	1925	1.01578	1.00327	1480
876	783522	1538	384305	399217	100	60	1.04671	0.632704	39	37.7	0	4	1925	1.02081	1.00797	1480
877	580075	1483	185106	394969	100	60	1.15866	0.632704	39	37.7	0	4	1925	1.02087	1.00771	1480
878	629374	1395	249461	379913	100	60	1.30596	0.632704	39	37.7	0	4	1925	1.02181	1.00649	1480
879	668248	1178	299707	368541	100	60	1.38158	0.632704	39	37.7	0	4	1925	1.02825	1.01024	1480
880	658040	1010	303933	354107	100	60	1.45066	0.632704	39	37.7	29876.5	4	1925	1.03983	1.0259	1480
881	682790	908	335943	346847	100	60	1.49777	0.632704	39	37.7	29876.5	4	1925	1.05798	1.04319	1480
882	654558	777	334925	319633	100	60	1.51606	0.632704	39	37.7	29876.5	4	1925	1.07827	1.06598	1480
883	646985	715	338728	308257	100	60	1.5241	0.632704	39	37.7	29876.5	4	1925	1.10361	1.08989	1480
884	603351	631	320094	283257	100	60	1.52307	0.632704	39	37.7	29876.5	4	1925	1.12011	1.09509	1480
885	542266	545	290648	251618	100	60	1.53048	0.632704	39	37.7	29876.5	4	1925	1.1408	1.1107	1480
886	516420	500	274679	234594	100	60	1.54481	0.632704	39	37.7	29876.5	4	1925	1.14964	1.11656	1480
887	481016	449	253544	215160	100	60	1.49783	0.632704	39	37.7	29876.5	4	1925	1.17659	1.15297	1480
888	458354	417	241947	204716	100	60	1.50493	0.632704	39	37.7	29876.5	4	1925	1.1754	1.14	1480
889	417823	367	221743	185651	100	60	1.50408	0.632704	39	37.7	29876.5	4	1925	1.18734	1.14655	1480
890	382679	332	203315	170165	100	60	1.52813	0.632704	39	37.7	29876.5	4	1925	1.20833	1.16129	1480
891	362710	318	197793	164917	100	60	1.52047	0.632704	39	37.7	29876.5	4	1925	1.23492	1.18367	1480
892	283405	292	128245	155160	100	60	0.0858232	0.632704	39	37.7	93603.3	4	1925	1.00385	0.99569	1480
893	526169	276	226242	299927	100	60	0.0766188	0.632704	39	37.7	93603.3	4	1925	1.0035	0.995567	1480
894	504803	246	130032	374772	100	60	0.0734124	0.632704	39	37.7	93603.3	4	1925	1.00352	0.995931	1480
895	501820	221	154986	346834	100	60	0.0693135	0.632704	38	37.7	93603.3	4	1925	1.0035	0.996525	1480
896	505320	190	181379	323941	100	60	0.0745637	0.632704	38	37.7	93603.3	4	1925	1.00415	0.996372	1480
897	595945	2347	241434	354511	100	60	0.761097	0.632704	37	37.7	93603.3	4	1925	1.00612	0.997995	1480
898	665647	2025	286885	378762	100	60	0.902818	0.632704	37	37.7	93603.3	4	1925	1.00796	0.998417	1480
899	717402	1770	322738	394664	100	60	1.05114	0.632704	37	37.7	93603.3	4	1925	1.00974	1	1480
900	573207	1825	174007	399200	100	60	1.2515	0.632704	33	37.7	93603.3	4	1925	1.07366	1.12211	1480
901	611789	1408	242116	367051	100	60	0.6437	0.632704	39	37.7	0	4	1925	1.02482	1.01721	1480
902	698792	1173	304792	390522	100	60	0.513717	0.632704	39	37.7	0	4	1925	1.01354	1.00328	1480
903	606091	1003	176432	428975	100	60	0.475784	0.632704	39	37.7	0	4	1925	1.00915	0.999871	1480
904	706036	876	258199	445751	100	60	0.507266	0.632704	39	37.7	0	4	1925	1.01018	0.999656	1480
905	567957	711	144891	423008	100	60	0.506622	0.632704	39	37.7	0	4	1925	1.01023	1	1480
906	594670	1553	201515	393155	100	60	1.00064	0.632704	39	37.7	0	4	1925	1.01127	1.00262	1480
907	666621	1621	270907	395714	100	60	1.15769	0.632704	39	37.7	0	4	1925	1.01413	1.00694	1480
908	733795	1629	327551	406244	100	60	1.3494	0.632704	39	37.7	0	4	1925	1.01699	1.01173	1480
909	755273	1308	355676	399598	100	60	1.39908	0.632704	39	37.7	0	4	1925	1.02241	1.02077	1480
910	709910	1093	324262	385648	100	60	1.47363	0.632704	39	37.7	49166.6	4	1925	1.02752	1.02484	1480
911	686874	920	332042	354832	100	60	1.51786	0.632704	39	37.7	49166.6	4	1925	1.03172	1.02954	1480
912	673394	803	338345	335049	100	60	1.55851	0.632704	39	37.7	49166.6	4	1925	1.03737	1.03258	1480
913	644868	700	331987	312880	100	60	1.592	0.632704	39	37.7	49166.6	4	1925	1.04923	1.04011	1480
914	590542	595	308567	281975	100	60	1.64665	0.632704	39	37.7	49166.6	4	1925	1.06667	1.05734	1480
915	555810	527	294031	261780	100	60	1.64919	0.632704	39	37.7	49166.6	4	1925	1.08057	1.07429	1480
916	517726	478	272478	237768	100	60	1.6681	0.632704	39	37.7	49166.6	4	1925	1.11589	1.10359	1480
917	462310	411	242288	207228	100	60	1.64064	0.632704	39	37.7	49166.6	4	1925	1.13725	1.13614	1480
918	430971	369	226779	192155	100	60	1.67181	0.632704	39	37.7	49166.6	4	1925	1.13452	1.12535	1480
919	398423	334	211210	176211	100	60	1.68733	0.632704	39	37.7	49166.6	4	1925	1.12894	1.11563	1480
920	258259	298	96609.2	159884	100	60	1.68405	0.632704	39	37.7	49166.6	4	1925	1.15738	1.14488	1480
921	252290	260	109997	142293	100	60	1.69608	0.632704	39	37.7	49166.6	4	1925	1.17293	1.15726	1480
922	230517	244	95389.8	135127	100	60	0.186218	0.632704	39	37.7	82423.6	4	1925	1.00638	1.00357	1480
923	309311	217	136035	173276	100	60	0.137215	0.632704	39	37.7	82423.6	4	1925	1.00503	1.00286	1480
924	358857	177	110194	248663	100	60	0.114095	0.632704	39	37.7	82423.6	4	1925	1.00451	1.00204	1480
925	541578	171	201422	340155	100	60	0.111997	0.632704	38	37.7	82423.6	4	1925	1.00469	1.003	1480
926	656548	151	265418	391129	100	60	0.115884	0.632704	38	37.7	82423.6	4	1925	1.00466	1.00433	1480
927	695243	2181	296288	398955	100	60	0.913053	0.632704	38	37.7	82423.6	4	1925	1.00615	1.00606	1480
928	699037	1882	312596	386441	100	60	0.961689	0.632704	37	37.7	82423.6	4	1925	1.00636	1.00499	1480
929	743025	1626	346104	396920	100	60	1.03936	0.632704	37	37.7	82423.6	4	1925	1.00919	1.00995	1480
930	578472	1492	183429	395042	100	60	1.05146	0.632704	33	37.7	82423.6	4	1925	1.15492	1.30068	1480
