Time	totMass	NInd	abovemass	belowmass	mean_ares	mean_bres	shannon	meanShannon	NPFT	meanNPFT	Cutted	NNonClonal	NClonal	mean_generation	mean_genet_size	NGenets
1	460.6	0	230.3	230.3	100	60	0	0.882977	39	38.8	0	12	2181	1	0.866906	1927
2	8367.19	0	3287.84	5079.36	100	60	0	0.882977	39	38.8	0	12	2181	1	0.878966	1927
3	39324.8	0	18325.9	20999	100	60	0	0.882977	39	38.8	0	12	2181	1	0.871357	1927
4	118383	0	55485.2	62897.7	100	60	0	0.882977	39	38.8	0	12	2181	1	0.873846	1927
5	264449	0	124059	140390	100	60	0	0.882977	39	38.8	0	12	2181	1	0.873817	1927
6	470966	537	221473	249493	100	60	2.36573	0.882977	39	38.8	0	12	2181	1.00209	0.876609	1927
7	680954	771	322507	358447	100	60	3.11926	0.882977	39	38.8	0	12	2181	1.00949	0.88427	1927
8	864400	853	414759	449640	100	60	3.35658	0.882977	39	38.8	0	12	2181	1.01913	0.89449	1927
9	992628	800	482335	510293	100	60	3.15327	0.882977	39	38.8	0	12	2181	1.04936	0.9375	1927
10	1.09145e+006	768	537169	554280	100	60	3.04993	0.882977	39	38.8	0	12	2181	1.06638	0.957031	1927
11	1.15726e+006	736	575527	581732	100	60	2.95389	0.882977	39	38.8	0	12	2181	1.08426	0.98913	1927
12	1.21606e+006	717	609637	606422	100	60	2.9249	0.882977	39	38.8	0	12	2181	1.09795	0.998597	1927
13	1.24823e+006	696	629702	618528	100	60	2.88616	0.882977	39	38.8	0	12	2181	1.11163	1.01156	1927
14	1.29159e+006	692	654005	637587	100	60	2.90977	0.882977	39	38.8	0	12	2181	1.12958	1.04118	1927
15	1.31283e+006	685	667616	645213	100	60	2.91493	0.882977	39	38.8	0	12	2181	1.15025	1.04322	1927
16	1.35556e+006	685	680896	654836	100	60	2.94644	0.882977	39	38.8	0	12	2181	1.16667	1.05856	1927
17	1.37103e+006	671	679328	653640	100	60	2.94674	0.882977	39	38.8	0	12	2181	1.17615	1.06595	1927
18	1.39883e+006	669	691044	665130	100	60	2.99126	0.882977	39	38.8	0	12	2181	1.17198	1.05754	1927
19	1.4162e+006	664	699389	672772	100	60	3.03409	0.882977	39	38.8	0	12	2181	1.17094	1.04589	1927
20	1.419e+006	657	701804	674097	100	60	3.08979	0.882977	39	38.8	0	12	2181	1.16691	1.02899	1927
21	1.3862e+006	656	707516	678686	100	60	3.13485	0.882977	39	38.8	0	12	2181	1.16024	1.02299	1927
22	1.39824e+006	650	714482	683756	100	60	0.691988	0.882977	39	38.8	0	12	2181	1.02379	0.912842	1927
23	1.41011e+006	641	713831	696276	100	60	0.686165	0.882977	39	38.8	0	12	2181	1.02487	0.915487	1927
24	1.42442e+006	628	718195	706226	100	60	0.694099	0.882977	39	38.8	0	12	2181	1.02865	0.942411	1927
25	1.42942e+006	619	721404	708021	100	60	0.773343	0.882977	39	38.8	0	12	2181	1.03721	0.974067	1927
26	1.44195e+006	608	727578	714370	100	60	0.880228	0.882977	39	38.8	0	12	2181	1.04705	0.997405	1927
27	1.47134e+006	1577	740959	730384	100	60	2.27353	0.882977	39	38.8	0	12	2181	1.06267	1.01192	1927
28	1.51035e+006	1452	757824	752531	100	60	2.42697	0.882977	39	38.8	0	12	2181	1.07741	1.02819	1927
29	1.52826e+006	1356	765212	763044	100	60	2.54997	0.882977	39	38.8	0	12	2181	1.09086	1.04335	1927
30	1.16537e+006	1270	389606	775761	100	60	2.20028	0.882977	39	38.8	0	12	2181	1.33906	1.46167	1927
31	1.16553e+006	1037	456406	708978	100	60	1.0156	0.882977	39	38.8	0	12	2181	1.10181	1.01655	1927
32	1.17197e+006	882	494579	677092	100	60	0.822632	0.882977	39	38.8	0	12	2181	1.07358	0.978991	1927
33	1.12652e+006	760	492325	633900	100	60	0.728876	0.882977	39	38.8	0	12	2181	1.0585	0.964646	1927
34	1.08915e+006	661	487602	601224	100	60	0.819265	0.882977	39	38.8	0	12	2181	1.0669	0.97261	1927
35	1.08358e+006	728	495863	587393	100	60	1.09735	0.882977	39	38.8	0	12	2181	1.08447	1.00217	1927
36	1.03017e+006	814	479765	550403	100	60	1.48849	0.882977	39	38.8	0	12	2181	1.10122	1.03576	1927
37	989026	912	468326	520701	100	60	1.96617	0.882977	39	38.8	0	12	2181	1.11048	1.04321	1927
38	942608	999	449442	493165	100	60	2.46804	0.882977	39	38.8	0	12	2181	1.11992	1.05394	1927
39	898030	819	431950	466080	100	60	2.53967	0.882977	39	38.8	0	12	2181	1.13196	1.07256	1927
40	604645	717	154214	450430	100	60	2.6657	0.882977	39	38.8	297690	12	2181	1.14648	1.08801	1927
41	612717	611	199135	413583	100	60	2.74001	0.882977	39	38.8	297690	12	2181	1.14458	1.0746	1927
42	629386	528	240086	389300	100	60	2.72842	0.882977	39	38.8	297690	12	2181	1.15683	1.06967	1927
43	680520	503	287697	392823	100	60	2.79111	0.882977	39	38.8	297690	12	2181	1.17526	1.08405	1927
44	670406	445	300605	369800	100	60	2.80518	0.882977	39	38.8	297690	12	2181	1.20717	1.10437	1927
45	660350	412	310846	349504	100	60	2.88497	0.882977	39	38.8	297690	12	2181	1.21076	1.1008	1927
46	636060	376	300401	325339	100	60	2.93138	0.882977	39	38.8	297690	12	2181	1.24165	1.10465	1927
47	607999	345	287367	303227	100	60	2.97894	0.882977	39	38.8	297690	12	2181	1.26239	1.13694	1927
48	581957	316	277399	287190	100	60	2.99551	0.882977	39	38.8	297690	12	2181	1.26349	1.11724	1927
49	558541	292	268882	272854	100	60	3.06826	0.882977	39	38.8	297690	12	2181	1.2766	1.10227	1927
50	513743	258	249330	249724	100	60	3.06783	0.882977	39	38.8	297690	12	2181	1.2915	1.11207	1927
51	475033	235	239395	235638	100	60	3.11773	0.882977	39	38.8	297690	12	2181	1.27232	1.11005	1927
52	261618	204	53139.1	208479	100	60	0.118557	0.882977	39	38.8	485804	12	2181	1.00384	0.925094	1927
53	419877	184	134628	285249	100	60	0.0812423	0.882977	39	38.8	485804	12	2181	1.00293	0.922311	1927
54	612624	160	229333	383291	100	60	0.0750779	0.882977	39	38.8	485804	12	2181	1.00291	0.928809	1927
55	527789	145	119182	408607	100	60	0.0786782	0.882977	39	38.8	485804	12	2181	1.0034	0.941081	1927
56	455376	131	69427.8	385949	100	60	0.0862301	0.882977	39	38.8	485804	12	2181	1.00344	0.952855	1927
57	431972	2513	55940.2	376032	100	60	1.32351	0.882977	39	38.8	485804	12	2181	1.00415	0.955338	1927
58	498604	2701	125488	373116	100	60	1.88622	0.882977	39	38.8	485804	12	2181	1.00523	0.952877	1927
59	629205	2464	207569	421636	100	60	2.21525	0.882977	39	38.8	485804	12	2181	1.00518	0.950126	1927
60	574949	2180	133629	441320	100	60	2.40476	0.882977	39	38.8	485804	12	2181	1.04227	1.00644	1927
61	628498	1646	207756	420158	100	60	1.29778	0.882977	39	38.8	0	12	2181	1.01946	0.950583	1927
62	694179	1310	269086	424387	100	60	1.02597	0.882977	39	38.8	0	12	2181	1.01325	0.943949	1927
63	757444	1047	319121	437301	100	60	0.899344	0.882977	39	38.8	0	12	2181	1.01133	0.938398	1927
64	833548	881	365953	466691	100	60	0.940233	0.882977	39	38.8	0	12	2181	1.01306	0.94199	1927
65	876406	784	392635	483023	100	60	1.02107	0.882977	39	38.8	0	12	2181	1.01624	0.945441	1927
66	882715	1409	403089	479626	100	60	1.93129	0.882977	39	38.8	0	12	2181	1.01964	0.953777	1927
67	891738	1337	414150	477587	100	60	2.1745	0.882977	39	38.8	0	12	2181	1.02398	0.958749	1927
68	877769	1227	413540	464229	100	60	2.36215	0.882977	39	38.8	0	12	2181	1.02766	0.962202	1927
69	865281	1050	412549	452731	100	60	2.40053	0.882977	39	38.8	0	12	2181	1.0331	0.965418	1927
70	629396	872	208289	421106	100	60	2.41462	0.882977	39	38.8	210394	12	2181	1.03978	0.966396	1927
71	630589	738	244477	386111	100	60	2.53304	0.882977	39	38.8	210394	12	2181	1.05164	0.973901	1927
72	637572	637	273291	364281	100	60	2.64233	0.882977	39	38.8	210394	12	2181	1.0576	0.982456	1927
73	632477	572	289486	342991	100	60	2.7319	0.882977	39	38.8	210394	12	2181	1.06349	0.982363	1927
74	608483	510	288687	319796	100	60	2.76279	0.882977	39	38.8	210394	12	2181	1.0786	0.992095	1927
75	585266	457	283220	302047	100	60	2.81479	0.882977	39	38.8	210394	12	2181	1.08031	0.986755	1927
76	437681	430	144455	291609	100	60	2.86827	0.882977	39	38.8	210394	12	2181	1.09534	1.00946	1927
77	345597	376	86474.9	257396	100	60	2.86856	0.882977	39	38.8	210394	12	2181	1.1075	1.03252	1927
78	362762	345	118663	237893	100	60	2.85062	0.882977	39	38.8	210394	12	2181	1.1326	1.06269	1927
79	379178	321	147721	224168	100	60	2.87261	0.882977	39	38.8	210394	12	2181	1.13636	1.07468	1927
80	386460	294	166669	213155	100	60	2.9165	0.882977	39	38.8	210394	12	2181	1.13712	1.07067	1927
81	374007	269	172728	201280	100	60	2.90747	0.882977	39	38.8	210394	12	2181	1.15242	1.09921	1927
82	255685	239	67291	188394	100	60	0.136102	0.882977	39	38.8	325765	12	2181	1.0036	0.975706	1927
83	400385	210	141052	259333	100	60	0.0965171	0.882977	39	38.8	325765	12	2181	1.00257	0.974125	1927
84	621143	180	244890	376253	100	60	0.0853431	0.882977	39	38.8	325765	12	2181	1.00218	0.974326	1927
85	694676	160	279191	415486	100	60	0.0863592	0.882977	39	38.8	325765	12	2181	1.00234	0.975635	1927
86	505132	150	117710	387422	100	60	0.0975568	0.882977	39	38.8	325765	12	2181	1.00271	0.977283	1927
87	509401	2369	157072	352328	100	60	1.21504	0.882977	39	38.8	325765	12	2181	1.00313	0.976482	1927
88	615315	2321	228216	387099	100	60	1.51167	0.882977	39	38.8	325765	12	2181	1.00408	0.977135	1927
89	702784	2041	285758	417026	100	60	1.84891	0.882977	39	38.8	325765	12	2181	1.00459	0.977983	1927
90	600179	1831	165374	434805	100	60	2.0368	0.882977	39	38.8	325765	12	2181	1.09287	1.11787	1927
91	657164	1471	241059	414625	100	60	1.29077	0.882977	39	38.8	0	12	2181	1.04478	1.02644	1927
92	734725	1258	304085	428713	100	60	1.11606	0.882977	39	38.8	0	12	2181	1.03098	1.00495	1927
93	781033	1040	345612	432967	100	60	1.00474	0.882977	39	38.8	0	12	2181	1.02378	0.998474	1927
94	837975	898	383382	452281	100	60	1.03601	0.882977	39	38.8	0	12	2181	1.02225	0.995042	1927
95	894144	835	415662	476523	100	60	1.13534	0.882977	39	38.8	0	12	2181	1.02389	0.992999	1927
96	901223	1396	422947	478276	100	60	1.89442	0.882977	39	38.8	0	12	2181	1.024	0.995037	1927
97	890947	1400	423191	467757	100	60	2.18301	0.882977	39	38.8	0	12	2181	1.02532	0.998695	1927
98	885586	1298	426199	459388	100	60	2.28698	0.882977	39	38.8	0	12	2181	1.0315	1.00782	1927
99	824757	1039	402186	422571	100	60	2.28437	0.882977	39	38.8	0	12	2181	1.03439	1.01173	1927
100	628993	868	233956	395038	100	60	2.29634	0.882977	39	38.8	170828	12	2181	1.04273	1.02217	1927
101	630510	749	263550	366959	100	60	2.39362	0.882977	39	38.8	170828	12	2181	1.04839	1.02578	1927
102	484771	662	141093	343678	100	60	2.45077	0.882977	39	38.8	170828	12	2181	1.06892	1.05538	1927
103	491179	583	179144	312035	100	60	2.49789	0.882977	39	38.8	170828	12	2181	1.07649	1.05769	1927
104	501522	511	213623	287898	100	60	2.51946	0.882977	39	38.8	170828	12	2181	1.10774	1.08748	1927
105	496317	453	229839	266478	100	60	2.53471	0.882977	39	38.8	170828	12	2181	1.11262	1.09339	1927
106	493074	414	233715	251042	100	60	2.5904	0.882977	39	38.8	170828	12	2181	1.12667	1.10697	1927
107	481272	383	230692	237040	100	60	2.62408	0.882977	39	38.8	170828	12	2181	1.13648	1.11475	1927
108	476205	355	231578	230703	100	60	2.66308	0.882977	39	38.8	170828	12	2181	1.1355	1.11209	1927
109	456941	329	224271	219012	100	60	2.71467	0.882977	39	38.8	170828	12	2181	1.12166	1.08013	1927
110	429364	298	212721	204124	100	60	2.71079	0.882977	39	38.8	170828	12	2181	1.12052	1.07018	1927
111	389935	267	199920	190015	100	60	2.68993	0.882977	39	38.8	170828	12	2181	1.13768	1.09091	1927
112	252591	241	76330.3	176261	100	60	0.0984194	0.882977	39	38.8	293519	12	2181	1.00231	0.988664	1927
113	469436	216	175361	294075	100	60	0.0767624	0.882977	39	38.8	293519	12	2181	1.00181	0.988867	1927
114	621666	187	244606	377060	100	60	0.0704997	0.882977	38	38.8	293519	12	2181	1.00209	0.989543	1927
115	619619	169	250738	368882	100	60	0.0762978	0.882977	38	38.8	293519	12	2181	1.00217	0.99129	1927
116	562947	144	236502	326444	100	60	0.0794454	0.882977	38	38.8	293519	12	2181	1.0026	0.991928	1927
117	628566	2376	275781	352785	100	60	1.15815	0.882977	38	38.8	293519	12	2181	1.00379	0.991254	1927
118	727206	2224	325023	402183	100	60	1.40823	0.882977	38	38.8	293519	12	2181	1.00505	0.991946	1927
119	589897	1981	163396	426502	100	60	1.77284	0.882977	38	38.8	293519	12	2181	1.00775	0.993366	1927
120	526834	1799	112024	414810	100	60	1.95285	0.882977	34	38.8	293519	12	2181	1.07196	1.10694	1927
121	584349	1445	191611	391488	100	60	0.832182	0.882977	39	38.8	0	12	2181	1.0219	1.00869	1927
122	698446	1232	271119	426056	100	60	0.694094	0.882977	39	38.8	0	12	2181	1.01471	0.999617	1927
123	792933	1021	334482	456440	100	60	0.644054	0.882977	39	38.8	0	12	2181	1.01123	0.994858	1927
124	855379	854	374092	479520	100	60	0.671315	0.882977	39	38.8	0	12	2181	1.01038	0.993844	1927
125	858225	744	385068	471713	100	60	0.735243	0.882977	39	38.8	0	12	2181	1.01127	0.993673	1927
126	628081	1515	176057	452023	100	60	1.55408	0.882977	39	38.8	0	12	2181	1.01535	0.99909	1927
127	665356	1469	236443	428913	100	60	1.74535	0.882977	39	38.8	0	12	2181	1.01626	0.99881	1927
128	718465	1393	293990	424476	100	60	2.02011	0.882977	39	38.8	0	12	2181	1.0181	1.00072	1927
129	735932	1140	326120	409812	100	60	2.10273	0.882977	39	38.8	0	12	2181	1.02566	1.00973	1927
130	647195	978	249379	397816	100	60	2.18153	0.882977	39	38.8	108459	12	2181	1.0348	1.02167	1927
131	500628	817	134972	365656	100	60	2.2217	0.882977	39	38.8	108459	12	2181	1.04401	1.03218	1927
132	513446	715	180610	332836	100	60	2.27356	0.882977	39	38.8	108459	12	2181	1.04579	1.0297	1927
133	532693	638	222510	310183	100	60	2.34046	0.882977	39	38.8	108459	12	2181	1.06005	1.04286	1927
134	526711	561	242573	284138	100	60	2.3733	0.882977	39	38.8	108459	12	2181	1.0814	1.06341	1927
135	402493	512	126464	276029	100	60	2.47483	0.882977	39	38.8	108459	12	2181	1.09727	1.06972	1927
136	430759	476	163194	260871	100	60	2.56473	0.882977	39	38.8	108459	12	2181	1.11262	1.07742	1927
137	431844	421	186616	235498	100	60	2.62987	0.882977	39	38.8	108459	12	2181	1.10204	1.0709	1927
138	428024	379	200577	215702	100	60	2.67182	0.882977	39	38.8	108459	12	2181	1.09744	1.05707	1927
139	420219	349	204501	203961	100	60	2.70469	0.882977	39	38.8	108459	12	2181	1.10256	1.0597	1927
140	415642	326	206581	198126	100	60	2.73305	0.882977	39	38.8	108459	12	2181	1.09509	1.04777	1927
141	290070	303	101842	188228	100	60	2.71526	0.882977	39	38.8	108459	12	2181	1.10631	1.05479	1927
142	242298	256	78533.2	163765	100	60	0.0943458	0.882977	39	38.8	154116	12	2181	1.00144	0.982553	1927
143	459924	231	174718	285206	100	60	0.080433	0.882977	39	38.8	154116	12	2181	1.00138	0.982279	1927
144	623782	198	247797	375985	100	60	0.0729361	0.882977	39	38.8	154116	12	2181	1.00164	0.982674	1927
145	621722	169	254146	367577	100	60	0.0746956	0.882977	38	38.8	154116	12	2181	1.00174	0.981163	1927
146	561987	135	238199	323788	100	60	0.0723133	0.882977	38	38.8	154116	12	2181	1.00144	0.98008	1927
147	619921	2573	273881	346040	100	60	1.1794	0.882977	38	38.8	154116	12	2181	1.00217	0.979505	1927
148	549032	2326	147712	401320	100	60	1.35635	0.882977	38	38.8	154116	12	2181	1.00289	0.980976	1927
149	600532	2058	206340	394192	100	60	1.72412	0.882977	38	38.8	154116	12	2181	1.0043	0.984589	1927
150	550966	1888	136007	414958	100	60	1.91753	0.882977	36	38.8	154116	12	2181	1.06832	1.09395	1927
151	620845	1531	218691	400796	100	60	0.934046	0.882977	39	38.8	0	12	2181	1.02477	1.00783	1927
152	691049	1225	279394	410129	100	60	0.741979	0.882977	39	38.8	0	12	2181	1.01628	0.996105	1927
153	766769	991	332903	431976	100	60	0.651165	0.882977	39	38.8	0	12	2181	1.00975	0.989631	1927
154	643584	833	181889	461149	100	60	0.675113	0.882977	39	38.8	0	12	2181	1.01076	0.988539	1927
155	698113	764	246131	451563	100	60	0.7644	0.882977	39	38.8	0	12	2181	1.01327	0.990692	1927
156	762631	1679	308912	453719	100	60	1.59262	0.882977	39	38.8	0	12	2181	1.01572	0.993522	1927
157	776084	1526	339181	436902	100	60	1.7213	0.882977	39	38.8	0	12	2181	1.01766	0.995538	1927
158	600945	1443	173695	427251	100	60	1.96964	0.882977	39	38.8	0	12	2181	1.02099	0.997211	1927
159	626711	1182	228544	398167	100	60	2.01359	0.882977	39	38.8	0	12	2181	1.02545	1.00511	1927
160	525508	1030	132908	392600	100	60	2.09515	0.882977	39	38.8	4344.95	12	2181	1.03276	1.01174	1927
161	561382	911	193252	368129	100	60	2.25522	0.882977	39	38.8	4344.95	12	2181	1.03977	1.01659	1927
162	620257	843	255338	364919	100	60	2.33271	0.882977	39	38.8	4344.95	12	2181	1.0514	1.02994	1927
163	643694	758	291157	352537	100	60	2.4222	0.882977	39	38.8	4344.95	12	2181	1.05721	1.028	1927
164	626964	669	299652	327311	100	60	2.46947	0.882977	39	38.8	4344.95	12	2181	1.08235	1.04566	1927
165	575079	566	284351	290729	100	60	2.50149	0.882977	39	38.8	4344.95	12	2181	1.09164	1.05045	1927
166	581494	531	287960	284282	100	60	2.51392	0.882977	39	38.8	4344.95	12	2181	1.09639	1.05747	1927
167	562089	489	277821	268508	100	60	2.4902	0.882977	39	38.8	4344.95	12	2181	1.11909	1.09244	1927
168	534141	443	265983	252824	100	60	2.53522	0.882977	39	38.8	4344.95	12	2181	1.11181	1.07907	1927
169	525938	423	263256	247465	100	60	2.57782	0.882977	39	38.8	4344.95	12	2181	1.10222	1.06388	1927
170	487699	378	245779	228093	100	60	2.57659	0.882977	39	38.8	4344.95	12	2181	1.10422	1.05707	1927
171	452790	359	235517	217273	100	60	2.57234	0.882977	39	38.8	4344.95	12	2181	1.1	1.06017	1927
172	303568	326	103165	200402	100	60	0.130239	0.882977	39	38.8	130944	12	2181	1.00237	0.986955	1927
173	515333	307	202563	312771	100	60	0.107091	0.882977	39	38.8	130944	12	2181	1.00221	0.985996	1927
174	656773	271	268549	388224	100	60	0.101095	0.882977	39	38.8	130944	12	2181	1.00219	0.986744	1927
175	658135	239	275509	382626	100	60	0.106215	0.882977	38	38.8	130944	12	2181	1.00197	0.99029	1927
176	624931	224	271045	353886	100	60	0.118501	0.882977	38	38.8	130944	12	2181	1.00248	0.991779	1927
177	643000	2298	287848	355151	100	60	1.11735	0.882977	38	38.8	130944	12	2181	1.00382	0.992458	1927
178	722396	2213	328485	393911	100	60	1.34576	0.882977	38	38.8	130944	12	2181	1.00583	0.994987	1927
179	768823	1984	352155	416668	100	60	1.65554	0.882977	38	38.8	130944	12	2181	1.0077	0.99236	1927
180	611433	1838	184990	426443	100	60	1.84904	0.882977	36	38.8	130944	12	2181	1.0784	1.11948	1927
181	651027	1466	251326	399051	100	60	0.904768	0.882977	39	38.8	0	12	2181	1.02736	1.01322	1927
182	717961	1194	304568	412376	100	60	0.71315	0.882977	39	38.8	0	12	2181	1.01663	1.00099	1927
183	803310	1011	357133	445086	100	60	0.644927	0.882977	39	38.8	0	12	2181	1.01151	0.993214	1927
184	854289	857	386091	467233	100	60	0.655023	0.882977	39	38.8	0	12	2181	1.01125	0.993676	1927
185	856552	762	392262	463435	100	60	0.707135	0.882977	39	38.8	0	12	2181	1.01153	0.994228	1927
186	623904	1586	178147	445757	100	60	1.51543	0.882977	39	38.8	0	12	2181	1.01491	0.996193	1927
187	678226	1503	243980	434246	100	60	1.69165	0.882977	39	38.8	0	12	2181	1.01765	1	1927
188	737566	1472	303711	433855	100	60	2.03862	0.882977	39	38.8	0	12	2181	1.02351	1.0048	1927
189	773105	1244	344107	428999	100	60	2.11983	0.882977	39	38.8	0	12	2181	1.02505	1.00731	1927
190	676611	1085	254880	421730	100	60	2.21067	0.882977	39	38.8	122972	12	2181	1.02805	1.00652	1927
191	673719	928	284975	388744	100	60	2.29398	0.882977	39	38.8	122972	12	2181	1.03401	1.01309	1927
192	657598	795	298842	358756	100	60	2.33172	0.882977	39	38.8	122972	12	2181	1.03868	1.01527	1927
193	635445	684	301675	333770	100	60	2.41628	0.882977	39	38.8	122972	12	2181	1.04893	1.02219	1927
194	624696	624	305484	319211	100	60	2.4606	0.882977	39	38.8	122972	12	2181	1.05413	1.0276	1927
195	633823	597	314595	319228	100	60	2.52236	0.882977	39	38.8	122972	12	2181	1.06314	1.03226	1927
196	575962	513	283976	282632	100	60	2.5695	0.882977	39	38.8	122972	12	2181	1.06878	1.02953	1927
197	408821	473	139525	265867	100	60	2.566	0.882977	39	38.8	122972	12	2181	1.08171	1.04721	1927
198	426755	436	169902	248187	100	60	2.63849	0.882977	39	38.8	122972	12	2181	1.08553	1.05189	1927
199	410973	374	180810	220113	100	60	2.63138	0.882977	39	38.8	122972	12	2181	1.09231	1.05785	1927
200	398148	332	187167	202040	100	60	2.59221	0.882977	39	38.8	122972	12	2181	1.10482	1.06542	1927
201	370381	295	184872	185509	100	60	2.60778	0.882977	39	38.8	122972	12	2181	1.11182	1.06316	1927
202	251437	285	67308.7	184128	100	60	0.124131	0.882977	39	38.8	151647	12	2181	1.00234	0.991756	1927
203	366432	262	80750.2	285682	100	60	0.0963576	0.882977	39	38.8	151647	12	2181	1.00195	0.990966	1927
204	563284	233	175228	388056	100	60	0.0833136	0.882977	39	38.8	151647	12	2181	1.002	0.99033	1927
205	503580	194	100847	402733	100	60	0.0808454	0.882977	39	38.8	151647	12	2181	1.00193	0.99146	1927
206	467630	148	131359	336272	100	60	0.0786828	0.882977	39	38.8	151647	12	2181	1.00231	0.992895	1927
207	519393	2515	183992	335400	100	60	1.06834	0.882977	39	38.8	151647	12	2181	1.00271	0.993214	1927
208	635724	2462	254705	381019	100	60	1.42227	0.882977	39	38.8	151647	12	2181	1.00377	0.994992	1927
209	723141	2292	305993	417149	100	60	1.71885	0.882977	39	38.8	151647	12	2181	1.00458	0.99512	1927
210	588847	1993	166708	422139	100	60	1.91567	0.882977	35	38.8	151647	12	2181	1.0599	1.08757	1927
211	658522	1612	246463	410921	100	60	1.09017	0.882977	39	38.8	0	12	2181	1.02416	1.01664	1927
212	559206	1293	144420	414207	100	60	0.898282	0.882977	39	38.8	0	12	2181	1.01654	1.00595	1927
213	654680	1094	230283	423110	100	60	0.75971	0.882977	39	38.8	0	12	2181	1.01146	1.00017	1927
214	604755	945	150221	454187	100	60	0.804559	0.882977	39	38.8	0	12	2181	1.01119	0.998523	1927
215	670339	843	224169	445840	100	60	0.886252	0.882977	39	38.8	0	12	2181	1.01362	1.00029	1927
216	734185	1583	290313	443872	100	60	1.66078	0.882977	39	38.8	0	12	2181	1.01498	0.999603	1927
217	766585	1449	331151	435434	100	60	1.78696	0.882977	39	38.8	0	12	2181	1.01634	1.00263	1927
218	796486	1499	362880	433606	100	60	2.13946	0.882977	39	38.8	0	12	2181	1.01911	1.00538	1927
219	806893	1242	382179	424714	100	60	2.15229	0.882977	39	38.8	0	12	2181	1.0227	1.00972	1927
220	671413	1057	264346	407066	100	60	2.19066	0.882977	39	38.8	136983	12	2181	1.02826	1.01994	1927
221	689876	942	300985	388891	100	60	2.24108	0.882977	39	38.8	136983	12	2181	1.03535	1.02766	1927
222	695370	841	323942	371427	100	60	2.29917	0.882977	39	38.8	136983	12	2181	1.04696	1.03567	1927
223	675871	746	328299	347573	100	60	2.3797	0.882977	39	38.8	136983	12	2181	1.06188	1.04698	1927
224	646305	663	321550	324754	100	60	2.43523	0.882977	39	38.8	136983	12	2181	1.07812	1.06677	1927
225	636873	616	321847	315026	100	60	2.43205	0.882977	39	38.8	136983	12	2181	1.10473	1.09165	1927
226	596144	544	299612	287027	100	60	2.45645	0.882977	39	38.8	136983	12	2181	1.134	1.11567	1927
227	539522	461	268858	254838	100	60	2.5159	0.882977	39	38.8	136983	12	2181	1.1227	1.10222	1927
228	537471	436	268595	252737	100	60	2.536	0.882977	39	38.8	136983	12	2181	1.12418	1.10165	1927
229	505528	389	253715	236459	100	60	2.57503	0.882977	39	38.8	136983	12	2181	1.11548	1.08753	1927
230	454046	353	228616	212205	100	60	2.62795	0.882977	39	38.8	136983	12	2181	1.12181	1.09309	1927
231	405833	319	210823	195009	100	60	2.60913	0.882977	39	38.8	136983	12	2181	1.12303	1.10403	1927
232	270371	286	89797.7	180574	100	60	0.112041	0.882977	39	38.8	254520	12	2181	1.00232	0.984609	1927
233	475955	252	183744	292210	100	60	0.087898	0.882977	39	38.8	254520	12	2181	1.00188	0.983984	1927
234	651786	233	261890	389895	100	60	0.0850643	0.882977	39	38.8	254520	12	2181	1.00165	0.985307	1927
235	669666	223	276098	393569	100	60	0.0956912	0.882977	39	38.8	254520	12	2181	1.00198	0.987985	1927
236	612637	198	262770	349867	100	60	0.103111	0.882977	39	38.8	254520	12	2181	1.00229	0.988638	1927
237	651522	2617	290570	360952	100	60	1.2238	0.882977	39	38.8	254520	12	2181	1.00383	0.990707	1927
238	725320	2313	328983	396337	100	60	1.37841	0.882977	39	38.8	254520	12	2181	1.00474	0.992128	1927
239	768865	1989	352675	416190	100	60	1.69681	0.882977	39	38.8	254520	12	2181	1.00851	0.993682	1927
240	591440	1798	179265	412176	100	60	1.88964	0.882977	38	38.8	254520	12	2181	1.08996	1.12772	1927
241	656266	1449	254594	401255	100	60	0.897314	0.882977	39	38.8	0	12	2181	1.03015	1.01053	1927
242	569778	1205	148722	420807	100	60	0.734801	0.882977	39	38.8	0	12	2181	1.01922	0.997094	1927
243	555297	1025	115876	439339	100	60	0.604109	0.882977	39	38.8	0	12	2181	1.0116	0.987113	1927
244	656071	857	201012	454771	100	60	0.61137	0.882977	39	38.8	0	12	2181	1.01142	0.988159	1927
245	722336	783	267092	454967	100	60	0.687653	0.882977	39	38.8	0	12	2181	1.01336	0.991774	1927
246	742566	1638	304660	437906	100	60	1.47198	0.882977	39	38.8	0	12	2181	1.01749	0.995307	1927
247	759505	1571	333706	425799	100	60	1.67011	0.882977	39	38.8	0	12	2181	1.02012	0.997959	1927
248	770913	1481	353487	417426	100	60	1.97542	0.882977	39	38.8	0	12	2181	1.02703	1.0034	1927
249	578964	1228	175604	403359	100	60	2.04241	0.882977	39	38.8	0	12	2181	1.02853	1.00493	1927
250	611909	1099	211403	400506	100	60	2.17053	0.882977	39	38.8	30425	12	2181	1.03409	1.00643	1927
251	517782	983	131271	386511	100	60	2.31096	0.882977	39	38.8	30425	12	2181	1.04006	1.01027	1927
252	528883	842	182986	345897	100	60	2.36635	0.882977	39	38.8	30425	12	2181	1.04991	1.01675	1927
253	573304	765	237548	335756	100	60	2.43871	0.882977	39	38.8	30425	12	2181	1.05309	1.01708	1927
254	589717	690	268049	321668	100	60	2.4982	0.882977	39	38.8	30425	12	2181	1.06148	1.02339	1927
255	579158	615	276794	302364	100	60	2.57151	0.882977	39	38.8	30425	12	2181	1.06891	1.0346	1927
256	559948	546	269978	280420	100	60	2.59317	0.882977	39	38.8	30425	12	2181	1.0755	1.03519	1927
257	526604	473	255358	255457	100	60	2.60611	0.882977	39	38.8	30425	12	2181	1.07708	1.03212	1927
258	489587	418	241046	233300	100	60	2.59502	0.882977	39	38.8	30425	12	2181	1.07572	1.03163	1927
259	472341	376	235804	221523	100	60	2.63128	0.882977	39	38.8	30425	12	2181	1.06767	1.02439	1927
260	459380	352	231230	214195	100	60	2.6557	0.882977	39	38.8	30425	12	2181	1.0593	1.02326	1927
261	400276	302	209405	190872	100	60	2.68373	0.882977	39	38.8	30425	12	2181	1.06013	1.01351	1927
262	246967	262	74609.4	172358	100	60	0.102556	0.882977	39	38.8	161345	12	2181	1.00111	0.989234	1927
263	462406	239	175168	287238	100	60	0.0815038	0.882977	39	38.8	161345	12	2181	1.00121	0.988234	1927
264	633925	223	252548	381376	100	60	0.0805496	0.882977	39	38.8	161345	12	2181	1.00133	0.988888	1927
265	642936	211	264060	378875	100	60	0.0902009	0.882977	39	38.8	161345	12	2181	1.0016	0.992016	1927
266	458453	184	109775	348678	100	60	0.0943876	0.882977	39	38.8	161345	12	2181	1.00144	0.992686	1927
267	415358	2618	69532	345826	100	60	1.17812	0.882977	39	38.8	161345	12	2181	1.00184	0.993128	1927
268	494840	2506	139211	355629	100	60	1.54325	0.882977	39	38.8	161345	12	2181	1.00311	0.994305	1927
269	612290	2268	214509	397780	100	60	1.81532	0.882977	39	38.8	161345	12	2181	1.00406	0.993992	1927
270	554846	2054	135558	419287	100	60	2.03512	0.882977	36	38.8	161345	12	2181	1.06082	1.08256	1927
271	624704	1646	215848	408405	100	60	0.919597	0.882977	39	38.8	0	12	2181	1.01818	1.00759	1927
272	712853	1353	281883	430507	100	60	0.731072	0.882977	39	38.8	0	12	2181	1.01039	0.997437	1927
273	800096	1100	340122	459392	100	60	0.656786	0.882977	39	38.8	0	12	2181	1.00785	0.995581	1927
274	666284	925	184470	481679	100	60	0.679788	0.882977	39	38.8	0	12	2181	1.00881	0.995804	1927
275	724408	826	251445	472882	100	60	0.719747	0.882977	39	38.8	0	12	2181	1.00943	0.998209	1927
276	756383	1749	300052	456331	100	60	1.51863	0.882977	39	38.8	0	12	2181	1.0131	1.00541	1927
277	809953	1695	349941	460012	100	60	1.73088	0.882977	39	38.8	0	12	2181	1.01723	1.01077	1927
278	825432	1575	373956	451476	100	60	1.96882	0.882977	39	38.8	0	12	2181	1.02148	1.01675	1927
279	816708	1277	383488	433221	100	60	2.02651	0.882977	39	38.8	0	12	2181	1.02449	1.01749	1927
280	669108	1073	255861	413248	100	60	2.13607	0.882977	39	38.8	141841	12	2181	1.03147	1.02363	1927
281	700884	964	299496	401387	100	60	2.23887	0.882977	39	38.8	141841	12	2181	1.03435	1.01996	1927
282	683468	823	313132	370336	100	60	2.26835	0.882977	39	38.8	141841	12	2181	1.03731	1.02346	1927
283	684045	740	326906	357139	100	60	2.32434	0.882977	39	38.8	141841	12	2181	1.05699	1.04121	1927
284	668950	670	328470	340480	100	60	2.40053	0.882977	39	38.8	141841	12	2181	1.0681	1.04848	1927
285	631313	595	315545	315769	100	60	2.45043	0.882977	39	38.8	141841	12	2181	1.07467	1.04786	1927
286	611694	547	303889	297354	100	60	2.49042	0.882977	39	38.8	141841	12	2181	1.07377	1.04806	1927
287	422260	491	144836	273688	100	60	2.56525	0.882977	39	38.8	141841	12	2181	1.0781	1.04948	1927
288	463763	472	185853	267918	100	60	2.57178	0.882977	39	38.8	141841	12	2181	1.09073	1.06034	1927
289	450711	414	201431	238050	100	60	2.6079	0.882977	39	38.8	141841	12	2181	1.08159	1.04198	1927
290	442823	380	210999	221625	100	60	2.60086	0.882977	39	38.8	141841	12	2181	1.08418	1.03743	1927
291	410008	343	205627	204380	100	60	2.60969	0.882977	39	38.8	141841	12	2181	1.09483	1.04464	1927
292	289906	327	91631.2	198275	100	60	0.137405	0.882977	39	38.8	263443	12	2181	1.00259	0.994047	1927
293	482914	301	184073	298841	100	60	0.109057	0.882977	39	38.8	263443	12	2181	1.0021	0.993656	1927
294	673545	285	272217	401328	100	60	0.10803	0.882977	39	38.8	263443	12	2181	1.00213	0.993402	1927
295	532766	260	127567	405199	100	60	0.117792	0.882977	39	38.8	263443	12	2181	1.00233	0.994611	1927
296	508931	230	151753	357177	100	60	0.12617	0.882977	39	38.8	263443	12	2181	1.00228	0.994661	1927
297	566577	2450	205654	360922	100	60	1.14724	0.882977	39	38.8	263443	12	2181	1.0029	0.994735	1927
298	643634	2291	262666	380968	100	60	1.39765	0.882977	39	38.8	263443	12	2181	1.00389	0.99568	1927
299	698668	1997	301174	397494	100	60	1.64828	0.882977	39	38.8	263443	12	2181	1.00591	0.997406	1927
300	555252	1750	160551	394701	100	60	1.80125	0.882977	33	38.8	263443	12	2181	1.08621	1.13295	1927
301	607491	1414	232478	374841	100	60	0.909466	0.882977	39	38.8	0	12	2181	1.02793	1.01913	1927
302	518469	1148	137035	381386	100	60	0.719749	0.882977	39	38.8	0	12	2181	1.01703	1.00629	1927
303	640555	984	229948	410477	100	60	0.588463	0.882977	39	38.8	0	12	2181	1.01022	0.997989	1927
304	741772	818	301852	439823	100	60	0.591621	0.882977	39	38.8	0	12	2181	1.00963	0.996463	1927
305	789129	751	340681	448366	100	60	0.675575	0.882977	39	38.8	0	12	2181	1.01204	0.995791	1927
306	812553	1715	365066	447487	100	60	1.48714	0.882977	39	38.8	0	12	2181	1.01357	0.997121	1927
307	832011	1636	384729	447282	100	60	1.66444	0.882977	39	38.8	0	12	2181	1.01648	1	1927
308	631653	1575	190158	441494	100	60	1.91685	0.882977	39	38.8	0	12	2181	1.02018	1.00128	1927
309	668041	1306	251482	416559	100	60	1.96454	0.882977	39	38.8	0	12	2181	1.02201	1.00538	1927
310	647675	1115	244598	403077	100	60	2.07268	0.882977	39	38.8	65869.4	12	2181	1.02423	1.00629	1927
311	694914	1006	297682	397232	100	60	2.20211	0.882977	39	38.8	65869.4	12	2181	1.03474	1.02193	1927
312	683818	866	314532	369286	100	60	2.28406	0.882977	39	38.8	65869.4	12	2181	1.03448	1.02668	1927
313	669234	759	321490	347744	100	60	2.33114	0.882977	39	38.8	65869.4	12	2181	1.04516	1.03567	1927
314	659546	694	326138	333408	100	60	2.37035	0.882977	39	38.8	65869.4	12	2181	1.05495	1.05507	1927
315	475079	633	159130	315949	100	60	2.42411	0.882977	39	38.8	65869.4	12	2181	1.05548	1.05591	1927
316	507799	586	200619	298521	100	60	2.47709	0.882977	39	38.8	65869.4	12	2181	1.0528	1.0519	1927
317	513805	534	227401	273380	100	60	2.47849	0.882977	39	38.8	65869.4	12	2181	1.04957	1.04175	1927
318	380307	478	123063	253807	100	60	2.51094	0.882977	39	38.8	65869.4	12	2181	1.05078	1.0444	1927
319	379033	415	147265	223788	100	60	2.53697	0.882977	39	38.8	65869.4	12	2181	1.053	1.05147	1927
320	386404	376	172345	206828	100	60	2.54962	0.882977	39	38.8	65869.4	12	2181	1.04337	1.04054	1927
321	375248	340	182424	192823	100	60	2.56657	0.882977	39	38.8	65869.4	12	2181	1.05382	1.05405	1927
322	272489	308	92919.9	179569	100	60	0.141906	0.882977	39	38.8	164868	12	2181	1.00155	0.999366	1927
323	442183	281	173497	268686	100	60	0.111011	0.882977	39	38.8	164868	12	2181	1.00144	0.999251	1927
324	641227	255	265377	375850	100	60	0.105395	0.882977	39	38.8	164868	12	2181	1.00168	0.998997	1927
325	527261	221	132264	394996	100	60	0.105452	0.882977	39	38.8	164868	12	2181	1.00159	0.998541	1927
326	508486	216	153715	354771	100	60	0.124462	0.882977	39	38.8	164868	12	2181	1.00188	0.998959	1927
327	549969	2338	202639	347330	100	60	1.0977	0.882977	39	38.8	164868	12	2181	1.00212	0.998815	1927
328	648481	2186	266235	382246	100	60	1.34678	0.882977	39	38.8	164868	12	2181	1.00243	1	1927
329	712883	1890	309485	403398	100	60	1.57743	0.882977	39	38.8	164868	12	2181	1.00403	1.00136	1927
330	504739	1797	81983.3	422755	100	60	1.76864	0.882977	38	38.8	164868	12	2181	1.09673	1.15466	1927
331	511569	1404	144462	366895	100	60	0.903849	0.882977	39	38.8	0	12	2181	1.03236	1.02967	1927
332	474256	1165	105707	368501	100	60	0.764456	0.882977	39	38.8	0	12	2181	1.01794	1.01311	1927
333	485501	1022	95145.9	390333	100	60	0.69272	0.882977	39	38.8	0	12	2181	1.01224	1.00622	1927
334	604963	895	187845	416923	100	60	0.722672	0.882977	39	38.8	0	12	2181	1.01197	1.00444	1927
335	714991	814	273183	441621	100	60	0.799786	0.882977	39	38.8	0	12	2181	1.01391	1.00514	1927
336	793676	1758	333575	460101	100	60	1.60433	0.882977	39	38.8	0	12	2181	1.01519	1.00442	1927
337	825938	1744	367632	458306	100	60	1.79178	0.882977	39	38.8	0	12	2181	1.01609	1.00492	1927
338	830342	1609	384864	445478	100	60	1.93328	0.882977	39	38.8	0	12	2181	1.01576	1.00499	1927
339	828922	1339	395283	433639	100	60	1.94108	0.882977	39	38.8	0	12	2181	1.01737	1.0075	1927
340	699089	1118	287757	411332	100	60	2.01109	0.882977	39	38.8	114074	12	2181	1.02601	1.01975	1927
341	535127	969	152321	382806	100	60	2.09211	0.882977	39	38.8	114074	12	2181	1.03044	1.02479	1927
342	447628	850	99322.9	348305	100	60	2.13327	0.882977	39	38.8	114074	12	2181	1.03351	1.027	1927
343	468223	749	152912	315311	100	60	2.21475	0.882977	39	38.8	114074	12	2181	1.04599	1.03862	1927
344	498462	673	204454	294008	100	60	2.25326	0.882977	39	38.8	114074	12	2181	1.0516	1.04593	1927
345	518606	614	237504	281102	100	60	2.32266	0.882977	39	38.8	114074	12	2181	1.05807	1.05212	1927
346	493932	534	235152	249705	100	60	2.34757	0.882977	39	38.8	114074	12	2181	1.07288	1.06379	1927
347	464585	462	224757	225479	100	60	2.4117	0.882977	39	38.8	114074	12	2181	1.07646	1.06318	1927
348	439726	407	218339	207123	100	60	2.40494	0.882977	39	38.8	114074	12	2181	1.06452	1.04691	1927
349	408102	353	205771	188973	100	60	2.45547	0.882977	39	38.8	114074	12	2181	1.04	1.02299	1927
350	402304	334	204645	185045	100	60	2.48351	0.882977	39	38.8	114074	12	2181	1.04	1.02744	1927
351	358624	300	190270	168354	100	60	2.48805	0.882977	39	38.8	114074	12	2181	1.03859	1.02721	1927
352	257245	289	89669.6	167575	100	60	0.104064	0.882977	39	38.8	218163	12	2181	1.00085	0.998566	1927
353	492881	271	195485	297395	100	60	0.0899243	0.882977	39	38.8	218163	12	2181	1.00086	0.998233	1927
354	493810	234	123620	370189	100	60	0.0829038	0.882977	39	38.8	218163	12	2181	1.00111	0.998663	1927
355	505193	212	152668	352525	100	60	0.0772925	0.882977	38	38.8	218163	12	2181	1.00082	0.998673	1927
356	512752	176	181586	331166	100	60	0.0794659	0.882977	38	38.8	218163	12	2181	1.00064	0.999357	1927
357	598081	2563	240415	357666	100	60	1.003	0.882977	38	38.8	218163	12	2181	1.0012	1	1927
358	672600	2352	285876	386723	100	60	1.24782	0.882977	38	38.8	218163	12	2181	1.00219	1.00158	1927
359	711556	1912	313899	397657	100	60	1.44852	0.882977	38	38.8	218163	12	2181	1.00285	1.004	1927
360	601270	1949	177116	424154	100	60	1.7446	0.882977	34	38.8	218163	12	2181	1.07448	1.12905	1927
361	655482	1549	252229	402891	100	60	0.920126	0.882977	39	38.8	0	12	2181	1.02744	1.02767	1927
362	725923	1272	310593	414801	100	60	0.740704	0.882977	39	38.8	0	12	2181	1.01629	1.01362	1927
363	807125	1074	363926	442612	100	60	0.681917	0.882977	39	38.8	0	12	2181	1.01067	1.008	1927
364	841664	890	386456	454612	100	60	0.695031	0.882977	39	38.8	0	12	2181	1.01033	1.00599	1927
365	856745	812	399820	456355	100	60	0.7774	0.882977	39	38.8	0	12	2181	1.0106	1.00608	1927
366	843974	1567	400571	443403	100	60	1.49169	0.882977	39	38.8	0	12	2181	1.01289	1.00683	1927
367	824231	1528	395258	428973	100	60	1.67416	0.882977	39	38.8	0	12	2181	1.01311	1.0101	1927
368	814566	1431	395669	418897	100	60	1.91245	0.882977	39	38.8	0	12	2181	1.01534	1.01195	1927
369	789520	1173	387863	401657	100	60	1.96189	0.882977	39	38.8	0	12	2181	1.01868	1.01887	1927
370	618109	985	245924	372185	100	60	2.07966	0.882977	39	38.8	143243	12	2181	1.02822	1.02749	1927
371	603253	830	265471	337782	100	60	2.16612	0.882977	39	38.8	143243	12	2181	1.02834	1.02413	1927
372	592437	718	278591	313846	100	60	2.21588	0.882977	39	38.8	143243	12	2181	1.03403	1.02937	1927
373	570952	621	280305	290647	100	60	2.21762	0.882977	39	38.8	143243	12	2181	1.04922	1.05024	1927
374	557291	564	280015	277275	100	60	2.25582	0.882977	39	38.8	143243	12	2181	1.06994	1.06989	1927
375	544357	529	278057	266299	100	60	2.30299	0.882977	39	38.8	143243	12	2181	1.07692	1.07294	1927
376	519676	483	263243	247116	100	60	2.31636	0.882977	39	38.8	143243	12	2181	1.07847	1.07741	1927
377	483501	425	242300	226053	100	60	2.38057	0.882977	39	38.8	143243	12	2181	1.08369	1.07876	1927
378	459831	388	231541	213402	100	60	2.45477	0.882977	39	38.8	143243	12	2181	1.07246	1.06332	1927
379	434291	355	220492	199562	100	60	2.45796	0.882977	39	38.8	143243	12	2181	1.06878	1.05764	1927
380	413192	327	210919	189114	100	60	2.48664	0.882977	39	38.8	143243	12	2181	1.06358	1.04389	1927
381	381163	305	201500	179664	100	60	2.51301	0.882977	39	38.8	143243	12	2181	1.0528	1.04054	1927
382	255301	282	84245.8	171055	100	60	0.103803	0.882977	39	38.8	259425	12	2181	1.00123	0.997532	1927
383	475054	242	184046	291008	100	60	0.0802413	0.882977	39	38.8	259425	12	2181	1.00125	0.997592	1927
384	619545	221	248722	370823	100	60	0.0770618	0.882977	39	38.8	259425	12	2181	1.00126	0.997813	1927
385	608107	208	252285	355822	100	60	0.0892085	0.882977	39	38.8	259425	12	2181	1.00141	0.998747	1927
386	559943	173	241000	318942	100	60	0.0915426	0.882977	39	38.8	259425	12	2181	1.00166	1.00058	1927
387	628973	2361	282137	346836	100	60	1.11903	0.882977	39	38.8	259425	12	2181	1.00246	1.00136	1927
388	697611	2214	317457	380153	100	60	1.32452	0.882977	39	38.8	259425	12	2181	1.00314	1.00317	1927
389	767663	2031	353520	414143	100	60	1.63096	0.882977	39	38.8	259425	12	2181	1.00412	1.0017	1927
390	585083	1789	178840	406244	100	60	1.76363	0.882977	37	38.8	259425	12	2181	1.08583	1.14054	1927
391	655231	1470	257741	396917	100	60	0.829556	0.882977	39	38.8	0	12	2181	1.02667	1.02382	1927
392	748963	1263	322766	425331	100	60	0.703298	0.882977	39	38.8	0	12	2181	1.01735	1.01206	1927
393	798366	1037	359730	437727	100	60	0.631742	0.882977	39	38.8	0	12	2181	1.01012	1.00387	1927
394	637733	854	187464	450073	100	60	0.643248	0.882977	39	38.8	0	12	2181	1.00907	1.00266	1927
395	695431	773	253175	442077	100	60	0.706267	0.882977	39	38.8	0	12	2181	1.01066	1.00249	1927
396	738641	1711	305458	433184	100	60	1.53176	0.882977	39	38.8	0	12	2181	1.01201	1.00281	1927
397	767887	1613	342133	425754	100	60	1.64265	0.882977	39	38.8	0	12	2181	1.0129	1.00373	1927
398	788629	1497	366385	422244	100	60	1.88645	0.882977	39	38.8	0	12	2181	1.01703	1.0114	1927
399	794383	1238	379806	414577	100	60	1.95193	0.882977	39	38.8	0	12	2181	1.02049	1.01786	1927
400	653255	1062	255834	397421	100	60	2.06807	0.882977	39	38.8	138971	12	2181	1.02932	1.02652	1927
401	638004	896	277571	360432	100	60	2.13389	0.882977	39	38.8	138971	12	2181	1.03928	1.03933	1927
402	642355	794	299232	343123	100	60	2.21394	0.882977	39	38.8	138971	12	2181	1.04386	1.04563	1927
403	609128	696	296070	313058	100	60	2.28599	0.882977	39	38.8	138971	12	2181	1.03828	1.03483	1927
404	587471	623	292476	294995	100	60	2.36695	0.882977	39	38.8	138971	12	2181	1.04945	1.04376	1927
405	552144	550	279615	272529	100	60	2.36655	0.882977	39	38.8	138971	12	2181	1.07098	1.06055	1927
406	517949	490	260368	248586	100	60	2.39421	0.882977	39	38.8	138971	12	2181	1.07595	1.06625	1927
407	495166	444	246569	233313	100	60	2.4399	0.882977	39	38.8	138971	12	2181	1.07851	1.06378	1927
408	362650	425	126283	233423	100	60	2.48134	0.882977	39	38.8	138971	12	2181	1.06332	1.05489	1927
409	370889	382	150355	213012	100	60	2.46806	0.882977	39	38.8	138971	12	2181	1.07598	1.06915	1927
410	381041	354	172933	201178	100	60	2.48246	0.882977	39	38.8	138971	12	2181	1.09164	1.08721	1927
411	343450	305	167476	175974	100	60	2.46332	0.882977	39	38.8	138971	12	2181	1.12739	1.13402	1927
412	245609	277	81129.2	164479	100	60	0.128091	0.882977	39	38.8	232330	12	2181	1.00278	1.0009	1927
413	420450	250	163406	257044	100	60	0.0972888	0.882977	39	38.8	232330	12	2181	1.00229	1.00073	1927
414	609915	215	249227	360688	100	60	0.0892461	0.882977	39	38.8	232330	12	2181	1.00223	1.00037	1927
415	669353	205	277527	391826	100	60	0.0970039	0.882977	39	38.8	232330	12	2181	1.00258	1.00093	1927
416	620130	184	263925	356206	100	60	0.105659	0.882977	39	38.8	232330	12	2181	1.00282	1.00204	1927
417	631585	2386	279921	351664	100	60	1.1174	0.882977	39	38.8	232330	12	2181	1.00359	1.00329	1927
418	705762	2080	319560	386202	100	60	1.23688	0.882977	39	38.8	232330	12	2181	1.00536	1.00566	1927
419	758793	1860	347503	411290	100	60	1.54092	0.882977	39	38.8	232330	12	2181	1.00714	1.00624	1927
420	593627	1718	180768	412859	100	60	1.72882	0.882977	37	38.8	232330	12	2181	1.10992	1.18389	1927
421	657390	1424	257616	399335	100	60	1.0457	0.882977	39	38.8	0	12	2181	1.04831	1.0517	1927
422	563572	1223	152165	411103	100	60	0.898781	0.882977	39	38.8	0	12	2181	1.02927	1.02632	1927
423	654704	1034	237401	416853	100	60	0.734939	0.882977	39	38.8	0	12	2181	1.01497	1.00853	1927
424	755130	884	312081	442537	100	60	0.758453	0.882977	39	38.8	0	12	2181	1.01482	1.00817	1927
425	840837	849	368663	471707	100	60	0.870955	0.882977	39	38.8	0	12	2181	1.01639	1.00921	1927
426	828495	1615	375865	452629	100	60	1.66724	0.882977	39	38.8	0	12	2181	1.01795	1.00936	1927
427	812563	1472	377829	434734	100	60	1.79424	0.882977	39	38.8	0	12	2181	1.01713	1.00935	1927
428	811510	1387	386138	425373	100	60	1.9598	0.882977	39	38.8	0	12	2181	1.02083	1.01309	1927
429	783509	1154	379783	403726	100	60	1.94985	0.882977	39	38.8	0	12	2181	1.02511	1.01834	1927
430	620369	962	247921	372448	100	60	2.02086	0.882977	39	38.8	128511	12	2181	1.03493	1.02618	1927
431	627705	848	278638	349068	100	60	2.1033	0.882977	39	38.8	128511	12	2181	1.03454	1.02494	1927
432	642239	780	302210	340029	100	60	2.15329	0.882977	39	38.8	128511	12	2181	1.03896	1.03226	1927
433	636477	716	309999	326478	100	60	2.19908	0.882977	39	38.8	128511	12	2181	1.05006	1.0436	1927
434	596120	631	296767	299352	100	60	2.25682	0.882977	39	38.8	128511	12	2181	1.05676	1.0544	1927
435	553991	555	279626	274365	100	60	2.33467	0.882977	39	38.8	128511	12	2181	1.0656	1.06227	1927
436	394317	509	134719	257854	100	60	2.35804	0.882977	39	38.8	128511	12	2181	1.08393	1.08417	1927
437	440835	493	176981	254441	100	60	2.40036	0.882977	39	38.8	128511	12	2181	1.08286	1.08091	1927
438	444750	436	200077	233686	100	60	2.44176	0.882977	39	38.8	128511	12	2181	1.08043	1.07529	1927
439	449068	408	211677	223029	100	60	2.48888	0.882977	39	38.8	128511	12	2181	1.0782	1.0736	1927
440	402561	343	195613	194839	100	60	2.52643	0.882977	39	38.8	128511	12	2181	1.08046	1.06079	1927
441	360811	309	183213	177598	100	60	2.56968	0.882977	39	38.8	128511	12	2181	1.08525	1.06897	1927
442	264610	294	89606.6	175003	100	60	0.108172	0.882977	39	38.8	228025	12	2181	1.00156	0.996492	1927
443	488788	265	190238	298551	100	60	0.0903855	0.882977	39	38.8	228025	12	2181	1.00164	0.996134	1927
444	631296	242	255264	376032	100	60	0.0871875	0.882977	38	38.8	228025	12	2181	1.00179	0.998015	1927
445	630265	221	261827	368438	100	60	0.0952601	0.882977	38	38.8	228025	12	2181	1.00186	0.998661	1927
446	585029	188	251903	333127	100	60	0.0979749	0.882977	38	38.8	228025	12	2181	1.00225	1.00015	1927
447	645221	2567	288184	357036	100	60	1.18005	0.882977	38	38.8	228025	12	2181	1.00296	1.00201	1927
448	711457	2286	321591	389866	100	60	1.32795	0.882977	38	38.8	228025	12	2181	1.00376	1.00339	1927
449	766934	1946	351309	415624	100	60	1.56325	0.882977	38	38.8	228025	12	2181	1.00484	1.0046	1927
450	573743	1792	174374	399370	100	60	1.72909	0.882977	37	38.8	228025	12	2181	1.08871	1.14829	1927
451	491297	1432	115558	375505	100	60	0.80118	0.882977	39	38.8	0	12	2181	1.02721	1.02355	1927
452	579371	1197	194673	384252	100	60	0.576787	0.882977	39	38.8	0	12	2181	1.01278	1.00663	1927
453	707059	1018	281906	424622	100	60	0.533892	0.882977	39	38.8	0	12	2181	1.00913	1.00083	1927
454	785430	879	334657	450154	100	60	0.576472	0.882977	39	38.8	0	12	2181	1.00924	1.00146	1927
455	792578	770	351266	440754	100	60	0.636566	0.882977	39	38.8	0	12	2181	1.01123	1.00473	1927
456	801698	1706	365697	436001	100	60	1.42137	0.882977	39	38.8	0	12	2181	1.01392	1.00791	1927
457	800927	1703	374032	426895	100	60	1.61114	0.882977	39	38.8	0	12	2181	1.01425	1.00912	1927
458	806536	1563	383616	422920	100	60	1.81722	0.882977	39	38.8	0	12	2181	1.01552	1.01158	1927
459	792142	1297	383130	409012	100	60	1.86422	0.882977	39	38.8	0	12	2181	1.01759	1.01473	1927
460	678129	1116	281516	396613	100	60	1.92874	0.882977	39	38.8	112231	12	2181	1.02285	1.02254	1927
461	682962	969	306696	376265	100	60	2.0321	0.882977	39	38.8	112231	12	2181	1.03035	1.03222	1927
462	667859	850	315374	352486	100	60	2.11057	0.882977	39	38.8	112231	12	2181	1.03498	1.04038	1927
463	614131	725	299345	314786	100	60	2.16148	0.882977	39	38.8	112231	12	2181	1.04153	1.04729	1927
464	588713	650	292605	296108	100	60	2.21354	0.882977	39	38.8	112231	12	2181	1.05118	1.0559	1927
465	538310	565	270664	267647	100	60	2.23189	0.882977	39	38.8	112231	12	2181	1.06376	1.06595	1927
466	521427	526	259990	252070	100	60	2.26367	0.882977	39	38.8	112231	12	2181	1.05963	1.0578	1927
467	514813	499	254108	244904	100	60	2.26705	0.882977	39	38.8	112231	12	2181	1.07706	1.07099	1927
468	473782	437	234437	224193	100	60	2.30378	0.882977	39	38.8	112231	12	2181	1.07128	1.06236	1927
469	439281	391	218363	206910	100	60	2.35626	0.882977	39	38.8	112231	12	2181	1.06459	1.05685	1927
470	295104	354	102166	190464	100	60	2.36562	0.882977	39	38.8	112231	12	2181	1.05526	1.04011	1927
471	293534	313	122297	171237	100	60	2.36363	0.882977	39	38.8	112231	12	2181	1.07903	1.06189	1927
472	242473	289	84834	157639	100	60	0.183158	0.882977	39	38.8	173058	12	2181	1.00285	1.00159	1927
473	287083	265	71825.3	215258	100	60	0.138533	0.882977	39	38.8	173058	12	2181	1.00239	1.00082	1927
474	500335	228	184231	316105	100	60	0.116328	0.882977	39	38.8	173058	12	2181	1.00194	1.00063	1927
475	644242	210	254347	389895	100	60	0.120565	0.882977	39	38.8	173058	12	2181	1.00237	1.00049	1927
476	662710	191	272529	390181	100	60	0.133697	0.882977	38	38.8	173058	12	2181	1.00253	1.00125	1927
477	655928	2156	281686	374242	100	60	1.02461	0.882977	38	38.8	173058	12	2181	1.00235	1.00134	1927
478	720710	2022	322112	398598	100	60	1.14124	0.882977	38	38.8	173058	12	2181	1.00272	1.00154	1927
479	798361	1894	366323	432038	100	60	1.35954	0.882977	38	38.8	173058	12	2181	1.00377	1.00384	1927
480	605646	1599	187007	418639	100	60	1.37701	0.882977	31	38.8	173058	12	2181	1.14242	1.25752	1927
481	640286	1293	256591	381828	100	60	1.15076	0.882977	39	38.8	0	12	2181	1.09319	1.11053	1927
482	697043	1122	311512	382775	100	60	1.05441	0.882977	39	38.8	0	12	2181	1.05809	1.0578	1927
483	742387	988	350626	388497	100	60	1.0304	0.882977	39	38.8	0	12	2181	1.03955	1.03404	1927
484	798974	892	386407	409421	100	60	1.08313	0.882977	39	38.8	0	12	2181	1.03799	1.02868	1927
485	845416	857	412748	429942	100	60	1.1925	0.882977	39	38.8	0	12	2181	1.04146	1.02667	1927
486	840490	1232	412421	428069	100	60	1.70224	0.882977	39	38.8	0	12	2181	1.04531	1.02354	1927
487	829043	1260	409280	419763	100	60	1.92234	0.882977	39	38.8	0	12	2181	1.04893	1.02601	1927
488	809755	1194	403414	406341	100	60	1.98898	0.882977	39	38.8	0	12	2181	1.05687	1.03827	1927
489	798658	1031	402577	396081	100	60	1.97408	0.882977	39	38.8	0	12	2181	1.05833	1.04438	1927
490	663727	889	293566	370161	100	60	1.97725	0.882977	39	38.8	99427.7	12	2181	1.07136	1.05956	1927
491	667715	806	315875	351840	100	60	1.98477	0.882977	39	38.8	99427.7	12	2181	1.07623	1.06407	1927
492	643479	720	317313	326166	100	60	2.01441	0.882977	39	38.8	99427.7	12	2181	1.07567	1.07214	1927
493	627786	659	316575	311212	100	60	2.08413	0.882977	39	38.8	99427.7	12	2181	1.09973	1.08992	1927
494	601764	612	307906	293859	100	60	2.1125	0.882977	39	38.8	99427.7	12	2181	1.11844	1.09983	1927
495	584901	580	301647	283254	100	60	2.10839	0.882977	39	38.8	99427.7	12	2181	1.13965	1.12544	1927
496	548272	525	280472	259324	100	60	2.09669	0.882977	39	38.8	99427.7	12	2181	1.14643	1.125	1927
497	528865	489	267704	246195	100	60	2.1291	0.882977	39	38.8	99427.7	12	2181	1.14451	1.12051	1927
498	496778	438	252425	230090	100	60	2.13921	0.882977	39	38.8	99427.7	12	2181	1.14379	1.1253	1927
499	484827	416	247564	223430	100	60	2.17616	0.882977	39	38.8	99427.7	12	2181	1.13318	1.12563	1927
500	450122	386	230733	206792	100	60	2.16463	0.882977	39	38.8	99427.7	12	2181	1.13452	1.12842	1927
501	388187	338	206362	181825	100	60	2.15279	0.882977	39	38.8	99427.7	12	2181	1.15134	1.13565	1927
502	297625	319	122556	175069	100	60	0.104505	0.882977	39	38.8	181506	12	2181	1.00302	0.999386	1927
503	532366	303	222985	309382	100	60	0.0952189	0.882977	39	38.8	181506	12	2181	1.0027	0.999276	1927
504	660698	288	277333	383366	100	60	0.0956514	0.882977	39	38.8	181506	12	2181	1.0029	0.999644	1927
505	643406	266	276875	366531	100	60	0.104911	0.882977	39	38.8	181506	12	2181	1.00337	0.999915	1927
506	617265	240	273695	343570	100	60	0.112432	0.882977	39	38.8	181506	12	2181	1.00415	1.00194	1927
507	660965	2497	299329	361636	100	60	1.05882	0.882977	39	38.8	181506	12	2181	1.00609	1.00348	1927
508	736304	2255	337238	399066	100	60	1.22056	0.882977	39	38.8	181506	12	2181	1.00674	1.0041	1927
509	772606	2014	358108	414498	100	60	1.47243	0.882977	39	38.8	181506	12	2181	1.00829	1.00741	1927
510	590611	1837	182075	408536	100	60	1.63463	0.882977	35	38.8	181506	12	2181	1.08861	1.15477	1927
511	635517	1472	251224	382509	100	60	0.722299	0.882977	39	38.8	0	12	2181	1.02592	1.02481	1927
512	544929	1205	147040	397415	100	60	0.569651	0.882977	39	38.8	0	12	2181	1.01603	1.01106	1927
513	670943	1048	241891	427328	100	60	0.480612	0.882977	39	38.8	0	12	2181	1.01013	1.00397	1927
514	761245	899	307381	452046	100	60	0.512158	0.882977	39	38.8	0	12	2181	1.01051	1.00355	1927
515	596766	799	157689	438922	100	60	0.573293	0.882977	39	38.8	0	12	2181	1.01171	1.0044	1927
516	617923	1730	212858	405065	100	60	1.26401	0.882977	39	38.8	0	12	2181	1.01479	1.00685	1927
517	686658	1658	278371	408286	100	60	1.41889	0.882977	39	38.8	0	12	2181	1.0158	1.0094	1927
518	721184	1684	317983	403202	100	60	1.75991	0.882977	39	38.8	0	12	2181	1.02075	1.01733	1927
519	732327	1365	339993	392333	100	60	1.85216	0.882977	39	38.8	0	12	2181	1.02515	1.01841	1927
520	662220	1122	288575	373645	100	60	1.90291	0.882977	39	38.8	62384.6	12	2181	1.03032	1.02596	1927
521	661418	952	308568	352849	100	60	1.99947	0.882977	39	38.8	62384.6	12	2181	1.03298	1.02529	1927
522	652285	837	317337	334948	100	60	2.01991	0.882977	39	38.8	62384.6	12	2181	1.04309	1.03837	1927
523	638248	753	318711	319537	100	60	2.06088	0.882977	39	38.8	62384.6	12	2181	1.05643	1.05481	1927
524	609055	673	309011	300044	100	60	2.12768	0.882977	39	38.8	62384.6	12	2181	1.05818	1.05075	1927
525	597114	632	306542	290573	100	60	2.1633	0.882977	39	38.8	62384.6	12	2181	1.07152	1.0655	1927
526	412334	569	144951	265778	100	60	2.18728	0.882977	39	38.8	62384.6	12	2181	1.08851	1.07092	1927
527	401133	487	163611	230170	100	60	2.2002	0.882977	39	38.8	62384.6	12	2181	1.10714	1.08884	1927
528	396693	431	179319	208465	100	60	2.21988	0.882977	39	38.8	62384.6	12	2181	1.10217	1.07294	1927
529	394819	396	189066	195205	100	60	2.23727	0.882977	39	38.8	62384.6	12	2181	1.09903	1.06959	1927
530	385324	369	191024	184741	100	60	2.24806	0.882977	39	38.8	62384.6	12	2181	1.1061	1.07606	1927
531	358941	334	185450	173491	100	60	2.25233	0.882977	39	38.8	62384.6	12	2181	1.13353	1.09938	1927
532	268150	301	108279	159871	100	60	0.110712	0.882977	39	38.8	137744	12	2181	1.00234	0.998688	1927
533	457666	251	189816	267850	100	60	0.0837453	0.882977	39	38.8	137744	12	2181	1.00207	0.998865	1927
534	632394	217	262936	369459	100	60	0.0751417	0.882977	39	38.8	137744	12	2181	1.00208	0.998933	1927
535	648300	192	272599	375701	100	60	0.0785454	0.882977	39	38.8	137744	12	2181	1.00229	0.998811	1927
536	596194	174	257980	338214	100	60	0.0841046	0.882977	39	38.8	137744	12	2181	1.00267	1.00041	1927
537	602844	2502	269818	333026	100	60	1.02523	0.882977	39	38.8	137744	12	2181	1.00317	1.00022	1927
538	517592	2260	140329	377264	100	60	1.18041	0.882977	39	38.8	137744	12	2181	1.00439	1.00248	1927
539	587227	2053	206670	380557	100	60	1.48469	0.882977	39	38.8	137744	12	2181	1.00739	1.00496	1927
540	519593	1858	131942	387651	100	60	1.7443	0.882977	35	38.8	137744	12	2181	1.0705	1.10768	1927
541	594664	1533	215016	379202	100	60	0.84678	0.882977	39	38.8	0	12	2181	1.02304	1.01947	1927
542	681744	1295	280858	400275	100	60	0.702977	0.882977	39	38.8	0	12	2181	1.01379	1.00718	1927
543	769535	1096	339341	429551	100	60	0.648781	0.882977	39	38.8	0	12	2181	1.01002	1.00234	1927
544	842318	944	381166	460626	100	60	0.686962	0.882977	39	38.8	0	12	2181	1.00958	1.00057	1927
545	868788	863	400458	467819	100	60	0.762299	0.882977	39	38.8	0	12	2181	1.01217	1.0036	1927
546	852962	1737	401961	451002	100	60	1.50517	0.882977	39	38.8	0	12	2181	1.01462	1.00629	1927
547	832830	1622	398026	434803	100	60	1.62407	0.882977	39	38.8	0	12	2181	1.01684	1.0101	1927
548	820687	1448	398221	422466	100	60	1.83517	0.882977	39	38.8	0	12	2181	1.0179	1.01256	1927
549	806291	1229	396279	410011	100	60	1.90373	0.882977	39	38.8	0	12	2181	1.02214	1.01642	1927
550	666572	1046	282331	384241	100	60	1.97565	0.882977	39	38.8	111274	12	2181	1.02822	1.02505	1927
551	682018	938	312030	369987	100	60	2.04101	0.882977	39	38.8	111274	12	2181	1.03323	1.03112	1927
552	672068	845	322670	349397	100	60	2.07923	0.882977	39	38.8	111274	12	2181	1.04473	1.04281	1927
553	640318	752	316636	323682	100	60	2.13405	0.882977	39	38.8	111274	12	2181	1.05379	1.04673	1927
554	592399	652	297988	294412	100	60	2.19339	0.882977	39	38.8	111274	12	2181	1.07427	1.06822	1927
555	573449	600	292286	281163	100	60	2.22099	0.882977	39	38.8	111274	12	2181	1.0878	1.07383	1927
556	534133	527	269909	254709	100	60	2.27237	0.882977	39	38.8	111274	12	2181	1.07427	1.05905	1927
557	503598	471	252329	235373	100	60	2.31307	0.882977	39	38.8	111274	12	2181	1.08434	1.0621	1927
558	488418	436	245539	226972	100	60	2.34169	0.882977	39	38.8	111274	12	2181	1.07237	1.05104	1927
559	441051	386	223034	203667	100	60	2.38272	0.882977	39	38.8	111274	12	2181	1.0529	1.03694	1927
560	393313	338	199952	180904	100	60	2.35972	0.882977	39	38.8	111274	12	2181	1.04023	1.02719	1927
561	357681	309	188716	168965	100	60	2.35476	0.882977	39	38.8	111274	12	2181	1.04403	1.0298	1927
562	251178	284	93435.4	157743	100	60	0.0989145	0.882977	39	38.8	204772	12	2181	1.0011	0.993913	1927
563	484791	268	195902	288889	100	60	0.086544	0.882977	39	38.8	204772	12	2181	1.00138	0.994106	1927
564	495899	242	124820	371078	100	60	0.0816045	0.882977	39	38.8	204772	12	2181	1.00149	0.995025	1927
565	514843	223	155912	358930	100	60	0.0782438	0.882977	39	38.8	204772	12	2181	1.00118	0.995837	1927
566	526238	190	186752	339487	100	60	0.0822037	0.882977	39	38.8	204772	12	2181	1.00102	0.994686	1927
567	457920	2740	100815	357104	100	60	1.01337	0.882977	39	38.8	204772	12	2181	1.00088	0.993791	1927
568	511616	2356	161009	350607	100	60	1.2125	0.882977	39	38.8	204772	12	2181	1.00131	0.994613	1927
569	606238	2076	228947	377291	100	60	1.41095	0.882977	39	38.8	204772	12	2181	1.00203	0.994479	1927
570	532742	2200	139754	392988	100	60	1.79254	0.882977	38	38.8	204772	12	2181	1.04739	1.0673	1927
571	580415	1705	211958	368033	100	60	0.8731	0.882977	39	38.8	0	12	2181	1.01451	1.00889	1927
572	684408	1423	282448	401495	100	60	0.704065	0.882977	39	38.8	0	12	2181	1.00808	1.00139	1927
573	782928	1214	343450	438760	100	60	0.660483	0.882977	39	38.8	0	12	2181	1.00547	0.999865	1927
574	827475	986	370777	456109	100	60	0.672536	0.882977	39	38.8	0	12	2181	1.00549	1.00091	1927
575	835693	862	381432	453711	100	60	0.727864	0.882977	39	38.8	0	12	2181	1.00774	1.00273	1927
576	797050	1686	372111	424939	100	60	1.4285	0.882977	39	38.8	0	12	2181	1.00947	1.00373	1927
577	806949	1659	383836	423113	100	60	1.64104	0.882977	39	38.8	0	12	2181	1.01002	1.00436	1927
578	825383	1492	399395	425988	100	60	1.88327	0.882977	39	38.8	0	12	2181	1.01535	1.01009	1927
579	827239	1311	404527	422713	100	60	1.95377	0.882977	39	38.8	0	12	2181	1.01278	1.00689	1927
580	701687	1129	292199	409488	100	60	2.06485	0.882977	39	38.8	115090	12	2181	1.01687	1.01244	1927
581	527913	964	149686	378228	100	60	2.13234	0.882977	39	38.8	115090	12	2181	1.02244	1.01873	1927
582	533815	824	195397	338418	100	60	2.19034	0.882977	39	38.8	115090	12	2181	1.02432	1.01949	1927
583	425314	728	114777	310537	100	60	2.21644	0.882977	39	38.8	115090	12	2181	1.03868	1.03601	1927
584	435053	630	158037	277016	100	60	2.26846	0.882977	39	38.8	115090	12	2181	1.04457	1.03987	1927
585	439077	548	189969	249108	100	60	2.29943	0.882977	39	38.8	115090	12	2181	1.05785	1.05525	1927
586	448375	495	206790	233123	100	60	2.33624	0.882977	39	38.8	115090	12	2181	1.06554	1.05285	1927
587	452777	455	215777	223519	100	60	2.35199	0.882977	39	38.8	115090	12	2181	1.07676	1.06195	1927
588	428888	403	208877	206464	100	60	2.37232	0.882977	39	38.8	115090	12	2181	1.06651	1.04988	1927
589	428008	383	211726	202713	100	60	2.41136	0.882977	39	38.8	115090	12	2181	1.0529	1.03704	1927
590	283395	335	99307.9	181875	100	60	2.42073	0.882977	39	38.8	115090	12	2181	1.04335	1.0304	1927
591	292514	308	123385	169129	100	60	2.39158	0.882977	39	38.8	115090	12	2181	1.05329	1.04305	1927
592	225081	260	78895.9	146185	100	60	0.179657	0.882977	39	38.8	174621	12	2181	1.00218	1.0008	1927
593	328066	231	132995	195071	100	60	0.130158	0.882977	39	38.8	174621	12	2181	1.00193	1.00053	1927
594	532021	217	231799	300222	100	60	0.122513	0.882977	39	38.8	174621	12	2181	1.00226	1.00123	1927
595	683089	202	296134	386955	100	60	0.12797	0.882977	39	38.8	174621	12	2181	1.00247	1.00205	1927
596	720648	176	313104	407543	100	60	0.133021	0.882977	39	38.8	174621	12	2181	1.00225	1.00228	1927
597	516435	2219	135167	381268	100	60	1.07046	0.882977	38	38.8	174621	12	2181	1.00295	1.00325	1927
598	549550	1964	187050	362500	100	60	1.14856	0.882977	38	38.8	174621	12	2181	1.00324	1.0052	1927
599	522178	1852	122805	399373	100	60	1.37441	0.882977	38	38.8	174621	12	2181	1.00499	1.00784	1927
600	471167	1646	94422.1	376745	100	60	1.49599	0.882977	34	38.8	174621	12	2181	1.10279	1.17389	1927
601	527753	1371	171269	354468	100	60	1.15428	0.882977	39	38.8	0	12	2181	1.05717	1.06153	1927
602	614238	1182	245305	366799	100	60	1.0535	0.882977	39	38.8	0	12	2181	1.03678	1.03304	1927
603	671129	1019	297050	370507	100	60	1.02061	0.882977	39	38.8	0	12	2181	1.02423	1.01655	1927
604	737341	901	344894	389277	100	60	1.08236	0.882977	39	38.8	0	12	2181	1.02224	1.01344	1927
605	770835	792	372848	395244	100	60	1.14119	0.882977	39	38.8	0	12	2181	1.02009	1.00927	1927
606	795052	1194	391566	403486	100	60	1.66674	0.882977	39	38.8	0	12	2181	1.02329	1.01129	1927
607	606275	1212	199616	406659	100	60	1.83778	0.882977	39	38.8	0	12	2181	1.02459	1.00968	1927
608	646997	1163	258644	388353	100	60	1.91856	0.882977	39	38.8	0	12	2181	1.02701	1.01468	1927
609	645520	954	292541	352979	100	60	1.89614	0.882977	39	38.8	0	12	2181	1.03707	1.02626	1927
610	498685	850	155665	343021	100	60	1.8834	0.882977	39	38.8	4269.91	12	2181	1.0461	1.04	1927
611	523632	754	206527	317105	100	60	1.90351	0.882977	39	38.8	4269.91	12	2181	1.05952	1.05166	1927
612	527052	650	239570	287481	100	60	1.90871	0.882977	39	38.8	4269.91	12	2181	1.07979	1.07692	1927
613	544051	595	267525	276526	100	60	1.92738	0.882977	39	38.8	4269.91	12	2181	1.09157	1.08938	1927
614	538970	548	275064	263905	100	60	1.94329	0.882977	39	38.8	4269.91	12	2181	1.11238	1.11255	1927
615	515165	497	269354	245811	100	60	1.97924	0.882977	39	38.8	4269.91	12	2181	1.10037	1.09388	1927
616	351871	443	125328	225248	100	60	1.94689	0.882977	39	38.8	4269.91	12	2181	1.15778	1.15741	1927
617	366800	402	153380	206678	100	60	1.9342	0.882977	39	38.8	4269.91	12	2181	1.16827	1.1671	1927
618	360216	350	167950	184264	100	60	1.95827	0.882977	39	38.8	4269.91	12	2181	1.16066	1.13824	1927
619	330150	295	162279	158508	100	60	1.97874	0.882977	39	38.8	4269.91	12	2181	1.15615	1.12721	1927
620	341553	285	173504	159103	100	60	1.97955	0.882977	39	38.8	4269.91	12	2181	1.17073	1.15074	1927
621	218063	252	78595	139468	100	60	1.97639	0.882977	39	38.8	4269.91	12	2181	1.17959	1.14468	1927
622	216886	234	82291	134595	100	60	0.0723408	0.882977	39	38.8	24390.3	12	2181	1.002	1.00121	1927
623	461175	209	184332	276843	100	60	0.0644405	0.882977	39	38.8	24390.3	12	2181	1.00167	1.00095	1927
624	598580	183	242265	356315	100	60	0.0609616	0.882977	39	38.8	24390.3	12	2181	1.00174	1.00119	1927
625	588172	171	245839	342333	100	60	0.0682676	0.882977	38	38.8	24390.3	12	2181	1.00195	1.00183	1927
626	558328	155	243523	314805	100	60	0.0744518	0.882977	38	38.8	24390.3	12	2181	1.00202	1.00228	1927
627	624332	2572	282292	342039	100	60	1.0119	0.882977	38	38.8	24390.3	12	2181	1.00369	1.00365	1927
628	706521	2245	324150	382371	100	60	1.15626	0.882977	38	38.8	24390.3	12	2181	1.0046	1.00562	1927
629	738977	1948	343510	395467	100	60	1.39355	0.882977	38	38.8	24390.3	12	2181	1.00698	1.00878	1927
630	474193	1726	82164.2	392029	100	60	1.51308	0.882977	36	38.8	24390.3	12	2181	1.0794	1.13341	1927
631	487722	1363	143841	342219	100	60	0.628354	0.882977	39	38.8	0	12	2181	1.02083	1.02033	1927
632	604186	1175	230614	371708	100	60	0.522152	0.882977	39	38.8	0	12	2181	1.01206	1.00993	1927
633	713951	980	304377	406655	100	60	0.484293	0.882977	39	38.8	0	12	2181	1.00751	1.00423	1927
634	800610	861	356785	441153	100	60	0.528523	0.882977	39	38.8	0	12	2181	1.00694	1.00311	1927
635	803263	753	368936	432108	100	60	0.589016	0.882977	39	38.8	0	12	2181	1.00831	1.00355	1927
636	799032	1690	378433	420600	100	60	1.22343	0.882977	39	38.8	0	12	2181	1.01102	1.00416	1927
637	799983	1661	386253	413730	100	60	1.40514	0.882977	39	38.8	0	12	2181	1.01421	1.00977	1927
638	778001	1514	381901	396100	100	60	1.59874	0.882977	39	38.8	0	12	2181	1.01698	1.01392	1927
639	756424	1220	377592	378832	100	60	1.64385	0.882977	39	38.8	0	12	2181	1.018	1.01481	1927
640	671764	1051	306757	365007	100	60	1.73062	0.882977	39	38.8	77001.7	12	2181	1.02141	1.02292	1927
641	491073	881	153881	337192	100	60	1.81735	0.882977	39	38.8	77001.7	12	2181	1.03306	1.03759	1927
642	497557	749	198165	299391	100	60	1.83933	0.882977	39	38.8	77001.7	12	2181	1.0404	1.04552	1927
643	498025	645	228997	269028	100	60	1.85063	0.882977	39	38.8	77001.7	12	2181	1.06593	1.07465	1927
644	484706	560	239278	245428	100	60	1.92893	0.882977	39	38.8	77001.7	12	2181	1.07716	1.07871	1927
645	461101	495	236652	224449	100	60	1.94132	0.882977	39	38.8	77001.7	12	2181	1.09666	1.09293	1927
646	327778	461	117265	209456	100	60	1.96678	0.882977	39	38.8	77001.7	12	2181	1.1018	1.09912	1927
647	329393	397	138320	185178	100	60	1.95665	0.882977	39	38.8	77001.7	12	2181	1.13208	1.12276	1927
648	335118	354	156967	170946	100	60	1.96268	0.882977	39	38.8	77001.7	12	2181	1.15135	1.14203	1927
649	334854	325	165690	160361	100	60	1.94869	0.882977	39	38.8	77001.7	12	2181	1.16817	1.16026	1927
650	326798	300	167186	151575	100	60	1.98633	0.882977	39	38.8	77001.7	12	2181	1.16216	1.16014	1927
651	308158	282	163995	144164	100	60	2.01521	0.882977	39	38.8	77001.7	12	2181	1.16058	1.15444	1927
652	230666	251	97800.6	132866	100	60	0.0853093	0.882977	39	38.8	138612	12	2181	1.00236	1.00184	1927
653	457693	232	191889	265804	100	60	0.0730119	0.882977	39	38.8	138612	12	2181	1.00217	1.00151	1927
654	606429	197	252317	354112	100	60	0.0664328	0.882977	39	38.8	138612	12	2181	1.00213	1.00183	1927
655	583043	159	246407	336635	100	60	0.0654976	0.882977	39	38.8	138612	12	2181	1.00225	1.00228	1927
656	547094	138	239863	307230	100	60	0.0677251	0.882977	39	38.8	138612	12	2181	1.00292	1.00459	1927
657	603866	2525	274004	329862	100	60	1.02915	0.882977	39	38.8	138612	12	2181	1.00441	1.00628	1927
658	707467	2287	326096	381370	100	60	1.21223	0.882977	38	38.8	138612	12	2181	1.00546	1.00849	1927
659	744353	1956	345712	398640	100	60	1.45365	0.882977	38	38.8	138612	12	2181	1.00677	1.00992	1927
660	573704	1687	178210	395494	100	60	1.52869	0.882977	32	38.8	138612	12	2181	1.09248	1.15815	1927
661	611773	1329	246468	363344	100	60	0.731998	0.882977	39	38.8	0	12	2181	1.02939	1.03087	1927
662	706615	1149	312610	391277	100	60	0.610306	0.882977	39	38.8	0	12	2181	1.01579	1.01484	1927
663	611023	1015	181687	428783	100	60	0.588796	0.882977	39	38.8	0	12	2181	1.01068	1.00777	1927
664	701459	870	261250	438443	100	60	0.620532	0.882977	39	38.8	0	12	2181	1.01143	1.0069	1927
665	743039	771	313764	427780	100	60	0.67143	0.882977	39	38.8	0	12	2181	1.01339	1.00791	1927
666	768113	1564	347892	420221	100	60	1.29255	0.882977	39	38.8	0	12	2181	1.01746	1.01257	1927
667	776043	1535	366072	409971	100	60	1.45935	0.882977	39	38.8	0	12	2181	1.0198	1.01537	1927
668	795539	1503	385087	410451	100	60	1.67539	0.882977	39	38.8	0	12	2181	1.02164	1.01877	1927
669	773172	1240	382299	390873	100	60	1.73259	0.882977	39	38.8	0	12	2181	1.02782	1.02514	1927
670	662772	1032	301635	361137	100	60	1.75802	0.882977	39	38.8	74626.9	12	2181	1.03398	1.03502	1927
671	651717	883	314101	337616	100	60	1.81127	0.882977	39	38.8	74626.9	12	2181	1.04033	1.04318	1927
672	482860	805	159034	323825	100	60	1.87182	0.882977	39	38.8	74626.9	12	2181	1.04808	1.04975	1927
673	495303	708	200372	294931	100	60	1.89842	0.882977	39	38.8	74626.9	12	2181	1.05936	1.05642	1927
674	506907	630	233947	272959	100	60	1.92874	0.882977	39	38.8	74626.9	12	2181	1.0719	1.07313	1927
675	501025	568	248056	252970	100	60	1.94699	0.882977	39	38.8	74626.9	12	2181	1.09642	1.09804	1927
676	474910	499	239521	227712	100	60	1.98235	0.882977	39	38.8	74626.9	12	2181	1.1105	1.11224	1927
677	456895	452	231455	212229	100	60	1.99506	0.882977	39	38.8	74626.9	12	2181	1.09572	1.09481	1927
678	303857	389	110217	191520	100	60	2.00489	0.882977	39	38.8	74626.9	12	2181	1.10462	1.1061	1927
679	310609	348	131355	173758	100	60	2.00842	0.882977	39	38.8	74626.9	12	2181	1.12011	1.11905	1927
680	286579	285	136326	145816	100	60	1.97704	0.882977	39	38.8	74626.9	12	2181	1.13841	1.15018	1927
681	277468	264	142146	135322	100	60	1.95977	0.882977	39	38.8	74626.9	12	2181	1.16031	1.18219	1927
682	211268	228	89887.9	121380	100	60	0.0966729	0.882977	39	38.8	127482	12	2181	1.00303	1.00263	1927
683	398585	220	171588	226996	100	60	0.0797249	0.882977	39	38.8	127482	12	2181	1.00242	1.00202	1927
684	602074	195	257165	344909	100	60	0.0754888	0.882977	39	38.8	127482	12	2181	1.00208	1.00181	1927
685	652737	180	278598	374139	100	60	0.0802399	0.882977	39	38.8	127482	12	2181	1.00255	1.00223	1927
686	594946	169	261004	333942	100	60	0.0905421	0.882977	39	38.8	127482	12	2181	1.00331	1.00544	1927
687	604338	2258	275117	329221	100	60	0.935156	0.882977	39	38.8	127482	12	2181	1.00511	1.00856	1927
688	687299	2100	318514	368785	100	60	1.06234	0.882977	39	38.8	127482	12	2181	1.00543	1.00924	1927
689	756176	1820	355006	401170	100	60	1.31477	0.882977	39	38.8	127482	12	2181	1.00831	1.01174	1927
690	580785	1636	182821	397965	100	60	1.46092	0.882977	36	38.8	127482	12	2181	1.11172	1.19226	1927
691	629801	1336	254573	372927	100	60	0.921426	0.882977	39	38.8	0	12	2181	1.04864	1.05345	1927
692	680621	1116	304297	373115	100	60	0.772957	0.882977	39	38.8	0	12	2181	1.03033	1.0297	1927
693	740063	958	348444	387814	100	60	0.710199	0.882977	39	38.8	0	12	2181	1.01994	1.01713	1927
694	802540	845	385352	413613	100	60	0.762616	0.882977	39	38.8	0	12	2181	1.02039	1.01329	1927
695	832491	770	403986	425414	100	60	0.831113	0.882977	39	38.8	0	12	2181	1.02338	1.01234	1927
696	845067	1438	415036	430031	100	60	1.4489	0.882977	39	38.8	0	12	2181	1.02816	1.01441	1927
697	819377	1392	405371	414007	100	60	1.58573	0.882977	39	38.8	0	12	2181	1.02719	1.01291	1927
698	793752	1331	396958	396794	100	60	1.71417	0.882977	39	38.8	0	12	2181	1.03175	1.01815	1927
699	771151	1131	389961	381190	100	60	1.6841	0.882977	39	38.8	0	12	2181	1.03134	1.0222	1927
700	679781	1004	312960	366821	100	60	1.71976	0.882977	39	38.8	81503.4	12	2181	1.04011	1.03504	1927
701	654464	853	319165	335299	100	60	1.75331	0.882977	39	38.8	81503.4	12	2181	1.04422	1.03878	1927
702	638290	760	322196	316094	100	60	1.79168	0.882977	39	38.8	81503.4	12	2181	1.0504	1.04868	1927
703	449119	680	155241	293878	100	60	1.84956	0.882977	39	38.8	81503.4	12	2181	1.0628	1.05891	1927
704	471061	619	197383	273679	100	60	1.87076	0.882977	39	38.8	81503.4	12	2181	1.07162	1.06472	1927
705	484832	567	229984	254848	100	60	1.8819	0.882977	39	38.8	81503.4	12	2181	1.10061	1.0885	1927
706	472387	506	233247	231603	100	60	1.92299	0.882977	39	38.8	81503.4	12	2181	1.1147	1.10119	1927
707	434093	431	218202	204095	100	60	1.91638	0.882977	39	38.8	81503.4	12	2181	1.11628	1.10329	1927
708	316519	412	113301	201286	100	60	1.95767	0.882977	39	38.8	81503.4	12	2181	1.11872	1.10199	1927
709	337517	380	142965	188727	100	60	1.9473	0.882977	39	38.8	81503.4	12	2181	1.13283	1.11989	1927
710	341790	350	162833	173795	100	60	1.92604	0.882977	39	38.8	81503.4	12	2181	1.1573	1.14939	1927
711	337989	329	172622	165367	100	60	1.92029	0.882977	39	38.8	81503.4	12	2181	1.18827	1.18421	1927
712	269407	293	117081	152326	100	60	0.106832	0.882977	39	38.8	136759	12	2181	1.00418	1.00066	1927
713	474523	278	205091	269432	100	60	0.0917664	0.882977	39	38.8	136759	12	2181	1.00352	1.00037	1927
714	643427	250	274701	368725	100	60	0.0868787	0.882977	39	38.8	136759	12	2181	1.0033	1.00097	1927
715	650058	232	280202	369856	100	60	0.0955377	0.882977	39	38.8	136759	12	2181	1.00419	1.00291	1927
716	449694	209	112052	337641	100	60	0.102743	0.882977	39	38.8	136759	12	2181	1.0046	1.00421	1927
717	394877	2357	67842.6	327035	100	60	0.953256	0.882977	39	38.8	136759	12	2181	1.00602	1.00646	1927
718	473054	2131	138704	334349	100	60	1.16346	0.882977	39	38.8	136759	12	2181	1.00794	1.00897	1927
719	475213	1969	102992	372221	100	60	1.35622	0.882977	39	38.8	136759	12	2181	1.00987	1.00973	1927
720	455208	1896	87247.9	367960	100	60	1.58094	0.882977	33	38.8	136759	12	2181	1.06268	1.09076	1927
721	515739	1527	164847	348574	100	60	0.741404	0.882977	39	38.8	0	12	2181	1.01892	1.01722	1927
722	620739	1288	243350	375180	100	60	0.626458	0.882977	39	38.8	0	12	2181	1.01174	1.00658	1927
723	705608	1036	304841	396970	100	60	0.567181	0.882977	39	38.8	0	12	2181	1.00983	1.00325	1927
724	787056	884	354690	428929	100	60	0.614119	0.882977	39	38.8	0	12	2181	1.00987	1.00471	1927
725	813864	763	377169	433835	100	60	0.655655	0.882977	39	38.8	0	12	2181	1.01269	1.0062	1927
726	813669	1635	387083	426586	100	60	1.26609	0.882977	39	38.8	0	12	2181	1.01493	1.00934	1927
727	807473	1516	391012	416460	100	60	1.37234	0.882977	39	38.8	0	12	2181	1.01556	1.01126	1927
728	809372	1423	398850	410523	100	60	1.51694	0.882977	39	38.8	0	12	2181	1.01787	1.01268	1927
729	788174	1208	393660	394515	100	60	1.55687	0.882977	39	38.8	0	12	2181	1.02184	1.01992	1927
730	700387	1025	328093	372294	100	60	1.62723	0.882977	39	38.8	59105.7	12	2181	1.03026	1.0303	1927
731	685382	893	336558	348824	100	60	1.68461	0.882977	39	38.8	59105.7	12	2181	1.04464	1.04362	1927
732	641186	765	324497	316689	100	60	1.73263	0.882977	39	38.8	59105.7	12	2181	1.05829	1.05628	1927
733	460908	703	159094	301814	100	60	1.76999	0.882977	39	38.8	59105.7	12	2181	1.06613	1.06125	1927
734	483691	643	203308	280383	100	60	1.8303	0.882977	39	38.8	59105.7	12	2181	1.07324	1.06084	1927
735	487859	571	231561	256298	100	60	1.86153	0.882977	39	38.8	59105.7	12	2181	1.07562	1.06678	1927
736	487554	523	242228	237866	100	60	1.87129	0.882977	39	38.8	59105.7	12	2181	1.1014	1.09056	1927
737	445930	448	225690	208538	100	60	1.8876	0.882977	39	38.8	59105.7	12	2181	1.12134	1.10384	1927
738	405000	380	208369	185778	100	60	1.94488	0.882977	39	38.8	59105.7	12	2181	1.09799	1.08289	1927
739	379235	340	196842	172415	100	60	1.91462	0.882977	39	38.8	59105.7	12	2181	1.10924	1.09036	1927
740	345066	300	180850	155510	100	60	1.91598	0.882977	39	38.8	59105.7	12	2181	1.13399	1.11419	1927
741	229424	275	85272.8	144152	100	60	1.88253	0.882977	39	38.8	59105.7	12	2181	1.14388	1.12928	1927
742	228648	254	92466.2	136182	100	60	0.0768836	0.882977	39	38.8	74255.7	12	2181	1.00197	0.997705	1927
743	473905	227	193428	280476	100	60	0.0677619	0.882977	39	38.8	74255.7	12	2181	1.00216	0.99806	1927
744	620566	211	254199	366367	100	60	0.0680699	0.882977	39	38.8	74255.7	12	2181	1.00234	0.999316	1927
745	593292	202	250320	342972	100	60	0.0778465	0.882977	39	38.8	74255.7	12	2181	1.00293	1.00096	1927
746	570438	187	251288	319151	100	60	0.0857327	0.882977	39	38.8	74255.7	12	2181	1.00349	1.00327	1927
747	640413	2552	290223	350190	100	60	1.03591	0.882977	39	38.8	74255.7	12	2181	1.00488	1.00456	1927
748	545261	2222	151914	393347	100	60	1.15417	0.882977	39	38.8	74255.7	12	2181	1.00557	1.00641	1927
749	602779	1997	214593	388186	100	60	1.39683	0.882977	39	38.8	74255.7	12	2181	1.00849	1.01141	1927
750	533833	1801	137998	395834	100	60	1.56168	0.882977	34	38.8	74255.7	12	2181	1.07367	1.11984	1927
751	591805	1448	217704	371892	100	60	0.728109	0.882977	39	38.8	0	12	2181	1.02215	1.0203	1927
752	683762	1212	287574	393535	100	60	0.591177	0.882977	39	38.8	0	12	2181	1.01383	1.00995	1927
753	777555	1052	348201	425761	100	60	0.568565	0.882977	39	38.8	0	12	2181	1.00928	1.00318	1927
754	829609	912	381241	445061	100	60	0.628813	0.882977	39	38.8	0	12	2181	1.01104	1.00586	1927
755	619100	831	184109	434549	100	60	0.712489	0.882977	39	38.8	0	12	2181	1.01431	1.009	1927
756	667292	1551	250580	416711	100	60	1.31911	0.882977	39	38.8	0	12	2181	1.01588	1.00998	1927
757	743868	1577	319188	424680	100	60	1.52181	0.882977	39	38.8	0	12	2181	1.01797	1.01315	1927
758	769739	1481	354935	414804	100	60	1.69747	0.882977	39	38.8	0	12	2181	1.02605	1.02381	1927
759	766339	1248	367923	398416	100	60	1.75722	0.882977	39	38.8	0	12	2181	1.02421	1.02258	1927
760	699606	1080	314167	385439	100	60	1.82275	0.882977	39	38.8	67660.2	12	2181	1.03224	1.03451	1927
761	671621	909	320918	350703	100	60	1.89698	0.882977	39	38.8	67660.2	12	2181	1.03725	1.0354	1927
762	668240	823	332017	336223	100	60	1.92345	0.882977	39	38.8	67660.2	12	2181	1.04717	1.04779	1927
763	610917	703	311275	299642	100	60	1.9384	0.882977	39	38.8	67660.2	12	2181	1.05896	1.06187	1927
764	588168	637	303649	284519	100	60	2.00474	0.882977	39	38.8	67660.2	12	2181	1.0758	1.07472	1927
765	546896	573	284910	261986	100	60	2.03832	0.882977	39	38.8	67660.2	12	2181	1.08978	1.08451	1927
766	377729	519	134529	241905	100	60	2.05159	0.882977	39	38.8	67660.2	12	2181	1.09043	1.08366	1927
767	310407	478	84309.8	224857	100	60	2.04078	0.882977	39	38.8	67660.2	12	2181	1.11219	1.10191	1927
768	272453	439	62285.8	209276	100	60	2.05768	0.882977	39	38.8	67660.2	12	2181	1.12179	1.10345	1927
769	230639	388	46473	183593	100	60	2.03081	0.882977	39	38.8	67660.2	12	2181	1.14604	1.13421	1927
770	235815	342	74291.1	161061	100	60	2.04476	0.882977	39	38.8	67660.2	12	2181	1.14815	1.13293	1927
771	234716	289	97426.4	137290	100	60	2.02136	0.882977	39	38.8	67660.2	12	2181	1.15488	1.1362	1927
772	227755	272	94828.6	132927	100	60	0.342488	0.882977	39	38.8	94027.1	12	2181	1.01438	1.00814	1927
773	205509	240	60326.6	145183	100	60	0.249389	0.882977	39	38.8	94027.1	12	2181	1.01183	1.00542	1927
774	330866	228	133854	197013	100	60	0.224607	0.882977	39	38.8	94027.1	12	2181	1.01073	1.00465	1927
775	509793	198	226285	283508	100	60	0.209557	0.882977	39	38.8	94027.1	12	2181	1.00961	1.00318	1927
776	681642	195	307172	374470	100	60	0.238675	0.882977	39	38.8	94027.1	12	2181	1.01102	1.00523	1927
777	742147	1784	337323	404825	100	60	1.24029	0.882977	39	38.8	94027.1	12	2181	1.01184	1.00697	1927
778	577330	1709	166192	411138	100	60	1.34674	0.882977	38	38.8	94027.1	12	2181	1.01399	1.01202	1927
779	606958	1493	224822	382135	100	60	1.40203	0.882977	38	38.8	94027.1	12	2181	1.01502	1.01508	1927
780	523492	1348	143798	379693	100	60	1.27221	0.882977	35	38.8	94027.1	12	2181	1.27468	1.44478	1927
781	592821	1173	227573	361698	100	60	1.21813	0.882977	39	38.8	0	12	2181	1.21232	1.26004	1927
782	655065	1031	288013	362157	100	60	1.26315	0.882977	39	38.8	0	12	2181	1.15808	1.15691	1927
783	510720	896	156504	352914	100	60	1.29316	0.882977	39	38.8	0	12	2181	1.12507	1.09939	1927
784	457345	817	110429	346368	100	60	1.32102	0.882977	39	38.8	0	12	2181	1.12284	1.07165	1927
785	524081	838	184564	339044	100	60	1.42171	0.882977	39	38.8	0	12	2181	1.12313	1.06498	1927
786	606246	947	259816	346430	100	60	1.76277	0.882977	39	38.8	0	12	2181	1.12553	1.06421	1927
787	640082	889	301055	339027	100	60	1.89094	0.882977	39	38.8	0	12	2181	1.12894	1.07346	1927
788	490336	841	159134	331202	100	60	2.00187	0.882977	39	38.8	0	12	2181	1.144	1.08761	1927
789	535416	775	214846	320570	100	60	1.99406	0.882977	39	38.8	0	12	2181	1.1418	1.08672	1927
790	554411	729	237850	316561	100	60	2.01511	0.882977	39	38.8	32000	12	2181	1.14097	1.09599	1927
791	561283	652	267198	294085	100	60	1.99756	0.882977	39	38.8	32000	12	2181	1.15735	1.11182	1927
792	558629	592	278817	279811	100	60	1.98485	0.882977	39	38.8	32000	12	2181	1.17928	1.14769	1927
793	533532	527	272307	261225	100	60	1.99401	0.882977	39	38.8	32000	12	2181	1.19705	1.16265	1927
794	502697	461	259729	242968	100	60	1.99633	0.882977	39	38.8	32000	12	2181	1.21627	1.19026	1927
795	484680	425	251349	233331	100	60	1.9846	0.882977	39	38.8	32000	12	2181	1.24242	1.20551	1927
796	463878	395	238975	218501	100	60	1.94885	0.882977	39	38.8	32000	12	2181	1.25879	1.22764	1927
797	430562	356	220478	199733	100	60	1.94125	0.882977	39	38.8	32000	12	2181	1.29143	1.25617	1927
798	408194	317	209135	188940	100	60	1.99462	0.882977	39	38.8	32000	12	2181	1.28664	1.23345	1927
799	400027	303	205807	184373	100	60	2.03229	0.882977	39	38.8	32000	12	2181	1.28125	1.22509	1927
800	383643	285	198781	175848	100	60	2.0191	0.882977	39	38.8	32000	12	2181	1.29963	1.24409	1927
801	333556	243	176119	157437	100	60	2.06578	0.882977	39	38.8	32000	12	2181	1.2906	1.23041	1927
802	235522	217	87999.4	147523	100	60	0.0871193	0.882977	39	38.8	115737	12	2181	1.00408	0.986638	1927
803	421840	191	167602	254238	100	60	0.0662794	0.882977	39	38.8	115737	12	2181	1.00319	0.985659	1927
804	617268	179	249870	367398	100	60	0.065115	0.882977	39	38.8	115737	12	2181	1.00329	0.987224	1927
805	500268	152	120939	379329	100	60	0.0650051	0.882977	39	38.8	115737	12	2181	1.00336	0.991793	1927
806	485116	138	149805	335311	100	60	0.0723927	0.882977	38	38.8	115737	12	2181	1.00397	0.995218	1927
807	425853	2516	86180	339673	100	60	1.08314	0.882977	38	38.8	115737	12	2181	1.0062	0.997631	1927
808	500088	2474	154511	345577	100	60	1.4026	0.882977	38	38.8	115737	12	2181	1.00806	1.00029	1927
809	599515	2196	222654	376860	100	60	1.61953	0.882977	38	38.8	115737	12	2181	1.01065	1.00117	1927
810	544738	2066	140612	404125	100	60	1.86638	0.882977	36	38.8	115737	12	2181	1.05414	1.06875	1927
811	617635	1682	222501	393888	100	60	1.00175	0.882977	39	38.8	0	12	2181	1.02277	1.00922	1927
812	684042	1361	280885	401516	100	60	0.813004	0.882977	39	38.8	0	12	2181	1.0148	0.997419	1927
813	766993	1153	337320	427656	100	60	0.751626	0.882977	39	38.8	0	12	2181	1.01275	0.994891	1927
814	825322	976	373440	450055	100	60	0.791623	0.882977	39	38.8	0	12	2181	1.01495	0.998655	1927
815	843710	858	389821	452394	100	60	0.845117	0.882977	39	38.8	0	12	2181	1.01754	0.999691	1927
816	858668	1674	403285	455383	100	60	1.57896	0.882977	39	38.8	0	12	2181	1.02081	1.00247	1927
817	850975	1517	405914	445060	100	60	1.71258	0.882977	39	38.8	0	12	2181	1.02581	1.01006	1927
818	839028	1455	408031	430997	100	60	1.90661	0.882977	39	38.8	0	12	2181	1.02586	1.01039	1927
819	828603	1239	409523	419080	100	60	1.90505	0.882977	39	38.8	0	12	2181	1.02708	1.01463	1927
820	699109	1063	301124	397985	100	60	1.96705	0.882977	39	38.8	108568	12	2181	1.03054	1.0189	1927
821	702786	942	324979	377807	100	60	2.03432	0.882977	39	38.8	108568	12	2181	1.03649	1.02657	1927
822	685096	837	331145	353951	100	60	2.10324	0.882977	39	38.8	108568	12	2181	1.04449	1.03597	1927
823	651089	737	323498	327591	100	60	2.17673	0.882977	39	38.8	108568	12	2181	1.0639	1.05048	1927
824	620975	666	314363	306612	100	60	2.25359	0.882977	39	38.8	108568	12	2181	1.07208	1.05666	1927
825	596113	606	305436	290677	100	60	2.28639	0.882977	39	38.8	108568	12	2181	1.07864	1.05724	1927
826	548779	538	279597	260258	100	60	2.28072	0.882977	39	38.8	108568	12	2181	1.08829	1.06439	1927
827	484488	458	245755	224246	100	60	2.24257	0.882977	39	38.8	108568	12	2181	1.10865	1.09152	1927
828	470082	423	239445	216261	100	60	2.25757	0.882977	39	38.8	108568	12	2181	1.10155	1.07711	1927
829	444068	386	227198	203046	100	60	2.27546	0.882977	39	38.8	108568	12	2181	1.09756	1.0686	1927
830	436212	368	224197	198945	100	60	2.31867	0.882977	39	38.8	108568	12	2181	1.09351	1.05556	1927
831	287183	334	103012	184171	100	60	2.33607	0.882977	39	38.8	108568	12	2181	1.11079	1.0679	1927
832	283613	324	103739	179873	100	60	0.100104	0.882977	39	38.8	139559	12	2181	1.00204	0.984451	1927
833	414043	292	103020	311022	100	60	0.0908722	0.882977	39	38.8	139559	12	2181	1.00193	0.98432	1927
834	563561	260	180023	383538	100	60	0.0792082	0.882977	39	38.8	139559	12	2181	1.00163	0.986329	1927
835	556152	212	199519	356633	100	60	0.0758855	0.882977	38	38.8	139559	12	2181	1.00165	0.990182	1927
836	560424	195	220707	339717	100	60	0.0861776	0.882977	38	38.8	139559	12	2181	1.00189	0.99195	1927
837	636418	2964	269928	366490	100	60	1.13235	0.882977	38	38.8	139559	12	2181	1.00338	0.995061	1927
838	725528	2550	318256	407273	100	60	1.29016	0.882977	38	38.8	139559	12	2181	1.00496	0.99737	1927
839	753788	2273	338259	415529	100	60	1.56275	0.882977	38	38.8	139559	12	2181	1.00713	1.00038	1927
840	591916	1996	177036	414880	100	60	1.7032	0.882977	38	38.8	139559	12	2181	1.07407	1.11463	1927
841	658476	1625	256401	400803	100	60	0.834463	0.882977	39	38.8	0	12	2181	1.02407	1.00849	1927
842	729445	1334	312242	415533	100	60	0.675492	0.882977	39	38.8	0	12	2181	1.01367	0.993485	1927
843	801225	1099	358812	440423	100	60	0.590751	0.882977	39	38.8	0	12	2181	1.00893	0.988012	1927
844	851571	923	386874	462938	100	60	0.61311	0.882977	39	38.8	0	12	2181	1.00883	0.990416	1927
845	855995	858	396348	458159	100	60	0.704079	0.882977	39	38.8	0	12	2181	1.01113	0.997381	1927
846	830599	1785	392088	438511	100	60	1.44044	0.882977	39	38.8	0	12	2181	1.01507	1.00382	1927
847	815515	1641	391904	423611	100	60	1.55501	0.882977	39	38.8	0	12	2181	1.01521	1.00411	1927
848	823574	1594	400680	422895	100	60	1.81183	0.882977	39	38.8	0	12	2181	1.01924	1.00567	1927
849	795799	1311	392195	403603	100	60	1.84326	0.882977	39	38.8	0	12	2181	1.02274	1.01224	1927
850	678604	1124	291491	387113	100	60	1.92135	0.882977	39	38.8	105097	12	2181	1.02838	1.01875	1927
851	670368	974	307821	362547	100	60	2.01722	0.882977	39	38.8	105097	12	2181	1.03991	1.03102	1927
852	650856	845	313264	337592	100	60	2.05914	0.882977	39	38.8	105097	12	2181	1.04395	1.03337	1927
853	654480	785	324183	330297	100	60	2.09778	0.882977	39	38.8	105097	12	2181	1.06566	1.06033	1927
854	467141	713	156117	311024	100	60	2.1503	0.882977	39	38.8	105097	12	2181	1.0739	1.06809	1927
855	473463	633	190625	282838	100	60	2.23931	0.882977	39	38.8	105097	12	2181	1.06935	1.05431	1927
856	487137	581	217043	262104	100	60	2.2572	0.882977	39	38.8	105097	12	2181	1.07788	1.0613	1927
857	482515	523	226160	243829	100	60	2.28481	0.882977	39	38.8	105097	12	2181	1.09912	1.07977	1927
858	464092	466	224267	226556	100	60	2.31158	0.882977	39	38.8	105097	12	2181	1.10121	1.07895	1927
859	426645	397	210660	203304	100	60	2.34212	0.882977	39	38.8	105097	12	2181	1.09501	1.06718	1927
860	399776	355	200223	188240	100	60	2.38703	0.882977	39	38.8	105097	12	2181	1.08625	1.04913	1927
861	368162	323	191717	176445	100	60	2.35765	0.882977	39	38.8	105097	12	2181	1.09172	1.06709	1927
862	247056	279	92427.2	154629	100	60	0.100166	0.882977	39	38.8	197748	12	2181	1.00208	0.989466	1927
863	478663	263	194696	283967	100	60	0.0843789	0.882977	39	38.8	197748	12	2181	1.00186	0.98993	1927
864	620064	224	254006	366059	100	60	0.0782849	0.882977	39	38.8	197748	12	2181	1.00194	0.991665	1927
865	604399	200	254023	350376	100	60	0.0824425	0.882977	39	38.8	197748	12	2181	1.0022	0.99277	1927
866	571165	186	248821	322344	100	60	0.0928496	0.882977	39	38.8	197748	12	2181	1.00294	0.993756	1927
867	628287	2534	282014	346273	100	60	1.09317	0.882977	39	38.8	197748	12	2181	1.00406	0.995216	1927
868	707102	2335	320890	386212	100	60	1.2899	0.882977	39	38.8	197748	12	2181	1.00456	0.99729	1927
869	763156	2061	350649	412508	100	60	1.53669	0.882977	39	38.8	197748	12	2181	1.00525	1	1927
870	584013	1808	178260	405753	100	60	1.72396	0.882977	37	38.8	197748	12	2181	1.08955	1.14309	1927
871	646470	1496	253322	391689	100	60	0.821646	0.882977	39	38.8	0	12	2181	1.02764	1.0197	1927
872	736105	1288	315690	418378	100	60	0.691272	0.882977	39	38.8	0	12	2181	1.0176	1.00744	1927
873	811782	1084	364193	445161	100	60	0.635162	0.882977	39	38.8	0	12	2181	1.01159	1.00157	1927
874	852829	910	388364	462521	100	60	0.659344	0.882977	39	38.8	0	12	2181	1.01198	1.00188	1927
875	851047	816	394717	454737	100	60	0.699358	0.882977	39	38.8	0	12	2181	1.01366	1.00566	1927
876	824269	1687	388652	435617	100	60	1.43295	0.882977	39	38.8	0	12	2181	1.01572	1.00701	1927
877	610857	1579	184528	426329	100	60	1.5499	0.882977	39	38.8	0	12	2181	1.01731	1.00832	1927
878	641716	1536	242467	399249	100	60	1.83467	0.882977	39	38.8	0	12	2181	1.01973	1.00982	1927
879	685540	1273	296261	389278	100	60	1.89442	0.882977	39	38.8	0	12	2181	1.02448	1.01899	1927
880	642304	1078	266291	376014	100	60	1.99774	0.882977	39	38.8	64547.8	12	2181	1.03774	1.03464	1927
881	503115	947	144916	358200	100	60	2.06908	0.882977	39	38.8	64547.8	12	2181	1.04468	1.04376	1927
882	524806	832	196745	328061	100	60	2.10026	0.882977	39	38.8	64547.8	12	2181	1.05288	1.04982	1927
883	548171	740	240719	307452	100	60	2.14323	0.882977	39	38.8	64547.8	12	2181	1.06051	1.06027	1927
884	552848	660	262600	290248	100	60	2.18261	0.882977	39	38.8	64547.8	12	2181	1.07426	1.07704	1927
885	555936	618	274022	281914	100	60	2.20464	0.882977	39	38.8	64547.8	12	2181	1.08873	1.09106	1927
886	539031	563	266446	263727	100	60	2.23199	0.882977	39	38.8	64547.8	12	2181	1.11111	1.11335	1927
887	523062	512	258578	249430	100	60	2.23309	0.882977	39	38.8	64547.8	12	2181	1.11957	1.11976	1927
888	514818	483	255987	243721	100	60	2.24512	0.882977	39	38.8	64547.8	12	2181	1.11111	1.10493	1927
889	471571	425	235825	221794	100	60	2.23595	0.882977	39	38.8	64547.8	12	2181	1.10352	1.09246	1927
890	432693	381	217370	202991	100	60	2.22539	0.882977	39	38.8	64547.8	12	2181	1.1	1.09537	1927
891	391546	347	202687	188859	100	60	2.266	0.882977	39	38.8	64547.8	12	2181	1.10383	1.09337	1927
892	254472	315	79023.2	175448	100	60	0.109732	0.882977	39	38.8	81463.2	12	2181	1.00212	0.997716	1927
893	478644	278	182782	295862	100	60	0.0873953	0.882977	39	38.8	81463.2	12	2181	1.00198	0.997007	1927
894	622251	236	249059	373192	100	60	0.079078	0.882977	39	38.8	81463.2	12	2181	1.00183	0.998071	1927
895	606365	185	248770	357595	100	60	0.0728948	0.882977	39	38.8	81463.2	12	2181	1.00184	0.997751	1927
896	429181	168	101145	328036	100	60	0.0799005	0.882977	39	38.8	81463.2	12	2181	1.00226	0.99937	1927
897	475954	2478	153916	322038	100	60	1.03483	0.882977	39	38.8	81463.2	12	2181	1.00349	0.9998	1927
898	582409	2358	222594	359815	100	60	1.33309	0.882977	39	38.8	81463.2	12	2181	1.0045	1.00142	1927
899	513857	2107	127582	386275	100	60	1.56869	0.882977	39	38.8	81463.2	12	2181	1.00638	1.00723	1927
900	467524	1914	95545.8	371979	100	60	1.81572	0.882977	37	38.8	81463.2	12	2181	1.06624	1.10178	1927
901	536168	1574	176322	358584	100	60	0.715978	0.882977	39	38.8	0	12	2181	1.01666	1.01224	1927
902	525525	1326	125221	399933	100	60	0.588092	0.882977	39	38.8	0	12	2181	1.01091	1.00422	1927
903	648066	1079	222390	424460	100	60	0.497835	0.882977	39	38.8	0	12	2181	1.00763	1.00186	1927
904	594253	917	142317	451809	100	60	0.526298	0.882977	39	38.8	0	12	2181	1.00666	1.00085	1927
905	640939	812	207473	433351	100	60	0.571618	0.882977	39	38.8	0	12	2181	1.00788	1.00129	1927
906	690442	2013	267131	423311	100	60	1.38089	0.882977	39	38.8	0	12	2181	1.01002	1.0023	1927
907	722820	1820	307517	415303	100	60	1.53208	0.882977	39	38.8	0	12	2181	1.0126	1.00828	1927
908	774092	1743	348293	425800	100	60	1.85356	0.882977	39	38.8	0	12	2181	1.01628	1.00923	1927
909	817703	1497	381113	436590	100	60	1.93271	0.882977	39	38.8	0	12	2181	1.01796	1.01207	1927
910	719745	1249	305262	414484	100	60	1.97544	0.882977	39	38.8	82807.1	12	2181	1.02617	1.02412	1927
911	694456	1026	317362	377094	100	60	2.03902	0.882977	39	38.8	82807.1	12	2181	1.03722	1.03918	1927
912	690964	913	331403	359561	100	60	2.06885	0.882977	39	38.8	82807.1	12	2181	1.04222	1.04176	1927
913	647302	779	319717	327585	100	60	2.11159	0.882977	39	38.8	82807.1	12	2181	1.06471	1.06452	1927
914	634847	720	319397	315449	100	60	2.15066	0.882977	39	38.8	82807.1	12	2181	1.0681	1.06704	1927
915	618129	658	314490	303639	100	60	2.21665	0.882977	39	38.8	82807.1	12	2181	1.07853	1.07858	1927
916	577875	581	290919	277541	100	60	2.25922	0.882977	39	38.8	82807.1	12	2181	1.07891	1.07692	1927
917	562514	534	279905	266293	100	60	2.29116	0.882977	39	38.8	82807.1	12	2181	1.09847	1.09108	1927
918	516475	474	257841	243334	100	60	2.31601	0.882977	39	38.8	82807.1	12	2181	1.08061	1.07296	1927
919	490225	435	246036	229637	100	60	2.36058	0.882977	39	38.8	82807.1	12	2181	1.07463	1.0684	1927
920	452679	386	228034	211604	100	60	2.41353	0.882977	39	38.8	82807.1	12	2181	1.07617	1.06631	1927
921	393117	337	204359	188758	100	60	2.43963	0.882977	39	38.8	82807.1	12	2181	1.08333	1.06707	1927
922	282231	314	102145	180086	100	60	0.11477	0.882977	39	38.8	186463	12	2181	1.00203	0.995831	1927
923	509290	298	204742	304548	100	60	0.0988234	0.882977	39	38.8	186463	12	2181	1.00199	0.995638	1927
924	654703	255	267202	387501	100	60	0.090166	0.882977	39	38.8	186463	12	2181	1.00198	0.995995	1927
925	655527	240	273275	382252	100	60	0.100961	0.882977	39	38.8	186463	12	2181	1.00234	0.996988	1927
926	613928	215	264531	349397	100	60	0.107196	0.882977	39	38.8	186463	12	2181	1.00265	0.998273	1927
927	657345	2723	293148	364197	100	60	1.15596	0.882977	39	38.8	186463	12	2181	1.0031	0.999356	1927
928	752693	2500	339719	412975	100	60	1.34205	0.882977	39	38.8	186463	12	2181	1.00428	1.0006	1927
929	811399	2159	369678	441721	100	60	1.62486	0.882977	39	38.8	186463	12	2181	1.00697	1.00284	1927
930	628552	1932	188294	440258	100	60	1.75536	0.882977	37	38.8	186463	12	2181	1.08223	1.13181	1927
