ID	Species	MaxAge	AllocSeed	LMR	m0	MaxMass	mSeed	Dist	pEstab	Gmax	SLA	palat	memo	RAR	growth	mThres	clonal	propSex	meanSpacerLength	sdSpacerlength	Resshare	AllocSpacer	mSpacer	sens	allocroot	allocshoot	EC50_biomass	slope_biomass	EC50_SEbiomass	slope_SEbiomass	EC50_survival	slope_survival	EC50_establishment	slope_establishment	EC50_sterility	slope_sterility	EC50_seednumber	slope_seednumber	FlowerWeek	DispWeek	GermPeriod
1	LECAcl3plb	100	0.05	0.5	1	5000	1	0.1	0.5	60	0.5	0.25	2	1	0.25	0.2	1	1	17.5	12.5	1	0.05	70	0.127704385551624	1	1	0	0	0	0	0	0	0	0	0	0	0	0	16	20	1
2	LECIcl3plb	100	0.05	0.5	1	5000	1	0.1	0.5	60	0.75	0.5	2	1	0.25	0.2	1	1	17.5	12.5	1	0.05	70	0.0132321551791392	1	1	0	0	0	0	0	0	0	0	0	0	0	0	16	20	1
3	LSCAplb	100	0.05	0.75	1	5000	1	0.1	0.5	60	0.5	0.25	2	1	0.25	0.2	0	0	0	0	0	0	0	0.0404534546541981	1	1	0	0	0	0	0	0	0	0	0	0	0	0	16	20	1
4	LSCAcl1plb	100	0.05	0.75	1	5000	1	0.1	0.5	60	0.5	0.25	2	1	0.25	0.2	1	1	2.5	2.5	1	0.05	70	0.548515583388507	1	1	0	0	0	0	0	0	0	0	0	0	0	0	16	20	1
5	LSCIcl1plb	100	0.05	0.75	1	5000	1	0.1	0.5	60	0.75	0.5	2	1	0.25	0.2	1	1	2.5	2.5	1	0.05	70	0.00937422842253	1	1	0	0	0	0	0	0	0	0	0	0	0	0	16	20	1
6	LSCIcl3plb	100	0.05	0.75	1	5000	1	0.1	0.5	60	0.75	0.5	2	1	0.25	0.2	1	1	17.5	12.5	1	0.05	70	0.165843932365533	1	1	0	0	0	0	0	0	0	0	0	0	0	0	16	20	1
7	LSCTcl2plb	100	0.05	0.75	1	5000	1	0.1	0.5	60	1	1	2	1	0.25	0.2	1	1	2.5	2.5	0	0.05	70	0.114879007800482	1	1	0	0	0	0	0	0	0	0	0	0	0	0	16	20	1
8	LSSIcl3plb	100	0.05	0.75	1	5000	1	0.1	0.5	20	0.75	0.5	6	1	0.25	0.2	1	1	17.5	12.5	1	0.05	70	0.882875099545345	1	1	0	0	0	0	0	0	0	0	0	0	0	0	16	20	1
9	LSSTcl3plb	100	0.05	0.75	1	5000	1	0.1	0.5	20	1	1	6	1	0.25	0.2	1	1	17.5	12.5	1	0.05	70	0.215147700509988	1	1	0	0	0	0	0	0	0	0	0	0	0	0	16	20	1
10	MECIcl3plb	100	0.05	0.5	0.3	2000	0.3	0.3	0.5	60	0.75	0.5	2	1	0.25	0.2	1	1	17.5	12.5	1	0.05	70	0.191760073648766	1	1	0	0	0	0	0	0	0	0	0	0	0	0	16	20	1
11	MECTcl3peb	100	0.05	0.5	0.3	2000	0.3	0.3	0.5	60	1	1	2	1	0.25	0.2	1	1	17.5	12.5	1	0.05	70	0.177155883749947	1	1	0	0	0	0	0	0	0	0	0	0	0	0	16	20	1
12	MEIIcl4plb	100	0.05	0.5	0.3	2000	0.3	0.3	0.5	40	0.75	0.5	4	1	0.25	0.2	1	1	17.5	12.5	0	0.05	70	0.0595674177748151	1	1	0	0	0	0	0	0	0	0	0	0	0	0	16	20	1
13	MEITplb	100	0.05	0.5	0.3	2000	0.3	0.3	0.5	40	1	1	4	1	0.25	0.2	0	0	0	0	0	0	0	0.154392160009593	1	1	0	0	0	0	0	0	0	0	0	0	0	0	16	20	1
14	MESTcl1plb	100	0.05	0.5	0.3	2000	0.3	0.3	0.5	20	1	1	6	1	0.25	0.2	1	1	2.5	2.5	1	0.05	70	0.0932851479738019	1	1	0	0	0	0	0	0	0	0	0	0	0	0	16	20	1
15	MSCAcl1plb	100	0.05	0.75	0.3	2000	0.3	0.3	0.5	60	0.5	0.25	2	1	0.25	0.2	1	1	2.5	2.5	1	0.05	70	0.244328353262972	1	1	0	0	0	0	0	0	0	0	0	0	0	0	16	20	1
16	MSCAcl3plb	100	0.05	0.75	0.3	2000	0.3	0.3	0.5	60	0.5	0.25	2	1	0.25	0.2	1	1	17.5	12.5	1	0.05	70	0.117253133095801	1	1	0	0	0	0	0	0	0	0	0	0	0	0	16	20	1
17	MSCIplb	100	0.05	0.75	0.3	2000	0.3	0.3	0.5	60	0.75	0.5	2	1	0.25	0.2	0	0	0	0	0	0	0	0.00928707059938461	1	1	0	0	0	0	0	0	0	0	0	0	0	0	16	20	1
18	MSCTcl1plb	100	0.05	0.75	0.3	2000	0.3	0.3	0.5	60	1	1	2	1	0.25	0.2	1	1	2.5	2.5	1	0.05	70	0.119526392838452	1	1	0	0	0	0	0	0	0	0	0	0	0	0	16	20	1
19	MSCTcl2plb	100	0.05	0.75	0.3	2000	0.3	0.3	0.5	60	1	1	2	1	0.25	0.2	1	1	2.5	2.5	0	0.05	70	0.156407633272465	1	1	0	0	0	0	0	0	0	0	0	0	0	0	16	20	1
20	MSIAcl1plb	100	0.05	0.75	0.3	2000	0.3	0.3	0.5	40	0.5	0.25	4	1	0.25	0.2	1	1	2.5	2.5	1	0.05	70	0.129908914794214	1	1	0	0	0	0	0	0	0	0	0	0	0	0	16	20	1
21	MSIAcl4plb	100	0.05	0.75	0.3	2000	0.3	0.3	0.5	40	0.5	0.25	4	1	0.25	0.2	1	1	17.5	12.5	0	0.05	70	0.20353903749492	1	1	0	0	0	0	0	0	0	0	0	0	0	0	16	20	1
22	MSIIcl3plb	100	0.05	0.75	0.3	2000	0.3	0.3	0.5	40	0.75	0.5	4	1	0.25	0.2	1	1	17.5	12.5	1	0.05	70	0.0256764336954802	1	1	0	0	0	0	0	0	0	0	0	0	0	0	16	20	1
23	MSITcl1plb	100	0.05	0.75	0.3	2000	0.3	0.3	0.5	40	1	1	4	1	0.25	0.2	1	1	2.5	2.5	1	0.05	70	0.00396841490874067	1	1	0	0	0	0	0	0	0	0	0	0	0	0	16	20	1
24	MSITcl3plb	100	0.05	0.75	0.3	2000	0.3	0.3	0.5	40	1	1	4	1	0.25	0.2	1	1	17.5	12.5	1	0.05	70	0.653098234033678	1	1	0	0	0	0	0	0	0	0	0	0	0	0	16	20	1
25	MSITcl4plb	100	0.05	0.75	0.3	2000	0.3	0.3	0.5	40	1	1	4	1	0.25	0.2	1	1	17.5	12.5	0	0.05	70	0.0677630979334936	1	1	0	0	0	0	0	0	0	0	0	0	0	0	16	20	1
26	MSSIcl1plb	100	0.05	0.75	0.3	2000	0.3	0.3	0.5	20	0.75	0.5	6	1	0.25	0.2	1	1	2.5	2.5	1	0.05	70	0.0307781874435022	1	1	0	0	0	0	0	0	0	0	0	0	0	0	16	20	1
27	MSSTcl3plb	100	0.05	0.75	0.3	2000	0.3	0.3	0.5	20	1	1	6	1	0.25	0.2	1	1	17.5	12.5	1	0.05	70	0.143360560119618	1	1	0	0	0	0	0	0	0	0	0	0	0	0	16	20	1
28	SECTpeb	100	0.05	0.5	0.1	1000	0.1	0.6	0.5	60	1	1	2	1	0.25	0.2	0	0	0	0	0	0	0	0.179919464688282	1	1	0	0	0	0	0	0	0	0	0	0	0	0	16	20	1
29	SEIAcl4peb	100	0.05	0.5	0.1	1000	0.1	0.6	0.5	40	0.5	0.25	4	1	0.25	0.2	1	1	17.5	12.5	0	0.05	70	0.238526026019827	1	1	0	0	0	0	0	0	0	0	0	0	0	0	16	20	1
30	SEITcl4peb	100	0.05	0.5	0.1	1000	0.1	0.6	0.5	40	1	1	4	1	0.25	0.2	1	1	17.5	12.5	0	0.05	70	0.52256232307991	1	1	0	0	0	0	0	0	0	0	0	0	0	0	16	20	1
31	SESIcl4plb	100	0.05	0.5	0.1	1000	0.1	0.6	0.5	20	0.75	0.5	6	1	0.25	0.2	1	1	17.5	12.5	0	0.05	70	0.0109521670383401	1	1	0	0	0	0	0	0	0	0	0	0	0	0	16	20	1
32	SRIAcl1peb	100	0.05	1	0.1	1000	0.1	0.6	0.5	40	0.5	0.25	4	1	0.25	0.2	1	1	2.5	2.5	1	0.05	70	0.184835784661118	1	1	0	0	0	0	0	0	0	0	0	0	0	0	1	5	1
33	SRIAcl2plb	100	0.05	1	0.1	1000	0.1	0.6	0.5	40	0.5	0.25	4	1	0.25	0.2	1	1	2.5	2.5	0	0.05	70	0.126429958210792	1	1	0	0	0	0	0	0	0	0	0	0	0	0	16	20	1
34	SRIAcl4peb	100	0.05	1	0.1	1000	0.1	0.6	0.5	40	0.5	0.25	4	1	0.25	0.2	1	1	17.5	12.5	0	0.05	70	0.162561212200671	1	1	0	0	0	0	0	0	0	0	0	0	0	0	16	20	1
35	SSCTplb	100	0.05	0.75	0.1	1000	0.1	0.6	0.5	60	1	1	2	1	0.25	0.2	0	0	0	0	0	0	0	0.247105851827655	1	1	0	0	0	0	0	0	0	0	0	0	0	0	16	20	1
36	SSIAcl4plb	100	0.05	0.75	0.1	1000	0.1	0.6	0.5	40	0.5	0.25	4	1	0.25	0.2	1	1	17.5	12.5	0	0.05	70	0.0556529138120823	1	1	0	0	0	0	0	0	0	0	0	0	0	0	16	20	1
37	SSIIcl2plb	100	0.05	0.75	0.1	1000	0.1	0.6	0.5	40	0.75	0.5	4	1	0.25	0.2	1	1	2.5	2.5	0	0.05	70	0.407197781372815	1	1	0	0	0	0	0	0	0	0	0	0	0	0	16	20	1
38	SSITcl3plb	100	0.05	0.75	0.1	1000	0.1	0.6	0.5	40	1	1	4	1	0.25	0.2	1	1	17.5	12.5	1	0.05	70	0.209299447131343	1	1	0	0	0	0	0	0	0	0	0	0	0	0	16	20	1
39	SSITcl4plb	100	0.05	0.75	0.1	1000	0.1	0.6	0.5	40	1	1	4	1	0.25	0.2	1	1	17.5	12.5	0	0.05	70	0.850650578388013	1	1	0	0	0	0	0	0	0	0	0	0	0	0	16	20	1
