Time	totMass	NInd	abovemass	belowmass	mean_ares	mean_bres	shannon	meanShannon	NPFT	meanNPFT	Cutted	NNonClonal	NClonal	mean_generation	mean_genet_size	NGenets
1	418.8	0	209.4	209.4	100	90	0	0.787542	40	39.2	0	278	1572	1	0.806189	1435
2	12845.4	0	6266.9	6578.52	100	90	0	0.787542	40	39.2	0	278	1572	1	0.796053	1435
3	62669.8	0	32829.9	29839.9	100	90	0	0.787542	40	39.2	0	278	1572	1	0.796296	1435
4	194346	0	100985	93361.4	100	90	0	0.787542	40	39.2	0	278	1572	1	0.798202	1435
5	435652	0	225984	209668	100	90	0	0.787542	40	39.2	0	278	1572	1.002	0.801858	1435
6	740483	584	385200	355284	100	90	2.45686	0.787542	40	39.2	0	278	1572	1.01112	0.809626	1435
7	995864	800	522816	473049	100	90	3.09506	0.787542	40	39.2	0	278	1572	1.03586	0.832768	1435
8	1.17944e+006	834	624642	554800	100	90	3.1767	0.787542	40	39.2	0	278	1572	1.05389	0.847722	1435
9	1.31175e+006	785	698006	613742	100	90	3.03047	0.787542	40	39.2	0	278	1572	1.07181	0.880255	1435
10	1.40158e+006	748	747729	653854	100	90	2.92713	0.787542	40	39.2	0	278	1572	1.09002	0.906292	1435
11	1.46443e+006	725	783243	681186	100	90	2.85628	0.787542	40	39.2	0	278	1572	1.12081	0.947222	1435
12	1.5144e+006	712	811949	702455	100	90	2.82763	0.787542	40	39.2	0	278	1572	1.14286	0.977077	1435
13	1.55338e+006	706	834481	718900	100	90	2.86732	0.787542	40	39.2	0	278	1572	1.1561	0.995595	1435
14	1.58013e+006	700	849633	730492	100	90	2.85996	0.787542	40	39.2	0	278	1572	1.18228	1.01967	1435
15	1.60471e+006	698	863515	741196	100	90	2.86918	0.787542	40	39.2	0	278	1572	1.20395	1.03982	1435
16	1.65627e+006	707	877122	750975	100	90	2.86996	0.787542	40	39.2	0	278	1572	1.2255	1.07143	1435
17	1.69936e+006	720	887960	758842	100	90	2.92745	0.787542	40	39.2	0	278	1572	1.24825	1.08934	1435
18	1.71546e+006	718	894341	764045	100	90	2.96564	0.787542	40	39.2	0	278	1572	1.23816	1.07643	1435
19	1.7286e+006	717	901873	768685	100	90	3.01749	0.787542	40	39.2	0	278	1572	1.23178	1.06645	1435
20	1.75408e+006	727	917095	779197	100	90	3.08339	0.787542	40	39.2	0	278	1572	1.23547	1.05519	1435
21	1.6939e+006	729	915982	777918	100	90	3.15148	0.787542	40	39.2	0	278	1572	1.23853	1.0495	1435
22	1.6974e+006	733	918920	778480	100	90	1.13312	0.787542	40	39.2	0	278	1572	1.05768	0.865642	1435
23	1.70214e+006	721	917751	784391	100	90	1.10125	0.787542	40	39.2	0	278	1572	1.06187	0.88245	1435
24	1.72402e+006	708	927609	796410	100	90	1.09094	0.787542	40	39.2	0	278	1572	1.06485	0.898155	1435
25	1.74165e+006	701	937583	804066	100	90	1.13671	0.787542	40	39.2	0	278	1572	1.07317	0.920417	1435
26	1.7658e+006	692	951674	814131	100	90	1.24646	0.787542	40	39.2	0	278	1572	1.08747	0.95058	1435
27	1.80098e+006	1339	971063	829918	100	90	2.33009	0.787542	40	39.2	0	278	1572	1.10437	0.984917	1435
28	1.83951e+006	1239	992800	846712	100	90	2.45921	0.787542	40	39.2	0	278	1572	1.134	1.01557	1435
29	1.87245e+006	1148	1.01128e+006	861176	100	90	2.5199	0.787542	40	39.2	0	278	1572	1.15811	1.04	1435
30	1.39336e+006	1098	515483	877873	100	90	2.07847	0.787542	40	39.2	0	278	1572	1.49619	1.6901	1435
31	1.44476e+006	982	628918	815418	100	90	1.25914	0.787542	40	39.2	0	278	1572	1.18107	1.02041	1435
32	1.45788e+006	869	676649	780416	100	90	0.974107	0.787542	40	39.2	0	278	1572	1.11531	0.917528	1435
33	1.44476e+006	768	691757	752190	100	90	0.856832	0.787542	40	39.2	0	278	1572	1.09547	0.882976	1435
34	1.42101e+006	691	694004	726181	100	90	0.971572	0.787542	40	39.2	0	278	1572	1.11341	0.895975	1435
35	1.37922e+006	783	684937	693540	100	90	1.22409	0.787542	40	39.2	0	278	1572	1.12812	0.922965	1435
36	1.30564e+006	800	657262	648377	100	90	1.43819	0.787542	40	39.2	0	278	1572	1.13026	0.961401	1435
37	1.26781e+006	938	645871	621939	100	90	1.93774	0.787542	40	39.2	0	278	1572	1.15328	0.976789	1435
38	1.24052e+006	980	638040	602480	100	90	2.44777	0.787542	40	39.2	0	278	1572	1.19069	0.994019	1435
39	1.1789e+006	785	610968	567932	100	90	2.52827	0.787542	40	39.2	0	278	1572	1.23971	1.04414	1435
40	691809	672	157758	534051	100	90	2.57334	0.787542	40	39.2	463385	278	1572	1.24846	1.03339	1435
41	757923	606	249967	507956	100	90	2.65468	0.787542	40	39.2	463385	278	1572	1.27681	1.04607	1435
42	793394	544	323777	469617	100	90	2.70129	0.787542	40	39.2	463385	278	1572	1.29866	1.07328	1435
43	806307	482	368659	437648	100	90	2.84772	0.787542	40	39.2	463385	278	1572	1.33747	1.09181	1435
44	799722	439	389073	410649	100	90	2.91216	0.787542	40	39.2	463385	278	1572	1.38741	1.13573	1435
45	782342	398	394089	388252	100	90	2.90387	0.787542	40	39.2	463385	278	1572	1.41779	1.15596	1435
46	448160	360	88498.3	359570	100	90	2.84254	0.787542	40	39.2	580276	278	1572	1.43333	1.19322	1435
47	408068	329	74722.6	332232	100	90	2.80481	0.787542	40	39.2	580276	278	1572	1.45752	1.21324	1435
48	440851	296	128295	305957	100	90	2.80138	0.787542	40	39.2	580276	278	1572	1.51301	1.23171	1435
49	489137	282	187820	292385	100	90	2.83708	0.787542	40	39.2	580276	278	1572	1.51639	1.26106	1435
50	531659	269	237653	285769	100	90	2.78687	0.787542	40	39.2	580276	278	1572	1.52838	1.27488	1435
51	532249	259	261558	270691	100	90	2.81365	0.787542	40	39.2	580276	278	1572	1.57143	1.33505	1435
52	325251	245	67768.1	257483	100	90	0.201056	0.787542	40	39.2	797855	278	1572	1.01441	0.872771	1435
53	478597	216	174084	304514	100	90	0.124231	0.787542	40	39.2	797855	278	1572	1.00802	0.858023	1435
54	782249	198	345251	436998	100	90	0.12236	0.787542	40	39.2	797855	278	1572	1.00814	0.856788	1435
55	973418	180	450786	522633	100	90	0.129991	0.787542	40	39.2	797855	278	1572	1.00917	0.868056	1435
56	943259	160	450091	493168	100	90	0.140126	0.787542	40	39.2	797855	278	1572	1.01062	0.879411	1435
57	1.02336e+006	2267	504439	518922	100	90	1.49084	0.787542	40	39.2	797855	278	1572	1.01327	0.883834	1435
58	1.0823e+006	1981	543693	538612	100	90	1.66092	0.787542	40	39.2	797855	278	1572	1.0162	0.880426	1435
59	1.14005e+006	1650	578961	561087	100	90	1.76071	0.787542	40	39.2	797855	278	1572	1.021	0.880754	1435
60	854812	1406	294556	560256	100	90	1.7815	0.787542	39	39.2	797855	278	1572	1.22792	1.28789	1435
61	976585	1249	422970	552651	100	90	1.44691	0.787542	40	39.2	0	278	1572	1.15466	1.02915	1435
62	1.03298e+006	1063	489845	541571	100	90	1.30516	0.787542	40	39.2	0	278	1572	1.12406	0.970926	1435
63	1.09256e+006	917	539507	551503	100	90	1.24626	0.787542	40	39.2	0	278	1572	1.1201	0.937877	1435
64	1.13387e+006	788	571143	561086	100	90	1.30868	0.787542	40	39.2	0	278	1572	1.1296	0.925766	1435
65	1.15521e+006	798	587577	566149	100	90	1.51409	0.787542	40	39.2	0	278	1572	1.15025	0.92398	1435
66	869141	1081	296748	572393	100	90	2.16569	0.787542	40	39.2	0	278	1572	1.1457	0.922498	1435
67	961072	1069	398518	562554	100	90	2.40595	0.787542	40	39.2	0	278	1572	1.1479	0.925699	1435
68	1.02323e+006	1066	474083	549145	100	90	2.61218	0.787542	40	39.2	0	278	1572	1.14604	0.940344	1435
69	1.02442e+006	920	503504	520918	100	90	2.59376	0.787542	40	39.2	0	278	1572	1.14907	0.961494	1435
70	714037	807	212830	501208	100	90	2.56409	0.787542	40	39.2	324811	278	1572	1.15354	0.964191	1435
71	735472	697	283708	451764	100	90	2.55974	0.787542	40	39.2	324811	278	1572	1.17564	0.987749	1435
72	810681	656	363308	447372	100	90	2.60483	0.787542	40	39.2	324811	278	1572	1.20416	1.01951	1435
73	797177	582	384720	412457	100	90	2.61638	0.787542	40	39.2	324811	278	1572	1.22624	1.05	1435
74	799304	531	401646	397659	100	90	2.68239	0.787542	40	39.2	324811	278	1572	1.25043	1.06996	1435
75	760753	480	390009	370745	100	90	2.71599	0.787542	40	39.2	324811	278	1572	1.27108	1.1093	1435
76	454223	422	118955	334942	100	90	2.64125	0.787542	40	39.2	610097	278	1572	1.32874	1.16535	1435
77	501430	390	179360	314604	100	90	2.64504	0.787542	40	39.2	610097	278	1572	1.36434	1.20977	1435
78	547269	371	232839	302869	100	90	2.64797	0.787542	40	39.2	610097	278	1572	1.37815	1.23292	1435
79	543832	349	253430	276957	100	90	2.71851	0.787542	40	39.2	610097	278	1572	1.38679	1.23183	1435
80	523484	308	257617	254032	100	90	2.82716	0.787542	40	39.2	610097	278	1572	1.38889	1.21032	1435
81	369164	287	127621	241544	100	90	2.88982	0.787542	40	39.2	610097	278	1572	1.40083	1.22807	1435
82	270002	243	58906	211096	100	90	0.120454	0.787542	40	39.2	632701	278	1572	1.00652	0.862934	1435
83	547734	240	216686	331048	100	90	0.10038	0.787542	40	39.2	632701	278	1572	1.00553	0.866089	1435
84	850983	204	381468	469515	100	90	0.0954603	0.787542	40	39.2	632701	278	1572	1.00627	0.869821	1435
85	863444	182	401785	461658	100	90	0.0994828	0.787542	40	39.2	632701	278	1572	1.00679	0.895182	1435
86	822722	168	397978	424743	100	90	0.112253	0.787542	40	39.2	632701	278	1572	1.0079	0.90353	1435
87	661457	2385	195975	465482	100	90	1.2834	0.787542	40	39.2	632701	278	1572	1.01187	0.893872	1435
88	798800	2131	304826	493974	100	90	1.57453	0.787542	40	39.2	632701	278	1572	1.01716	0.88795	1435
89	935979	1851	410945	525035	100	90	1.82353	0.787542	40	39.2	632701	278	1572	1.02507	0.893747	1435
90	774068	1681	239353	534715	100	90	1.95882	0.787542	39	39.2	632701	278	1572	1.19375	1.17647	1435
91	852018	1354	350101	500734	100	90	1.22672	0.787542	40	39.2	0	278	1572	1.09652	0.97343	1435
92	696387	1107	206604	489238	100	90	0.996178	0.787542	40	39.2	0	278	1572	1.07237	0.935915	1435
93	851313	938	337655	512347	100	90	0.841738	0.787542	40	39.2	0	278	1572	1.05901	0.917072	1435
94	1.02121e+006	807	460220	559381	100	90	0.874457	0.787542	40	39.2	0	278	1572	1.06492	0.914809	1435
95	1.12658e+006	836	537802	587308	100	90	1.05014	0.787542	40	39.2	0	278	1572	1.07223	0.929318	1435
96	1.1402e+006	1485	561605	578594	100	90	1.88515	0.787542	40	39.2	0	278	1572	1.07728	0.92335	1435
97	1.1157e+006	1372	561221	554477	100	90	2.00689	0.787542	40	39.2	0	278	1572	1.07663	0.918298	1435
98	1.10498e+006	1217	563016	541963	100	90	2.10534	0.787542	40	39.2	0	278	1572	1.08524	0.934356	1435
99	1.06281e+006	1030	545756	517052	100	90	2.14966	0.787542	40	39.2	0	278	1572	1.09416	0.953676	1435
100	715121	864	227282	487839	100	90	2.18281	0.787542	40	39.2	324663	278	1572	1.11077	0.974638	1435
101	767691	769	311452	456239	100	90	2.31388	0.787542	40	39.2	324663	278	1572	1.12906	0.987738	1435
102	783665	677	362371	421295	100	90	2.44535	0.787542	40	39.2	324663	278	1572	1.16587	1.01087	1435
103	588513	612	191054	397459	100	90	2.51403	0.787542	40	39.2	324663	278	1572	1.19341	1.05035	1435
104	660128	575	272367	387760	100	90	2.55574	0.787542	40	39.2	324663	278	1572	1.22793	1.08582	1435
105	684983	530	319897	365086	100	90	2.52959	0.787542	40	39.2	324663	278	1572	1.26679	1.1373	1435
106	488632	495	140108	348080	100	90	2.54483	0.787542	40	39.2	549120	278	1572	1.28457	1.1559	1435
107	544466	465	208017	327633	100	90	2.54617	0.787542	40	39.2	549120	278	1572	1.31004	1.17191	1435
108	574672	438	256502	305298	100	90	2.59327	0.787542	40	39.2	549120	278	1572	1.29736	1.16887	1435
109	555857	383	264071	276003	100	90	2.58884	0.787542	40	39.2	549120	278	1572	1.32493	1.18845	1435
110	539012	353	264896	260052	100	90	2.59764	0.787542	40	39.2	549120	278	1572	1.34385	1.18771	1435
111	524951	338	268640	256311	100	90	2.61945	0.787542	40	39.2	549120	278	1572	1.37294	1.1773	1435
112	309537	278	82684	226853	100	90	0.133994	0.787542	40	39.2	731746	278	1572	1.00734	0.873994	1435
113	584759	239	250518	334240	100	90	0.0901914	0.787542	40	39.2	731746	278	1572	1.005	0.872065	1435
114	850674	199	393841	456833	100	90	0.0821993	0.787542	40	39.2	731746	278	1572	1.00506	0.884015	1435
115	820838	173	388242	432596	100	90	0.0809567	0.787542	40	39.2	731746	278	1572	1.00529	0.909671	1435
116	784068	148	385248	398820	100	90	0.0867806	0.787542	39	39.2	731746	278	1572	1.00634	0.920176	1435
117	641954	2550	196903	445050	100	90	1.1412	0.787542	39	39.2	731746	278	1572	1.00766	0.911065	1435
118	752780	2369	297474	455307	100	90	1.45303	0.787542	39	39.2	731746	278	1572	1.01019	0.916799	1435
119	884225	2031	396086	488139	100	90	1.67397	0.787542	39	39.2	731746	278	1572	1.01493	0.917964	1435
120	618457	1844	108806	509650	100	90	1.84257	0.787542	38	39.2	731746	278	1572	1.13619	1.13063	1435
121	709902	1580	221716	487282	100	90	0.939149	0.787542	40	39.2	0	278	1572	1.05064	0.927765	1435
122	877478	1358	357944	518507	100	90	0.817907	0.787542	40	39.2	0	278	1572	1.03891	0.906762	1435
123	821126	1214	237482	583451	100	90	0.85439	0.787542	40	39.2	0	278	1572	1.04211	0.908472	1435
124	964106	1030	368259	595022	100	90	0.894484	0.787542	40	39.2	0	278	1572	1.04455	0.910685	1435
125	1.06348e+006	974	466953	595850	100	90	0.991565	0.787542	40	39.2	0	278	1572	1.05041	0.919842	1435
126	1.09299e+006	1792	516772	576220	100	90	1.78434	0.787542	40	39.2	0	278	1572	1.05297	0.922619	1435
127	1.11718e+006	1538	550448	566730	100	90	1.87184	0.787542	40	39.2	0	278	1572	1.06659	0.921037	1435
128	1.10981e+006	1373	559230	550583	100	90	1.99601	0.787542	40	39.2	0	278	1572	1.069	0.918778	1435
129	1.07605e+006	1156	549248	526802	100	90	2.05595	0.787542	40	39.2	0	278	1572	1.07595	0.927176	1435
130	754213	1000	251929	502284	100	90	2.15896	0.787542	40	39.2	308083	278	1572	1.08892	0.928279	1435
131	811880	893	335884	475996	100	90	2.2748	0.787542	40	39.2	308083	278	1572	1.10934	0.945727	1435
132	851448	811	398511	452937	100	90	2.34044	0.787542	40	39.2	308083	278	1572	1.13142	0.959184	1435
133	843435	741	415411	428023	100	90	2.42809	0.787542	40	39.2	308083	278	1572	1.14104	0.967742	1435
134	837109	695	421786	415323	100	90	2.46619	0.787542	40	39.2	308083	278	1572	1.16839	0.995468	1435
135	771996	611	393391	378604	100	90	2.48824	0.787542	40	39.2	308083	278	1572	1.20674	1.02418	1435
136	478059	552	126934	351085	100	90	2.49682	0.787542	40	39.2	377194	278	1572	1.21515	1.05212	1435
137	520633	498	194998	317057	100	90	2.5031	0.787542	40	39.2	377194	278	1572	1.23152	1.07221	1435
138	555493	452	246093	297467	100	90	2.49368	0.787542	40	39.2	377194	278	1572	1.24512	1.07299	1435
139	541557	406	256733	269280	100	90	2.48062	0.787542	40	39.2	377194	278	1572	1.2561	1.08719	1435
140	515207	364	252670	248710	100	90	2.52951	0.787542	40	39.2	377194	278	1572	1.2521	1.0774	1435
141	456071	310	234347	221724	100	90	2.5843	0.787542	40	39.2	377194	278	1572	1.27682	1.08989	1435
142	294682	296	74911.7	219771	100	90	0.131668	0.787542	40	39.2	422559	278	1572	1.00546	0.85947	1435
143	603518	281	257109	346409	100	90	0.103858	0.787542	40	39.2	422559	278	1572	1.00468	0.857996	1435
144	884130	255	408127	476003	100	90	0.105172	0.787542	40	39.2	422559	278	1572	1.00493	0.872588	1435
145	881279	228	417850	463430	100	90	0.107508	0.787542	40	39.2	422559	278	1572	1.00493	0.90573	1435
146	599929	181	179257	420672	100	90	0.103439	0.787542	40	39.2	422559	278	1572	1.00506	0.92316	1435
147	694948	2778	273404	421545	100	90	1.20261	0.787542	40	39.2	422559	278	1572	1.00591	0.914941	1435
148	881623	2580	394861	486762	100	90	1.51296	0.787542	40	39.2	422559	278	1572	1.00896	0.923657	1435
149	734324	2140	219651	514672	100	90	1.73015	0.787542	40	39.2	422559	278	1572	1.0123	0.93252	1435
150	643609	1923	155344	488264	100	90	1.87353	0.787542	40	39.2	422559	278	1572	1.12321	1.11619	1435
151	755340	1615	281600	473064	100	90	0.97102	0.787542	40	39.2	0	278	1572	1.04483	0.915875	1435
152	888909	1339	393278	494893	100	90	0.793408	0.787542	40	39.2	0	278	1572	1.03305	0.89051	1435
153	1.0514e+006	1159	498482	551819	100	90	0.78197	0.787542	40	39.2	0	278	1572	1.03252	0.892462	1435
154	1.13626e+006	993	555271	579956	100	90	0.839984	0.787542	40	39.2	0	278	1572	1.03716	0.90096	1435
155	1.14642e+006	901	570187	575286	100	90	0.905734	0.787542	40	39.2	0	278	1572	1.0399	0.907031	1435
156	1.14572e+006	1672	578189	567533	100	90	1.63638	0.787542	40	39.2	0	278	1572	1.04174	0.908674	1435
157	1.12818e+006	1502	575211	552971	100	90	1.77315	0.787542	40	39.2	0	278	1572	1.04686	0.907998	1435
158	1.11154e+006	1390	571079	540458	100	90	1.94021	0.787542	40	39.2	0	278	1572	1.05286	0.905077	1435
159	1.07724e+006	1177	556583	520654	100	90	2.05751	0.787542	40	39.2	0	278	1572	1.07	0.917247	1435
160	716092	973	236219	479873	100	90	2.11619	0.787542	40	39.2	314426	278	1572	1.07986	0.918862	1435
161	770422	852	322087	448335	100	90	2.21592	0.787542	40	39.2	314426	278	1572	1.10711	0.935018	1435
162	814716	780	386973	427743	100	90	2.31634	0.787542	40	39.2	314426	278	1572	1.1126	0.934469	1435
163	792891	696	396330	396561	100	90	2.35298	0.787542	40	39.2	314426	278	1572	1.14044	0.967311	1435
164	554640	614	188388	366252	100	90	2.42282	0.787542	40	39.2	314426	278	1572	1.16885	0.986348	1435
165	583693	535	249882	333810	100	90	2.48057	0.787542	40	39.2	314426	278	1572	1.17993	0.992203	1435
166	427184	473	123707	303253	100	90	2.43803	0.787542	40	39.2	498567	278	1572	1.2334	1.06306	1435
167	479743	431	190039	281143	100	90	2.42297	0.787542	40	39.2	498567	278	1572	1.2528	1.09848	1435
168	379335	381	118678	258502	100	90	2.48602	0.787542	40	39.2	498567	278	1572	1.2619	1.1261	1435
169	414115	342	170355	235353	100	90	2.46934	0.787542	40	39.2	498567	278	1572	1.28228	1.14851	1435
170	427435	302	203786	216149	100	90	2.44384	0.787542	40	39.2	498567	278	1572	1.27609	1.14015	1435
171	417793	284	210552	207241	100	90	2.44638	0.787542	40	39.2	498567	278	1572	1.31923	1.20675	1435
172	263750	252	70240.4	193509	100	90	0.142732	0.787542	40	39.2	645237	278	1572	1.00723	0.884068	1435
173	384997	215	107544	277452	100	90	0.0950088	0.787542	40	39.2	645237	278	1572	1.00501	0.882383	1435
174	700508	206	275230	425279	100	90	0.0900822	0.787542	40	39.2	645237	278	1572	1.00416	0.888011	1435
175	862365	191	373132	489234	100	90	0.0963986	0.787542	40	39.2	645237	278	1572	1.00454	0.909268	1435
176	860405	184	394400	466005	100	90	0.115501	0.787542	40	39.2	645237	278	1572	1.0058	0.932318	1435
177	942083	2548	453064	489018	100	90	1.18469	0.787542	40	39.2	645237	278	1572	1.00709	0.931727	1435
178	1.02695e+006	2249	505905	521044	100	90	1.39046	0.787542	40	39.2	645237	278	1572	1.01065	0.926256	1435
179	1.09076e+006	1933	544900	545857	100	90	1.55677	0.787542	40	39.2	645237	278	1572	1.01563	0.922747	1435
180	816873	1649	276221	540652	100	90	1.62403	0.787542	37	39.2	645237	278	1572	1.17532	1.22154	1435
181	888605	1367	385430	502202	100	90	1.25369	0.787542	40	39.2	0	278	1572	1.10837	1.0049	1435
182	991263	1216	470398	519165	100	90	1.1077	0.787542	40	39.2	0	278	1572	1.07846	0.964002	1435
183	1.0483e+006	1037	516708	529868	100	90	1.03354	0.787542	40	39.2	0	278	1572	1.07057	0.941652	1435
184	816064	879	269179	546539	100	90	1.07001	0.787542	40	39.2	0	278	1572	1.07744	0.935065	1435
185	954670	909	393370	560975	100	90	1.28293	0.787542	40	39.2	0	278	1572	1.08973	0.942433	1435
186	1.02914e+006	1305	474898	554243	100	90	1.91628	0.787542	40	39.2	0	278	1572	1.08907	0.935239	1435
187	1.07564e+006	1335	524806	550834	100	90	2.12406	0.787542	40	39.2	0	278	1572	1.09187	0.934035	1435
188	771481	1187	251856	519624	100	90	2.21518	0.787542	40	39.2	0	278	1572	1.09823	0.937991	1435
189	845890	1043	350677	495213	100	90	2.24164	0.787542	40	39.2	0	278	1572	1.10256	0.941352	1435
190	691166	917	225992	465175	100	90	2.25115	0.787542	40	39.2	206434	278	1572	1.10952	0.946007	1435
191	741564	803	308929	432636	100	90	2.3038	0.787542	40	39.2	206434	278	1572	1.14095	0.974293	1435
192	789993	740	373194	416799	100	90	2.38986	0.787542	40	39.2	206434	278	1572	1.16366	0.991585	1435
193	571297	652	186776	384521	100	90	2.40045	0.787542	40	39.2	206434	278	1572	1.19095	1.0256	1435
194	615257	598	255371	359886	100	90	2.44331	0.787542	40	39.2	206434	278	1572	1.19586	1.01937	1435
195	625610	542	292728	332882	100	90	2.4221	0.787542	40	39.2	206434	278	1572	1.2254	1.02539	1435
196	448884	499	133223	315336	100	90	2.38017	0.787542	40	39.2	402366	278	1572	1.26397	1.05508	1435
197	457223	417	180720	268398	100	90	2.32567	0.787542	40	39.2	402366	278	1572	1.29099	1.06549	1435
198	472878	374	219190	242822	100	90	2.37828	0.787542	40	39.2	402366	278	1572	1.28609	1.05429	1435
199	473311	341	229630	228573	100	90	2.37615	0.787542	40	39.2	402366	278	1572	1.3207	1.07547	1435
200	437994	291	217116	207866	100	90	2.40248	0.787542	40	39.2	402366	278	1572	1.30952	1.06691	1435
201	411701	275	212457	199244	100	90	2.40526	0.787542	40	39.2	402366	278	1572	1.31636	1.06	1435
202	254565	247	69015.4	185549	100	90	0.109178	0.787542	40	39.2	547840	278	1572	1.00516	0.816367	1435
203	565356	223	248640	316716	100	90	0.0809087	0.787542	40	39.2	547840	278	1572	1.00405	0.815258	1435
204	867076	225	404235	462841	100	90	0.0893852	0.787542	40	39.2	547840	278	1572	1.00441	0.842831	1435
205	839361	212	398568	440793	100	90	0.0991428	0.787542	40	39.2	547840	278	1572	1.00514	0.883158	1435
206	832638	198	408669	423969	100	90	0.114863	0.787542	40	39.2	547840	278	1572	1.00543	0.896849	1435
207	922752	2598	461522	461230	100	90	1.1732	0.787542	40	39.2	547840	278	1572	1.00698	0.888551	1435
208	973284	2161	489846	483438	100	90	1.38236	0.787542	39	39.2	547840	278	1572	1.00976	0.886258	1435
209	985418	1694	499506	485911	100	90	1.48072	0.787542	38	39.2	547840	278	1572	1.01367	0.889959	1435
210	717599	1466	246715	470883	100	90	1.58328	0.787542	37	39.2	547840	278	1572	1.15562	1.15491	1435
211	812635	1229	358649	453737	100	90	0.882378	0.787542	40	39.2	0	278	1572	1.05778	0.892202	1435
212	902879	1053	431923	470521	100	90	0.731661	0.787542	40	39.2	0	278	1572	1.03841	0.854671	1435
213	1.02086e+006	911	503453	516969	100	90	0.695123	0.787542	40	39.2	0	278	1572	1.03541	0.853323	1435
214	1.09001e+006	783	543187	546363	100	90	0.745021	0.787542	40	39.2	0	278	1572	1.03945	0.862947	1435
215	1.12696e+006	771	566526	559975	100	90	0.8453	0.787542	40	39.2	0	278	1572	1.04611	0.87331	1435
216	1.11419e+006	1463	564906	549280	100	90	1.59433	0.787542	40	39.2	0	278	1572	1.0502	0.878123	1435
217	1.11697e+006	1407	571693	545274	100	90	1.74212	0.787542	40	39.2	0	278	1572	1.05569	0.877511	1435
218	796824	1285	267551	529273	100	90	1.86259	0.787542	40	39.2	0	278	1572	1.06283	0.876523	1435
219	865645	1102	361969	503676	100	90	1.98646	0.787542	40	39.2	0	278	1572	1.07906	0.898951	1435
220	680525	946	213612	466913	100	90	2.04548	0.787542	40	39.2	224216	278	1572	1.09458	0.912804	1435
221	732774	820	300523	432251	100	90	2.1847	0.787542	40	39.2	224216	278	1572	1.10906	0.918919	1435
222	791703	755	372474	419229	100	90	2.28997	0.787542	40	39.2	224216	278	1572	1.1352	0.935844	1435
223	815210	714	404313	410897	100	90	2.34699	0.787542	40	39.2	224216	278	1572	1.13935	0.936578	1435
224	766097	628	386993	379105	100	90	2.39266	0.787542	40	39.2	224216	278	1572	1.16591	0.956155	1435
225	715150	561	364734	350416	100	90	2.34922	0.787542	40	39.2	224216	278	1572	1.20478	1.00383	1435
226	433129	494	120052	313012	100	90	2.35311	0.787542	40	39.2	475187	278	1572	1.22134	1.00655	1435
227	468391	441	179784	280046	100	90	2.36326	0.787542	40	39.2	475187	278	1572	1.23476	1.02963	1435
228	497369	402	225502	260003	100	90	2.38969	0.787542	40	39.2	475187	278	1572	1.23058	1.01918	1435
229	509007	378	244502	248422	100	90	2.36152	0.787542	40	39.2	475187	278	1572	1.25337	1.04154	1435
230	488229	344	241014	232850	100	90	2.43338	0.787542	40	39.2	475187	278	1572	1.24159	1.03041	1435
231	313507	296	107185	206322	100	90	2.46886	0.787542	40	39.2	475187	278	1572	1.24176	1.01976	1435
232	262571	272	68845.3	193726	100	90	0.105472	0.787542	40	39.2	564238	278	1572	1.0035	0.774137	1435
233	470784	258	128125	342659	100	90	0.090309	0.787542	40	39.2	564238	278	1572	1.00349	0.775802	1435
234	714196	234	260923	453273	100	90	0.0803826	0.787542	40	39.2	564238	278	1572	1.00294	0.797595	1435
235	768044	205	317490	450554	100	90	0.0818737	0.787542	40	39.2	564238	278	1572	1.00316	0.844965	1435
236	799444	166	368045	431399	100	90	0.0868084	0.787542	40	39.2	564238	278	1572	1.00343	0.875706	1435
237	937328	3169	454852	482476	100	90	1.25381	0.787542	40	39.2	564238	278	1572	1.00453	0.877397	1435
238	1.01674e+006	2551	502654	514087	100	90	1.42347	0.787542	40	39.2	564238	278	1572	1.0065	0.884731	1435
239	1.01725e+006	1979	510108	507142	100	90	1.51476	0.787542	40	39.2	564238	278	1572	1.01081	0.888503	1435
240	793059	1815	269871	523188	100	90	1.58433	0.787542	39	39.2	564238	278	1572	1.11528	1.09439	1435
241	892590	1500	389992	502131	100	90	1.04568	0.787542	40	39.2	0	278	1572	1.05475	0.861055	1435
242	982379	1261	468114	513570	100	90	0.865818	0.787542	40	39.2	0	278	1572	1.0369	0.824228	1435
243	1.08828e+006	1072	537212	550291	100	90	0.824018	0.787542	40	39.2	0	278	1572	1.03295	0.811684	1435
244	1.15671e+006	926	578306	577729	100	90	0.893422	0.787542	40	39.2	0	278	1572	1.03842	0.830127	1435
245	1.12773e+006	839	569774	557347	100	90	0.956609	0.787542	40	39.2	0	278	1572	1.04073	0.852804	1435
246	1.12058e+006	1505	572008	548569	100	90	1.61714	0.787542	40	39.2	0	278	1572	1.04407	0.859631	1435
247	1.09459e+006	1357	562308	532285	100	90	1.77316	0.787542	40	39.2	0	278	1572	1.04879	0.865031	1435
248	1.04506e+006	1203	539928	505130	100	90	1.89305	0.787542	40	39.2	0	278	1572	1.05856	0.872034	1435
249	993405	1009	515700	477705	100	90	1.9899	0.787542	40	39.2	0	278	1572	1.06299	0.864919	1435
250	642816	856	201932	440884	100	90	2.016	0.787542	40	39.2	312842	278	1572	1.07528	0.88019	1435
251	721071	777	296845	424226	100	90	2.17471	0.787542	40	39.2	312842	278	1572	1.08983	0.893561	1435
252	569064	695	174722	394342	100	90	2.25364	0.787542	40	39.2	312842	278	1572	1.11337	0.911374	1435
253	638709	644	261837	376872	100	90	2.29023	0.787542	40	39.2	312842	278	1572	1.13881	0.939103	1435
254	658184	579	309291	348894	100	90	2.32158	0.787542	40	39.2	312842	278	1572	1.13978	0.930108	1435
255	604805	479	300013	304792	100	90	2.23255	0.787542	40	39.2	312842	278	1572	1.19101	0.984716	1435
256	382138	417	103963	278137	100	90	2.20671	0.787542	40	39.2	526531	278	1572	1.21475	1.02015	1435
257	426103	379	165439	253323	100	90	2.20299	0.787542	40	39.2	526531	278	1572	1.24324	1.07022	1435
258	454225	344	209647	234453	100	90	2.26484	0.787542	40	39.2	526531	278	1572	1.23546	1.02167	1435
259	455468	311	220653	220511	100	90	2.28293	0.787542	40	39.2	526531	278	1572	1.25392	1.01027	1435
260	448716	293	222187	213511	100	90	2.33167	0.787542	40	39.2	526531	278	1572	1.23264	1.00375	1435
261	410152	268	210456	199696	100	90	2.37735	0.787542	40	39.2	526531	278	1572	1.22568	1.00826	1435
262	240944	238	58342.8	182602	100	90	0.109804	0.787542	40	39.2	570954	278	1572	1.00424	0.754925	1435
263	526679	210	226394	300285	100	90	0.0775999	0.787542	40	39.2	570954	278	1572	1.00321	0.756432	1435
264	811223	194	376523	434700	100	90	0.0793896	0.787542	40	39.2	570954	278	1572	1.00299	0.783189	1435
265	573534	179	162245	411289	100	90	0.0855145	0.787542	40	39.2	570954	278	1572	1.00326	0.839485	1435
266	635846	162	240463	395383	100	90	0.0975028	0.787542	40	39.2	570954	278	1572	1.00403	0.866523	1435
267	872254	2984	386362	485893	100	90	1.3336	0.787542	40	39.2	570954	278	1572	1.00549	0.867912	1435
268	1.00102e+006	2706	471993	529030	100	90	1.64951	0.787542	40	39.2	570954	278	1572	1.00797	0.879321	1435
269	1.03744e+006	2110	506408	531029	100	90	1.70901	0.787542	40	39.2	570954	278	1572	1.01274	0.897216	1435
270	766257	1740	256517	509739	100	90	1.62639	0.787542	40	39.2	570954	278	1572	1.13672	1.13094	1435
271	679515	1479	183609	495785	100	90	1.03753	0.787542	40	39.2	0	278	1572	1.06456	0.877565	1435
272	821008	1279	314864	505585	100	90	0.822055	0.787542	40	39.2	0	278	1572	1.04088	0.82971	1435
273	987009	1090	441076	545133	100	90	0.78348	0.787542	40	39.2	0	278	1572	1.03553	0.820041	1435
274	821454	935	251918	569495	100	90	0.845123	0.787542	40	39.2	0	278	1572	1.04115	0.84268	1435
275	949517	939	373973	575501	100	90	0.988599	0.787542	40	39.2	0	278	1572	1.04584	0.869395	1435
276	1.04082e+006	1644	470104	570716	100	90	1.69209	0.787542	40	39.2	0	278	1572	1.04851	0.873371	1435
277	1.10124e+006	1583	530228	571010	100	90	1.87544	0.787542	40	39.2	0	278	1572	1.05164	0.874489	1435
278	1.07195e+006	1386	534301	537648	100	90	1.96005	0.787542	40	39.2	0	278	1572	1.05699	0.8774	1435
279	1.00135e+006	1089	509573	491772	100	90	1.95219	0.787542	40	39.2	0	278	1572	1.07423	0.893158	1435
280	692415	944	222451	469964	100	90	1.97372	0.787542	40	39.2	303445	278	1572	1.08739	0.904865	1435
281	744970	824	309793	435177	100	90	2.07632	0.787542	40	39.2	303445	278	1572	1.10044	0.908979	1435
282	799995	756	379269	420726	100	90	2.17129	0.787542	40	39.2	303445	278	1572	1.11929	0.928571	1435
283	819335	704	407071	412264	100	90	2.25467	0.787542	40	39.2	303445	278	1572	1.14491	0.947826	1435
284	579361	633	194340	385021	100	90	2.31831	0.787542	40	39.2	303445	278	1572	1.17188	0.969206	1435
285	634739	593	270552	364187	100	90	2.3819	0.787542	40	39.2	303445	278	1572	1.17247	0.971781	1435
286	452661	526	129125	323416	100	90	2.35858	0.787542	40	39.2	498680	278	1572	1.19056	0.991886	1435
287	531519	502	208189	313811	100	90	2.38207	0.787542	40	39.2	498680	278	1572	1.18882	0.991453	1435
288	557516	450	254721	289674	100	90	2.42414	0.787542	40	39.2	498680	278	1572	1.19518	0.995181	1435
289	565376	419	270732	276732	100	90	2.43417	0.787542	40	39.2	498680	278	1572	1.18545	0.971867	1435
290	545586	382	268575	260560	100	90	2.50995	0.787542	40	39.2	498680	278	1572	1.17251	0.959885	1435
291	523608	365	268412	255196	100	90	2.52439	0.787542	40	39.2	498680	278	1572	1.16809	0.942249	1435
292	327475	337	86039.3	241436	100	90	0.148919	0.787542	40	39.2	683198	278	1572	1.00495	0.795223	1435
293	616656	302	263722	352934	100	90	0.109035	0.787542	40	39.2	683198	278	1572	1.00329	0.792715	1435
294	831746	232	388428	443317	100	90	0.0930613	0.787542	40	39.2	683198	278	1572	1.00311	0.816153	1435
295	805580	210	386350	419230	100	90	0.0972239	0.787542	40	39.2	683198	278	1572	1.00368	0.859363	1435
296	811798	184	403375	408423	100	90	0.108477	0.787542	40	39.2	683198	278	1572	1.00494	0.874098	1435
297	935480	2716	472092	463389	100	90	1.17551	0.787542	40	39.2	683198	278	1572	1.0065	0.872134	1435
298	1.00292e+006	2280	507936	494984	100	90	1.36137	0.787542	40	39.2	683198	278	1572	1.00851	0.877999	1435
299	1.03494e+006	1823	527074	507868	100	90	1.44722	0.787542	40	39.2	683198	278	1572	1.01338	0.879182	1435
300	746022	1597	257324	488698	100	90	1.55541	0.787542	39	39.2	683198	278	1572	1.13552	1.10775	1435
301	833213	1308	369299	463696	100	90	0.89232	0.787542	40	39.2	0	278	1572	1.05479	0.863846	1435
302	936414	1129	449564	486514	100	90	0.749293	0.787542	40	39.2	0	278	1572	1.03551	0.830825	1435
303	1.02536e+006	937	507142	517956	100	90	0.685648	0.787542	40	39.2	0	278	1572	1.03319	0.824277	1435
304	833462	844	269605	563814	100	90	0.756181	0.787542	40	39.2	0	278	1572	1.03939	0.842473	1435
305	943026	820	381206	561777	100	90	0.863026	0.787542	40	39.2	0	278	1572	1.04281	0.868757	1435
306	1.0401e+006	1625	476455	563647	100	90	1.59191	0.787542	40	39.2	0	278	1572	1.04404	0.874408	1435
307	1.05679e+006	1461	513298	543491	100	90	1.72953	0.787542	40	39.2	0	278	1572	1.05442	0.88799	1435
308	1.03597e+006	1291	517794	518171	100	90	1.84211	0.787542	40	39.2	0	278	1572	1.06285	0.897152	1435
309	1.00834e+006	1079	512534	495803	100	90	1.89358	0.787542	40	39.2	0	278	1572	1.07788	0.908057	1435
310	646104	921	179349	466755	100	90	1.89849	0.787542	40	39.2	64705.4	278	1572	1.08905	0.909292	1435
311	588565	839	142108	446457	100	90	2.03282	0.787542	40	39.2	64705.4	278	1572	1.09075	0.896468	1435
312	641996	732	238491	403504	100	90	2.1285	0.787542	40	39.2	64705.4	278	1572	1.10493	0.901547	1435
313	676646	648	306227	370419	100	90	2.19158	0.787542	40	39.2	64705.4	278	1572	1.13015	0.928458	1435
314	511128	585	162437	348690	100	90	2.22356	0.787542	40	39.2	64705.4	278	1572	1.16265	0.957447	1435
315	552992	521	232447	320544	100	90	2.24697	0.787542	40	39.2	64705.4	278	1572	1.17553	0.956	1435
316	420544	490	114624	305827	100	90	2.24389	0.787542	40	39.2	251517	278	1572	1.20155	0.989339	1435
317	477497	449	186110	282067	100	90	2.27407	0.787542	40	39.2	251517	278	1572	1.19565	0.990544	1435
318	542076	432	251287	278178	100	90	2.33707	0.787542	40	39.2	251517	278	1572	1.17241	0.962963	1435
319	540598	396	260097	261666	100	90	2.3252	0.787542	40	39.2	251517	278	1572	1.20823	0.991826	1435
320	503461	349	247664	239130	100	90	2.39076	0.787542	40	39.2	251517	278	1572	1.19174	0.949686	1435
321	458479	312	235586	222893	100	90	2.35675	0.787542	40	39.2	251517	278	1572	1.19032	0.933798	1435
322	284620	291	72088.6	212531	100	90	0.120118	0.787542	40	39.2	418446	278	1572	1.00435	0.794604	1435
323	599748	253	260581	339167	100	90	0.0882826	0.787542	40	39.2	418446	278	1572	1.00297	0.793554	1435
324	820658	226	383089	437569	100	90	0.0875006	0.787542	40	39.2	418446	278	1572	1.00345	0.819374	1435
325	770781	213	369013	401768	100	90	0.0947427	0.787542	40	39.2	418446	278	1572	1.00376	0.864721	1435
326	809555	186	403506	406049	100	90	0.106897	0.787542	40	39.2	418446	278	1572	1.00507	0.870499	1435
327	936602	2707	473214	463387	100	90	1.18546	0.787542	40	39.2	418446	278	1572	1.00695	0.871845	1435
328	987567	2234	499885	487682	100	90	1.44232	0.787542	40	39.2	418446	278	1572	1.00995	0.880544	1435
329	987777	1748	503184	484592	100	90	1.50222	0.787542	40	39.2	418446	278	1572	1.01343	0.870642	1435
330	746479	1557	257553	488925	100	90	1.54196	0.787542	39	39.2	418446	278	1572	1.14729	1.12192	1435
331	839270	1277	372064	467151	100	90	0.855224	0.787542	40	39.2	0	278	1572	1.05652	0.859344	1435
332	941185	1089	451705	489377	100	90	0.715315	0.787542	40	39.2	0	278	1572	1.0364	0.824168	1435
333	1.04013e+006	928	512708	527323	100	90	0.691053	0.787542	40	39.2	0	278	1572	1.03562	0.827001	1435
334	1.09621e+006	804	545921	550185	100	90	0.741898	0.787542	40	39.2	0	278	1572	1.0396	0.844887	1435
335	1.08438e+006	769	545730	538544	100	90	0.846085	0.787542	40	39.2	0	278	1572	1.04262	0.862219	1435
336	1.07875e+006	1379	548028	530723	100	90	1.49987	0.787542	40	39.2	0	278	1572	1.04979	0.858754	1435
337	1.08128e+006	1319	553547	527735	100	90	1.6645	0.787542	40	39.2	0	278	1572	1.05414	0.853306	1435
338	1.04416e+006	1196	537959	506201	100	90	1.78098	0.787542	40	39.2	0	278	1572	1.06852	0.866953	1435
339	993813	1005	514378	479435	100	90	1.88574	0.787542	40	39.2	0	278	1572	1.0865	0.890256	1435
340	654879	865	197392	457487	100	90	1.93845	0.787542	40	39.2	324026	278	1572	1.10081	0.899761	1435
341	731076	783	300877	430199	100	90	2.05449	0.787542	40	39.2	324026	278	1572	1.11024	0.897503	1435
342	597733	722	184280	413454	100	90	2.11467	0.787542	40	39.2	324026	278	1572	1.13048	0.91453	1435
343	654945	643	273337	381608	100	90	2.18544	0.787542	40	39.2	324026	278	1572	1.16238	0.946688	1435
344	666954	571	317667	349287	100	90	2.20059	0.787542	40	39.2	324026	278	1572	1.18987	0.985294	1435
345	672282	536	336813	335469	100	90	2.25409	0.787542	40	39.2	324026	278	1572	1.20387	0.986275	1435
346	416144	470	110956	305188	100	90	2.21237	0.787542	40	39.2	566285	278	1572	1.2297	1.01556	1435
347	364152	413	90799.7	272228	100	90	2.23497	0.787542	40	39.2	566285	278	1572	1.23678	1.0179	1435
348	403967	362	151548	244464	100	90	2.23386	0.787542	40	39.2	566285	278	1572	1.26216	1.05373	1435
349	447704	334	205221	232788	100	90	2.26257	0.787542	40	39.2	566285	278	1572	1.24561	1.03236	1435
350	439928	300	215736	215666	100	90	2.27715	0.787542	40	39.2	566285	278	1572	1.28283	1.07326	1435
351	409447	276	209223	200224	100	90	2.26958	0.787542	40	39.2	566285	278	1572	1.327	1.09388	1435
352	256524	259	64277.9	192246	100	90	0.139544	0.787542	40	39.2	718116	278	1572	1.00712	0.786545	1435
353	503182	239	214045	289137	100	90	0.100809	0.787542	40	39.2	718116	278	1572	1.00588	0.789371	1435
354	829243	215	388389	440854	100	90	0.100441	0.787542	40	39.2	718116	278	1572	1.00573	0.799277	1435
355	834698	177	398726	435972	100	90	0.098131	0.787542	40	39.2	718116	278	1572	1.00563	0.844843	1435
356	788257	155	388925	399332	100	90	0.106098	0.787542	40	39.2	718116	278	1572	1.00697	0.877709	1435
357	921661	2438	464675	456986	100	90	1.18931	0.787542	40	39.2	718116	278	1572	1.00833	0.870634	1435
358	988521	2081	501599	486922	100	90	1.39271	0.787542	40	39.2	718116	278	1572	1.01253	0.878145	1435
359	986091	1675	504306	481785	100	90	1.47967	0.787542	40	39.2	718116	278	1572	1.01658	0.877005	1435
360	725681	1421	251543	474138	100	90	1.56675	0.787542	37	39.2	718116	278	1572	1.17505	1.16063	1435
361	804994	1198	359812	445091	100	90	1.02187	0.787542	40	39.2	0	278	1572	1.08146	0.894068	1435
362	895523	1052	433066	462285	100	90	0.887412	0.787542	40	39.2	0	278	1572	1.05535	0.852099	1435
363	715903	868	234388	481515	100	90	0.836089	0.787542	40	39.2	0	278	1572	1.05219	0.846582	1435
364	702413	774	184306	518091	100	90	0.880167	0.787542	40	39.2	0	278	1572	1.05392	0.846832	1435
365	839135	758	317218	521918	100	90	0.975825	0.787542	40	39.2	0	278	1572	1.05502	0.855494	1435
366	970026	1433	432066	537960	100	90	1.75218	0.787542	40	39.2	0	278	1572	1.05626	0.868764	1435
367	1.0102e+006	1376	484913	525286	100	90	1.93843	0.787542	40	39.2	0	278	1572	1.06156	0.887594	1435
368	1.01266e+006	1206	505090	507573	100	90	1.99392	0.787542	40	39.2	0	278	1572	1.07179	0.887179	1435
369	966561	1009	492450	474111	100	90	1.9745	0.787542	40	39.2	0	278	1572	1.08422	0.889676	1435
370	633356	854	191792	441564	100	90	2.02483	0.787542	40	39.2	309265	278	1572	1.10008	0.90036	1435
371	712653	768	291478	421176	100	90	2.08373	0.787542	40	39.2	309265	278	1572	1.11057	0.897196	1435
372	744977	677	353445	391532	100	90	2.15004	0.787542	40	39.2	309265	278	1572	1.12847	0.910741	1435
373	552122	616	183467	368655	100	90	2.25553	0.787542	40	39.2	309265	278	1572	1.13618	0.926667	1435
374	599639	563	254795	344843	100	90	2.32815	0.787542	40	39.2	309265	278	1572	1.15161	0.946494	1435
375	589297	482	282171	307126	100	90	2.36948	0.787542	40	39.2	309265	278	1572	1.17391	0.954148	1435
376	401258	450	105794	295439	100	90	2.31797	0.787542	40	39.2	524532	278	1572	1.20253	0.985948	1435
377	471109	428	179993	282145	100	90	2.35632	0.787542	40	39.2	524532	278	1572	1.20548	0.985185	1435
378	381142	395	117926	261314	100	90	2.41623	0.787542	40	39.2	524532	278	1572	1.20865	0.980926	1435
379	408289	344	166503	233121	100	90	2.43383	0.787542	40	39.2	524532	278	1572	1.25225	1.02215	1435
380	384700	279	182029	195497	100	90	2.41386	0.787542	40	39.2	524532	278	1572	1.25	0.996047	1435
381	370624	253	186974	183650	100	90	2.41691	0.787542	40	39.2	524532	278	1572	1.249	1.00442	1435
382	229942	231	54324.9	175617	100	90	0.138369	0.787542	40	39.2	566333	278	1572	1.00636	0.751825	1435
383	444172	202	187443	256729	100	90	0.0943111	0.787542	40	39.2	566333	278	1572	1.00423	0.751115	1435
384	772059	188	361328	410731	100	90	0.09696	0.787542	40	39.2	566333	278	1572	1.00447	0.761879	1435
385	855937	172	408188	447749	100	90	0.103317	0.787542	40	39.2	566333	278	1572	1.00547	0.807754	1435
386	818483	159	400705	417778	100	90	0.11774	0.787542	40	39.2	566333	278	1572	1.00613	0.845229	1435
387	658676	2327	205071	453605	100	90	1.1895	0.787542	40	39.2	566333	278	1572	1.00781	0.837878	1435
388	769803	2056	309391	460412	100	90	1.42231	0.787542	40	39.2	566333	278	1572	1.00966	0.837366	1435
389	901167	1738	410807	490361	100	90	1.62755	0.787542	40	39.2	566333	278	1572	1.01369	0.838183	1435
390	733940	1574	235725	498215	100	90	1.73398	0.787542	38	39.2	566333	278	1572	1.19253	1.11346	1435
391	811384	1284	351283	460046	100	90	1.20301	0.787542	40	39.2	0	278	1572	1.09811	0.895813	1435
392	897461	1108	429121	468251	100	90	1.04813	0.787542	40	39.2	0	278	1572	1.06379	0.839224	1435
393	960184	934	477119	482975	100	90	0.971863	0.787542	40	39.2	0	278	1572	1.05572	0.821939	1435
394	1.01481e+006	771	510325	504392	100	90	0.978559	0.787542	40	39.2	0	278	1572	1.06211	0.831923	1435
395	1.05974e+006	746	536572	523082	100	90	1.09102	0.787542	40	39.2	0	278	1572	1.06606	0.835671	1435
396	1.07491e+006	1201	548497	526418	100	90	1.72759	0.787542	40	39.2	0	278	1572	1.0697	0.845	1435
397	1.05745e+006	1170	543829	513621	100	90	1.88981	0.787542	40	39.2	0	278	1572	1.07043	0.837607	1435
398	1.03849e+006	1128	537734	500752	100	90	2.01702	0.787542	40	39.2	0	278	1572	1.07711	0.854262	1435
399	975307	961	507812	467495	100	90	2.03292	0.787542	40	39.2	0	278	1572	1.07846	0.845328	1435
400	630625	848	186880	443746	100	90	2.05902	0.787542	40	39.2	322946	278	1572	1.09474	0.859756	1435
401	718504	784	292911	425593	100	90	2.13308	0.787542	40	39.2	322946	278	1572	1.11361	0.875989	1435
402	757451	705	357467	399984	100	90	2.20367	0.787542	40	39.2	322946	278	1572	1.13012	0.881406	1435
403	711790	610	354660	357130	100	90	2.24014	0.787542	40	39.2	322946	278	1572	1.14141	0.892074	1435
404	682351	551	347762	334588	100	90	2.26675	0.787542	40	39.2	322946	278	1572	1.18105	0.930451	1435
405	619991	486	319272	300718	100	90	2.33365	0.787542	40	39.2	322946	278	1572	1.18127	0.910828	1435
406	370399	429	98278.2	272104	100	90	2.34246	0.787542	40	39.2	555984	278	1572	1.19362	0.951338	1435
407	414518	388	157923	248647	100	90	2.3576	0.787542	40	39.2	555984	278	1572	1.19084	0.94837	1435
408	436467	349	199083	227154	100	90	2.37529	0.787542	40	39.2	555984	278	1572	1.1831	0.930723	1435
409	324492	319	110232	211667	100	90	2.40788	0.787542	40	39.2	555984	278	1572	1.17666	0.939394	1435
410	350361	286	151325	196644	100	90	2.35194	0.787542	40	39.2	555984	278	1572	1.21329	0.966165	1435
411	353186	265	172842	180344	100	90	2.32366	0.787542	40	39.2	555984	278	1572	1.22932	0.979339	1435
412	219370	237	54263.7	165107	100	90	0.246866	0.787542	40	39.2	687490	278	1572	1.01127	0.713894	1435
413	274003	220	70908.6	203095	100	90	0.171982	0.787542	40	39.2	687490	278	1572	1.00708	0.712341	1435
414	565303	202	237307	327996	100	90	0.154207	0.787542	40	39.2	687490	278	1572	1.00626	0.721697	1435
415	663754	193	196334	467420	100	90	0.167841	0.787542	40	39.2	687490	278	1572	1.00692	0.733283	1435
416	791549	161	305297	486252	100	90	0.167432	0.787542	40	39.2	687490	278	1572	1.0081	0.761041	1435
417	937336	2062	415355	521981	100	90	1.40469	0.787542	40	39.2	687490	278	1572	1.0097	0.768072	1435
418	994732	2022	474403	520329	100	90	1.59059	0.787542	40	39.2	687490	278	1572	1.01169	0.760289	1435
419	1.03181e+006	1711	511927	519880	100	90	1.64675	0.787542	40	39.2	687490	278	1572	1.01722	0.757524	1435
420	747064	1401	255748	491316	100	90	1.51127	0.787542	38	39.2	687490	278	1572	1.21775	1.11167	1435
421	805353	1151	363452	441722	100	90	1.40382	0.787542	40	39.2	0	278	1572	1.17991	0.947398	1435
422	854362	1012	417920	436186	100	90	1.35255	0.787542	40	39.2	0	278	1572	1.14286	0.880211	1435
423	851587	867	429699	421632	100	90	1.29845	0.787542	40	39.2	0	278	1572	1.11904	0.828649	1435
424	860833	734	440240	420325	100	90	1.36194	0.787542	40	39.2	0	278	1572	1.12328	0.809587	1435
425	916107	774	471359	444508	100	90	1.57478	0.787542	40	39.2	0	278	1572	1.12894	0.802353	1435
426	930862	925	481658	449203	100	90	1.96967	0.787542	40	39.2	0	278	1572	1.12969	0.803506	1435
427	668220	900	231306	436914	100	90	2.11828	0.787542	40	39.2	0	278	1572	1.1404	0.79329	1435
428	725222	848	316207	409014	100	90	2.27641	0.787542	40	39.2	0	278	1572	1.14271	0.796482	1435
429	760679	757	370109	390570	100	90	2.28806	0.787542	40	39.2	0	278	1572	1.15719	0.807042	1435
430	516736	664	154135	362602	100	90	2.32761	0.787542	40	39.2	244153	278	1572	1.14465	0.786174	1435
431	564914	587	233563	331351	100	90	2.3624	0.787542	40	39.2	244153	278	1572	1.16775	0.815018	1435
432	585949	522	280028	305921	100	90	2.38828	0.787542	40	39.2	244153	278	1572	1.17164	0.828157	1435
433	571510	461	288721	282789	100	90	2.36539	0.787542	40	39.2	244153	278	1572	1.19048	0.864486	1435
434	541362	415	278541	262821	100	90	2.37307	0.787542	40	39.2	244153	278	1572	1.22829	0.915119	1435
435	492780	364	255758	237021	100	90	2.4138	0.787542	40	39.2	244153	278	1572	1.2341	0.926829	1435
436	306232	341	81952.5	224255	100	90	2.39735	0.787542	40	39.2	431860	278	1572	1.24615	0.940984	1435
437	343926	308	132732	204558	100	90	2.36268	0.787542	40	39.2	431860	278	1572	1.28223	0.977941	1435
438	360029	277	164474	186976	100	90	2.39178	0.787542	40	39.2	431860	278	1572	1.27451	0.975	1435
439	366452	258	177973	176652	100	90	2.37153	0.787542	40	39.2	431860	278	1572	1.2906	0.972973	1435
440	345447	229	172127	162958	100	90	2.37002	0.787542	40	39.2	431860	278	1572	1.2878	0.958549	1435
441	324152	218	168812	155340	100	90	2.38626	0.787542	40	39.2	431860	278	1572	1.29534	0.945055	1435
442	202787	205	52066.6	150721	100	90	0.0898996	0.787542	40	39.2	552678	278	1572	1.00373	0.661222	1435
443	506944	177	224807	282137	100	90	0.0649185	0.787542	40	39.2	552678	278	1572	1.00275	0.659723	1435
444	604545	168	178278	426267	100	90	0.0687601	0.787542	40	39.2	552678	278	1572	1.00333	0.697643	1435
445	608750	149	220422	388329	100	90	0.0637625	0.787542	40	39.2	552678	278	1572	1.00321	0.75567	1435
446	730584	142	314967	415617	100	90	0.0765433	0.787542	40	39.2	552678	278	1572	1.0038	0.783114	1435
447	896988	2951	420167	476821	100	90	1.19663	0.787542	40	39.2	552678	278	1572	1.0049	0.800658	1435
448	972224	2558	471322	500901	100	90	1.41961	0.787542	40	39.2	552678	278	1572	1.00666	0.816198	1435
449	1.01257e+006	2065	505409	507159	100	90	1.50183	0.787542	40	39.2	552678	278	1572	1.00894	0.817365	1435
450	750427	1734	255664	494763	100	90	1.51538	0.787542	36	39.2	552678	278	1572	1.11179	1.01048	1435
451	854160	1451	380587	473332	100	90	1.08029	0.787542	40	39.2	0	278	1572	1.0633	0.772022	1435
452	709230	1268	220372	488709	100	90	0.960482	0.787542	40	39.2	0	278	1572	1.04704	0.741928	1435
453	870201	1088	360911	509054	100	90	0.83044	0.787542	40	39.2	0	278	1572	1.03856	0.710981	1435
454	992765	902	461841	530625	100	90	0.851816	0.787542	40	39.2	0	278	1572	1.04028	0.726071	1435
455	1.02652e+006	838	500787	525438	100	90	0.94166	0.787542	40	39.2	0	278	1572	1.04611	0.756606	1435
456	1.06235e+006	1456	532969	529381	100	90	1.5561	0.787542	40	39.2	0	278	1572	1.04857	0.760913	1435
457	1.0559e+006	1385	539530	516368	100	90	1.70743	0.787542	40	39.2	0	278	1572	1.05232	0.742894	1435
458	1.02638e+006	1316	530302	496081	100	90	1.84159	0.787542	40	39.2	0	278	1572	1.05561	0.741286	1435
459	967466	1086	503034	464432	100	90	1.86195	0.787542	40	39.2	0	278	1572	1.05713	0.717087	1435
460	616856	944	172602	444254	100	90	1.94162	0.787542	40	39.2	68717.9	278	1572	1.06672	0.729032	1435
461	691172	846	277990	413182	100	90	2.05664	0.787542	40	39.2	68717.9	278	1572	1.0785	0.738609	1435
462	746846	780	352444	394402	100	90	2.15933	0.787542	40	39.2	68717.9	278	1572	1.0842	0.738622	1435
463	730378	700	365414	364964	100	90	2.23756	0.787542	40	39.2	68717.9	278	1572	1.09248	0.74058	1435
464	691591	617	354373	337219	100	90	2.2685	0.787542	40	39.2	68717.9	278	1572	1.11176	0.753695	1435
465	645058	553	334436	310622	100	90	2.26963	0.787542	40	39.2	68717.9	278	1572	1.11921	0.751381	1435
466	397696	496	112068	285610	100	90	2.23732	0.787542	40	39.2	301956	278	1572	1.13504	0.784679	1435
467	473397	481	184782	279496	100	90	2.24155	0.787542	40	39.2	301956	278	1572	1.14717	0.802998	1435
468	382626	441	118954	261189	100	90	2.27153	0.787542	40	39.2	301956	278	1572	1.13542	0.79021	1435
469	434406	417	176263	248758	100	90	2.32261	0.787542	40	39.2	301956	278	1572	1.13152	0.791563	1435
470	465308	394	218554	237905	100	90	2.3474	0.787542	40	39.2	301956	278	1572	1.11707	0.772487	1435
471	443525	355	223950	219575	100	90	2.32238	0.787542	40	39.2	301956	278	1572	1.13661	0.783383	1435
472	264542	300	70122.3	194420	100	90	0.141741	0.787542	40	39.2	462212	278	1572	1.00388	0.650892	1435
473	537500	281	233579	303921	100	90	0.104052	0.787542	40	39.2	462212	278	1572	1.00288	0.653763	1435
474	820997	264	383488	437509	100	90	0.11022	0.787542	40	39.2	462212	278	1572	1.00334	0.688371	1435
475	820723	249	392685	428038	100	90	0.11962	0.787542	40	39.2	462212	278	1572	1.00415	0.766372	1435
476	823026	239	407867	415158	100	90	0.14289	0.787542	40	39.2	462212	278	1572	1.00502	0.797037	1435
477	926531	2516	468698	457833	100	90	1.12598	0.787542	40	39.2	462212	278	1572	1.00537	0.785887	1435
478	1.00388e+006	2251	510757	493122	100	90	1.38127	0.787542	39	39.2	462212	278	1572	1.00762	0.782799	1435
479	1.00695e+006	1784	515923	491025	100	90	1.47669	0.787542	39	39.2	462212	278	1572	1.01193	0.788501	1435
480	722995	1536	252083	470912	100	90	1.59556	0.787542	37	39.2	462212	278	1572	1.13725	1.00592	1435
481	647643	1357	184413	463184	100	90	1.02396	0.787542	40	39.2	0	278	1572	1.05849	0.74963	1435
482	766991	1166	307802	459044	100	90	0.796458	0.787542	40	39.2	0	278	1572	1.03632	0.70164	1435
483	930356	1032	429760	500342	100	90	0.761505	0.787542	40	39.2	0	278	1572	1.03145	0.701145	1435
484	766021	864	240430	525592	100	90	0.797803	0.787542	40	39.2	0	278	1572	1.03566	0.734544	1435
485	895895	817	363430	532465	100	90	0.873837	0.787542	40	39.2	0	278	1572	1.03604	0.748678	1435
486	1.0021e+006	1606	460956	541142	100	90	1.62103	0.787542	40	39.2	0	278	1572	1.03714	0.757091	1435
487	1.03073e+006	1564	503492	527236	100	90	1.81914	0.787542	40	39.2	0	278	1572	1.04112	0.754839	1435
488	1.00225e+006	1404	505153	497098	100	90	1.89935	0.787542	40	39.2	0	278	1572	1.04278	0.75	1435
489	956959	1168	490376	466582	100	90	1.93673	0.787542	40	39.2	0	278	1572	1.05241	0.750438	1435
490	667087	1003	220804	446283	100	90	1.9719	0.787542	40	39.2	278966	278	1572	1.05512	0.742857	1435
491	712901	872	300905	411996	100	90	2.07168	0.787542	40	39.2	278966	278	1572	1.06406	0.749117	1435
492	731652	779	349017	382634	100	90	2.141	0.787542	40	39.2	278966	278	1572	1.07135	0.740157	1435
493	540916	703	179811	361105	100	90	2.19772	0.787542	40	39.2	278966	278	1572	1.08385	0.76462	1435
494	445408	611	119837	325571	100	90	2.24069	0.787542	40	39.2	278966	278	1572	1.09064	0.757627	1435
495	500647	558	199440	301207	100	90	2.30641	0.787542	40	39.2	278966	278	1572	1.09475	0.756506	1435
496	389046	504	112749	276124	100	90	2.31176	0.787542	40	39.2	433566	278	1572	1.09905	0.753086	1435
497	444141	454	179161	255778	100	90	2.33459	0.787542	40	39.2	433566	278	1572	1.1	0.758542	1435
498	469529	414	219679	238689	100	90	2.34622	0.787542	40	39.2	433566	278	1572	1.1007	0.767089	1435
499	473968	390	231665	226489	100	90	2.36544	0.787542	40	39.2	433566	278	1572	1.10513	0.765668	1435
500	464927	359	232270	217961	100	90	2.33832	0.787542	40	39.2	433566	278	1572	1.11326	0.772189	1435
501	441592	340	229613	211978	100	90	2.33244	0.787542	40	39.2	433566	278	1572	1.10345	0.754717	1435
502	270913	312	71409.8	199503	100	90	0.119326	0.787542	40	39.2	590907	278	1572	1.00261	0.672215	1435
503	606182	282	267553	338629	100	90	0.0925925	0.787542	40	39.2	590907	278	1572	1.0019	0.672803	1435
504	808643	248	379719	428924	100	90	0.088556	0.787542	40	39.2	590907	278	1572	1.0018	0.719515	1435
505	762419	236	369010	393409	100	90	0.0957399	0.787542	40	39.2	590907	278	1572	1.00183	0.79936	1435
506	839402	223	421819	417583	100	90	0.11594	0.787542	40	39.2	590907	278	1572	1.00235	0.804941	1435
507	930633	2850	471050	459583	100	90	1.1384	0.787542	40	39.2	590907	278	1572	1.00331	0.800136	1435
508	1.00309e+006	2437	510151	492942	100	90	1.35533	0.787542	40	39.2	590907	278	1572	1.0046	0.80866	1435
509	1.00724e+006	1972	515776	491467	100	90	1.40675	0.787542	40	39.2	590907	278	1572	1.00601	0.803515	1435
510	737341	1715	257270	480071	100	90	1.50325	0.787542	36	39.2	590907	278	1572	1.09406	0.960117	1435
511	831308	1422	373612	457618	100	90	0.839136	0.787542	40	39.2	0	278	1572	1.03618	0.734536	1435
512	936252	1225	454370	481883	100	90	0.713035	0.787542	40	39.2	0	278	1572	1.02477	0.712418	1435
513	1.04961e+006	1050	522596	527014	100	90	0.665601	0.787542	40	39.2	0	278	1572	1.02279	0.713178	1435
514	1.08035e+006	863	541356	538990	100	90	0.668801	0.787542	40	39.2	0	278	1572	1.02373	0.744596	1435
515	1.08017e+006	828	546559	533609	100	90	0.748135	0.787542	40	39.2	0	278	1572	1.02563	0.763947	1435
516	1.04332e+006	1568	534017	509305	100	90	1.38394	0.787542	40	39.2	0	278	1572	1.02778	0.766977	1435
517	1.03251e+006	1467	532972	499538	100	90	1.55318	0.787542	40	39.2	0	278	1572	1.03157	0.767714	1435
518	997162	1334	518050	479112	100	90	1.69602	0.787542	40	39.2	0	278	1572	1.03425	0.769172	1435
519	944547	1092	493040	451507	100	90	1.80827	0.787542	40	39.2	0	278	1572	1.04673	0.769447	1435
520	637785	961	202329	435456	100	90	1.89208	0.787542	40	39.2	300345	278	1572	1.05951	0.772436	1435
521	716063	883	299801	416262	100	90	2.00269	0.787542	40	39.2	300345	278	1572	1.06359	0.778555	1435
522	742986	790	355525	387461	100	90	2.09724	0.787542	40	39.2	300345	278	1572	1.06878	0.787958	1435
523	725843	697	365445	360397	100	90	2.15072	0.787542	40	39.2	300345	278	1572	1.07751	0.793205	1435
524	680797	617	350044	330753	100	90	2.22872	0.787542	40	39.2	300345	278	1572	1.07463	0.79397	1435
525	638861	559	331343	307518	100	90	2.26585	0.787542	40	39.2	300345	278	1572	1.09154	0.804833	1435
526	398712	511	111202	287502	100	90	2.2261	0.787542	40	39.2	532719	278	1572	1.11132	0.825558	1435
527	460794	481	181040	270596	100	90	2.22994	0.787542	40	39.2	532719	278	1572	1.12727	0.835498	1435
528	501036	454	232166	256905	100	90	2.25071	0.787542	40	39.2	532719	278	1572	1.10707	0.811494	1435
529	491260	400	239000	235532	100	90	2.22057	0.787542	40	39.2	532719	278	1572	1.12591	0.833333	1435
530	474823	371	237056	222654	100	90	2.24178	0.787542	40	39.2	532719	278	1572	1.11968	0.836676	1435
531	430046	338	224286	205760	100	90	2.26962	0.787542	40	39.2	532719	278	1572	1.11437	0.81962	1435
532	251967	291	65519.7	186447	100	90	0.110924	0.787542	40	39.2	690847	278	1572	1.0026	0.705212	1435
533	577569	247	254813	322756	100	90	0.0802192	0.787542	40	39.2	690847	278	1572	1.00184	0.706638	1435
534	603739	211	181513	422226	100	90	0.074853	0.787542	40	39.2	690847	278	1572	1.00179	0.747378	1435
535	598109	192	217463	380646	100	90	0.068477	0.787542	40	39.2	690847	278	1572	1.00168	0.798095	1435
536	754603	176	328968	425635	100	90	0.0820308	0.787542	40	39.2	690847	278	1572	1.00213	0.814743	1435
537	670803	3068	192877	477926	100	90	1.12817	0.787542	40	39.2	690847	278	1572	1.00272	0.844883	1435
538	753985	2697	284251	469734	100	90	1.35299	0.787542	40	39.2	690847	278	1572	1.00458	0.864459	1435
539	896754	2334	392817	503937	100	90	1.50226	0.787542	40	39.2	690847	278	1572	1.0057	0.859441	1435
540	723619	2117	224073	499545	100	90	1.65256	0.787542	38	39.2	690847	278	1572	1.0885	1.00143	1435
541	790074	1609	334297	455765	100	90	0.941106	0.787542	40	39.2	0	278	1572	1.03903	0.782641	1435
542	898721	1314	422564	476144	100	90	0.763748	0.787542	40	39.2	0	278	1572	1.02454	0.744453	1435
543	1.02711e+006	1090	502696	524386	100	90	0.710265	0.787542	40	39.2	0	278	1572	1.02248	0.744278	1435
544	1.11097e+006	949	552413	558524	100	90	0.761936	0.787542	40	39.2	0	278	1572	1.02657	0.775626	1435
545	1.10533e+006	873	556070	549227	100	90	0.829931	0.787542	40	39.2	0	278	1572	1.02952	0.80472	1435
546	1.11869e+006	1651	569728	548959	100	90	1.51604	0.787542	40	39.2	0	278	1572	1.03381	0.800849	1435
547	1.08392e+006	1518	556258	527663	100	90	1.6543	0.787542	40	39.2	0	278	1572	1.03907	0.799502	1435
548	1.06687e+006	1355	552174	514694	100	90	1.77024	0.787542	40	39.2	0	278	1572	1.04443	0.793962	1435
549	1.01939e+006	1139	529897	489495	100	90	1.85176	0.787542	40	39.2	0	278	1572	1.05732	0.807554	1435
550	674548	998	211665	462883	100	90	1.94933	0.787542	40	39.2	324118	278	1572	1.06763	0.819116	1435
551	753233	909	311150	442082	100	90	2.06202	0.787542	40	39.2	324118	278	1572	1.06983	0.816742	1435
552	773779	816	366127	407652	100	90	2.14329	0.787542	40	39.2	324118	278	1572	1.08489	0.825596	1435
553	759955	739	379550	380405	100	90	2.19982	0.787542	40	39.2	324118	278	1572	1.08602	0.829167	1435
554	697034	634	355598	341436	100	90	2.25211	0.787542	40	39.2	324118	278	1572	1.09753	0.839286	1435
555	650279	569	335511	314768	100	90	2.28386	0.787542	40	39.2	324118	278	1572	1.09699	0.848649	1435
556	382177	495	106958	275219	100	90	2.27094	0.787542	40	39.2	560692	278	1572	1.10638	0.858025	1435
557	423509	440	165775	249279	100	90	2.29404	0.787542	40	39.2	560692	278	1572	1.1116	0.857809	1435
558	451181	403	208690	231674	100	90	2.31873	0.787542	40	39.2	560692	278	1572	1.10337	0.841432	1435
559	439131	355	213167	210587	100	90	2.31825	0.787542	40	39.2	560692	278	1572	1.13333	0.868035	1435
560	428934	330	213336	201503	100	90	2.32759	0.787542	40	39.2	560692	278	1572	1.1372	0.863057	1435
561	284848	301	100272	184576	100	90	2.35508	0.787542	40	39.2	560692	278	1572	1.13131	0.855124	1435
562	239622	281	63677.7	175945	100	90	0.097572	0.787542	40	39.2	644885	278	1572	1.00237	0.725639	1435
563	593234	249	259396	333838	100	90	0.0824407	0.787542	40	39.2	644885	278	1572	1.00186	0.727765	1435
564	840643	235	391315	449328	100	90	0.0835256	0.787542	40	39.2	644885	278	1572	1.00211	0.768594	1435
565	783498	226	375001	408496	100	90	0.0934377	0.787542	40	39.2	644885	278	1572	1.00257	0.834553	1435
566	813494	184	406877	406617	100	90	0.0964022	0.787542	40	39.2	644885	278	1572	1.00257	0.837012	1435
567	932135	3170	472829	459306	100	90	1.18834	0.787542	40	39.2	644885	278	1572	1.00324	0.838449	1435
568	728455	2525	233487	494968	100	90	1.35514	0.787542	39	39.2	644885	278	1572	1.00458	0.839263	1435
569	775557	2063	312170	463387	100	90	1.5106	0.787542	39	39.2	644885	278	1572	1.00651	0.836044	1435
570	693911	1887	206769	487142	100	90	1.64929	0.787542	38	39.2	644885	278	1572	1.10249	0.995192	1435
571	806537	1601	336739	469770	100	90	0.930449	0.787542	40	39.2	0	278	1572	1.03893	0.794144	1435
572	898951	1321	420307	478621	100	90	0.751029	0.787542	40	39.2	0	278	1572	1.02596	0.772152	1435
573	745927	1042	238029	507898	100	90	0.6696	0.787542	40	39.2	0	278	1572	1.02367	0.76602	1435
574	895838	887	367186	528643	100	90	0.696865	0.787542	40	39.2	0	278	1572	1.02515	0.789415	1435
575	1.00657e+006	846	464241	542324	100	90	0.766213	0.787542	40	39.2	0	278	1572	1.02796	0.819185	1435
576	1.01714e+006	1737	497450	519693	100	90	1.45918	0.787542	40	39.2	0	278	1572	1.03074	0.830437	1435
577	732517	1529	236670	495847	100	90	1.59814	0.787542	40	39.2	0	278	1572	1.03705	0.833236	1435
578	791079	1427	330753	460326	100	90	1.75203	0.787542	40	39.2	0	278	1572	1.0357	0.828694	1435
579	838797	1193	397958	440839	100	90	1.83864	0.787542	40	39.2	0	278	1572	1.04319	0.834188	1435
580	623588	1001	206010	417577	100	90	1.943	0.787542	40	39.2	237150	278	1572	1.05946	0.844898	1435
581	677317	871	289159	388158	100	90	2.0622	0.787542	40	39.2	237150	278	1572	1.06787	0.837046	1435
582	727125	799	350817	376308	100	90	2.10986	0.787542	40	39.2	237150	278	1572	1.07267	0.84507	1435
583	702054	697	356093	345961	100	90	2.11976	0.787542	40	39.2	237150	278	1572	1.08364	0.857771	1435
584	697438	650	360329	337109	100	90	2.16146	0.787542	40	39.2	237150	278	1572	1.08411	0.873217	1435
585	643897	573	335624	308273	100	90	2.15442	0.787542	40	39.2	237150	278	1572	1.09256	0.876344	1435
586	412264	537	117216	295049	100	90	2.19626	0.787542	40	39.2	472767	278	1572	1.08472	0.877159	1435
587	466307	495	183423	273671	100	90	2.21342	0.787542	40	39.2	472767	278	1572	1.08364	0.869023	1435
588	516796	469	238804	265160	100	90	2.27323	0.787542	40	39.2	472767	278	1572	1.0835	0.863135	1435
589	513641	425	248983	247151	100	90	2.2677	0.787542	40	39.2	472767	278	1572	1.09534	0.882641	1435
590	454389	360	226326	213522	100	90	2.27441	0.787542	40	39.2	472767	278	1572	1.096	0.870968	1435
591	409445	318	213040	196405	100	90	2.28327	0.787542	40	39.2	472767	278	1572	1.10248	0.850498	1435
592	245844	284	64360.6	181483	100	90	0.106779	0.787542	40	39.2	622758	278	1572	1.00231	0.77198	1435
593	597075	271	263332	333744	100	90	0.0868992	0.787542	40	39.2	622758	278	1572	1.0018	0.771754	1435
594	835272	246	390768	444504	100	90	0.0877029	0.787542	40	39.2	622758	278	1572	1.0018	0.80108	1435
595	791401	226	379423	411978	100	90	0.092556	0.787542	40	39.2	622758	278	1572	1.00209	0.852738	1435
596	810857	212	403409	407448	100	90	0.109246	0.787542	40	39.2	622758	278	1572	1.00249	0.859435	1435
597	941590	2885	475646	465945	100	90	1.11803	0.787542	40	39.2	622758	278	1572	1.00352	0.84499	1435
598	731024	2446	231407	499618	100	90	1.33232	0.787542	40	39.2	622758	278	1572	1.00446	0.850975	1435
599	626223	2042	146735	479488	100	90	1.45694	0.787542	40	39.2	622758	278	1572	1.00672	0.849634	1435
600	590482	1881	129233	461249	100	90	1.65074	0.787542	40	39.2	622758	278	1572	1.10749	1.01012	1435
601	718067	1621	264531	453535	100	90	0.83616	0.787542	40	39.2	0	278	1572	1.03712	0.810983	1435
602	862235	1379	379620	482615	100	90	0.727207	0.787542	40	39.2	0	278	1572	1.02766	0.807267	1435
603	977776	1113	464908	512868	100	90	0.677418	0.787542	40	39.2	0	278	1572	1.02432	0.807156	1435
604	1.04675e+006	917	513416	533336	100	90	0.71085	0.787542	40	39.2	0	278	1572	1.02701	0.815109	1435
605	1.06153e+006	836	531395	530140	100	90	0.762415	0.787542	40	39.2	0	278	1572	1.02843	0.829739	1435
606	1.05948e+006	1667	539327	520157	100	90	1.43167	0.787542	40	39.2	0	278	1572	1.02854	0.826164	1435
607	1.04739e+006	1464	539592	507800	100	90	1.54767	0.787542	40	39.2	0	278	1572	1.0328	0.818836	1435
608	1.00186e+006	1360	519552	482305	100	90	1.68751	0.787542	40	39.2	0	278	1572	1.03266	0.820359	1435
609	954244	1130	497778	456466	100	90	1.78546	0.787542	40	39.2	0	278	1572	1.03681	0.821461	1435
610	614554	938	192733	421821	100	90	1.86137	0.787542	40	39.2	304467	278	1572	1.04137	0.806277	1435
611	685200	846	285264	399935	100	90	2.00307	0.787542	40	39.2	304467	278	1572	1.05166	0.806024	1435
612	719420	755	342383	377037	100	90	2.10571	0.787542	40	39.2	304467	278	1572	1.06538	0.82138	1435
613	684536	651	344135	340402	100	90	2.18869	0.787542	40	39.2	304467	278	1572	1.07437	0.832025	1435
614	659582	591	339722	319860	100	90	2.23456	0.787542	40	39.2	304467	278	1572	1.07413	0.824441	1435
615	603642	507	313685	289958	100	90	2.26872	0.787542	40	39.2	304467	278	1572	1.09783	0.858586	1435
616	368865	463	97598.4	271266	100	90	2.26539	0.787542	40	39.2	535491	278	1572	1.09	0.83592	1435
617	398213	402	151891	238451	100	90	2.24719	0.787542	40	39.2	535491	278	1572	1.09491	0.85641	1435
618	446152	379	204140	231455	100	90	2.24345	0.787542	40	39.2	535491	278	1572	1.10174	0.871585	1435
619	459364	356	222360	221346	100	90	2.27937	0.787542	40	39.2	535491	278	1572	1.11022	0.869186	1435
620	417229	304	208353	195509	100	90	2.28228	0.787542	40	39.2	535491	278	1572	1.10972	0.846416	1435
621	384925	284	201011	183914	100	90	2.30407	0.787542	40	39.2	535491	278	1572	1.11186	0.860294	1435
622	213249	237	54073.8	159175	100	90	0.0951719	0.787542	40	39.2	680200	278	1572	1.00208	0.74018	1435
623	553996	229	243585	310411	100	90	0.0770306	0.787542	40	39.2	680200	278	1572	1.00173	0.738629	1435
624	626766	208	185424	441342	100	90	0.0774944	0.787542	39	39.2	680200	278	1572	1.00186	0.774506	1435
625	634012	191	226913	407099	100	90	0.0713819	0.787542	39	39.2	680200	278	1572	1.00174	0.825488	1435
626	753743	164	323912	429831	100	90	0.0793806	0.787542	39	39.2	680200	278	1572	1.00194	0.839861	1435
627	931506	3093	433509	497997	100	90	1.13571	0.787542	39	39.2	680200	278	1572	1.00278	0.846904	1435
628	998199	2835	482138	516062	100	90	1.37509	0.787542	39	39.2	680200	278	1572	1.00367	0.862637	1435
629	1.00329e+006	2143	497464	505823	100	90	1.39855	0.787542	39	39.2	680200	278	1572	1.00493	0.856527	1435
630	778562	1935	263348	515213	100	90	1.46259	0.787542	36	39.2	680200	278	1572	1.08924	1.01763	1435
631	886387	1616	388526	497852	100	90	1.0034	0.787542	40	39.2	0	278	1572	1.04699	0.809018	1435
632	976735	1372	466384	510351	100	90	0.864887	0.787542	40	39.2	0	278	1572	1.03315	0.784741	1435
633	1.05957e+006	1124	523695	535874	100	90	0.798346	0.787542	40	39.2	0	278	1572	1.02926	0.779775	1435
634	843838	979	275718	568119	100	90	0.850331	0.787542	40	39.2	0	278	1572	1.03115	0.797372	1435
635	924146	888	378450	545696	100	90	0.902987	0.787542	40	39.2	0	278	1572	1.03332	0.813837	1435
636	1.0191e+006	1632	469433	549665	100	90	1.59107	0.787542	40	39.2	0	278	1572	1.03813	0.816659	1435
637	1.0533e+006	1510	514799	538497	100	90	1.70659	0.787542	40	39.2	0	278	1572	1.03848	0.810165	1435
638	1.03836e+006	1344	523620	514743	100	90	1.82425	0.787542	40	39.2	0	278	1572	1.04171	0.814166	1435
639	980788	1116	503665	477124	100	90	1.86498	0.787542	40	39.2	0	278	1572	1.0433	0.79798	1435
640	652237	950	202408	449829	100	90	1.91596	0.787542	40	39.2	309188	278	1572	1.05403	0.790548	1435
641	711581	848	293027	418554	100	90	2.04322	0.787542	40	39.2	309188	278	1572	1.06233	0.787515	1435
642	736832	743	347190	389642	100	90	2.12662	0.787542	40	39.2	309188	278	1572	1.07735	0.802198	1435
643	698470	641	348721	349749	100	90	2.14315	0.787542	40	39.2	309188	278	1572	1.08812	0.826156	1435
644	505718	590	172792	332926	100	90	2.18386	0.787542	40	39.2	309188	278	1572	1.10709	0.852174	1435
645	553360	542	239367	313993	100	90	2.24476	0.787542	40	39.2	309188	278	1572	1.10922	0.84381	1435
646	374825	460	100465	274294	100	90	2.19573	0.787542	40	39.2	497461	278	1572	1.11788	0.859688	1435
647	410364	403	156976	245237	100	90	2.18177	0.787542	40	39.2	497461	278	1572	1.11765	0.878866	1435
648	427671	355	196896	220812	100	90	2.24707	0.787542	40	39.2	497461	278	1572	1.11257	0.861765	1435
649	433529	329	210096	208198	100	90	2.26531	0.787542	40	39.2	497461	278	1572	1.13994	0.88746	1435
650	431735	310	215598	201899	100	90	2.2898	0.787542	40	39.2	497461	278	1572	1.12893	0.87372	1435
651	387800	275	202122	185678	100	90	2.3456	0.787542	40	39.2	497461	278	1572	1.11511	0.871094	1435
652	238851	256	59428.8	179422	100	90	0.100565	0.787542	40	39.2	642484	278	1572	1.00193	0.756496	1435
653	575484	244	249883	325601	100	90	0.0823249	0.787542	40	39.2	642484	278	1572	1.0016	0.752027	1435
654	834482	230	386619	447862	100	90	0.0842057	0.787542	40	39.2	642484	278	1572	1.00181	0.787239	1435
655	810070	224	385509	424562	100	90	0.0952116	0.787542	40	39.2	642484	278	1572	1.00222	0.840805	1435
656	802321	200	397096	405225	100	90	0.109351	0.787542	40	39.2	642484	278	1572	1.00302	0.846374	1435
657	656247	2759	202848	453399	100	90	1.11826	0.787542	40	39.2	642484	278	1572	1.00365	0.835402	1435
658	773982	2435	310004	463978	100	90	1.34944	0.787542	40	39.2	642484	278	1572	1.00436	0.849655	1435
659	898679	2112	406961	491718	100	90	1.51127	0.787542	40	39.2	642484	278	1572	1.00591	0.854116	1435
660	612655	1922	110739	501916	100	90	1.65786	0.787542	36	39.2	642484	278	1572	1.11042	1.02516	1435
661	674754	1560	218790	455964	100	90	0.803026	0.787542	40	39.2	0	278	1572	1.03705	0.812757	1435
662	804100	1262	338375	465725	100	90	0.656925	0.787542	40	39.2	0	278	1572	1.02457	0.798585	1435
663	952271	1014	443930	508340	100	90	0.603602	0.787542	40	39.2	0	278	1572	1.02247	0.797645	1435
664	1.07302e+006	886	520644	552374	100	90	0.652045	0.787542	40	39.2	0	278	1572	1.02414	0.813864	1435
665	1.08899e+006	819	540915	548072	100	90	0.715773	0.787542	40	39.2	0	278	1572	1.02755	0.831361	1435
666	1.06844e+006	1771	539895	528549	100	90	1.44351	0.787542	40	39.2	0	278	1572	1.02917	0.838491	1435
667	1.03137e+006	1533	528132	503235	100	90	1.5234	0.787542	40	39.2	0	278	1572	1.02936	0.837398	1435
668	1.03099e+006	1406	532075	498912	100	90	1.70515	0.787542	40	39.2	0	278	1572	1.03288	0.833817	1435
669	722248	1151	245485	476763	100	90	1.80144	0.787542	40	39.2	0	278	1572	1.04433	0.840142	1435
670	618320	1052	150440	467880	100	90	1.92526	0.787542	40	39.2	20060.8	278	1572	1.04967	0.844509	1435
671	683369	913	256126	427242	100	90	2.08428	0.787542	40	39.2	20060.8	278	1572	1.05887	0.841518	1435
672	708979	782	323447	385531	100	90	2.16445	0.787542	40	39.2	20060.8	278	1572	1.0658	0.845953	1435
673	719478	698	354217	365262	100	90	2.16855	0.787542	40	39.2	20060.8	278	1572	1.0975	0.88287	1435
674	679456	612	344581	334875	100	90	2.21043	0.787542	40	39.2	20060.8	278	1572	1.10619	0.882353	1435
675	668027	571	343700	324327	100	90	2.25242	0.787542	40	39.2	20060.8	278	1572	1.10714	0.875	1435
676	406044	500	113119	292882	100	90	2.23655	0.787542	40	39.2	259796	278	1572	1.09982	0.876033	1435
677	462278	463	179425	273747	100	90	2.2866	0.787542	40	39.2	259796	278	1572	1.1095	0.887133	1435
678	486098	414	223305	251083	100	90	2.34339	0.787542	40	39.2	259796	278	1572	1.09286	0.87468	1435
679	480520	371	231202	232734	100	90	2.35236	0.787542	40	39.2	259796	278	1572	1.11111	0.896254	1435
680	476954	343	235969	225585	100	90	2.33279	0.787542	40	39.2	259796	278	1572	1.11919	0.896875	1435
681	417669	301	215487	202182	100	90	2.33235	0.787542	40	39.2	259796	278	1572	1.11148	0.868327	1435
682	253743	269	64029.9	189713	100	90	0.106831	0.787542	40	39.2	411726	278	1572	1.00258	0.801262	1435
683	583599	240	254884	328715	100	90	0.0805622	0.787542	40	39.2	411726	278	1572	1.00212	0.800852	1435
684	831547	203	388487	443060	100	90	0.0756712	0.787542	40	39.2	411726	278	1572	1.00216	0.823149	1435
685	769865	178	368939	400926	100	90	0.0771901	0.787542	40	39.2	411726	278	1572	1.00204	0.869569	1435
686	784042	161	390631	393411	100	90	0.0895493	0.787542	40	39.2	411726	278	1572	1.00268	0.874242	1435
687	905435	2710	456990	448445	100	90	1.10093	0.787542	40	39.2	411726	278	1572	1.0036	0.865772	1435
688	984464	2297	498655	485810	100	90	1.31498	0.787542	40	39.2	411726	278	1572	1.00542	0.868603	1435
689	729030	1837	235496	493534	100	90	1.39117	0.787542	40	39.2	411726	278	1572	1.00828	0.867749	1435
690	631399	1682	163008	468391	100	90	1.55848	0.787542	40	39.2	411726	278	1572	1.12372	1.07394	1435
691	754778	1462	297059	457702	100	90	0.849288	0.787542	40	39.2	0	278	1572	1.04473	0.857044	1435
692	876940	1241	399760	477143	100	90	0.725729	0.787542	40	39.2	0	278	1572	1.02947	0.841103	1435
693	993352	1039	479333	513983	100	90	0.677228	0.787542	40	39.2	0	278	1572	1.0256	0.833582	1435
694	803724	884	259251	544473	100	90	0.707876	0.787542	40	39.2	0	278	1572	1.02849	0.841103	1435
695	919278	845	375595	543683	100	90	0.787734	0.787542	40	39.2	0	278	1572	1.02923	0.853158	1435
696	995761	1732	459582	536179	100	90	1.47202	0.787542	40	39.2	0	278	1572	1.02765	0.857895	1435
697	1.0466e+006	1591	511242	535355	100	90	1.58962	0.787542	40	39.2	0	278	1572	1.02994	0.857066	1435
698	1.06392e+006	1527	534669	529251	100	90	1.77615	0.787542	40	39.2	0	278	1572	1.03528	0.859051	1435
699	1.0289e+006	1265	525222	503679	100	90	1.82052	0.787542	40	39.2	0	278	1572	1.04495	0.859564	1435
700	687955	1029	224450	463505	100	90	1.84468	0.787542	40	39.2	297868	278	1572	1.05102	0.854167	1435
701	739928	894	312643	427285	100	90	1.95888	0.787542	40	39.2	297868	278	1572	1.05945	0.85438	1435
702	776325	805	371299	405026	100	90	2.03371	0.787542	40	39.2	297868	278	1572	1.06724	0.865992	1435
703	758819	723	379655	379164	100	90	2.09269	0.787542	40	39.2	297868	278	1572	1.07753	0.875175	1435
704	713462	638	363146	350317	100	90	2.13353	0.787542	40	39.2	297868	278	1572	1.08742	0.877583	1435
705	682224	589	350262	331962	100	90	2.1887	0.787542	40	39.2	297868	278	1572	1.11538	0.88601	1435
706	421994	542	109604	312349	100	90	2.18356	0.787542	40	39.2	364678	278	1572	1.12584	0.901141	1435
707	481852	502	183970	288338	100	90	2.20436	0.787542	40	39.2	364678	278	1572	1.12593	0.915114	1435
708	544412	483	249169	282753	100	90	2.23167	0.787542	40	39.2	364678	278	1572	1.11434	0.913043	1435
709	520809	418	249335	253570	100	90	2.25318	0.787542	40	39.2	364678	278	1572	1.14685	0.941476	1435
710	502402	382	247443	238699	100	90	2.28363	0.787542	40	39.2	364678	278	1572	1.12405	0.906077	1435
711	452483	344	232298	220185	100	90	2.32641	0.787542	40	39.2	364678	278	1572	1.12607	0.89441	1435
712	265571	300	70756.2	194815	100	90	0.120583	0.787542	40	39.2	522269	278	1572	1.00292	0.814035	1435
713	577312	268	254313	322999	100	90	0.0894884	0.787542	40	39.2	522269	278	1572	1.00212	0.812723	1435
714	821831	242	385086	436745	100	90	0.0883316	0.787542	40	39.2	522269	278	1572	1.00223	0.835872	1435
715	783856	212	376065	407791	100	90	0.0885456	0.787542	40	39.2	522269	278	1572	1.0023	0.877986	1435
716	808795	190	403303	405492	100	90	0.103479	0.787542	40	39.2	522269	278	1572	1.00265	0.881724	1435
717	654890	2751	201467	453423	100	90	1.13085	0.787542	40	39.2	522269	278	1572	1.00429	0.878536	1435
718	601872	2399	137711	464161	100	90	1.36856	0.787542	40	39.2	522269	278	1572	1.00642	0.885805	1435
719	719480	2158	253181	466298	100	90	1.59614	0.787542	40	39.2	522269	278	1572	1.00865	0.892421	1435
720	673734	1987	183649	490084	100	90	1.73434	0.787542	37	39.2	522269	278	1572	1.11792	1.0638	1435
721	789956	1645	315182	474768	100	90	0.914493	0.787542	40	39.2	0	278	1572	1.04141	0.856623	1435
722	902206	1335	411631	490563	100	90	0.757267	0.787542	40	39.2	0	278	1572	1.02727	0.835539	1435
723	1.00486e+006	1068	485683	519168	100	90	0.690897	0.787542	40	39.2	0	278	1572	1.02438	0.834237	1435
724	1.06396e+006	887	525566	538397	100	90	0.703934	0.787542	40	39.2	0	278	1572	1.02597	0.850518	1435
725	1.09027e+006	829	545831	544434	100	90	0.769363	0.787542	40	39.2	0	278	1572	1.02847	0.863758	1435
726	806255	1575	262751	543505	100	90	1.45522	0.787542	40	39.2	0	278	1572	1.03176	0.864762	1435
727	905251	1492	373567	531685	100	90	1.63925	0.787542	40	39.2	0	278	1572	1.03666	0.862315	1435
728	964846	1426	449919	514928	100	90	1.79949	0.787542	40	39.2	0	278	1572	1.04387	0.867857	1435
729	953138	1162	470124	483014	100	90	1.93623	0.787542	40	39.2	0	278	1572	1.05569	0.867194	1435
730	650576	933	207014	443562	100	90	1.98444	0.787542	40	39.2	275740	278	1572	1.06444	0.878721	1435
731	592399	868	154281	438118	100	90	2.05796	0.787542	40	39.2	275740	278	1572	1.07576	0.888228	1435
732	668327	782	258834	409493	100	90	2.12019	0.787542	40	39.2	275740	278	1572	1.08342	0.895364	1435
733	686298	678	316084	370214	100	90	2.18188	0.787542	40	39.2	275740	278	1572	1.09011	0.899846	1435
734	655955	575	323942	332012	100	90	2.16783	0.787542	40	39.2	275740	278	1572	1.11094	0.918773	1435
735	598982	479	304030	294951	100	90	2.16836	0.787542	40	39.2	275740	278	1572	1.13296	0.937093	1435
736	371064	423	97787.6	273276	100	90	2.15366	0.787542	40	39.2	496626	278	1572	1.14224	0.958333	1435
737	435998	398	168909	258223	100	90	2.14852	0.787542	40	39.2	496626	278	1572	1.14781	0.960733	1435
738	471557	356	219240	241608	100	90	2.1469	0.787542	40	39.2	496626	278	1572	1.13846	0.930029	1435
739	463528	321	225078	221718	100	90	2.15787	0.787542	40	39.2	496626	278	1572	1.15882	0.953947	1435
740	430117	281	213945	201680	100	90	2.20996	0.787542	40	39.2	496626	278	1572	1.12969	0.913858	1435
741	405931	264	210032	195899	100	90	2.25565	0.787542	40	39.2	496626	278	1572	1.1236	0.910931	1435
742	244421	245	58894.7	185526	100	90	0.104124	0.787542	40	39.2	650439	278	1572	1.0026	0.778904	1435
743	553811	219	240444	313366	100	90	0.0752028	0.787542	40	39.2	650439	278	1572	1.00178	0.779426	1435
744	818062	200	381712	436350	100	90	0.0770587	0.787542	40	39.2	650439	278	1572	1.00173	0.798296	1435
745	787179	186	375396	411783	100	90	0.0829985	0.787542	40	39.2	650439	278	1572	1.00269	0.850464	1435
746	802732	171	397872	404860	100	90	0.0989925	0.787542	40	39.2	650439	278	1572	1.00335	0.86148	1435
747	902116	2620	453800	448316	100	90	1.10513	0.787542	40	39.2	650439	278	1572	1.00352	0.847148	1435
748	974197	2203	493009	481188	100	90	1.29712	0.787542	40	39.2	650439	278	1572	1.0049	0.853324	1435
749	713730	1777	230275	483455	100	90	1.38873	0.787542	40	39.2	650439	278	1572	1.00788	0.852402	1435
750	623135	1629	159758	463377	100	90	1.52593	0.787542	38	39.2	650439	278	1572	1.12048	1.0593	1435
751	589981	1110	232918	357062	100	90	0.697005	0.787542	40	39.2	0	278	1572	1.03964	0.821564	1435
752	734378	944	344471	389907	100	90	0.589849	0.787542	40	39.2	0	278	1572	1.02591	0.808658	1435
753	885340	817	436002	449338	100	90	0.573614	0.787542	40	39.2	0	278	1572	1.02321	0.809446	1435
754	998731	723	499401	499330	100	90	0.621011	0.787542	40	39.2	0	278	1572	1.02688	0.823917	1435
755	1.04465e+006	714	527242	517407	100	90	0.720674	0.787542	40	39.2	0	278	1572	1.03229	0.836996	1435
756	1.06019e+006	1493	539406	520787	100	90	1.45319	0.787542	40	39.2	0	278	1572	1.03187	0.839673	1435
757	1.05173e+006	1368	539116	512611	100	90	1.61404	0.787542	40	39.2	0	278	1572	1.03468	0.834194	1435
758	1.01279e+006	1262	522997	489792	100	90	1.73309	0.787542	40	39.2	0	278	1572	1.04165	0.83157	1435
759	995183	1071	516770	478413	100	90	1.80014	0.787542	40	39.2	0	278	1572	1.05339	0.837967	1435
760	682108	966	208829	473279	100	90	1.84639	0.787542	40	39.2	321646	278	1572	1.05862	0.838298	1435
761	734486	850	304258	430229	100	90	1.95576	0.787542	40	39.2	321646	278	1572	1.06142	0.834334	1435
762	761930	751	363259	398671	100	90	2.0267	0.787542	40	39.2	321646	278	1572	1.07083	0.843962	1435
763	740860	660	370337	370523	100	90	2.07855	0.787542	40	39.2	321646	278	1572	1.09091	0.861801	1435
764	716780	604	365257	351523	100	90	2.08708	0.787542	40	39.2	321646	278	1572	1.11315	0.884941	1435
765	636881	518	327305	309576	100	90	2.0937	0.787542	40	39.2	321646	278	1572	1.11925	0.885375	1435
766	394307	474	106143	288159	100	90	2.07755	0.787542	40	39.2	557194	278	1572	1.13233	0.907527	1435
767	457503	440	178132	270204	100	90	2.10377	0.787542	40	39.2	557194	278	1572	1.14256	0.922897	1435
768	497465	405	230355	255529	100	90	2.16651	0.787542	40	39.2	557194	278	1572	1.12322	0.882051	1435
769	462872	346	224059	222568	100	90	2.18787	0.787542	40	39.2	557194	278	1572	1.14366	0.878419	1435
770	443520	311	220413	208629	100	90	2.20962	0.787542	40	39.2	557194	278	1572	1.14241	0.870748	1435
771	402373	286	208672	193701	100	90	2.20399	0.787542	40	39.2	557194	278	1572	1.16786	0.896552	1435
772	244531	260	60574.5	183956	100	90	0.106065	0.787542	40	39.2	708740	278	1572	1.00328	0.740554	1435
773	558290	225	244378	313912	100	90	0.0761209	0.787542	40	39.2	708740	278	1572	1.00227	0.740772	1435
774	810101	201	377949	432152	100	90	0.075827	0.787542	40	39.2	708740	278	1572	1.00231	0.770072	1435
775	764224	189	365940	398284	100	90	0.0823818	0.787542	40	39.2	708740	278	1572	1.00239	0.826347	1435
776	821046	179	410264	410782	100	90	0.0996922	0.787542	40	39.2	708740	278	1572	1.00317	0.843958	1435
777	955621	2882	483287	472334	100	90	1.12954	0.787542	40	39.2	708740	278	1572	1.00388	0.830889	1435
778	1.01629e+006	2400	516354	499934	100	90	1.35833	0.787542	40	39.2	708740	278	1572	1.00644	0.841172	1435
779	1.00729e+006	1906	514844	492445	100	90	1.43023	0.787542	40	39.2	708740	278	1572	1.00901	0.829043	1435
780	749657	1618	260710	488947	100	90	1.45667	0.787542	36	39.2	708740	278	1572	1.12585	1.03908	1435
781	840385	1350	378780	461605	100	90	0.901895	0.787542	40	39.2	0	278	1572	1.05376	0.805623	1435
782	923830	1145	448890	474940	100	90	0.759001	0.787542	40	39.2	0	278	1572	1.03691	0.773545	1435
783	1.03681e+006	1023	517502	519313	100	90	0.768076	0.787542	40	39.2	0	278	1572	1.03654	0.77202	1435
784	1.08208e+006	880	544612	537469	100	90	0.826673	0.787542	40	39.2	0	278	1572	1.04142	0.784014	1435
785	1.09988e+006	865	558648	541236	100	90	0.938665	0.787542	40	39.2	0	278	1572	1.04776	0.797609	1435
786	1.09876e+006	1414	563155	535605	100	90	1.48971	0.787542	40	39.2	0	278	1572	1.04544	0.804696	1435
787	1.094e+006	1381	565091	528909	100	90	1.61916	0.787542	40	39.2	0	278	1572	1.0517	0.806706	1435
788	789052	1301	269452	519600	100	90	1.75474	0.787542	40	39.2	0	278	1572	1.05762	0.808057	1435
789	845558	1095	362137	483420	100	90	1.82801	0.787542	40	39.2	0	278	1572	1.06617	0.812909	1435
790	665955	978	202536	463418	100	90	1.91273	0.787542	40	39.2	242864	278	1572	1.06627	0.816754	1435
791	739958	868	307185	432773	100	90	2.01611	0.787542	40	39.2	242864	278	1572	1.08123	0.827423	1435
792	803356	813	381230	422125	100	90	2.09512	0.787542	40	39.2	242864	278	1572	1.07937	0.831858	1435
793	766040	704	382469	383571	100	90	2.12966	0.787542	40	39.2	242864	278	1572	1.08651	0.832117	1435
794	723737	631	369304	354433	100	90	2.12295	0.787542	40	39.2	242864	278	1572	1.10983	0.855501	1435
795	704628	591	362710	341918	100	90	2.14028	0.787542	40	39.2	242864	278	1572	1.11356	0.852632	1435
796	441358	549	116485	324871	100	90	2.13574	0.787542	40	39.2	503999	278	1572	1.11453	0.846881	1435
797	504900	508	194615	300232	100	90	2.13897	0.787542	40	39.2	503999	278	1572	1.13396	0.865306	1435
798	544092	465	250103	281262	100	90	2.19437	0.787542	40	39.2	503999	278	1572	1.11691	0.833333	1435
799	503980	397	243594	242765	100	90	2.15438	0.787542	40	39.2	503999	278	1572	1.13801	0.841146	1435
800	482397	348	239961	226880	100	90	2.17028	0.787542	40	39.2	503999	278	1572	1.14722	0.871642	1435
801	440471	316	229157	211314	100	90	2.19405	0.787542	40	39.2	503999	278	1572	1.12462	0.839869	1435
802	281839	309	68963.8	212876	100	90	0.124402	0.787542	40	39.2	670774	278	1572	1.00328	0.713238	1435
803	597627	278	257580	340047	100	90	0.0938779	0.787542	40	39.2	670774	278	1572	1.00261	0.716361	1435
804	803655	253	373914	429741	100	90	0.0954384	0.787542	40	39.2	670774	278	1572	1.00287	0.752365	1435
805	742449	223	356088	386361	100	90	0.0989395	0.787542	40	39.2	670774	278	1572	1.00313	0.808001	1435
806	809530	191	405556	403975	100	90	0.111542	0.787542	40	39.2	670774	278	1572	1.00395	0.820099	1435
807	963260	2728	487721	475539	100	90	1.14003	0.787542	40	39.2	670774	278	1572	1.00482	0.810002	1435
808	993679	2175	504542	489137	100	90	1.33317	0.787542	40	39.2	670774	278	1572	1.00814	0.814867	1435
809	977602	1711	501112	476490	100	90	1.35664	0.787542	40	39.2	670774	278	1572	1.00912	0.812821	1435
810	733713	1506	255551	478162	100	90	1.42487	0.787542	36	39.2	670774	278	1572	1.13596	1.04886	1435
811	818059	1227	368625	449433	100	90	0.826991	0.787542	40	39.2	0	278	1572	1.05436	0.804925	1435
812	898870	1032	436343	462527	100	90	0.678878	0.787542	40	39.2	0	278	1572	1.03593	0.770032	1435
813	992616	879	494028	498589	100	90	0.633469	0.787542	40	39.2	0	278	1572	1.03025	0.765716	1435
814	1.05395e+006	784	529756	524194	100	90	0.701602	0.787542	40	39.2	0	278	1572	1.03725	0.784515	1435
815	1.04749e+006	742	531518	515970	100	90	0.786094	0.787542	40	39.2	0	278	1572	1.0413	0.7983	1435
816	1.03591e+006	1376	530561	505346	100	90	1.40379	0.787542	40	39.2	0	278	1572	1.04213	0.799572	1435
817	1.02506e+006	1325	529536	495529	100	90	1.58522	0.787542	40	39.2	0	278	1572	1.04752	0.796386	1435
818	981430	1191	510557	470872	100	90	1.666	0.787542	40	39.2	0	278	1572	1.0535	0.784734	1435
819	938527	994	490463	448065	100	90	1.74957	0.787542	40	39.2	0	278	1572	1.06763	0.793033	1435
820	615685	887	183849	431837	100	90	1.80779	0.787542	40	39.2	319859	278	1572	1.07524	0.81106	1435
821	680773	770	281276	399497	100	90	1.90531	0.787542	40	39.2	319859	278	1572	1.09109	0.824468	1435
822	742071	719	354042	388029	100	90	1.9898	0.787542	40	39.2	319859	278	1572	1.10892	0.823864	1435
823	720987	636	361655	359332	100	90	2.01351	0.787542	40	39.2	319859	278	1572	1.11678	0.832258	1435
824	512075	580	176134	335941	100	90	2.05087	0.787542	40	39.2	319859	278	1572	1.14688	0.85689	1435
825	546686	517	239724	306963	100	90	2.09828	0.787542	40	39.2	319859	278	1572	1.15018	0.852	1435
826	361772	440	94736.3	267025	100	90	2.05873	0.787542	40	39.2	512886	278	1572	1.15158	0.849765	1435
827	416536	407	163327	244789	100	90	2.07904	0.787542	40	39.2	512886	278	1572	1.15972	0.858974	1435
828	460308	378	214769	234736	100	90	2.09859	0.787542	40	39.2	512886	278	1572	1.16667	0.874652	1435
829	454333	348	219919	218444	100	90	2.13534	0.787542	40	39.2	512886	278	1572	1.16954	0.891304	1435
830	454790	324	225591	214108	100	90	2.12989	0.787542	40	39.2	512886	278	1572	1.15502	0.863787	1435
831	411516	298	213107	198408	100	90	2.16553	0.787542	40	39.2	512886	278	1572	1.16096	0.866667	1435
832	232090	252	57115.6	174974	100	90	0.102185	0.787542	40	39.2	665821	278	1572	1.00336	0.734568	1435
833	560098	240	244574	315524	100	90	0.080501	0.787542	40	39.2	665821	278	1572	1.00285	0.735668	1435
834	798416	202	373248	425168	100	90	0.0751683	0.787542	40	39.2	665821	278	1572	1.00307	0.759449	1435
835	730210	182	351164	379046	100	90	0.0787961	0.787542	40	39.2	665821	278	1572	1.00333	0.818054	1435
836	558812	157	168766	390046	100	90	0.0899505	0.787542	40	39.2	665821	278	1572	1.00425	0.82748	1435
837	694997	2776	281627	413370	100	90	1.15797	0.787542	40	39.2	665821	278	1572	1.00444	0.829135	1435
838	872751	2445	397688	475063	100	90	1.44425	0.787542	40	39.2	665821	278	1572	1.00747	0.838617	1435
839	702758	2002	212694	490064	100	90	1.52245	0.787542	40	39.2	665821	278	1572	1.0101	0.847338	1435
840	547639	1837	74429.8	473209	100	90	1.55634	0.787542	37	39.2	665821	278	1572	1.12311	1.05315	1435
841	613758	1483	182180	431578	100	90	0.763709	0.787542	40	39.2	0	278	1572	1.03913	0.793002	1435
842	803210	1301	328231	474979	100	90	0.696146	0.787542	40	39.2	0	278	1572	1.02764	0.77212	1435
843	971071	1107	446875	524195	100	90	0.699763	0.787542	40	39.2	0	278	1572	1.02883	0.777161	1435
844	1.04411e+006	927	506016	538097	100	90	0.746543	0.787542	40	39.2	0	278	1572	1.03223	0.798469	1435
845	1.03254e+006	796	514755	517789	100	90	0.780078	0.787542	40	39.2	0	278	1572	1.03361	0.811739	1435
846	1.04169e+006	1461	528972	512716	100	90	1.39296	0.787542	40	39.2	0	278	1572	1.03663	0.813568	1435
847	1.034e+006	1384	531250	502754	100	90	1.53177	0.787542	40	39.2	0	278	1572	1.03912	0.808996	1435
848	1.00044e+006	1248	518606	481839	100	90	1.62939	0.787542	40	39.2	0	278	1572	1.04574	0.819433	1435
849	957802	1024	498864	458938	100	90	1.75037	0.787542	40	39.2	0	278	1572	1.05169	0.812623	1435
850	636299	902	190583	445716	100	90	1.80688	0.787542	40	39.2	321134	278	1572	1.05913	0.814607	1435
851	700420	790	288728	411692	100	90	1.936	0.787542	40	39.2	321134	278	1572	1.06861	0.819588	1435
852	745406	712	356236	389170	100	90	2.01979	0.787542	40	39.2	321134	278	1572	1.0872	0.849354	1435
853	728124	630	365347	362777	100	90	2.08356	0.787542	40	39.2	321134	278	1572	1.11829	0.867099	1435
854	718696	593	367130	351566	100	90	2.10791	0.787542	40	39.2	321134	278	1572	1.13354	0.894464	1435
855	679506	535	350029	329476	100	90	2.11877	0.787542	40	39.2	321134	278	1572	1.14802	0.90458	1435
856	394428	473	96172.9	298247	100	90	2.11312	0.787542	40	39.2	396968	278	1572	1.13981	0.893709	1435
857	440694	419	166605	265276	100	90	2.10101	0.787542	40	39.2	396968	278	1572	1.14161	0.887805	1435
858	491911	391	227454	254038	100	90	2.14034	0.787542	40	39.2	396968	278	1572	1.13942	0.891247	1435
859	485409	346	234620	233250	100	90	2.06628	0.787542	40	39.2	396968	278	1572	1.19137	0.948485	1435
860	477658	317	237593	224222	100	90	2.12675	0.787542	40	39.2	396968	278	1572	1.16265	0.925926	1435
861	430785	285	224087	206698	100	90	2.162	0.787542	40	39.2	396968	278	1572	1.14765	0.885185	1435
862	261622	268	61202.2	200420	100	90	0.110784	0.787542	40	39.2	561795	278	1572	1.00342	0.782603	1435
863	570950	235	245466	325483	100	90	0.0793657	0.787542	40	39.2	561795	278	1572	1.00248	0.78641	1435
864	786795	215	366051	420744	100	90	0.0814641	0.787542	40	39.2	561795	278	1572	1.00252	0.810995	1435
865	725943	193	348047	377896	100	90	0.0858152	0.787542	40	39.2	561795	278	1572	1.00272	0.855926	1435
866	568250	167	171654	396596	100	90	0.0997643	0.787542	40	39.2	561795	278	1572	1.00338	0.860107	1435
867	714722	2567	281827	432896	100	90	1.13553	0.787542	40	39.2	561795	278	1572	1.00447	0.859787	1435
868	870451	2369	390359	480092	100	90	1.44426	0.787542	40	39.2	561795	278	1572	1.00659	0.867577	1435
869	944927	1937	451571	493356	100	90	1.50703	0.787542	40	39.2	561795	278	1572	1.00935	0.868772	1435
870	726697	1674	239610	487087	100	90	1.46091	0.787542	33	39.2	561795	278	1572	1.12777	1.09069	1435
871	826309	1382	360807	465502	100	90	0.851075	0.787542	40	39.2	0	278	1572	1.05281	0.870319	1435
872	939995	1145	448136	491859	100	90	0.708878	0.787542	40	39.2	0	278	1572	1.03736	0.836923	1435
873	1.02413e+006	919	504339	519791	100	90	0.654063	0.787542	40	39.2	0	278	1572	1.03486	0.829654	1435
874	1.06757e+006	762	531549	536022	100	90	0.676864	0.787542	40	39.2	0	278	1572	1.0398	0.850521	1435
875	1.07021e+006	759	538703	531506	100	90	0.777297	0.787542	40	39.2	0	278	1572	1.04433	0.863188	1435
876	768272	1433	252016	516256	100	90	1.42008	0.787542	40	39.2	0	278	1572	1.04365	0.853155	1435
877	877446	1394	365758	511687	100	90	1.6072	0.787542	40	39.2	0	278	1572	1.04754	0.852843	1435
878	950797	1296	445044	505753	100	90	1.75035	0.787542	40	39.2	0	278	1572	1.05342	0.861711	1435
879	933302	1071	461381	471921	100	90	1.86114	0.787542	40	39.2	0	278	1572	1.06471	0.864995	1435
880	644238	910	196623	447615	100	90	1.88087	0.787542	40	39.2	289133	278	1572	1.08063	0.877854	1435
881	703412	789	289928	413484	100	90	1.935	0.787542	40	39.2	289133	278	1572	1.0939	0.898013	1435
882	723899	689	345929	377971	100	90	1.97481	0.787542	40	39.2	289133	278	1572	1.11085	0.915152	1435
883	724325	625	363112	361213	100	90	2.01057	0.787542	40	39.2	289133	278	1572	1.13867	0.941957	1435
884	500672	543	170103	330569	100	90	2.00863	0.787542	40	39.2	289133	278	1572	1.14877	0.963878	1435
885	532440	482	229541	302899	100	90	2.04432	0.787542	40	39.2	289133	278	1572	1.15301	0.969762	1435
886	338971	394	89716.7	249177	100	90	2.07218	0.787542	40	39.2	475657	278	1572	1.17056	0.991979	1435
887	390834	360	151635	231498	100	90	2.10669	0.787542	40	39.2	475657	278	1572	1.18519	0.994118	1435
888	436407	337	204081	222559	100	90	2.1661	0.787542	40	39.2	475657	278	1572	1.16185	0.977848	1435
889	436456	310	211914	209133	100	90	2.19368	0.787542	40	39.2	475657	278	1572	1.17097	0.989437	1435
890	437664	286	217143	206329	100	90	2.25124	0.787542	40	39.2	475657	278	1572	1.1558	0.976923	1435
891	295783	262	101659	194124	100	90	2.24157	0.787542	40	39.2	475657	278	1572	1.172	0.983122	1435
892	252823	251	60763.9	192059	100	90	0.0983372	0.787542	40	39.2	571586	278	1572	1.00268	0.804974	1435
893	569822	228	242024	327798	100	90	0.0793415	0.787542	40	39.2	571586	278	1572	1.00245	0.804767	1435
894	820462	192	377119	443343	100	90	0.0750031	0.787542	40	39.2	571586	278	1572	1.00267	0.821195	1435
895	771204	179	364547	406657	100	90	0.0804817	0.787542	40	39.2	571586	278	1572	1.00298	0.856255	1435
896	820737	168	406575	414163	100	90	0.0975673	0.787542	40	39.2	571586	278	1572	1.00398	0.857899	1435
897	940063	2825	472999	467064	100	90	1.18181	0.787542	40	39.2	571586	278	1572	1.0048	0.850254	1435
898	999323	2173	504091	495232	100	90	1.33739	0.787542	40	39.2	571586	278	1572	1.00711	0.852342	1435
899	987821	1677	502320	485501	100	90	1.39191	0.787542	39	39.2	571586	278	1572	1.01214	0.85189	1435
900	604648	1528	118823	485825	100	90	1.4737	0.787542	34	39.2	571586	278	1572	1.14331	1.08857	1435
901	703873	1316	238062	465811	100	90	0.801233	0.787542	40	39.2	0	278	1572	1.04797	0.84789	1435
902	832637	1115	358347	474290	100	90	0.701474	0.787542	40	39.2	0	278	1572	1.0341	0.836251	1435
903	948573	917	449014	499558	100	90	0.674342	0.787542	40	39.2	0	278	1572	1.03282	0.833592	1435
904	1.04481e+006	799	510806	534003	100	90	0.736608	0.787542	40	39.2	0	278	1572	1.0372	0.838921	1435
905	1.02792e+006	724	513147	514770	100	90	0.79111	0.787542	40	39.2	0	278	1572	1.04123	0.843369	1435
906	1.04243e+006	1473	528792	513640	100	90	1.5017	0.787542	40	39.2	0	278	1572	1.04289	0.839552	1435
907	746997	1278	248077	498920	100	90	1.60061	0.787542	40	39.2	0	278	1572	1.05194	0.840307	1435
908	811651	1213	340188	471463	100	90	1.76916	0.787542	40	39.2	0	278	1572	1.05492	0.843038	1435
909	844704	1006	400708	443996	100	90	1.86919	0.787542	40	39.2	0	278	1572	1.06561	0.84944	1435
910	607394	873	186971	420423	100	90	1.92786	0.787542	40	39.2	260838	278	1572	1.07589	0.864706	1435
911	676176	785	282468	393708	100	90	2.03811	0.787542	40	39.2	260838	278	1572	1.08487	0.867532	1435
912	699291	682	335502	363789	100	90	2.07579	0.787542	40	39.2	260838	278	1572	1.0928	0.877429	1435
913	654423	581	328396	326027	100	90	2.10868	0.787542	40	39.2	260838	278	1572	1.09838	0.886165	1435
914	469517	529	162438	307079	100	90	2.09974	0.787542	40	39.2	260838	278	1572	1.125	0.909441	1435
915	521445	490	228924	292520	100	90	2.1138	0.787542	40	39.2	260838	278	1572	1.12635	0.901468	1435
916	377153	457	101220	275891	100	90	2.09384	0.787542	40	39.2	442244	278	1572	1.1354	0.927107	1435
917	419710	406	162363	248935	100	90	2.11778	0.787542	40	39.2	442244	278	1572	1.14254	0.92545	1435
918	439723	358	202772	226462	100	90	2.15096	0.787542	40	39.2	442244	278	1572	1.14175	0.918841	1435
919	446685	330	215763	215452	100	90	2.14837	0.787542	40	39.2	442244	278	1572	1.18605	0.954984	1435
920	413294	287	204594	195410	100	90	2.12058	0.787542	40	39.2	442244	278	1572	1.19601	0.951673	1435
921	395134	270	203785	191349	100	90	2.15993	0.787542	40	39.2	442244	278	1572	1.18996	0.928571	1435
922	247802	255	60426.8	187375	100	90	0.109859	0.787542	40	39.2	589466	278	1572	1.00435	0.770469	1435
923	539686	217	232620	307066	100	90	0.0771021	0.787542	40	39.2	589466	278	1572	1.00254	0.773733	1435
924	820899	201	382285	438614	100	90	0.0793469	0.787542	40	39.2	589466	278	1572	1.00266	0.795929	1435
925	790314	191	376655	413659	100	90	0.0871957	0.787542	40	39.2	589466	278	1572	1.00347	0.840654	1435
926	812208	176	403552	408655	100	90	0.101674	0.787542	40	39.2	589466	278	1572	1.0041	0.85614	1435
927	934556	2727	472093	462463	100	90	1.13976	0.787542	40	39.2	589466	278	1572	1.00599	0.851673	1435
928	995992	2249	505124	490869	100	90	1.31942	0.787542	39	39.2	589466	278	1572	1.00845	0.851351	1435
929	991294	1717	505969	485326	100	90	1.35624	0.787542	39	39.2	589466	278	1572	1.01022	0.843257	1435
930	714213	1449	247535	466678	100	90	1.44489	0.787542	34	39.2	589466	278	1572	1.14596	1.09547	1435
