ID	Species	MaxAge	AllocSeed	LMR	m0	MaxMass	mSeed	Dist	pEstab	Gmax	SLA	palat	memo	RAR	growth	mThres	clonal	propSex	meanSpacerLength	sdSpacerlength	Resshare	AllocSpacer	mSpacer	sens	allocroot	allocshoot	EC50_biomass	slope_biomass	EC50_SEbiomass	slope_SEbiomass	EC50_survival	slope_survival	EC50_establishment	slope_establishment	EC50_sterility	slope_sterility	EC50_seednumber	slope_seednumber	FlowerWeek	DispWeek	GermPeriod
1	LECAcl3plb	100	0.05	0.5	1	5000	1	0.1	0.5	60	0.5	0.25	2	1	0.25	0.2	1	1	17.5	12.5	1	0.05	70	0.165607360599097	1	1	0	0	0	0	0	0	0	0	0	0	0	0	16	20	1
2	LECIcl3plb	100	0.05	0.5	1	5000	1	0.1	0.5	60	0.75	0.5	2	1	0.25	0.2	1	1	17.5	12.5	1	0.05	70	0.128287904080935	1	1	0	0	0	0	0	0	0	0	0	0	0	0	16	20	1
3	LSCAplb	100	0.05	0.75	1	5000	1	0.1	0.5	60	0.5	0.25	2	1	0.25	0.2	0	0	0	0	0	0	0	0.0341470059938729	1	1	0	0	0	0	0	0	0	0	0	0	0	0	16	20	1
4	LSCAcl1plb	100	0.05	0.75	1	5000	1	0.1	0.5	60	0.5	0.25	2	1	0.25	0.2	1	1	2.5	2.5	1	0.05	70	0.0636758943437599	1	1	0	0	0	0	0	0	0	0	0	0	0	0	16	20	1
5	LSCIcl1plb	100	0.05	0.75	1	5000	1	0.1	0.5	60	0.75	0.5	2	1	0.25	0.2	1	1	2.5	2.5	1	0.05	70	0.559135391318705	1	1	0	0	0	0	0	0	0	0	0	0	0	0	16	20	1
6	LSCIcl3plb	100	0.05	0.75	1	5000	1	0.1	0.5	60	0.75	0.5	2	1	0.25	0.2	1	1	17.5	12.5	1	0.05	70	0.722473599016666	1	1	0	0	0	0	0	0	0	0	0	0	0	0	16	20	1
7	LSCTcl2plb	100	0.05	0.75	1	5000	1	0.1	0.5	60	1	1	2	1	0.25	0.2	1	1	2.5	2.5	0	0.05	70	0.386518886720296	1	1	0	0	0	0	0	0	0	0	0	0	0	0	16	20	1
8	LSSIcl3plb	100	0.05	0.75	1	5000	1	0.1	0.5	20	0.75	0.5	6	1	0.25	0.2	1	1	17.5	12.5	1	0.05	70	0.905077656731009	1	1	0	0	0	0	0	0	0	0	0	0	0	0	16	20	1
9	LSSTcl3plb	100	0.05	0.75	1	5000	1	0.1	0.5	20	1	1	6	1	0.25	0.2	1	1	17.5	12.5	1	0.05	70	0.911862957873382	1	1	0	0	0	0	0	0	0	0	0	0	0	0	16	20	1
10	MECIcl3plb	100	0.05	0.5	0.3	2000	0.3	0.3	0.5	60	0.75	0.5	2	1	0.25	0.2	1	1	17.5	12.5	1	0.05	70	0.222781748510897	1	1	0	0	0	0	0	0	0	0	0	0	0	0	16	20	1
11	MECTcl3peb	100	0.05	0.5	0.3	2000	0.3	0.3	0.5	60	1	1	2	1	0.25	0.2	1	1	17.5	12.5	1	0.05	70	0.109828293614555	1	1	0	0	0	0	0	0	0	0	0	0	0	0	16	20	1
12	MEIIcl4plb	100	0.05	0.5	0.3	2000	0.3	0.3	0.5	40	0.75	0.5	4	1	0.25	0.2	1	1	17.5	12.5	0	0.05	70	0.132629654021002	1	1	0	0	0	0	0	0	0	0	0	0	0	0	16	20	1
13	MEITplb	100	0.05	0.5	0.3	2000	0.3	0.3	0.5	40	1	1	4	1	0.25	0.2	0	0	0	0	0	0	0	0.658672065532301	1	1	0	0	0	0	0	0	0	0	0	0	0	0	16	20	1
14	MESTcl1plb	100	0.05	0.5	0.3	2000	0.3	0.3	0.5	20	1	1	6	1	0.25	0.2	1	1	2.5	2.5	1	0.05	70	0.239354467601515	1	1	0	0	0	0	0	0	0	0	0	0	0	0	16	20	1
15	MSCAcl1plb	100	0.05	0.75	0.3	2000	0.3	0.3	0.5	60	0.5	0.25	2	1	0.25	0.2	1	1	2.5	2.5	1	0.05	70	0.449751495732926	1	1	0	0	0	0	0	0	0	0	0	0	0	0	16	20	1
16	MSCAcl3plb	100	0.05	0.75	0.3	2000	0.3	0.3	0.5	60	0.5	0.25	2	1	0.25	0.2	1	1	17.5	12.5	1	0.05	70	0.0644989549182355	1	1	0	0	0	0	0	0	0	0	0	0	0	0	16	20	1
17	MSCIplb	100	0.05	0.75	0.3	2000	0.3	0.3	0.5	60	0.75	0.5	2	1	0.25	0.2	0	0	0	0	0	0	0	0.191300727252383	1	1	0	0	0	0	0	0	0	0	0	0	0	0	16	20	1
18	MSCTcl1plb	100	0.05	0.75	0.3	2000	0.3	0.3	0.5	60	1	1	2	1	0.25	0.2	1	1	2.5	2.5	1	0.05	70	0.848319399985485	1	1	0	0	0	0	0	0	0	0	0	0	0	0	16	20	1
19	MSCTcl2plb	100	0.05	0.75	0.3	2000	0.3	0.3	0.5	60	1	1	2	1	0.25	0.2	1	1	2.5	2.5	0	0.05	70	0.976363430672791	1	1	0	0	0	0	0	0	0	0	0	0	0	0	16	20	1
20	MSIAcl1plb	100	0.05	0.75	0.3	2000	0.3	0.3	0.5	40	0.5	0.25	4	1	0.25	0.2	1	1	2.5	2.5	1	0.05	70	0.330119192425627	1	1	0	0	0	0	0	0	0	0	0	0	0	0	16	20	1
21	MSIAcl4plb	100	0.05	0.75	0.3	2000	0.3	0.3	0.5	40	0.5	0.25	4	1	0.25	0.2	1	1	17.5	12.5	0	0.05	70	0.609255338262301	1	1	0	0	0	0	0	0	0	0	0	0	0	0	16	20	1
22	MSIIcl3plb	100	0.05	0.75	0.3	2000	0.3	0.3	0.5	40	0.75	0.5	4	1	0.25	0.2	1	1	17.5	12.5	1	0.05	70	0.210282457817812	1	1	0	0	0	0	0	0	0	0	0	0	0	0	16	20	1
23	MSITcl1plb	100	0.05	0.75	0.3	2000	0.3	0.3	0.5	40	1	1	4	1	0.25	0.2	1	1	2.5	2.5	1	0.05	70	0.180244725139346	1	1	0	0	0	0	0	0	0	0	0	0	0	0	16	20	1
24	MSITcl3plb	100	0.05	0.75	0.3	2000	0.3	0.3	0.5	40	1	1	4	1	0.25	0.2	1	1	17.5	12.5	1	0.05	70	0.233607549918815	1	1	0	0	0	0	0	0	0	0	0	0	0	0	16	20	1
25	MSITcl4plb	100	0.05	0.75	0.3	2000	0.3	0.3	0.5	40	1	1	4	1	0.25	0.2	1	1	17.5	12.5	0	0.05	70	0.239460684300866	1	1	0	0	0	0	0	0	0	0	0	0	0	0	16	20	1
26	MSSIcl1plb	100	0.05	0.75	0.3	2000	0.3	0.3	0.5	20	0.75	0.5	6	1	0.25	0.2	1	1	2.5	2.5	1	0.05	70	0.101207128027454	1	1	0	0	0	0	0	0	0	0	0	0	0	0	16	20	1
27	MSSTcl3plb	100	0.05	0.75	0.3	2000	0.3	0.3	0.5	20	1	1	6	1	0.25	0.2	1	1	17.5	12.5	1	0.05	70	0.105545493308455	1	1	0	0	0	0	0	0	0	0	0	0	0	0	16	20	1
28	SECTpeb	100	0.05	0.5	0.1	1000	0.1	0.6	0.5	60	1	1	2	1	0.25	0.2	0	0	0	0	0	0	0	0.245237928989809	1	1	0	0	0	0	0	0	0	0	0	0	0	0	16	20	1
29	SEIAcl4peb	100	0.05	0.5	0.1	1000	0.1	0.6	0.5	40	0.5	0.25	4	1	0.25	0.2	1	1	17.5	12.5	0	0.05	70	0.997325103497133	1	1	0	0	0	0	0	0	0	0	0	0	0	0	16	20	1
30	SEITcl4peb	100	0.05	0.5	0.1	1000	0.1	0.6	0.5	40	1	1	4	1	0.25	0.2	1	1	17.5	12.5	0	0.05	70	0.914429111930076	1	1	0	0	0	0	0	0	0	0	0	0	0	0	16	20	1
31	SESIcl4plb	100	0.05	0.5	0.1	1000	0.1	0.6	0.5	20	0.75	0.5	6	1	0.25	0.2	1	1	17.5	12.5	0	0.05	70	0.329379048023839	1	1	0	0	0	0	0	0	0	0	0	0	0	0	16	20	1
32	SRIAcl1peb	100	0.05	1	0.1	1000	0.1	0.6	0.5	40	0.5	0.25	4	1	0.25	0.2	1	1	2.5	2.5	1	0.05	70	0.675689718860667	1	1	0	0	0	0	0	0	0	0	0	0	0	0	1	5	1
33	SRIAcl2plb	100	0.05	1	0.1	1000	0.1	0.6	0.5	40	0.5	0.25	4	1	0.25	0.2	1	1	2.5	2.5	0	0.05	70	0.969083521107677	1	1	0	0	0	0	0	0	0	0	0	0	0	0	16	20	1
34	SRIAcl4peb	100	0.05	1	0.1	1000	0.1	0.6	0.5	40	0.5	0.25	4	1	0.25	0.2	1	1	17.5	12.5	0	0.05	70	0.631399467471056	1	1	0	0	0	0	0	0	0	0	0	0	0	0	16	20	1
35	SSCTplb	100	0.05	0.75	0.1	1000	0.1	0.6	0.5	60	1	1	2	1	0.25	0.2	0	0	0	0	0	0	0	0.298286104924046	1	1	0	0	0	0	0	0	0	0	0	0	0	0	16	20	1
36	SSIAcl4plb	100	0.05	0.75	0.1	1000	0.1	0.6	0.5	40	0.5	0.25	4	1	0.25	0.2	1	1	17.5	12.5	0	0.05	70	0.209582175535616	1	1	0	0	0	0	0	0	0	0	0	0	0	0	16	20	1
37	SSIIcl2plb	100	0.05	0.75	0.1	1000	0.1	0.6	0.5	40	0.75	0.5	4	1	0.25	0.2	1	1	2.5	2.5	0	0.05	70	0.881386421329807	1	1	0	0	0	0	0	0	0	0	0	0	0	0	16	20	1
38	SSITcl3plb	100	0.05	0.75	0.1	1000	0.1	0.6	0.5	40	1	1	4	1	0.25	0.2	1	1	17.5	12.5	1	0.05	70	0.273204994387925	1	1	0	0	0	0	0	0	0	0	0	0	0	0	16	20	1
39	SSITcl4plb	100	0.05	0.75	0.1	1000	0.1	0.6	0.5	40	1	1	4	1	0.25	0.2	1	1	17.5	12.5	0	0.05	70	0.247552369721234	1	1	0	0	0	0	0	0	0	0	0	0	0	0	16	20	1
