Time	totMass	NInd	abovemass	belowmass	mean_ares	mean_bres	shannon	meanShannon	NPFT	meanNPFT	Cutted	NNonClonal	NClonal	mean_generation	mean_genet_size	NGenets
1	391.8	0	195.9	195.9	100	90	0	0.802533	40	39.2	0	396	1743	1	0.80137	1812
2	12256.6	0	5980.73	6275.82	100	90	0	0.802533	40	39.2	0	396	1743	1	0.795829	1812
3	60238.4	0	31574.9	28663.4	100	90	0	0.802533	40	39.2	0	396	1743	1	0.796078	1812
4	189308	0	98528.8	90779.4	100	90	0	0.802533	40	39.2	0	396	1743	1	0.799	1812
5	428297	0	222476	205822	100	90	0	0.802533	40	39.2	0	396	1743	1.00201	0.796698	1812
6	737450	562	384182	353268	100	90	2.39006	0.802533	40	39.2	0	396	1743	1.01839	0.809218	1812
7	1.00585e+006	804	528617	477231	100	90	3.13809	0.802533	40	39.2	0	396	1743	1.03316	0.825056	1812
8	1.18278e+006	831	626577	556205	100	90	3.16762	0.802533	40	39.2	0	396	1743	1.06165	0.858002	1812
9	1.3138e+006	800	700589	613207	100	90	3.09315	0.802533	40	39.2	0	396	1743	1.07923	0.87875	1812
10	1.39578e+006	765	746503	649277	100	90	2.97414	0.802533	40	39.2	0	396	1743	1.10492	0.905759	1812
11	1.46503e+006	753	785844	679187	100	90	2.92976	0.802533	40	39.2	0	396	1743	1.12892	0.94094	1812
12	1.51114e+006	742	811426	699711	100	90	2.89715	0.802533	40	39.2	0	396	1743	1.15698	0.973937	1812
13	1.53577e+006	731	825884	709881	100	90	2.88744	0.802533	40	39.2	0	396	1743	1.17349	0.988685	1812
14	1.5694e+006	734	844788	724614	100	90	2.89107	0.802533	40	39.2	0	396	1743	1.19506	1.02014	1812
15	1.59904e+006	739	861103	737936	100	90	2.92046	0.802533	40	39.2	0	396	1743	1.21923	1.04512	1812
16	1.64725e+006	744	872613	746695	100	90	2.93818	0.802533	40	39.2	0	396	1743	1.24306	1.07375	1812
17	1.68978e+006	750	882759	755302	100	90	2.95807	0.802533	40	39.2	0	396	1743	1.24364	1.08333	1812
18	1.71396e+006	759	893060	764826	100	90	3.01693	0.802533	40	39.2	0	396	1743	1.24077	1.07508	1812
19	1.73957e+006	769	907097	775237	100	90	3.10573	0.802533	40	39.2	0	396	1743	1.23636	1.06383	1812
20	1.75147e+006	774	914655	780276	100	90	3.16958	0.802533	40	39.2	0	396	1743	1.24034	1.05231	1812
21	1.70414e+006	780	919730	784405	100	90	3.20193	0.802533	40	39.2	0	396	1743	1.24928	1.04814	1812
22	1.7118e+006	789	924763	787035	100	90	1.2202	0.802533	40	39.2	0	396	1743	1.06772	0.821074	1812
23	1.7439e+006	784	939413	804491	100	90	1.21036	0.802533	40	39.2	0	396	1743	1.07692	0.842287	1812
24	1.76925e+006	771	951976	817278	100	90	1.21303	0.802533	40	39.2	0	396	1743	1.0801	0.868827	1812
25	1.77583e+006	760	956673	819152	100	90	1.27256	0.802533	40	39.2	0	396	1743	1.09043	0.912563	1812
26	1.79553e+006	750	968767	826763	100	90	1.3675	0.802533	40	39.2	0	396	1743	1.10771	0.948287	1812
27	1.81881e+006	1376	981931	836880	100	90	2.43854	0.802533	40	39.2	0	396	1743	1.13299	0.983283	1812
28	1.84647e+006	1268	997007	849464	100	90	2.53388	0.802533	40	39.2	0	396	1743	1.15621	1.00344	1812
29	1.88506e+006	1206	1.01824e+006	866820	100	90	2.60658	0.802533	40	39.2	0	396	1743	1.18305	1.03299	1812
30	1.40779e+006	1166	520864	886927	100	90	2.15553	0.802533	40	39.2	0	396	1743	1.52337	1.66465	1812
31	1.43775e+006	1024	624053	813077	100	90	1.28168	0.802533	40	39.2	0	396	1743	1.18963	1.0134	1812
32	1.44825e+006	890	672844	774291	100	90	1.00048	0.802533	40	39.2	0	396	1743	1.1199	0.895035	1812
33	1.45786e+006	796	698657	758099	100	90	0.842291	0.802533	40	39.2	0	396	1743	1.0903	0.84681	1812
34	1.4368e+006	710	700560	735068	100	90	0.940463	0.802533	40	39.2	0	396	1743	1.11057	0.873677	1812
35	1.36012e+006	804	673327	685760	100	90	1.25473	0.802533	40	39.2	0	396	1743	1.13411	0.919069	1812
36	1.30468e+006	807	656112	648564	100	90	1.48407	0.802533	40	39.2	0	396	1743	1.15007	0.950407	1812
37	1.20455e+006	915	613503	591049	100	90	1.95186	0.802533	40	39.2	0	396	1743	1.16142	0.952239	1812
38	1.14742e+006	899	590468	556953	100	90	2.39188	0.802533	40	39.2	0	396	1743	1.20288	1.00386	1812
39	1.11617e+006	733	580618	535556	100	90	2.40321	0.802533	40	39.2	0	396	1743	1.22837	1.02556	1812
40	657977	623	149260	508717	100	90	2.46009	0.802533	40	39.2	445981	396	1743	1.25851	1.05849	1812
41	690492	549	228940	461552	100	90	2.59942	0.802533	40	39.2	445981	396	1743	1.25037	1.02345	1812
42	705472	478	289134	416338	100	90	2.67895	0.802533	40	39.2	445981	396	1743	1.27656	1.04401	1812
43	719945	432	332994	386950	100	90	2.79541	0.802533	40	39.2	445981	396	1743	1.31567	1.05479	1812
44	729623	398	360543	369080	100	90	2.84243	0.802533	40	39.2	445981	396	1743	1.36341	1.09524	1812
45	710474	366	362785	347689	100	90	2.90985	0.802533	40	39.2	445981	396	1743	1.39474	1.12914	1812
46	413642	338	84872.9	328676	100	90	2.90666	0.802533	40	39.2	751544	396	1743	1.41534	1.13121	1812
47	447747	307	140633	300661	100	90	2.93005	0.802533	40	39.2	751544	396	1743	1.425	1.12451	1812
48	456558	268	180767	266629	100	90	2.88588	0.802533	40	39.2	751544	396	1743	1.43725	1.13274	1812
49	461617	239	208433	241288	100	90	2.8769	0.802533	40	39.2	751544	396	1743	1.44843	1.13861	1812
50	478458	231	231961	235606	100	90	2.93359	0.802533	40	39.2	751544	396	1743	1.47343	1.14136	1812
51	439711	209	226420	213291	100	90	2.97193	0.802533	40	39.2	751544	396	1743	1.46739	1.12281	1812
52	252566	188	50953.5	201612	100	90	0.124282	0.802533	40	39.2	818970	396	1743	1.00793	0.850736	1812
53	454571	162	176277	278294	100	90	0.0797058	0.802533	40	39.2	818970	396	1743	1.00455	0.840436	1812
54	804231	148	360806	443425	100	90	0.078021	0.802533	40	39.2	818970	396	1743	1.00466	0.840934	1812
55	895086	132	416085	479001	100	90	0.0819904	0.802533	40	39.2	818970	396	1743	1.00548	0.854932	1812
56	628952	113	184055	444897	100	90	0.0854168	0.802533	40	39.2	818970	396	1743	1.00578	0.87371	1812
57	734879	2592	279992	454887	100	90	1.44132	0.802533	40	39.2	818970	396	1743	1.00705	0.873386	1812
58	941017	2585	411044	529974	100	90	1.82812	0.802533	40	39.2	818970	396	1743	1.00965	0.871265	1812
59	1.02455e+006	2100	477846	546704	100	90	2.02846	0.802533	40	39.2	818970	396	1743	1.01421	0.864187	1812
60	805917	1761	259007	546910	100	90	1.99196	0.802533	39	39.2	818970	396	1743	1.16782	1.13146	1812
61	865086	1386	361569	502425	100	90	1.38779	0.802533	40	39.2	0	396	1743	1.10173	0.965223	1812
62	974549	1167	452765	520107	100	90	1.15575	0.802533	40	39.2	0	396	1743	1.07715	0.91925	1812
63	1.06746e+006	985	520724	545035	100	90	1.0823	0.802533	40	39.2	0	396	1743	1.07111	0.894481	1812
64	1.14539e+006	829	570383	573422	100	90	1.1091	0.802533	40	39.2	0	396	1743	1.07981	0.888568	1812
65	1.14822e+006	749	578692	568296	100	90	1.18275	0.802533	40	39.2	0	396	1743	1.08103	0.88043	1812
66	1.14782e+006	1220	585338	562483	100	90	2.01477	0.802533	40	39.2	0	396	1743	1.08064	0.872222	1812
67	1.12373e+006	1167	577952	545776	100	90	2.19934	0.802533	40	39.2	0	396	1743	1.0853	0.877389	1812
68	1.09169e+006	1073	564676	527016	100	90	2.33255	0.802533	40	39.2	0	396	1743	1.08962	0.887392	1812
69	766561	885	262811	503750	100	90	2.34379	0.802533	40	39.2	0	396	1743	1.10563	0.915691	1812
70	658312	764	189509	468803	100	90	2.39387	0.802533	40	39.2	169322	396	1743	1.11918	0.921088	1812
71	711170	670	278225	432945	100	90	2.54632	0.802533	40	39.2	169322	396	1743	1.12776	0.93323	1812
72	569992	599	167004	402988	100	90	2.67592	0.802533	40	39.2	169322	396	1743	1.14124	0.945804	1812
73	589909	505	235490	354419	100	90	2.79987	0.802533	40	39.2	169322	396	1743	1.17391	0.960168	1812
74	641488	471	298384	343105	100	90	2.82344	0.802533	40	39.2	169322	396	1743	1.21545	0.997738	1812
75	637768	424	314895	322873	100	90	2.80128	0.802533	40	39.2	169322	396	1743	1.24429	1.00253	1812
76	423757	400	107885	315758	100	90	2.73904	0.802533	40	39.2	411808	396	1743	1.26969	1.02419	1812
77	480403	381	172775	300104	100	90	2.76492	0.802533	40	39.2	411808	396	1743	1.27481	1.02571	1812
78	519699	360	223884	284477	100	90	2.77711	0.802533	40	39.2	411808	396	1743	1.26287	1.02154	1812
79	537393	339	250886	271634	100	90	2.80325	0.802533	40	39.2	411808	396	1743	1.27566	1.01634	1812
80	394006	311	133637	257972	100	90	2.86123	0.802533	40	39.2	411808	396	1743	1.26471	1	1812
81	409407	282	174256	235150	100	90	2.83982	0.802533	40	39.2	411808	396	1743	1.30483	1.036	1812
82	266607	248	60141.9	206465	100	90	0.257246	0.802533	40	39.2	451929	396	1743	1.01184	0.908485	1812
83	387008	219	150134	236874	100	90	0.170059	0.802533	40	39.2	451929	396	1743	1.007	0.903731	1812
84	657714	205	303500	354214	100	90	0.164672	0.802533	40	39.2	451929	396	1743	1.00745	0.908186	1812
85	710644	187	218985	491659	100	90	0.17187	0.802533	40	39.2	451929	396	1743	1.0082	0.912011	1812
86	862303	160	330137	532167	100	90	0.175504	0.802533	40	39.2	451929	396	1743	1.00903	0.910749	1812
87	1.01227e+006	2471	438704	573566	100	90	1.7033	0.802533	40	39.2	451929	396	1743	1.01055	0.908681	1812
88	823191	2319	237289	585902	100	90	1.83583	0.802533	40	39.2	451929	396	1743	1.01282	0.905489	1812
89	921335	1971	346780	574555	100	90	1.89452	0.802533	40	39.2	451929	396	1743	1.0153	0.904915	1812
90	793166	1812	223030	570136	100	90	1.81792	0.802533	39	39.2	451929	396	1743	1.22139	1.25738	1812
91	874914	1513	345066	526792	100	90	1.63754	0.802533	40	39.2	0	396	1743	1.17548	1.10074	1812
92	971429	1321	437216	529642	100	90	1.56482	0.802533	40	39.2	0	396	1743	1.14894	1.0557	1812
93	1.00076e+006	1099	479031	516360	100	90	1.47617	0.802533	40	39.2	0	396	1743	1.13172	1.02411	1812
94	1.02008e+006	904	504236	511083	100	90	1.48143	0.802533	40	39.2	0	396	1743	1.13466	1.00998	1812
95	1.05666e+006	933	531376	521058	100	90	1.68355	0.802533	40	39.2	0	396	1743	1.14421	0.997985	1812
96	1.07799e+006	1083	548733	529257	100	90	2.06841	0.802533	40	39.2	0	396	1743	1.14768	1.00317	1812
97	1.07905e+006	1075	553837	525214	100	90	2.24335	0.802533	40	39.2	0	396	1743	1.1505	1.00551	1812
98	1.03025e+006	997	531778	498468	100	90	2.39337	0.802533	40	39.2	0	396	1743	1.14917	1.01184	1812
99	995571	878	515908	479663	100	90	2.38008	0.802533	40	39.2	0	396	1743	1.1556	1.02063	1812
100	679464	753	232171	447292	100	90	2.39314	0.802533	40	39.2	276168	396	1743	1.16908	1.04802	1812
101	724078	668	303346	420732	100	90	2.4176	0.802533	40	39.2	276168	396	1743	1.17912	1.0621	1812
102	749612	616	351797	397815	100	90	2.50629	0.802533	40	39.2	276168	396	1743	1.19111	1.08362	1812
103	730841	552	360372	370469	100	90	2.54125	0.802533	40	39.2	276168	396	1743	1.20755	1.09302	1812
104	668885	475	338013	330872	100	90	2.52952	0.802533	40	39.2	276168	396	1743	1.24948	1.13242	1812
105	638609	438	326426	312184	100	90	2.52551	0.802533	40	39.2	276168	396	1743	1.29398	1.17424	1812
106	418948	393	132332	286284	100	90	2.48974	0.802533	40	39.2	476946	396	1743	1.32552	1.18768	1812
107	461219	365	186813	268473	100	90	2.50715	0.802533	40	39.2	476946	396	1743	1.33239	1.20795	1812
108	470895	329	215372	247424	100	90	2.50458	0.802533	40	39.2	476946	396	1743	1.36129	1.23875	1812
109	442446	289	213233	219608	100	90	2.49177	0.802533	40	39.2	476946	396	1743	1.34815	1.24303	1812
110	430518	270	213740	207963	100	90	2.54315	0.802533	40	39.2	476946	396	1743	1.33735	1.21121	1812
111	380552	240	194454	186098	100	90	2.56305	0.802533	40	39.2	476946	396	1743	1.38785	1.25628	1812
112	257589	221	79239.5	178350	100	90	0.100854	0.802533	40	39.2	597330	396	1743	1.00556	0.93603	1812
113	555289	210	249291	305999	100	90	0.0808428	0.802533	40	39.2	597330	396	1743	1.00426	0.934435	1812
114	867273	166	407659	459614	100	90	0.0693496	0.802533	40	39.2	597330	396	1743	1.00378	0.935156	1812
115	940862	148	447430	493432	100	90	0.0689228	0.802533	40	39.2	597330	396	1743	1.00374	0.948435	1812
116	864755	127	418845	445910	100	90	0.0706658	0.802533	40	39.2	597330	396	1743	1.00407	0.957207	1812
117	906227	2944	447143	459084	100	90	1.14593	0.802533	40	39.2	597330	396	1743	1.00528	0.95243	1812
118	1.0087e+006	2506	503962	504743	100	90	1.27637	0.802533	40	39.2	597330	396	1743	1.00722	0.951613	1812
119	1.05945e+006	2140	532308	527142	100	90	1.48888	0.802533	39	39.2	597330	396	1743	1.00963	0.947558	1812
120	818614	1983	277132	541482	100	90	1.68002	0.802533	38	39.2	597330	396	1743	1.12628	1.17143	1812
121	885664	1615	378279	504730	100	90	1.10135	0.802533	40	39.2	0	396	1743	1.06785	1.00232	1812
122	986258	1367	460735	521472	100	90	0.930637	0.802533	40	39.2	0	396	1743	1.05047	0.982195	1812
123	1.10272e+006	1163	532659	565574	100	90	0.873867	0.802533	40	39.2	0	396	1743	1.04792	0.971334	1812
124	895763	1009	285836	609382	100	90	0.917702	0.802533	40	39.2	0	396	1743	1.05415	0.97661	1812
125	1.00358e+006	985	396783	606332	100	90	1.04037	0.802533	40	39.2	0	396	1743	1.06023	0.979926	1812
126	843720	1787	234259	609461	100	90	1.84326	0.802533	40	39.2	0	396	1743	1.06338	0.983913	1812
127	937773	1691	350516	587258	100	90	2.00093	0.802533	40	39.2	0	396	1743	1.06523	0.976993	1812
128	1.00127e+006	1590	439031	562238	100	90	2.20813	0.802533	40	39.2	0	396	1743	1.0752	0.968296	1812
129	1.04106e+006	1372	493450	547609	100	90	2.24008	0.802533	40	39.2	0	396	1743	1.08306	0.971713	1812
130	843615	1160	323151	520464	100	90	2.23334	0.802533	40	39.2	199880	396	1743	1.09342	0.987365	1812
131	888709	1033	391149	497561	100	90	2.301	0.802533	40	39.2	199880	396	1743	1.09946	0.995939	1812
132	899681	922	427778	471903	100	90	2.33254	0.802533	40	39.2	199880	396	1743	1.11071	1.00456	1812
133	849842	791	420016	429826	100	90	2.35499	0.802533	40	39.2	199880	396	1743	1.13578	1.01596	1812
134	793517	690	399255	394262	100	90	2.42085	0.802533	40	39.2	199880	396	1743	1.15345	1.01829	1812
135	752874	618	381672	371202	100	90	2.47317	0.802533	40	39.2	199880	396	1743	1.15385	1.01868	1812
136	513542	550	173286	339796	100	90	2.41836	0.802533	40	39.2	408475	396	1743	1.18076	1.05996	1812
137	424725	491	112786	310774	100	90	2.4484	0.802533	40	39.2	408475	396	1743	1.19093	1.07843	1812
138	439814	416	163528	269541	100	90	2.51454	0.802533	40	39.2	408475	396	1743	1.20882	1.08052	1812
139	475827	381	211596	256137	100	90	2.51631	0.802533	40	39.2	408475	396	1743	1.22917	1.08	1812
140	494638	357	237996	249063	100	90	2.51333	0.802533	40	39.2	408475	396	1743	1.22969	1.07975	1812
141	455889	318	229162	226727	100	90	2.47984	0.802533	40	39.2	408475	396	1743	1.22903	1.10915	1812
142	307736	288	94782	212954	100	90	0.148734	0.802533	40	39.2	543044	396	1743	1.00561	0.880259	1812
143	531382	242	235164	296218	100	90	0.101619	0.802533	40	39.2	543044	396	1743	1.00397	0.882339	1812
144	856094	222	400982	455112	100	90	0.100629	0.802533	40	39.2	543044	396	1743	1.00449	0.887089	1812
145	958706	208	455667	503039	100	90	0.105109	0.802533	40	39.2	543044	396	1743	1.00506	0.906451	1812
146	664208	201	193141	471067	100	90	0.120215	0.802533	40	39.2	543044	396	1743	1.0057	0.920167	1812
147	749482	2860	282410	467072	100	90	1.28858	0.802533	40	39.2	543044	396	1743	1.00676	0.910168	1812
148	927473	2632	405661	521812	100	90	1.51907	0.802533	40	39.2	543044	396	1743	1.00828	0.907402	1812
149	1.04577e+006	2347	490942	554832	100	90	1.8096	0.802533	40	39.2	543044	396	1743	1.0104	0.902376	1812
150	793098	2064	257426	535672	100	90	1.89148	0.802533	40	39.2	543044	396	1743	1.11327	1.06442	1812
151	855327	1636	362211	492346	100	90	1.28668	0.802533	40	39.2	0	396	1743	1.06531	0.946392	1812
152	939992	1387	439713	498997	100	90	1.06868	0.802533	40	39.2	0	396	1743	1.04892	0.918345	1812
153	1.00502e+006	1116	491852	511913	100	90	0.952301	0.802533	40	39.2	0	396	1743	1.042	0.911031	1812
154	795055	925	257860	536960	100	90	0.975652	0.802533	40	39.2	0	396	1743	1.04568	0.910951	1812
155	955375	919	389621	565568	100	90	1.12711	0.802533	40	39.2	0	396	1743	1.04991	0.9126	1812
156	1.04175e+006	1601	476055	565698	100	90	1.95254	0.802533	40	39.2	0	396	1743	1.05924	0.918199	1812
157	1.07205e+006	1516	519698	552349	100	90	2.10897	0.802533	40	39.2	0	396	1743	1.06575	0.921362	1812
158	1.05424e+006	1376	527362	526875	100	90	2.16611	0.802533	40	39.2	0	396	1743	1.06847	0.918491	1812
159	1.00854e+006	1177	513219	495320	100	90	2.18211	0.802533	40	39.2	0	396	1743	1.07641	0.924229	1812
160	731226	1011	267105	464121	100	90	2.21962	0.802533	40	39.2	245669	396	1743	1.08225	0.925358	1812
161	770017	897	332077	437939	100	90	2.30484	0.802533	40	39.2	245669	396	1743	1.0938	0.928571	1812
162	556807	751	169894	386912	100	90	2.41433	0.802533	40	39.2	245669	396	1743	1.11285	0.943448	1812
163	616427	695	247688	368738	100	90	2.4842	0.802533	40	39.2	245669	396	1743	1.12167	0.95082	1812
164	614184	597	283684	330499	100	90	2.51065	0.802533	40	39.2	245669	396	1743	1.15573	0.982456	1812
165	467586	547	150752	316833	100	90	2.52617	0.802533	40	39.2	245669	396	1743	1.17288	0.996169	1812
166	425352	504	130745	293360	100	90	2.49563	0.802533	40	39.2	341240	396	1743	1.20484	1.03992	1812
167	464678	458	185284	270386	100	90	2.4693	0.802533	40	39.2	341240	396	1743	1.22541	1.04872	1812
168	386095	436	119945	263995	100	90	2.51445	0.802533	40	39.2	341240	396	1743	1.22588	1.03922	1812
169	447237	426	180432	257610	100	90	2.5419	0.802533	40	39.2	341240	396	1743	1.22654	1.03046	1812
170	470215	395	218029	243683	100	90	2.61788	0.802533	40	39.2	341240	396	1743	1.23773	1.02778	1812
171	339555	364	111478	228077	100	90	2.62293	0.802533	40	39.2	341240	396	1743	1.25788	1.06192	1812
172	304881	332	92382.8	212499	100	90	0.148255	0.802533	40	39.2	411820	396	1743	1.00586	0.827623	1812
173	565556	285	248094	317462	100	90	0.113538	0.802533	40	39.2	411820	396	1743	1.00418	0.826205	1812
174	872943	261	407063	465881	100	90	0.115162	0.802533	40	39.2	411820	396	1743	1.00427	0.838174	1812
175	907907	240	431652	476256	100	90	0.120754	0.802533	40	39.2	411820	396	1743	1.0044	0.875876	1812
176	837980	195	410384	427596	100	90	0.118649	0.802533	40	39.2	411820	396	1743	1.00486	0.89616	1812
177	900025	2818	450729	449296	100	90	1.22252	0.802533	40	39.2	411820	396	1743	1.00603	0.887268	1812
178	986144	2301	498198	487946	100	90	1.35179	0.802533	40	39.2	411820	396	1743	1.00796	0.881647	1812
179	1.06439e+006	2011	541094	523297	100	90	1.53141	0.802533	40	39.2	411820	396	1743	1.01106	0.878396	1812
180	780998	1782	268501	512497	100	90	1.70776	0.802533	39	39.2	411820	396	1743	1.13761	1.0965	1812
181	874447	1508	384435	489887	100	90	1.12901	0.802533	40	39.2	0	396	1743	1.07213	0.925351	1812
182	715261	1294	218646	496576	100	90	0.989919	0.802533	40	39.2	0	396	1743	1.05507	0.895959	1812
183	874095	1121	353392	520566	100	90	0.863227	0.802533	40	39.2	0	396	1743	1.04257	0.873584	1812
184	1.0152e+006	966	464577	550431	100	90	0.896305	0.802533	40	39.2	0	396	1743	1.04198	0.881381	1812
185	1.09889e+006	965	530209	568491	100	90	1.06543	0.802533	40	39.2	0	396	1743	1.04903	0.888927	1812
186	1.1258e+006	1640	559068	566734	100	90	1.84281	0.802533	40	39.2	0	396	1743	1.05418	0.891655	1812
187	1.1376e+006	1558	574827	562770	100	90	1.98935	0.802533	40	39.2	0	396	1743	1.05544	0.886508	1812
188	1.07547e+006	1435	548876	526592	100	90	2.08732	0.802533	40	39.2	0	396	1743	1.06051	0.900572	1812
189	1.02912e+006	1188	528711	500405	100	90	2.0689	0.802533	40	39.2	0	396	1743	1.07131	0.906169	1812
190	721210	1010	254705	466505	100	90	2.12009	0.802533	40	39.2	269456	396	1743	1.08766	0.919388	1812
191	764517	893	327427	437090	100	90	2.20997	0.802533	40	39.2	269456	396	1743	1.08794	0.913495	1812
192	762611	777	363192	399419	100	90	2.33498	0.802533	40	39.2	269456	396	1743	1.09356	0.914894	1812
193	730700	683	364573	366127	100	90	2.40379	0.802533	40	39.2	269456	396	1743	1.11335	0.933333	1812
194	673020	592	342878	330142	100	90	2.43895	0.802533	40	39.2	269456	396	1743	1.14438	0.945899	1812
195	622290	513	320546	301744	100	90	2.48011	0.802533	40	39.2	269456	396	1743	1.14947	0.959432	1812
196	409859	472	123806	285726	100	90	2.5028	0.802533	40	39.2	481886	396	1743	1.16471	0.984513	1812
197	418114	399	165618	244330	100	90	2.52482	0.802533	40	39.2	481886	396	1743	1.17184	1.00265	1812
198	324076	351	100367	221642	100	90	2.58937	0.802533	40	39.2	481886	396	1743	1.17549	1.01538	1812
199	350672	318	142010	201148	100	90	2.62112	0.802533	40	39.2	481886	396	1743	1.18269	1.03819	1812
200	371528	291	175105	189445	100	90	2.60986	0.802533	40	39.2	481886	396	1743	1.17014	1.00752	1812
201	386418	290	194640	191777	100	90	2.59546	0.802533	40	39.2	481886	396	1743	1.20504	1.04943	1812
202	264291	274	77272.6	187018	100	90	0.143318	0.802533	40	39.2	607659	396	1743	1.00539	0.830581	1812
203	522209	256	228516	293693	100	90	0.109041	0.802533	40	39.2	607659	396	1743	1.00386	0.832294	1812
204	851768	237	398026	453743	100	90	0.111911	0.802533	40	39.2	607659	396	1743	1.00389	0.841393	1812
205	922515	218	439471	483044	100	90	0.120048	0.802533	40	39.2	607659	396	1743	1.00428	0.87459	1812
206	865147	205	422855	442293	100	90	0.137947	0.802533	40	39.2	607659	396	1743	1.00508	0.900282	1812
207	917150	2494	457495	459655	100	90	1.25979	0.802533	40	39.2	607659	396	1743	1.00685	0.882452	1812
208	1.01416e+006	2131	511303	502859	100	90	1.40705	0.802533	40	39.2	607659	396	1743	1.01017	0.881966	1812
209	751549	1789	245599	505950	100	90	1.57921	0.802533	40	39.2	607659	396	1743	1.01293	0.883097	1812
210	665928	1647	171468	494460	100	90	1.7554	0.802533	38	39.2	607659	396	1743	1.15435	1.12	1812
211	756174	1391	295638	460304	100	90	1.10528	0.802533	40	39.2	0	396	1743	1.07242	0.920662	1812
212	850260	1174	386674	463287	100	90	0.924986	0.802533	40	39.2	0	396	1743	1.04963	0.887424	1812
213	949958	979	459035	490519	100	90	0.863329	0.802533	40	39.2	0	396	1743	1.04492	0.880713	1812
214	788341	817	255393	532822	100	90	0.872705	0.802533	40	39.2	0	396	1743	1.04731	0.891067	1812
215	929654	826	378703	550825	100	90	1.01415	0.802533	40	39.2	0	396	1743	1.0512	0.896348	1812
216	1.02416e+006	1659	468932	555225	100	90	1.90814	0.802533	40	39.2	0	396	1743	1.05009	0.896927	1812
217	1.03371e+006	1534	501959	531747	100	90	2.00422	0.802533	40	39.2	0	396	1743	1.05213	0.891265	1812
218	1.05216e+006	1426	526539	525622	100	90	2.07117	0.802533	40	39.2	0	396	1743	1.05736	0.891226	1812
219	993679	1162	504901	488778	100	90	2.07263	0.802533	40	39.2	0	396	1743	1.0611	0.892061	1812
220	711786	1003	252690	459095	100	90	2.09569	0.802533	40	39.2	259122	396	1743	1.06932	0.891975	1812
221	772274	911	330346	441928	100	90	2.20728	0.802533	40	39.2	259122	396	1743	1.08082	0.906002	1812
222	587665	804	180550	407115	100	90	2.32603	0.802533	40	39.2	259122	396	1743	1.09432	0.921694	1812
223	641264	721	263099	378164	100	90	2.37625	0.802533	40	39.2	259122	396	1743	1.11323	0.929699	1812
224	659018	642	309404	349613	100	90	2.44793	0.802533	40	39.2	259122	396	1743	1.1264	0.95122	1812
225	652074	586	323263	328811	100	90	2.49476	0.802533	40	39.2	259122	396	1743	1.1344	0.956835	1812
226	440601	521	139035	300984	100	90	2.4913	0.802533	40	39.2	461628	396	1743	1.14057	0.953535	1812
227	482560	476	194201	278889	100	90	2.51744	0.802533	40	39.2	461628	396	1743	1.14484	0.96	1812
228	497837	430	226712	258706	100	90	2.5878	0.802533	40	39.2	461628	396	1743	1.15561	0.965087	1812
229	508416	400	244308	248245	100	90	2.6151	0.802533	40	39.2	461628	396	1743	1.1596	0.967568	1812
230	495421	370	244698	236446	100	90	2.64922	0.802533	40	39.2	461628	396	1743	1.15135	0.935673	1812
231	450917	329	232536	218380	100	90	2.68296	0.802533	40	39.2	461628	396	1743	1.16258	0.925081	1812
232	279313	287	80697.6	198616	100	90	0.120149	0.802533	40	39.2	613192	396	1743	1.00355	0.814425	1812
233	589564	246	259982	329582	100	90	0.0884871	0.802533	40	39.2	613192	396	1743	1.0028	0.812441	1812
234	875053	232	407857	467197	100	90	0.09052	0.802533	40	39.2	613192	396	1743	1.0031	0.832538	1812
235	851722	201	406719	445002	100	90	0.088617	0.802533	40	39.2	613192	396	1743	1.00319	0.873856	1812
236	799736	189	393841	405895	100	90	0.103481	0.802533	40	39.2	613192	396	1743	1.00352	0.884463	1812
237	884846	2560	443161	441685	100	90	1.09618	0.802533	40	39.2	613192	396	1743	1.00468	0.874238	1812
238	979459	2294	494575	484884	100	90	1.31973	0.802533	39	39.2	613192	396	1743	1.00573	0.873267	1812
239	1.01494e+006	1884	515711	499226	100	90	1.50818	0.802533	39	39.2	613192	396	1743	1.00911	0.876143	1812
240	755000	1679	259917	495083	100	90	1.73149	0.802533	39	39.2	613192	396	1743	1.1271	1.06467	1812
241	833582	1344	367858	465499	100	90	0.905562	0.802533	40	39.2	0	396	1743	1.04991	0.867372	1812
242	921282	1146	440692	480291	100	90	0.726239	0.802533	40	39.2	0	396	1743	1.03212	0.844817	1812
243	1.06325e+006	1000	522557	540224	100	90	0.671689	0.802533	40	39.2	0	396	1743	1.02954	0.842296	1812
244	859342	862	278068	581217	100	90	0.709329	0.802533	40	39.2	0	396	1743	1.03139	0.858753	1812
245	963645	822	389256	574364	100	90	0.801582	0.802533	40	39.2	0	396	1743	1.03443	0.861753	1812
246	1.03652e+006	1809	471093	565430	100	90	1.61726	0.802533	40	39.2	0	396	1743	1.03477	0.864016	1812
247	1.06324e+006	1705	514133	549108	100	90	1.75855	0.802533	40	39.2	0	396	1743	1.0386	0.863517	1812
248	1.06371e+006	1527	531966	531741	100	90	1.90804	0.802533	40	39.2	0	396	1743	1.0451	0.850706	1812
249	1.0299e+006	1252	524723	505179	100	90	1.98435	0.802533	40	39.2	0	396	1743	1.05242	0.837705	1812
250	706054	1032	241075	464979	100	90	2.03028	0.802533	40	39.2	283049	396	1743	1.05566	0.839801	1812
251	763857	922	320536	443320	100	90	2.16891	0.802533	40	39.2	283049	396	1743	1.06615	0.84581	1812
252	778373	816	366109	412264	100	90	2.31036	0.802533	40	39.2	283049	396	1743	1.08546	0.856962	1812
253	754670	721	376056	378614	100	90	2.39734	0.802533	40	39.2	283049	396	1743	1.0892	0.861032	1812
254	734474	662	375421	359053	100	90	2.42169	0.802533	40	39.2	283049	396	1743	1.11318	0.876563	1812
255	673848	579	347376	326472	100	90	2.4408	0.802533	40	39.2	283049	396	1743	1.10372	0.864769	1812
256	433570	519	129255	304022	100	90	2.4704	0.802533	40	39.2	510111	396	1743	1.11248	0.862	1812
257	479740	477	188347	282089	100	90	2.48171	0.802533	40	39.2	510111	396	1743	1.12016	0.851528	1812
258	491927	428	223562	255948	100	90	2.4998	0.802533	40	39.2	510111	396	1743	1.11739	0.861314	1812
259	520234	414	250443	252584	100	90	2.55896	0.802533	40	39.2	510111	396	1743	1.11806	0.864796	1812
260	516069	394	255776	244106	100	90	2.55626	0.802533	40	39.2	510111	396	1743	1.09512	0.842667	1812
261	475119	363	245808	229310	100	90	2.57137	0.802533	40	39.2	510111	396	1743	1.09946	0.840116	1812
262	297482	330	83311.4	214170	100	90	0.130849	0.802533	40	39.2	670895	396	1743	1.0022	0.772292	1812
263	626266	294	274507	351759	100	90	0.0998685	0.802533	40	39.2	670895	396	1743	1.00204	0.775293	1812
264	892039	263	415768	476272	100	90	0.0966817	0.802533	40	39.2	670895	396	1743	1.00239	0.808658	1812
265	853911	231	408364	445548	100	90	0.0972146	0.802533	40	39.2	670895	396	1743	1.00221	0.857635	1812
266	832432	219	413193	419239	100	90	0.113982	0.802533	40	39.2	670895	396	1743	1.00274	0.865869	1812
267	917312	2933	462851	454461	100	90	1.17347	0.802533	40	39.2	670895	396	1743	1.00331	0.848284	1812
268	996574	2368	505120	491454	100	90	1.34819	0.802533	40	39.2	670895	396	1743	1.0051	0.852562	1812
269	1.01916e+006	1923	520030	499130	100	90	1.47771	0.802533	40	39.2	670895	396	1743	1.00712	0.86147	1812
270	750896	1733	259618	491278	100	90	1.68114	0.802533	39	39.2	670895	396	1743	1.10922	1.03544	1812
271	825228	1393	365899	459300	100	90	0.855831	0.802533	40	39.2	0	396	1743	1.04103	0.819114	1812
272	917238	1154	440522	476659	100	90	0.688321	0.802533	40	39.2	0	396	1743	1.02846	0.800711	1812
273	1.04199e+006	992	514180	527796	100	90	0.638309	0.802533	40	39.2	0	396	1743	1.02448	0.799476	1812
274	825214	849	268714	556501	100	90	0.664823	0.802533	40	39.2	0	396	1743	1.02484	0.821092	1812
275	922559	809	375229	547330	100	90	0.760101	0.802533	40	39.2	0	396	1743	1.02703	0.833184	1812
276	998019	1748	456418	541601	100	90	1.53492	0.802533	40	39.2	0	396	1743	1.02956	0.837237	1812
277	1.02479e+006	1661	497358	527430	100	90	1.73269	0.802533	40	39.2	0	396	1743	1.03188	0.829087	1812
278	1.013e+006	1481	506820	506181	100	90	1.8879	0.802533	40	39.2	0	396	1743	1.03639	0.818746	1812
279	954946	1169	486508	468439	100	90	1.96034	0.802533	40	39.2	0	396	1743	1.04576	0.810692	1812
280	648692	950	217952	430739	100	90	1.99932	0.802533	40	39.2	268510	396	1743	1.04902	0.787325	1812
281	701146	839	295997	405149	100	90	2.10693	0.802533	40	39.2	268510	396	1743	1.05852	0.789091	1812
282	745440	761	354171	391269	100	90	2.23023	0.802533	40	39.2	268510	396	1743	1.07128	0.808824	1812
283	538807	659	176027	362780	100	90	2.34427	0.802533	40	39.2	268510	396	1743	1.09363	0.832298	1812
284	576176	591	242637	333539	100	90	2.43571	0.802533	40	39.2	268510	396	1743	1.09589	0.84669	1812
285	589667	532	280336	309331	100	90	2.46835	0.802533	40	39.2	268510	396	1743	1.11888	0.888672	1812
286	415225	500	120424	294590	100	90	2.45704	0.802533	40	39.2	465137	396	1743	1.12547	0.881988	1812
287	453942	449	178720	266264	100	90	2.45457	0.802533	40	39.2	465137	396	1743	1.13713	0.907193	1812
288	485628	420	221741	251509	100	90	2.51092	0.802533	40	39.2	465137	396	1743	1.13395	0.90201	1812
289	496139	389	238485	241474	100	90	2.51101	0.802533	40	39.2	465137	396	1743	1.14899	0.923077	1812
290	484718	356	238776	231327	100	90	2.54487	0.802533	40	39.2	465137	396	1743	1.15449	0.921687	1812
291	439774	315	225518	214256	100	90	2.54972	0.802533	40	39.2	465137	396	1743	1.16561	0.920962	1812
292	264628	278	73136.2	191492	100	90	0.115069	0.802533	40	39.2	615124	396	1743	1.00338	0.7846	1812
293	454521	252	129061	325460	100	90	0.0885608	0.802533	40	39.2	615124	396	1743	1.00271	0.780946	1812
294	704237	236	262035	442202	100	90	0.0800367	0.802533	40	39.2	615124	396	1743	1.00267	0.800415	1812
295	777214	203	327378	449836	100	90	0.0793001	0.802533	40	39.2	615124	396	1743	1.00287	0.843575	1812
296	783741	182	359315	424426	100	90	0.0924872	0.802533	40	39.2	615124	396	1743	1.00382	0.873522	1812
297	893159	2705	431866	461293	100	90	1.08298	0.802533	40	39.2	615124	396	1743	1.00508	0.866999	1812
298	975340	2456	484228	491112	100	90	1.34097	0.802533	40	39.2	615124	396	1743	1.00593	0.867521	1812
299	994575	1987	500656	493918	100	90	1.47545	0.802533	40	39.2	615124	396	1743	1.00835	0.872735	1812
300	757272	1719	258934	498338	100	90	1.57263	0.802533	36	39.2	615124	396	1743	1.12606	1.09208	1812
301	864440	1451	381811	482629	100	90	0.945327	0.802533	40	39.2	0	396	1743	1.05765	0.867659	1812
302	726826	1246	224782	502045	100	90	0.818216	0.802533	40	39.2	0	396	1743	1.04148	0.842152	1812
303	918945	1086	375660	543285	100	90	0.722824	0.802533	40	39.2	0	396	1743	1.03333	0.831214	1812
304	1.05156e+006	916	479934	571629	100	90	0.747477	0.802533	40	39.2	0	396	1743	1.03673	0.847285	1812
305	817487	880	251006	566481	100	90	0.864365	0.802533	40	39.2	0	396	1743	1.03973	0.869428	1812
306	924061	1732	367147	556914	100	90	1.60332	0.802533	40	39.2	0	396	1743	1.04396	0.872054	1812
307	996988	1615	451647	545340	100	90	1.74591	0.802533	40	39.2	0	396	1743	1.04252	0.864324	1812
308	1.01483e+006	1541	490855	523978	100	90	1.93695	0.802533	40	39.2	0	396	1743	1.04562	0.869159	1812
309	1.00261e+006	1285	502264	500346	100	90	1.98215	0.802533	40	39.2	0	396	1743	1.04931	0.8664	1812
310	715985	1068	245526	470458	100	90	2.01001	0.802533	40	39.2	266580	396	1743	1.05054	0.85948	1812
311	772432	948	328022	444409	100	90	2.133	0.802533	40	39.2	266580	396	1743	1.05947	0.870793	1812
312	811755	862	385491	426264	100	90	2.20793	0.802533	40	39.2	266580	396	1743	1.07636	0.884248	1812
313	778280	749	387124	391156	100	90	2.29005	0.802533	40	39.2	266580	396	1743	1.08937	0.9043	1812
314	562570	687	190255	372315	100	90	2.31902	0.802533	40	39.2	266580	396	1743	1.10655	0.928354	1812
315	450120	588	118540	331580	100	90	2.37718	0.802533	40	39.2	266580	396	1743	1.11353	0.949731	1812
316	414307	513	116793	296224	100	90	2.40737	0.802533	40	39.2	351209	396	1743	1.14103	0.969008	1812
317	466394	476	181871	275004	100	90	2.43512	0.802533	40	39.2	351209	396	1743	1.14257	0.955157	1812
318	512368	448	233940	265475	100	90	2.46737	0.802533	40	39.2	351209	396	1743	1.1488	0.959233	1812
319	518451	417	248468	252664	100	90	2.48252	0.802533	40	39.2	351209	396	1743	1.1513	0.950777	1812
320	493493	373	243208	234736	100	90	2.4828	0.802533	40	39.2	351209	396	1743	1.16489	0.920228	1812
321	308907	323	105413	203494	100	90	2.46887	0.802533	40	39.2	351209	396	1743	1.15549	0.891803	1812
322	258033	285	70567.6	187465	100	90	0.105276	0.802533	40	39.2	431546	396	1743	1.00311	0.815857	1812
323	608350	274	264828	343522	100	90	0.0944747	0.802533	40	39.2	431546	396	1743	1.00309	0.81525	1812
324	875755	255	405834	469921	100	90	0.0966516	0.802533	40	39.2	431546	396	1743	1.00336	0.836127	1812
325	849702	230	404274	445428	100	90	0.0987262	0.802533	40	39.2	431546	396	1743	1.00319	0.87083	1812
326	803262	204	396433	406829	100	90	0.10837	0.802533	40	39.2	431546	396	1743	1.00389	0.884932	1812
327	642268	2741	194424	447843	100	90	1.15049	0.802533	40	39.2	431546	396	1743	1.00603	0.874632	1812
328	751469	2344	294689	456780	100	90	1.36964	0.802533	40	39.2	431546	396	1743	1.00779	0.876279	1812
329	887415	2074	399578	487837	100	90	1.5916	0.802533	40	39.2	431546	396	1743	1.01092	0.887545	1812
330	726851	1925	230413	496438	100	90	1.8095	0.802533	39	39.2	431546	396	1743	1.12026	1.06168	1812
331	817396	1595	347747	469643	100	90	0.968746	0.802533	40	39.2	0	396	1743	1.04444	0.861248	1812
332	913063	1292	430186	482862	100	90	0.772461	0.802533	40	39.2	0	396	1743	1.02994	0.841355	1812
333	792213	1116	252431	539782	100	90	0.739583	0.802533	40	39.2	0	396	1743	1.02593	0.83769	1812
334	956356	962	388188	568156	100	90	0.770219	0.802533	40	39.2	0	396	1743	1.02797	0.850669	1812
335	823613	951	234063	589549	100	90	0.879636	0.802533	40	39.2	0	396	1743	1.03271	0.865129	1812
336	729084	1802	163954	565130	100	90	1.58206	0.802533	40	39.2	0	396	1743	1.03304	0.868987	1812
337	835469	1786	292208	543261	100	90	1.77754	0.802533	40	39.2	0	396	1743	1.03368	0.8739	1812
338	938602	1714	403812	534790	100	90	1.99681	0.802533	40	39.2	0	396	1743	1.03711	0.879004	1812
339	950334	1335	449246	501088	100	90	2.05698	0.802533	40	39.2	0	396	1743	1.04634	0.888635	1812
340	723683	1111	254647	469036	100	90	2.12976	0.802533	40	39.2	232310	396	1743	1.05421	0.887259	1812
341	762483	968	328317	434166	100	90	2.19216	0.802533	40	39.2	232310	396	1743	1.06921	0.898109	1812
342	791550	863	379615	411935	100	90	2.23453	0.802533	40	39.2	232310	396	1743	1.07445	0.902123	1812
343	774560	760	388102	386458	100	90	2.28666	0.802533	40	39.2	232310	396	1743	1.08952	0.920805	1812
344	771561	709	393595	377966	100	90	2.32009	0.802533	40	39.2	232310	396	1743	1.10962	0.939394	1812
345	713831	626	366850	346981	100	90	2.31752	0.802533	40	39.2	232310	396	1743	1.12605	0.954023	1812
346	468587	577	141973	326293	100	90	2.33304	0.802533	40	39.2	468283	396	1743	1.1358	0.96036	1812
347	425949	550	109588	314719	100	90	2.34651	0.802533	40	39.2	468283	396	1743	1.15449	0.988528	1812
348	462403	490	170354	282560	100	90	2.35798	0.802533	40	39.2	468283	396	1743	1.15312	0.984946	1812
349	477146	426	211913	253878	100	90	2.37449	0.802533	40	39.2	468283	396	1743	1.13883	0.963145	1812
350	480564	384	233031	237359	100	90	2.41623	0.802533	40	39.2	468283	396	1743	1.14144	0.961326	1812
351	426760	315	217803	208957	100	90	2.39455	0.802533	40	39.2	468283	396	1743	1.17846	0.986348	1812
352	261321	274	72065	189256	100	90	0.129286	0.802533	40	39.2	616958	396	1743	1.00365	0.827641	1812
353	543790	256	238731	305059	100	90	0.0975581	0.802533	40	39.2	616958	396	1743	1.00264	0.826524	1812
354	872338	236	409003	463335	100	90	0.0990715	0.802533	40	39.2	616958	396	1743	1.00297	0.841497	1812
355	899547	211	428590	470956	100	90	0.103035	0.802533	40	39.2	616958	396	1743	1.00356	0.879784	1812
356	861674	209	421742	439932	100	90	0.122895	0.802533	40	39.2	616958	396	1743	1.00452	0.901222	1812
357	927061	2671	463473	463588	100	90	1.17606	0.802533	40	39.2	616958	396	1743	1.00615	0.887475	1812
358	1.02267e+006	2338	515919	506755	100	90	1.36307	0.802533	40	39.2	616958	396	1743	1.00826	0.882332	1812
359	1.06421e+006	1988	540699	523511	100	90	1.55179	0.802533	40	39.2	616958	396	1743	1.01283	0.8829	1812
360	785407	1680	270189	515218	100	90	1.66805	0.802533	38	39.2	616958	396	1743	1.15412	1.12319	1812
361	884166	1420	387960	496207	100	90	1.08087	0.802533	40	39.2	0	396	1743	1.07764	0.920785	1812
362	968341	1234	461198	507142	100	90	0.921057	0.802533	40	39.2	0	396	1743	1.05601	0.882428	1812
363	1.06667e+006	1063	524971	541703	100	90	0.878235	0.802533	40	39.2	0	396	1743	1.05127	0.871091	1812
364	1.11711e+006	885	555586	561526	100	90	0.895135	0.802533	40	39.2	0	396	1743	1.05544	0.874284	1812
365	1.13523e+006	872	568430	566797	100	90	1.03284	0.802533	40	39.2	0	396	1743	1.06552	0.888367	1812
366	1.1425e+006	1558	577552	564948	100	90	1.76519	0.802533	40	39.2	0	396	1743	1.07057	0.893114	1812
367	1.08376e+006	1390	553061	530703	100	90	1.86572	0.802533	40	39.2	0	396	1743	1.07358	0.887734	1812
368	1.04238e+006	1225	536762	505615	100	90	1.98254	0.802533	40	39.2	0	396	1743	1.07973	0.894602	1812
369	1.01437e+006	1054	525624	488748	100	90	2.02547	0.802533	40	39.2	0	396	1743	1.09966	0.911266	1812
370	681678	934	218557	463121	100	90	2.10615	0.802533	40	39.2	310370	396	1743	1.11924	0.93205	1812
371	724292	816	297690	426602	100	90	2.20776	0.802533	40	39.2	310370	396	1743	1.13238	0.946615	1812
372	765943	748	358506	407436	100	90	2.27708	0.802533	40	39.2	310370	396	1743	1.14671	0.953125	1812
373	724097	649	358463	365633	100	90	2.31522	0.802533	40	39.2	310370	396	1743	1.16548	0.965517	1812
374	706556	595	358257	348299	100	90	2.34648	0.802533	40	39.2	310370	396	1743	1.1862	0.98913	1812
375	658730	536	338270	320460	100	90	2.37314	0.802533	40	39.2	310370	396	1743	1.22181	1.02434	1812
376	408362	479	117230	291011	100	90	2.31611	0.802533	40	39.2	541695	396	1743	1.2474	1.06407	1812
377	348694	420	86465.9	261056	100	90	2.35881	0.802533	40	39.2	541695	396	1743	1.25122	1.08158	1812
378	405419	398	149095	248311	100	90	2.36695	0.802533	40	39.2	541695	396	1743	1.25849	1.07843	1812
379	435774	361	193154	232802	100	90	2.3681	0.802533	40	39.2	541695	396	1743	1.25937	1.08125	1812
380	425498	324	205518	211421	100	90	2.41038	0.802533	40	39.2	541695	396	1743	1.28912	1.11232	1812
381	385868	282	196282	189587	100	90	2.39129	0.802533	40	39.2	541695	396	1743	1.33202	1.09583	1812
382	244089	256	65227.5	178861	100	90	0.127395	0.802533	40	39.2	680148	396	1743	1.00658	0.831377	1812
383	503313	233	219598	283715	100	90	0.0930208	0.802533	40	39.2	680148	396	1743	1.00496	0.829246	1812
384	843785	198	395080	448705	100	90	0.0866018	0.802533	40	39.2	680148	396	1743	1.00457	0.838455	1812
385	893894	167	426784	467111	100	90	0.0842646	0.802533	40	39.2	680148	396	1743	1.00444	0.875149	1812
386	843617	162	413541	430076	100	90	0.0982177	0.802533	40	39.2	680148	396	1743	1.00547	0.899727	1812
387	666305	2693	202197	464108	100	90	1.14115	0.802533	40	39.2	680148	396	1743	1.00649	0.887758	1812
388	778281	2469	306946	471335	100	90	1.35282	0.802533	40	39.2	680148	396	1743	1.00799	0.887715	1812
389	914838	2147	410247	504591	100	90	1.6373	0.802533	40	39.2	680148	396	1743	1.01178	0.889684	1812
390	743669	1894	234398	509271	100	90	1.79331	0.802533	38	39.2	680148	396	1743	1.13458	1.07832	1812
391	851804	1616	359837	491965	100	90	1.19733	0.802533	40	39.2	0	396	1743	1.06923	0.90236	1812
392	941031	1383	440932	500099	100	90	1.04478	0.802533	40	39.2	0	396	1743	1.05183	0.881434	1812
393	999661	1112	491147	508514	100	90	0.928722	0.802533	40	39.2	0	396	1743	1.04367	0.865877	1812
394	1.11938e+006	972	559722	559653	100	90	0.967564	0.802533	40	39.2	0	396	1743	1.04476	0.866509	1812
395	1.17262e+006	920	590860	581761	100	90	1.07151	0.802533	40	39.2	0	396	1743	1.05022	0.877384	1812
396	1.19116e+006	1605	604978	586183	100	90	1.83693	0.802533	40	39.2	0	396	1743	1.05697	0.880061	1812
397	1.14436e+006	1455	585886	558470	100	90	1.89884	0.802533	40	39.2	0	396	1743	1.05846	0.882992	1812
398	1.09781e+006	1333	566304	531510	100	90	1.99193	0.802533	40	39.2	0	396	1743	1.06227	0.878577	1812
399	1.05666e+006	1143	548062	508594	100	90	2.02922	0.802533	40	39.2	0	396	1743	1.07125	0.881081	1812
400	713202	1014	230042	483161	100	90	2.08108	0.802533	40	39.2	324297	396	1743	1.08102	0.892604	1812
401	761106	893	312304	448803	100	90	2.18071	0.802533	40	39.2	324297	396	1743	1.0982	0.89977	1812
402	785924	803	366348	419576	100	90	2.25698	0.802533	40	39.2	324297	396	1743	1.11695	0.914103	1812
403	782530	722	387413	395117	100	90	2.30264	0.802533	40	39.2	324297	396	1743	1.13858	0.934286	1812
404	747057	651	379921	367136	100	90	2.25014	0.802533	40	39.2	324297	396	1743	1.16435	0.957075	1812
405	686574	570	353751	332823	100	90	2.32164	0.802533	40	39.2	324297	396	1743	1.18076	0.97417	1812
406	417496	498	118687	298450	100	90	2.32358	0.802533	40	39.2	569024	396	1743	1.20424	1.01071	1812
407	445073	431	172232	264242	100	90	2.26693	0.802533	40	39.2	569024	396	1743	1.23608	1.045	1812
408	452110	375	204618	236112	100	90	2.28639	0.802533	40	39.2	569024	396	1743	1.22449	1.03746	1812
409	467546	357	226690	226550	100	90	2.33356	0.802533	40	39.2	569024	396	1743	1.24225	1.0625	1812
410	463074	335	231008	218980	100	90	2.38296	0.802533	40	39.2	569024	396	1743	1.23839	1.06485	1812
411	420514	305	217851	202663	100	90	2.37801	0.802533	40	39.2	569024	396	1743	1.26573	1.06792	1812
412	264664	281	74095.4	190569	100	90	0.113837	0.802533	40	39.2	716607	396	1743	1.00518	0.812919	1812
413	568996	242	251703	317293	100	90	0.0828562	0.802533	40	39.2	716607	396	1743	1.00362	0.814316	1812
414	875725	224	409216	466509	100	90	0.0840988	0.802533	40	39.2	716607	396	1743	1.0036	0.836356	1812
415	877969	200	418392	459577	100	90	0.0845638	0.802533	40	39.2	716607	396	1743	1.00378	0.878053	1812
416	842694	195	414615	428079	100	90	0.0991767	0.802533	40	39.2	716607	396	1743	1.00484	0.900432	1812
417	919844	3035	462207	457637	100	90	1.14386	0.802533	40	39.2	716607	396	1743	1.00679	0.895621	1812
418	1.02635e+006	2622	520023	506325	100	90	1.32697	0.802533	40	39.2	716607	396	1743	1.00957	0.894753	1812
419	1.0718e+006	2201	545679	526118	100	90	1.52279	0.802533	40	39.2	716607	396	1743	1.01382	0.897114	1812
420	781371	1810	268887	512484	100	90	1.64586	0.802533	39	39.2	716607	396	1743	1.11821	1.08557	1812
421	869479	1502	381990	487489	100	90	0.982417	0.802533	40	39.2	0	396	1743	1.05067	0.882041	1812
422	977540	1308	467037	510503	100	90	0.821976	0.802533	40	39.2	0	396	1743	1.03601	0.858981	1812
423	1.08857e+006	1135	536314	552255	100	90	0.798095	0.802533	40	39.2	0	396	1743	1.03412	0.869099	1812
424	1.13538e+006	957	565428	569955	100	90	0.818244	0.802533	40	39.2	0	396	1743	1.03853	0.877531	1812
425	1.17236e+006	941	589006	583354	100	90	0.902891	0.802533	40	39.2	0	396	1743	1.04099	0.886009	1812
426	1.14575e+006	1675	581618	564130	100	90	1.6024	0.802533	40	39.2	0	396	1743	1.04528	0.893364	1812
427	1.09075e+006	1486	557895	532854	100	90	1.66758	0.802533	40	39.2	0	396	1743	1.05014	0.890798	1812
428	1.1063e+006	1442	570236	536069	100	90	1.84431	0.802533	40	39.2	0	396	1743	1.05004	0.885858	1812
429	1.06664e+006	1227	552715	513926	100	90	1.93667	0.802533	40	39.2	0	396	1743	1.06354	0.88711	1812
430	705421	1027	232998	472423	100	90	2.04318	0.802533	40	39.2	314368	396	1743	1.0705	0.893788	1812
431	762276	921	317239	445037	100	90	2.15875	0.802533	40	39.2	314368	396	1743	1.08665	0.901676	1812
432	786045	825	369307	416738	100	90	2.19962	0.802533	40	39.2	314368	396	1743	1.10962	0.924318	1812
433	790692	752	391603	399088	100	90	2.24915	0.802533	40	39.2	314368	396	1743	1.12218	0.934247	1812
434	750926	682	380670	370257	100	90	2.27338	0.802533	40	39.2	314368	396	1743	1.13477	0.945205	1812
435	716735	618	367256	349479	100	90	2.28951	0.802533	40	39.2	314368	396	1743	1.14416	0.956155	1812
436	458855	564	134883	323745	100	90	2.23977	0.802533	40	39.2	558397	396	1743	1.16694	0.992565	1812
437	524641	533	203644	311200	100	90	2.23586	0.802533	40	39.2	558397	396	1743	1.18773	1.03018	1812
438	537336	487	241313	282363	100	90	2.30183	0.802533	40	39.2	558397	396	1743	1.17108	1.0177	1812
439	545611	454	259741	268739	100	90	2.36645	0.802533	40	39.2	558397	396	1743	1.16895	1.01932	1812
440	529921	415	260217	254100	100	90	2.4123	0.802533	40	39.2	558397	396	1743	1.16709	1.01053	1812
441	496072	390	254172	241899	100	90	2.45724	0.802533	40	39.2	558397	396	1743	1.1726	1.00852	1812
442	296462	344	76528.9	219933	100	90	0.131699	0.802533	40	39.2	603176	396	1743	1.00409	0.827627	1812
443	636101	332	272033	364068	100	90	0.109644	0.802533	40	39.2	603176	396	1743	1.00351	0.828327	1812
444	912035	310	420108	491927	100	90	0.112165	0.802533	40	39.2	603176	396	1743	1.00381	0.851821	1812
445	909939	300	430177	479762	100	90	0.122932	0.802533	40	39.2	603176	396	1743	1.00471	0.887507	1812
446	625245	279	178829	446416	100	90	0.141706	0.802533	40	39.2	603176	396	1743	1.00585	0.898603	1812
447	717154	2808	274143	443011	100	90	1.13961	0.802533	40	39.2	603176	396	1743	1.00719	0.885286	1812
448	674932	2638	179250	495682	100	90	1.43979	0.802533	40	39.2	603176	396	1743	1.01049	0.899759	1812
449	796755	2315	291725	505030	100	90	1.67563	0.802533	40	39.2	603176	396	1743	1.01446	0.903114	1812
450	707405	2028	193931	513474	100	90	1.79432	0.802533	38	39.2	603176	396	1743	1.11738	1.064	1812
451	845343	1734	333302	512041	100	90	0.960618	0.802533	40	39.2	0	396	1743	1.0427	0.891945	1812
452	943246	1423	425127	518118	100	90	0.796726	0.802533	40	39.2	0	396	1743	1.03059	0.870633	1812
453	1.09446e+006	1213	521972	572489	100	90	0.737796	0.802533	40	39.2	0	396	1743	1.02779	0.870089	1812
454	1.1841e+006	1026	577890	606213	100	90	0.761866	0.802533	40	39.2	0	396	1743	1.0318	0.880616	1812
455	873550	955	278854	594696	100	90	0.828435	0.802533	40	39.2	0	396	1743	1.03513	0.895084	1812
456	960686	1889	383086	577600	100	90	1.57944	0.802533	40	39.2	0	396	1743	1.04037	0.900454	1812
457	1.03004e+006	1723	466215	563824	100	90	1.71284	0.802533	40	39.2	0	396	1743	1.04206	0.894542	1812
458	1.05133e+006	1557	506672	544663	100	90	1.86329	0.802533	40	39.2	0	396	1743	1.0512	0.909091	1812
459	1.0473e+006	1312	521989	525311	100	90	1.93647	0.802533	40	39.2	0	396	1743	1.06221	0.90981	1812
460	744866	1110	255952	488914	100	90	1.96649	0.802533	40	39.2	275539	396	1743	1.07241	0.913165	1812
461	789287	969	333866	455421	100	90	2.03244	0.802533	40	39.2	275539	396	1743	1.08258	0.91258	1812
462	820660	880	389682	430978	100	90	2.11266	0.802533	40	39.2	275539	396	1743	1.0966	0.919393	1812
463	776491	757	386442	390049	100	90	2.22394	0.802533	40	39.2	275539	396	1743	1.11678	0.922025	1812
464	735780	675	373989	361791	100	90	2.27559	0.802533	40	39.2	275539	396	1743	1.14037	0.937888	1812
465	702302	618	360033	342269	100	90	2.30276	0.802533	40	39.2	275539	396	1743	1.15878	0.958974	1812
466	448998	556	136005	312580	100	90	2.29787	0.802533	40	39.2	510110	396	1743	1.17188	0.984645	1812
467	462874	470	181971	271587	100	90	2.27741	0.802533	40	39.2	510110	396	1743	1.18405	0.988532	1812
468	516108	452	234054	268755	100	90	2.28885	0.802533	40	39.2	510110	396	1743	1.17021	0.971292	1812
469	472111	377	227061	229465	100	90	2.31802	0.802533	40	39.2	510110	396	1743	1.16962	0.938375	1812
470	465813	346	230548	220925	100	90	2.30325	0.802533	40	39.2	510110	396	1743	1.17598	0.953988	1812
471	441161	333	227759	213403	100	90	2.35001	0.802533	40	39.2	510110	396	1743	1.1747	0.960526	1812
472	264083	285	73101.5	190982	100	90	0.112666	0.802533	40	39.2	662434	396	1743	1.00364	0.81589	1812
473	600462	271	264171	336291	100	90	0.0905714	0.802533	40	39.2	662434	396	1743	1.00287	0.814306	1812
474	874749	239	407508	467241	100	90	0.0883366	0.802533	40	39.2	662434	396	1743	1.003	0.836112	1812
475	857628	203	408830	448799	100	90	0.0847197	0.802533	40	39.2	662434	396	1743	1.00241	0.875744	1812
476	810812	199	398907	411905	100	90	0.10357	0.802533	40	39.2	662434	396	1743	1.0038	0.896924	1812
477	891787	2659	447281	444506	100	90	1.07316	0.802533	40	39.2	662434	396	1743	1.00493	0.886064	1812
478	984590	2344	497779	486811	100	90	1.26897	0.802533	40	39.2	662434	396	1743	1.0072	0.887015	1812
479	996745	1935	507283	489462	100	90	1.39715	0.802533	40	39.2	662434	396	1743	1.00895	0.887062	1812
480	729704	1728	251717	477987	100	90	1.5876	0.802533	38	39.2	662434	396	1743	1.11583	1.07347	1812
481	802399	1394	355484	446915	100	90	0.871411	0.802533	40	39.2	0	396	1743	1.0428	0.862657	1812
482	909916	1190	436197	473719	100	90	0.723104	0.802533	40	39.2	0	396	1743	1.03023	0.844624	1812
483	1.03013e+006	1023	508531	521595	100	90	0.694221	0.802533	40	39.2	0	396	1743	1.02734	0.844858	1812
484	1.08089e+006	840	538433	542459	100	90	0.702823	0.802533	40	39.2	0	396	1743	1.03071	0.854939	1812
485	1.10782e+006	838	557710	550109	100	90	0.819761	0.802533	40	39.2	0	396	1743	1.0362	0.870108	1812
486	821718	1626	268290	553427	100	90	1.50814	0.802533	40	39.2	0	396	1743	1.03819	0.868566	1812
487	931116	1620	382134	548981	100	90	1.68276	0.802533	40	39.2	0	396	1743	1.03986	0.861359	1812
488	976432	1464	451028	525404	100	90	1.88631	0.802533	40	39.2	0	396	1743	1.0495	0.863572	1812
489	974164	1211	477781	496383	100	90	1.97247	0.802533	40	39.2	0	396	1743	1.05824	0.871599	1812
490	683331	1010	228204	455128	100	90	2.01889	0.802533	40	39.2	267478	396	1743	1.06975	0.869301	1812
491	739569	893	312607	426962	100	90	2.08804	0.802533	40	39.2	267478	396	1743	1.08341	0.879725	1812
492	773922	805	367377	406545	100	90	2.14539	0.802533	40	39.2	267478	396	1743	1.09582	0.87706	1812
493	782198	749	389374	392824	100	90	2.20524	0.802533	40	39.2	267478	396	1743	1.10508	0.880435	1812
494	762451	695	386327	376124	100	90	2.26622	0.802533	40	39.2	267478	396	1743	1.11911	0.908284	1812
495	717227	624	365811	351417	100	90	2.25368	0.802533	40	39.2	267478	396	1743	1.15022	0.938538	1812
496	478800	593	144144	334526	100	90	2.28594	0.802533	40	39.2	505656	396	1743	1.14626	0.937943	1812
497	556392	574	219715	325934	100	90	2.3033	0.802533	40	39.2	505656	396	1743	1.16074	0.966605	1812
498	565672	509	257229	293971	100	90	2.33273	0.802533	40	39.2	505656	396	1743	1.14286	0.925	1812
499	580421	478	277113	283989	100	90	2.35126	0.802533	40	39.2	505656	396	1743	1.15528	0.941573	1812
500	411723	438	141499	267370	100	90	2.45558	0.802533	40	39.2	505656	396	1743	1.14489	0.927681	1812
501	411743	371	179221	232522	100	90	2.42509	0.802533	40	39.2	505656	396	1743	1.15686	0.937313	1812
502	272007	307	74740.7	197266	100	90	0.260312	0.802533	40	39.2	636720	396	1743	1.00796	0.783133	1812
503	419452	278	177740	241712	100	90	0.178732	0.802533	40	39.2	636720	396	1743	1.00535	0.78469	1812
504	693917	247	329041	364876	100	90	0.170368	0.802533	40	39.2	636720	396	1743	1.0056	0.785239	1812
505	921149	218	443445	477704	100	90	0.174049	0.802533	40	39.2	636720	396	1743	1.0056	0.807159	1812
506	1.00115e+006	219	486832	514313	100	90	0.204062	0.802533	40	39.2	636720	396	1743	1.00723	0.839864	1812
507	757018	2150	233961	523057	100	90	1.31881	0.802533	40	39.2	636720	396	1743	1.00774	0.843339	1812
508	843083	2026	340275	502807	100	90	1.43583	0.802533	40	39.2	636720	396	1743	1.00761	0.829627	1812
509	986040	1810	451396	534644	100	90	1.52275	0.802533	40	39.2	636720	396	1743	1.00927	0.824675	1812
510	757382	1605	243591	513791	100	90	1.55	0.802533	38	39.2	636720	396	1743	1.219	1.16855	1812
511	840252	1353	364040	476207	100	90	1.40216	0.802533	40	39.2	0	396	1743	1.15562	0.99359	1812
512	859319	1123	409401	449910	100	90	1.29253	0.802533	40	39.2	0	396	1743	1.10654	0.915247	1812
513	916287	1001	453922	462365	100	90	1.25266	0.802533	40	39.2	0	396	1743	1.08069	0.870697	1812
514	956173	868	481335	474839	100	90	1.28585	0.802533	40	39.2	0	396	1743	1.08592	0.872863	1812
515	1.003e+006	880	509305	493698	100	90	1.48325	0.802533	40	39.2	0	396	1743	1.0892	0.864744	1812
516	996319	1070	508238	488081	100	90	1.88282	0.802533	40	39.2	0	396	1743	1.09561	0.871341	1812
517	984509	1019	505205	479304	100	90	2.00888	0.802533	40	39.2	0	396	1743	1.09591	0.858736	1812
518	957298	992	494737	462561	100	90	2.13965	0.802533	40	39.2	0	396	1743	1.10793	0.871002	1812
519	931879	901	482887	448992	100	90	2.17812	0.802533	40	39.2	0	396	1743	1.119	0.893868	1812
520	602882	771	194047	408835	100	90	2.19132	0.802533	40	39.2	279512	396	1743	1.14533	0.921379	1812
521	678516	713	286997	391519	100	90	2.23377	0.802533	40	39.2	279512	396	1743	1.1423	0.918276	1812
522	683119	631	325089	358029	100	90	2.27617	0.802533	40	39.2	279512	396	1743	1.15559	0.918919	1812
523	659705	577	327967	331738	100	90	2.29804	0.802533	40	39.2	279512	396	1743	1.16724	0.931734	1812
524	611711	513	309850	301861	100	90	2.30272	0.802533	40	39.2	279512	396	1743	1.17282	0.945493	1812
525	433006	466	148759	284248	100	90	2.33993	0.802533	40	39.2	279512	396	1743	1.18764	0.965035	1812
526	363893	417	103715	259753	100	90	2.30099	0.802533	40	39.2	391742	396	1743	1.21675	1.00519	1812
527	419473	390	167756	242649	100	90	2.26541	0.802533	40	39.2	391742	396	1743	1.22895	1.01939	1812
528	431079	353	199499	221157	100	90	2.28004	0.802533	40	39.2	391742	396	1743	1.21283	0.987692	1812
529	425609	317	204444	206444	100	90	2.22799	0.802533	40	39.2	391742	396	1743	1.22581	0.993103	1812
530	422806	302	208019	201199	100	90	2.2675	0.802533	40	39.2	391742	396	1743	1.21918	0.985294	1812
531	381798	275	195643	186155	100	90	2.36257	0.802533	40	39.2	391742	396	1743	1.22925	0.995833	1812
532	230392	237	63734.5	166658	100	90	0.0949395	0.802533	40	39.2	521757	396	1743	1.00348	0.814609	1812
533	548986	207	247475	301511	100	90	0.0693639	0.802533	40	39.2	521757	396	1743	1.00245	0.812231	1812
534	832492	182	391537	440954	100	90	0.0660647	0.802533	40	39.2	521757	396	1743	1.00254	0.837778	1812
535	811000	171	387381	423619	100	90	0.0712122	0.802533	40	39.2	521757	396	1743	1.00295	0.88066	1812
536	771754	143	380392	391362	100	90	0.0734494	0.802533	40	39.2	521757	396	1743	1.00315	0.88776	1812
537	850767	2668	426470	424297	100	90	1.01468	0.802533	40	39.2	521757	396	1743	1.00432	0.873932	1812
538	963868	2321	485539	478329	100	90	1.23986	0.802533	40	39.2	521757	396	1743	1.00674	0.869919	1812
539	997794	1913	505494	492300	100	90	1.33012	0.802533	40	39.2	521757	396	1743	1.0099	0.878451	1812
540	742192	1676	254876	487316	100	90	1.52109	0.802533	36	39.2	521757	396	1743	1.12283	1.08806	1812
541	860799	1442	383286	477502	100	90	0.887044	0.802533	40	39.2	0	396	1743	1.04858	0.876567	1812
542	960189	1238	461814	498351	100	90	0.76402	0.802533	40	39.2	0	396	1743	1.03419	0.859375	1812
543	1.03069e+006	1018	508875	521787	100	90	0.698064	0.802533	40	39.2	0	396	1743	1.03032	0.855268	1812
544	1.09869e+006	895	548204	550462	100	90	0.766171	0.802533	40	39.2	0	396	1743	1.03624	0.872125	1812
545	1.09439e+006	863	551917	542453	100	90	0.872101	0.802533	40	39.2	0	396	1743	1.04037	0.877989	1812
546	1.09292e+006	1527	555742	537179	100	90	1.51933	0.802533	40	39.2	0	396	1743	1.04592	0.876025	1812
547	1.04058e+006	1381	532301	508283	100	90	1.59895	0.802533	40	39.2	0	396	1743	1.05239	0.879647	1812
548	983141	1276	506229	476913	100	90	1.7624	0.802533	40	39.2	0	396	1743	1.06058	0.886731	1812
549	931019	1073	482772	448247	100	90	1.83522	0.802533	40	39.2	0	396	1743	1.06585	0.879656	1812
550	585932	918	171584	414347	100	90	1.90609	0.802533	40	39.2	52932.8	396	1743	1.08104	0.883073	1812
551	666072	845	272129	393943	100	90	2.02992	0.802533	40	39.2	52932.8	396	1743	1.08417	0.883777	1812
552	719520	774	340684	378836	100	90	2.10956	0.802533	40	39.2	52932.8	396	1743	1.09798	0.886394	1812
553	696746	669	348470	348276	100	90	2.15658	0.802533	40	39.2	52932.8	396	1743	1.11902	0.915644	1812
554	662304	600	338512	323792	100	90	2.1696	0.802533	40	39.2	52932.8	396	1743	1.13697	0.943103	1812
555	603538	519	311432	292106	100	90	2.21273	0.802533	40	39.2	52932.8	396	1743	1.14769	0.948207	1812
556	372451	449	109984	262248	100	90	2.20465	0.802533	40	39.2	261690	396	1743	1.16183	0.969838	1812
557	416647	406	167429	240529	100	90	2.26868	0.802533	40	39.2	261690	396	1743	1.15476	0.953488	1812
558	469809	394	219349	239209	100	90	2.29332	0.802533	40	39.2	261690	396	1743	1.15136	0.935829	1812
559	456556	364	220173	220430	100	90	2.25311	0.802533	40	39.2	261690	396	1743	1.19126	0.979412	1812
560	437035	329	216559	206204	100	90	2.30069	0.802533	40	39.2	261690	396	1743	1.18944	0.970297	1812
561	380359	286	196357	184002	100	90	2.30106	0.802533	40	39.2	261690	396	1743	1.19573	0.94697	1812
562	242874	263	70109.9	172764	100	90	0.102918	0.802533	40	39.2	391411	396	1743	1.00318	0.80266	1812
563	583542	248	262168	321374	100	90	0.0842533	0.802533	40	39.2	391411	396	1743	1.00295	0.803271	1812
564	815705	227	383343	432363	100	90	0.0850283	0.802533	40	39.2	391411	396	1743	1.00277	0.828992	1812
565	773254	219	371451	401803	100	90	0.0943075	0.802533	40	39.2	391411	396	1743	1.00293	0.869493	1812
566	802189	204	398315	403874	100	90	0.114022	0.802533	40	39.2	391411	396	1743	1.00367	0.866414	1812
567	902922	2578	453543	449378	100	90	1.0745	0.802533	40	39.2	391411	396	1743	1.00507	0.858796	1812
568	979966	2216	493694	486272	100	90	1.26382	0.802533	40	39.2	391411	396	1743	1.00637	0.86019	1812
569	1.02138e+006	1842	518663	502722	100	90	1.35698	0.802533	40	39.2	391411	396	1743	1.01133	0.868482	1812
570	728800	1590	251337	477463	100	90	1.47939	0.802533	38	39.2	391411	396	1743	1.13407	1.09987	1812
571	832782	1362	371096	461624	100	90	0.861012	0.802533	40	39.2	0	396	1743	1.05203	0.861795	1812
572	918094	1156	440783	477250	100	90	0.719174	0.802533	40	39.2	0	396	1743	1.03336	0.834692	1812
573	1.01558e+006	952	499573	515941	100	90	0.649761	0.802533	40	39.2	0	396	1743	1.02901	0.835685	1812
574	1.08563e+006	835	538906	546662	100	90	0.707255	0.802533	40	39.2	0	396	1743	1.03342	0.854816	1812
575	1.06082e+006	804	532009	528753	100	90	0.809654	0.802533	40	39.2	0	396	1743	1.03869	0.880581	1812
576	1.02854e+006	1536	522207	506337	100	90	1.48516	0.802533	40	39.2	0	396	1743	1.04007	0.875755	1812
577	1.02487e+006	1371	524394	500478	100	90	1.58625	0.802533	40	39.2	0	396	1743	1.04838	0.871438	1812
578	990984	1256	510171	480814	100	90	1.73818	0.802533	40	39.2	0	396	1743	1.05399	0.865844	1812
579	923361	1010	476905	446456	100	90	1.83126	0.802533	40	39.2	0	396	1743	1.07446	0.870504	1812
580	615456	859	197561	417895	100	90	1.88437	0.802533	40	39.2	281723	396	1743	1.09076	0.874396	1812
581	661489	737	281305	380184	100	90	1.9977	0.802533	40	39.2	281723	396	1743	1.10104	0.861972	1812
582	507892	651	160209	347683	100	90	2.04952	0.802533	40	39.2	281723	396	1743	1.1202	0.872038	1812
583	575194	607	244079	331115	100	90	2.14933	0.802533	40	39.2	281723	396	1743	1.13564	0.896907	1812
584	593631	550	284849	308782	100	90	2.1961	0.802533	40	39.2	281723	396	1743	1.15217	0.893536	1812
585	548817	466	274708	274109	100	90	2.25372	0.802533	40	39.2	281723	396	1743	1.16427	0.891156	1812
586	363780	428	102225	261446	100	90	2.22026	0.802533	40	39.2	475644	396	1743	1.18	0.903941	1812
587	403528	376	160964	234153	100	90	2.20504	0.802533	40	39.2	475644	396	1743	1.19588	0.926554	1812
588	449031	364	210096	228114	100	90	2.26995	0.802533	40	39.2	475644	396	1743	1.19391	0.934328	1812
589	423279	315	204608	203885	100	90	2.28166	0.802533	40	39.2	475644	396	1743	1.21104	0.961672	1812
590	406526	290	200645	192586	100	90	2.30978	0.802533	40	39.2	475644	396	1743	1.20144	0.957854	1812
591	343672	244	177154	166518	100	90	2.31978	0.802533	40	39.2	475644	396	1743	1.18803	0.926941	1812
592	214590	223	57951.2	156639	100	90	0.0927113	0.802533	40	39.2	596354	396	1743	1.00332	0.748617	1812
593	535176	205	240402	294774	100	90	0.0719808	0.802533	40	39.2	596354	396	1743	1.00294	0.748009	1812
594	791736	185	372563	419173	100	90	0.0719508	0.802533	40	39.2	596354	396	1743	1.00271	0.774678	1812
595	754386	180	362240	392146	100	90	0.0822646	0.802533	40	39.2	596354	396	1743	1.00334	0.827988	1812
596	796712	176	397364	399348	100	90	0.104715	0.802533	40	39.2	596354	396	1743	1.00426	0.843756	1812
597	906395	2614	457051	449344	100	90	1.1318	0.802533	40	39.2	596354	396	1743	1.00574	0.832537	1812
598	965775	2174	489955	475820	100	90	1.30396	0.802533	40	39.2	596354	396	1743	1.00611	0.828707	1812
599	977240	1754	499362	477878	100	90	1.35057	0.802533	40	39.2	596354	396	1743	1.00824	0.832332	1812
600	586163	1540	115623	470540	100	90	1.47831	0.802533	38	39.2	596354	396	1743	1.1439	1.07622	1812
601	659640	1282	226175	433454	100	90	0.735134	0.802533	40	39.2	0	396	1743	1.04528	0.808197	1812
602	798872	1077	347435	451427	100	90	0.619843	0.802533	40	39.2	0	396	1743	1.03114	0.790533	1812
603	957235	928	454217	502995	100	90	0.621324	0.802533	40	39.2	0	396	1743	1.03001	0.797923	1812
604	1.04238e+006	812	508917	533441	100	90	0.68592	0.802533	40	39.2	0	396	1743	1.03505	0.811465	1812
605	1.03456e+006	790	515268	519269	100	90	0.779209	0.802533	40	39.2	0	396	1743	1.03865	0.82619	1812
606	1.04693e+006	1567	529371	517555	100	90	1.47596	0.802533	40	39.2	0	396	1743	1.04545	0.822564	1812
607	1.03683e+006	1376	528822	508010	100	90	1.57937	0.802533	40	39.2	0	396	1743	1.05295	0.81812	1812
608	1.01491e+006	1233	521139	493766	100	90	1.70509	0.802533	40	39.2	0	396	1743	1.06146	0.816429	1812
609	969754	1033	499798	469956	100	90	1.8058	0.802533	40	39.2	0	396	1743	1.08263	0.834504	1812
610	662980	912	210211	452768	100	90	1.8177	0.802533	40	39.2	295462	396	1743	1.0918	0.833333	1812
611	709289	788	297516	411773	100	90	1.96743	0.802533	40	39.2	295462	396	1743	1.09961	0.829172	1812
612	752300	726	357972	394328	100	90	2.02067	0.802533	40	39.2	295462	396	1743	1.11805	0.857554	1812
613	721996	636	359068	362927	100	90	2.06223	0.802533	40	39.2	295462	396	1743	1.16412	0.905316	1812
614	656076	538	333072	323004	100	90	2.09242	0.802533	40	39.2	295462	396	1743	1.19072	0.937008	1812
615	622320	492	318731	303589	100	90	2.13884	0.802533	40	39.2	295462	396	1743	1.20236	0.964989	1812
616	360693	430	92542.9	268140	100	90	2.10699	0.802533	40	39.2	356695	396	1743	1.2167	0.997468	1812
617	425527	403	163287	253863	100	90	2.121	0.802533	40	39.2	356695	396	1743	1.22983	1	1812
618	436506	351	199186	227202	100	90	2.13848	0.802533	40	39.2	356695	396	1743	1.22286	1.00946	1812
619	446789	328	214426	217277	100	90	2.11336	0.802533	40	39.2	356695	396	1743	1.26183	1.05208	1812
620	423429	292	209292	200693	100	90	2.10624	0.802533	40	39.2	356695	396	1743	1.24912	1.02734	1812
621	406937	284	210480	196457	100	90	2.13549	0.802533	40	39.2	356695	396	1743	1.25	1.00806	1812
622	235929	245	61255	174674	100	90	0.1052	0.802533	40	39.2	502367	396	1743	1.00437	0.751624	1812
623	547167	228	239658	307509	100	90	0.0792133	0.802533	40	39.2	502367	396	1743	1.00291	0.754765	1812
624	608248	212	178963	429285	100	90	0.0824337	0.802533	40	39.2	502367	396	1743	1.0031	0.774716	1812
625	601807	179	216830	384977	100	90	0.069826	0.802533	40	39.2	502367	396	1743	1.00253	0.816048	1812
626	752420	153	328738	423682	100	90	0.0773605	0.802533	40	39.2	502367	396	1743	1.00274	0.828256	1812
627	919971	2815	433811	486159	100	90	1.10393	0.802533	40	39.2	502367	396	1743	1.00393	0.842891	1812
628	1.0082e+006	2580	489296	518905	100	90	1.34615	0.802533	40	39.2	502367	396	1743	1.00553	0.852524	1812
629	1.00304e+006	1974	498234	504806	100	90	1.39176	0.802533	40	39.2	502367	396	1743	1.00805	0.853374	1812
630	731807	1673	247649	484158	100	90	1.39869	0.802533	40	39.2	502367	396	1743	1.11834	1.07164	1812
631	653058	1418	180177	472881	100	90	0.969408	0.802533	40	39.2	0	396	1743	1.05989	0.835434	1812
632	784765	1210	308945	475806	100	90	0.779021	0.802533	40	39.2	0	396	1743	1.03692	0.801453	1812
633	939741	1035	429420	510306	100	90	0.741489	0.802533	40	39.2	0	396	1743	1.03275	0.786604	1812
634	1.04004e+006	905	500924	539089	100	90	0.820053	0.802533	40	39.2	0	396	1743	1.04121	0.80152	1812
635	1.05958e+006	863	523284	536266	100	90	0.938317	0.802533	40	39.2	0	396	1743	1.04671	0.825384	1812
636	1.06156e+006	1405	534764	526798	100	90	1.52916	0.802533	40	39.2	0	396	1743	1.05115	0.834423	1812
637	1.05467e+006	1317	537514	517159	100	90	1.69081	0.802533	40	39.2	0	396	1743	1.06433	0.85383	1812
638	1.02754e+006	1200	527215	500327	100	90	1.78783	0.802533	40	39.2	0	396	1743	1.06876	0.861921	1812
639	982123	1021	507100	475023	100	90	1.86067	0.802533	40	39.2	0	396	1743	1.08311	0.86747	1812
640	656591	899	205702	450889	100	90	1.91376	0.802533	40	39.2	306670	396	1743	1.1028	0.892449	1812
641	702966	780	293338	409628	100	90	1.96489	0.802533	40	39.2	306670	396	1743	1.11122	0.889474	1812
642	748198	718	357306	390892	100	90	2.01928	0.802533	40	39.2	306670	396	1743	1.13805	0.912732	1812
643	734950	656	367253	367697	100	90	2.06349	0.802533	40	39.2	306670	396	1743	1.15888	0.921997	1812
644	685770	574	349680	336089	100	90	2.04722	0.802533	40	39.2	306670	396	1743	1.18827	0.948122	1812
645	645013	519	332114	312899	100	90	2.05948	0.802533	40	39.2	306670	396	1743	1.20841	0.953815	1812
646	412521	484	115443	297057	100	90	2.06311	0.802533	40	39.2	541956	396	1743	1.23211	0.984783	1812
647	460822	437	181311	270624	100	90	2.12106	0.802533	40	39.2	541956	396	1743	1.23543	0.982927	1812
648	375057	408	117934	254969	100	90	2.16201	0.802533	40	39.2	541956	396	1743	1.23573	0.991979	1812
649	326752	373	89114	236192	100	90	2.17366	0.802533	40	39.2	541956	396	1743	1.25	1.0119	1812
650	369193	346	147040	220853	100	90	2.16707	0.802533	40	39.2	541956	396	1743	1.26911	1.02932	1812
651	396447	323	187079	209368	100	90	2.15591	0.802533	40	39.2	541956	396	1743	1.29373	1.05357	1812
652	248921	270	63876.3	185044	100	90	0.385744	0.802533	40	39.2	677917	396	1743	1.02271	0.693587	1812
653	317161	228	130449	186711	100	90	0.238773	0.802533	40	39.2	677917	396	1743	1.01321	0.687114	1812
654	539354	213	261164	278190	100	90	0.226622	0.802533	40	39.2	677917	396	1743	1.01368	0.690051	1812
655	606999	207	194950	412049	100	90	0.248538	0.802533	40	39.2	677917	396	1743	1.01583	0.703926	1812
656	795135	173	326431	468704	100	90	0.248137	0.802533	40	39.2	677917	396	1743	1.01651	0.717626	1812
657	938408	1644	430157	508250	100	90	1.5521	0.802533	40	39.2	677917	396	1743	1.02021	0.735211	1812
658	997287	1680	485206	512081	100	90	1.71206	0.802533	40	39.2	677917	396	1743	1.02222	0.741732	1812
659	1.00878e+006	1461	507129	501653	100	90	1.71705	0.802533	40	39.2	677917	396	1743	1.02543	0.741379	1812
660	722637	1228	247722	474915	100	90	1.49922	0.802533	38	39.2	677917	396	1743	1.29052	1.18325	1812
661	807538	1080	362623	444705	100	90	1.44398	0.802533	40	39.2	0	396	1743	1.23941	1.00407	1812
662	832035	939	402829	428822	100	90	1.4195	0.802533	40	39.2	0	396	1743	1.18614	0.911609	1812
663	855549	844	426664	428555	100	90	1.45572	0.802533	40	39.2	0	396	1743	1.16204	0.862456	1812
664	889112	749	449670	439081	100	90	1.46669	0.802533	40	39.2	0	396	1743	1.16763	0.847322	1812
665	903050	774	460732	442001	100	90	1.65094	0.802533	40	39.2	0	396	1743	1.17384	0.829945	1812
666	921021	901	474437	446584	100	90	2.07199	0.802533	40	39.2	0	396	1743	1.17383	0.833158	1812
667	905808	873	468858	436949	100	90	2.18621	0.802533	40	39.2	0	396	1743	1.17368	0.831754	1812
668	870404	812	452699	417705	100	90	2.26282	0.802533	40	39.2	0	396	1743	1.18519	0.859079	1812
669	816629	712	425549	391080	100	90	2.22495	0.802533	40	39.2	0	396	1743	1.21125	0.876923	1812
670	546607	676	158834	387774	100	90	2.2212	0.802533	40	39.2	279038	396	1743	1.22141	0.885113	1812
671	584963	594	235601	349362	100	90	2.24725	0.802533	40	39.2	279038	396	1743	1.22896	0.892989	1812
672	608614	537	282579	326035	100	90	2.27124	0.802533	40	39.2	279038	396	1743	1.24568	0.924025	1812
673	591093	479	292549	298543	100	90	2.27621	0.802533	40	39.2	279038	396	1743	1.25821	0.962877	1812
674	556307	427	282868	273439	100	90	2.25995	0.802533	40	39.2	279038	396	1743	1.29397	1	1812
675	509892	375	261945	247947	100	90	2.24669	0.802533	40	39.2	279038	396	1743	1.33724	1.06422	1812
676	320688	344	84468.2	236175	100	90	2.21122	0.802533	40	39.2	473744	396	1743	1.37987	1.125	1812
677	369940	321	141067	222159	100	90	2.18953	0.802533	40	39.2	473744	396	1743	1.39298	1.15018	1812
678	399323	296	179776	210613	100	90	2.21675	0.802533	40	39.2	473744	396	1743	1.41502	1.17427	1812
679	400692	275	191817	196832	100	90	2.2423	0.802533	40	39.2	473744	396	1743	1.43612	1.18605	1812
680	406878	266	201114	194562	100	90	2.24954	0.802533	40	39.2	473744	396	1743	1.44811	1.21287	1812
681	392551	255	202193	190359	100	90	2.27773	0.802533	40	39.2	473744	396	1743	1.47423	1.22872	1812
682	239259	234	58923.4	180335	100	90	0.0996002	0.802533	40	39.2	621311	396	1743	1.0054	0.710506	1812
683	430781	215	117588	313194	100	90	0.0763881	0.802533	40	39.2	621311	396	1743	1.00428	0.710824	1812
684	700496	197	259668	440828	100	90	0.0684236	0.802533	40	39.2	621311	396	1743	1.00399	0.733507	1812
685	760370	171	315572	444798	100	90	0.0693119	0.802533	40	39.2	621311	396	1743	1.00419	0.789875	1812
686	784105	155	357269	426836	100	90	0.0816705	0.802533	40	39.2	621311	396	1743	1.00576	0.830027	1812
687	915086	2948	442237	472849	100	90	1.12891	0.802533	40	39.2	621311	396	1743	1.00773	0.828451	1812
688	1.00116e+006	2573	496935	504226	100	90	1.34538	0.802533	40	39.2	621311	396	1743	1.01069	0.8209	1812
689	1.02463e+006	2077	517394	507232	100	90	1.43822	0.802533	40	39.2	621311	396	1743	1.01546	0.824684	1812
690	785578	1799	270956	514622	100	90	1.55302	0.802533	39	39.2	621311	396	1743	1.09946	0.961127	1812
691	876881	1473	390101	486563	100	90	1.0574	0.802533	40	39.2	0	396	1743	1.0547	0.787431	1812
692	964065	1264	465653	498125	100	90	0.918544	0.802533	40	39.2	0	396	1743	1.0418	0.755703	1812
693	1.07079e+006	1123	533524	536913	100	90	0.900039	0.802533	40	39.2	0	396	1743	1.04068	0.753168	1812
694	1.12727e+006	968	567288	559680	100	90	0.947792	0.802533	40	39.2	0	396	1743	1.04624	0.757322	1812
695	1.11567e+006	882	565846	549564	100	90	1.01772	0.802533	40	39.2	0	396	1743	1.05277	0.772394	1812
696	1.11506e+006	1427	571539	543522	100	90	1.60556	0.802533	40	39.2	0	396	1743	1.05684	0.779894	1812
697	1.07434e+006	1325	554745	519594	100	90	1.72563	0.802533	40	39.2	0	396	1743	1.06621	0.789084	1812
698	1.04439e+006	1283	543082	501310	100	90	1.84762	0.802533	40	39.2	0	396	1743	1.07105	0.798717	1812
699	981767	1067	513464	468303	100	90	1.89529	0.802533	40	39.2	0	396	1743	1.08306	0.790743	1812
700	639848	914	200386	439462	100	90	1.94933	0.802533	40	39.2	309903	396	1743	1.10492	0.80791	1812
701	684915	805	281214	403701	100	90	2.0354	0.802533	40	39.2	309903	396	1743	1.11022	0.810323	1812
702	712346	713	335492	376855	100	90	2.08773	0.802533	40	39.2	309903	396	1743	1.12811	0.830904	1812
703	698612	640	347811	350801	100	90	2.10051	0.802533	40	39.2	309903	396	1743	1.14993	0.850163	1812
704	671993	585	342828	329165	100	90	2.15975	0.802533	40	39.2	309903	396	1743	1.15008	0.859431	1812
705	630825	537	325135	305689	100	90	2.17902	0.802533	40	39.2	309903	396	1743	1.15771	0.884314	1812
706	388327	474	108330	279979	100	90	2.14447	0.802533	40	39.2	533103	396	1743	1.18814	0.936937	1812
707	450427	450	174803	267260	100	90	2.14141	0.802533	40	39.2	533103	396	1743	1.20607	0.952038	1812
708	473335	406	214235	247645	100	90	2.17006	0.802533	40	39.2	533103	396	1743	1.20844	0.951087	1812
709	466830	362	224339	227913	100	90	2.17617	0.802533	40	39.2	533103	396	1743	1.22316	0.947853	1812
710	445036	331	221139	210912	100	90	2.20497	0.802533	40	39.2	533103	396	1743	1.22684	0.955326	1812
711	411643	304	213305	198337	100	90	2.24553	0.802533	40	39.2	533103	396	1743	1.21708	0.946565	1812
712	253092	279	66535.6	186556	100	90	0.111085	0.802533	40	39.2	682822	396	1743	1.00385	0.707165	1812
713	566212	235	248261	317950	100	90	0.0791739	0.802533	40	39.2	682822	396	1743	1.00273	0.710017	1812
714	830133	206	386989	443144	100	90	0.076216	0.802533	40	39.2	682822	396	1743	1.00292	0.746136	1812
715	778733	175	372802	405932	100	90	0.07396	0.802533	40	39.2	682822	396	1743	1.00305	0.812319	1812
716	811754	153	405113	406642	100	90	0.0806362	0.802533	40	39.2	682822	396	1743	1.0034	0.828226	1812
717	918859	2928	464315	454543	100	90	1.11025	0.802533	40	39.2	682822	396	1743	1.00494	0.823695	1812
718	1.03325e+006	2531	524442	508811	100	90	1.32156	0.802533	40	39.2	682822	396	1743	1.00861	0.831059	1812
719	1.07035e+006	2084	546747	523601	100	90	1.40978	0.802533	40	39.2	682822	396	1743	1.01041	0.824738	1812
720	793545	1761	275040	518504	100	90	1.50851	0.802533	38	39.2	682822	396	1743	1.11934	1.02417	1812
721	886428	1481	395282	491009	100	90	0.968942	0.802533	40	39.2	0	396	1743	1.05576	0.782899	1812
722	952907	1250	460331	492343	100	90	0.812993	0.802533	40	39.2	0	396	1743	1.04088	0.759778	1812
723	763479	1047	248721	514736	100	90	0.744633	0.802533	40	39.2	0	396	1743	1.03643	0.753433	1812
724	907140	888	377331	529695	100	90	0.776905	0.802533	40	39.2	0	396	1743	1.03689	0.767212	1812
725	1.00452e+006	846	466577	537833	100	90	0.855005	0.802533	40	39.2	0	396	1743	1.03983	0.793634	1812
726	1.04362e+006	1553	512361	531258	100	90	1.49281	0.802533	40	39.2	0	396	1743	1.0455	0.805097	1812
727	1.03531e+006	1445	524310	511001	100	90	1.61738	0.802533	40	39.2	0	396	1743	1.04914	0.800243	1812
728	1.02756e+006	1393	528900	498664	100	90	1.7835	0.802533	40	39.2	0	396	1743	1.05036	0.792065	1812
729	948653	1119	492920	455733	100	90	1.8396	0.802533	40	39.2	0	396	1743	1.06291	0.791058	1812
730	621316	917	196442	424874	100	90	1.89487	0.802533	40	39.2	295801	396	1743	1.07633	0.803132	1812
731	701423	838	291486	409937	100	90	1.99461	0.802533	40	39.2	295801	396	1743	1.09729	0.816502	1812
732	735816	773	350592	385224	100	90	2.04454	0.802533	40	39.2	295801	396	1743	1.10638	0.820479	1812
733	723202	697	362243	360959	100	90	2.08418	0.802533	40	39.2	295801	396	1743	1.13027	0.846954	1812
734	515026	635	176182	338844	100	90	2.1314	0.802533	40	39.2	295801	396	1743	1.14368	0.844884	1812
735	562778	587	244737	318041	100	90	2.20814	0.802533	40	39.2	295801	396	1743	1.14918	0.846293	1812
736	405166	523	117305	287802	100	90	2.20629	0.802533	40	39.2	477292	396	1743	1.17222	0.881874	1812
737	458370	479	182326	267145	100	90	2.20825	0.802533	40	39.2	477292	396	1743	1.18238	0.886161	1812
738	356576	421	111841	242618	100	90	2.20901	0.802533	40	39.2	477292	396	1743	1.18648	0.851759	1812
739	398032	389	164149	225484	100	90	2.24843	0.802533	40	39.2	477292	396	1743	1.19895	0.872576	1812
740	436941	373	206422	222527	100	90	2.2117	0.802533	40	39.2	477292	396	1743	1.21858	0.883382	1812
741	319306	345	107442	211863	100	90	2.22005	0.802533	40	39.2	477292	396	1743	1.24324	0.898089	1812
742	258489	296	69497.5	188991	100	90	0.127149	0.802533	40	39.2	563863	396	1743	1.00514	0.665967	1812
743	546777	281	236449	310328	100	90	0.104549	0.802533	40	39.2	563863	396	1743	1.00373	0.662744	1812
744	851394	254	396004	455389	100	90	0.105406	0.802533	40	39.2	563863	396	1743	1.00397	0.690548	1812
745	834136	220	397351	436786	100	90	0.105147	0.802533	40	39.2	563863	396	1743	1.00438	0.774602	1812
746	779529	193	385814	393715	100	90	0.113587	0.802533	40	39.2	563863	396	1743	1.00448	0.817222	1812
747	874312	2494	442868	431444	100	90	1.07202	0.802533	40	39.2	563863	396	1743	1.0051	0.799249	1812
748	686352	2224	220585	465767	100	90	1.33299	0.802533	40	39.2	563863	396	1743	1.00608	0.800759	1812
749	770459	1841	317263	453196	100	90	1.49001	0.802533	40	39.2	563863	396	1743	1.00761	0.804283	1812
750	656516	1624	199894	456622	100	90	1.65611	0.802533	38	39.2	563863	396	1743	1.12791	0.994417	1812
751	526767	921	224505	302155	100	90	0.737236	0.802533	40	39.2	0	396	1743	1.04852	0.744653	1812
752	673845	822	330557	343119	100	90	0.624254	0.802533	40	39.2	0	396	1743	1.03136	0.71353	1812
753	846071	727	425932	419970	100	90	0.58885	0.802533	40	39.2	0	396	1743	1.02875	0.715988	1812
754	1.00076e+006	662	506810	493797	100	90	0.632212	0.802533	40	39.2	0	396	1743	1.03267	0.740094	1812
755	1.04891e+006	669	534165	514589	100	90	0.7512	0.802533	40	39.2	0	396	1743	1.03805	0.771923	1812
756	1.039e+006	1457	535024	503973	100	90	1.56198	0.802533	40	39.2	0	396	1743	1.04283	0.775543	1812
757	1.01064e+006	1298	524632	486010	100	90	1.63497	0.802533	40	39.2	0	396	1743	1.04895	0.779904	1812
758	1.00725e+006	1256	526130	481116	100	90	1.77081	0.802533	40	39.2	0	396	1743	1.05859	0.789171	1812
759	977435	1075	513374	464061	100	90	1.83272	0.802533	40	39.2	0	396	1743	1.06704	0.778203	1812
760	650192	949	206883	443308	100	90	1.88728	0.802533	40	39.2	311181	396	1743	1.08413	0.796095	1812
761	712182	851	298287	413896	100	90	1.99427	0.802533	40	39.2	311181	396	1743	1.09864	0.81288	1812
762	753648	784	360780	392868	100	90	2.07736	0.802533	40	39.2	311181	396	1743	1.11206	0.825397	1812
763	751346	726	378045	373301	100	90	2.13124	0.802533	40	39.2	311181	396	1743	1.13547	0.845272	1812
764	712143	653	365199	346945	100	90	2.14746	0.802533	40	39.2	311181	396	1743	1.17098	0.8768	1812
765	689624	610	356584	333040	100	90	2.14813	0.802533	40	39.2	311181	396	1743	1.18779	0.895369	1812
766	437286	561	127817	309457	100	90	2.14295	0.802533	40	39.2	549261	396	1743	1.18836	0.889513	1812
767	486739	508	192773	284444	100	90	2.15853	0.802533	40	39.2	549261	396	1743	1.18234	0.885177	1812
768	531698	485	243655	274929	100	90	2.18362	0.802533	40	39.2	549261	396	1743	1.17901	0.891111	1812
769	544792	467	262823	264419	100	90	2.19235	0.802533	40	39.2	549261	396	1743	1.2087	0.902326	1812
770	526152	437	260623	249314	100	90	2.20271	0.802533	40	39.2	549261	396	1743	1.19765	0.875312	1812
771	477246	400	246150	231096	100	90	2.22588	0.802533	40	39.2	549261	396	1743	1.19531	0.874317	1812
772	283919	352	74900.1	209019	100	90	0.12692	0.802533	40	39.2	591637	396	1743	1.00406	0.693542	1812
773	620211	306	273480	346730	100	90	0.095753	0.802533	40	39.2	591637	396	1743	1.00312	0.688928	1812
774	609312	273	179068	430244	100	90	0.0933152	0.802533	40	39.2	591637	396	1743	1.0036	0.740992	1812
775	596387	246	215528	380859	100	90	0.0843046	0.802533	40	39.2	591637	396	1743	1.00298	0.786336	1812
776	758010	208	333128	424882	100	90	0.0946278	0.802533	40	39.2	591637	396	1743	1.00378	0.800297	1812
777	894797	2878	420838	473958	100	90	1.0769	0.802533	40	39.2	591637	396	1743	1.00557	0.827898	1812
778	971588	2576	473380	498207	100	90	1.30122	0.802533	40	39.2	591637	396	1743	1.00785	0.844345	1812
779	970845	2032	484559	486286	100	90	1.34001	0.802533	40	39.2	591637	396	1743	1.01039	0.848546	1812
780	717358	1784	245313	472045	100	90	1.433	0.802533	38	39.2	591637	396	1743	1.10108	1.02593	1812
781	810462	1463	361007	449332	100	90	0.84463	0.802533	40	39.2	0	396	1743	1.04247	0.772695	1812
782	938910	1277	453387	485322	100	90	0.724657	0.802533	40	39.2	0	396	1743	1.02881	0.746378	1812
783	1.05059e+006	1096	521328	529064	100	90	0.689034	0.802533	40	39.2	0	396	1743	1.02547	0.74905	1812
784	1.11754e+006	965	559841	557570	100	90	0.753177	0.802533	40	39.2	0	396	1743	1.02896	0.78218	1812
785	1.09196e+006	872	552443	539435	100	90	0.804721	0.802533	40	39.2	0	396	1743	1.03238	0.802368	1812
786	1.08259e+006	1656	553946	528643	100	90	1.43811	0.802533	40	39.2	0	396	1743	1.03594	0.812641	1812
787	1.08252e+006	1564	558194	524325	100	90	1.6145	0.802533	40	39.2	0	396	1743	1.04345	0.803898	1812
788	1.01804e+006	1336	528370	489674	100	90	1.72428	0.802533	40	39.2	0	396	1743	1.0524	0.804598	1812
789	971426	1113	506832	464593	100	90	1.81995	0.802533	40	39.2	0	396	1743	1.06467	0.812903	1812
790	642395	948	206094	436301	100	90	1.88699	0.802533	40	39.2	304331	396	1743	1.07675	0.812973	1812
791	699625	832	293633	405991	100	90	2.00759	0.802533	40	39.2	304331	396	1743	1.08801	0.830025	1812
792	735745	761	352555	383189	100	90	2.07606	0.802533	40	39.2	304331	396	1743	1.09804	0.840108	1812
793	687843	644	345636	342207	100	90	2.11463	0.802533	40	39.2	304331	396	1743	1.12064	0.868167	1812
794	650742	571	334129	316613	100	90	2.17488	0.802533	40	39.2	304331	396	1743	1.13419	0.892922	1812
795	626190	531	324175	302015	100	90	2.19408	0.802533	40	39.2	304331	396	1743	1.15385	0.919608	1812
796	398435	497	113499	284930	100	90	2.16498	0.802533	40	39.2	531286	396	1743	1.17154	0.949367	1812
797	458984	461	181333	268620	100	90	2.18382	0.802533	40	39.2	531286	396	1743	1.17872	0.958525	1812
798	494937	426	229588	253383	100	90	2.2016	0.802533	40	39.2	531286	396	1743	1.16901	0.952261	1812
799	489369	383	237771	235198	100	90	2.18149	0.802533	40	39.2	531286	396	1743	1.18442	0.963788	1812
800	479599	357	239226	225588	100	90	2.24455	0.802533	40	39.2	531286	396	1743	1.17816	0.93617	1812
801	466196	351	241878	224319	100	90	2.30041	0.802533	40	39.2	531286	396	1743	1.16964	0.915361	1812
802	285447	326	72191.6	213255	100	90	0.129392	0.802533	40	39.2	578727	396	1743	1.00413	0.740641	1812
803	605340	295	262498	342842	100	90	0.0982456	0.802533	40	39.2	578727	396	1743	1.00386	0.743051	1812
804	840027	270	390526	449500	100	90	0.0991283	0.802533	40	39.2	578727	396	1743	1.00387	0.772716	1812
805	779177	245	373463	405714	100	90	0.105845	0.802533	40	39.2	578727	396	1743	1.00414	0.83512	1812
806	817656	218	407531	410125	100	90	0.123777	0.802533	40	39.2	578727	396	1743	1.00526	0.839435	1812
807	945953	2771	476937	469016	100	90	1.15698	0.802533	40	39.2	578727	396	1743	1.00694	0.837239	1812
808	739572	2361	235172	504401	100	90	1.40361	0.802533	40	39.2	578727	396	1743	1.01148	0.84899	1812
809	840668	1974	340804	499864	100	90	1.47093	0.802533	40	39.2	578727	396	1743	1.01569	0.847727	1812
810	713245	1763	212788	500457	100	90	1.58503	0.802533	39	39.2	578727	396	1743	1.13088	1.05412	1812
811	836760	1500	351316	485403	100	90	0.91387	0.802533	40	39.2	0	396	1743	1.05023	0.80956	1812
812	929723	1252	435313	494325	100	90	0.775161	0.802533	40	39.2	0	396	1743	1.03554	0.787858	1812
813	1.02212e+006	1034	501649	520391	100	90	0.708014	0.802533	40	39.2	0	396	1743	1.03205	0.781597	1812
814	1.0962e+006	915	547317	548851	100	90	0.767379	0.802533	40	39.2	0	396	1743	1.03887	0.81001	1812
815	1.08277e+006	856	547177	535561	100	90	0.863473	0.802533	40	39.2	0	396	1743	1.04574	0.829811	1812
816	1.06686e+006	1524	545396	521459	100	90	1.49161	0.802533	40	39.2	0	396	1743	1.04516	0.82837	1812
817	1.02532e+006	1343	528475	496844	100	90	1.6002	0.802533	40	39.2	0	396	1743	1.0523	0.819946	1812
818	991187	1239	514549	476639	100	90	1.76228	0.802533	40	39.2	0	396	1743	1.0617	0.833196	1812
819	963173	1058	501948	461226	100	90	1.85521	0.802533	40	39.2	0	396	1743	1.07311	0.829435	1812
820	616162	883	193216	422946	100	90	1.87887	0.802533	40	39.2	305683	396	1743	1.0884	0.838973	1812
821	688417	781	288170	400247	100	90	1.99131	0.802533	40	39.2	305683	396	1743	1.1076	0.859603	1812
822	719095	704	344066	375029	100	90	2.06206	0.802533	40	39.2	305683	396	1743	1.12648	0.875923	1812
823	724785	647	363164	361621	100	90	2.06831	0.802533	40	39.2	305683	396	1743	1.17362	0.925566	1812
824	683491	580	349176	334315	100	90	2.11993	0.802533	40	39.2	305683	396	1743	1.17284	0.906977	1812
825	623976	503	322167	301809	100	90	2.1709	0.802533	40	39.2	305683	396	1743	1.19145	0.906445	1812
826	399009	470	110613	288396	100	90	2.1655	0.802533	40	39.2	534700	396	1743	1.21414	0.94382	1812
827	455111	437	177060	269434	100	90	2.17522	0.802533	40	39.2	534700	396	1743	1.23198	0.960591	1812
828	500744	415	229461	259348	100	90	2.19071	0.802533	40	39.2	534700	396	1743	1.22542	0.94709	1812
829	485053	374	233496	235708	100	90	2.19376	0.802533	40	39.2	534700	396	1743	1.24	0.938053	1812
830	473278	347	233914	225068	100	90	2.23113	0.802533	40	39.2	534700	396	1743	1.23881	0.928803	1812
831	434650	321	223588	211062	100	90	2.24425	0.802533	40	39.2	534700	396	1743	1.26846	0.952727	1812
832	277543	300	74048.1	203494	100	90	0.123058	0.802533	40	39.2	689732	396	1743	1.00506	0.681763	1812
833	594859	272	259221	335638	100	90	0.0927687	0.802533	40	39.2	689732	396	1743	1.00385	0.686341	1812
834	805734	238	375736	429998	100	90	0.0918059	0.802533	40	39.2	689732	396	1743	1.00433	0.726394	1812
835	754856	206	363038	391818	100	90	0.0924815	0.802533	40	39.2	689732	396	1743	1.00425	0.789173	1812
836	805310	184	402831	402479	100	90	0.109796	0.802533	40	39.2	689732	396	1743	1.00567	0.801089	1812
837	912266	2632	461596	450671	100	90	1.15674	0.802533	40	39.2	689732	396	1743	1.00797	0.807634	1812
838	971586	2140	493137	478449	100	90	1.3362	0.802533	40	39.2	689732	396	1743	1.01282	0.817231	1812
839	976177	1701	499265	476912	100	90	1.40053	0.802533	40	39.2	689732	396	1743	1.01707	0.822798	1812
840	712420	1499	247787	464633	100	90	1.48029	0.802533	36	39.2	689732	396	1743	1.13146	1.03726	1812
841	779450	1211	351835	427571	100	90	0.820078	0.802533	40	39.2	0	396	1743	1.04748	0.751916	1812
842	898965	1081	437702	461176	100	90	0.699068	0.802533	40	39.2	0	396	1743	1.03296	0.729882	1812
843	985082	882	490241	494772	100	90	0.629505	0.802533	40	39.2	0	396	1743	1.03006	0.728021	1812
844	1.06112e+006	763	531554	529513	100	90	0.675325	0.802533	40	39.2	0	396	1743	1.03573	0.748294	1812
845	1.05571e+006	747	533159	522497	100	90	0.785514	0.802533	40	39.2	0	396	1743	1.04027	0.774219	1812
846	1.04974e+006	1413	536409	513327	100	90	1.43236	0.802533	40	39.2	0	396	1743	1.04413	0.776295	1812
847	1.01003e+006	1367	520997	489029	100	90	1.64507	0.802533	40	39.2	0	396	1743	1.05392	0.76257	1812
848	977595	1195	508018	469577	100	90	1.73955	0.802533	40	39.2	0	396	1743	1.05817	0.758711	1812
849	932681	1015	488288	444393	100	90	1.79325	0.802533	40	39.2	0	396	1743	1.07579	0.765849	1812
850	590437	848	182759	407678	100	90	1.83802	0.802533	40	39.2	302590	396	1743	1.09712	0.789731	1812
851	661340	764	275822	385518	100	90	1.93454	0.802533	40	39.2	302590	396	1743	1.10778	0.792683	1812
852	684011	675	327581	356430	100	90	2.02049	0.802533	40	39.2	302590	396	1743	1.12698	0.803379	1812
853	661086	596	332771	328315	100	90	2.08193	0.802533	40	39.2	302590	396	1743	1.13577	0.82548	1812
854	621946	536	320325	301620	100	90	2.1425	0.802533	40	39.2	302590	396	1743	1.16096	0.844358	1812
855	588379	484	305871	282508	100	90	2.15605	0.802533	40	39.2	302590	396	1743	1.18569	0.863931	1812
856	351609	430	95720.1	255889	100	90	2.11362	0.802533	40	39.2	521079	396	1743	1.21272	0.882641	1812
857	400669	393	157153	235632	100	90	2.09326	0.802533	40	39.2	521079	396	1743	1.23002	0.887701	1812
858	446047	372	206402	228833	100	90	2.1091	0.802533	40	39.2	521079	396	1743	1.22051	0.870056	1812
859	456896	351	222861	218982	100	90	2.14654	0.802533	40	39.2	521079	396	1743	1.24225	0.888889	1812
860	332996	331	117046	213257	100	90	2.2	0.802533	40	39.2	521079	396	1743	1.23853	0.862876	1812
861	362719	314	160647	202073	100	90	2.21568	0.802533	40	39.2	521079	396	1743	1.25828	0.889286	1812
862	241206	268	61462.2	179744	100	90	0.217634	0.802533	40	39.2	647434	396	1743	1.01026	0.706731	1812
863	320488	261	84137.5	236351	100	90	0.158316	0.802533	40	39.2	647434	396	1743	1.00692	0.701969	1812
864	624505	236	258383	366122	100	90	0.147233	0.802533	40	39.2	647434	396	1743	1.0071	0.708287	1812
865	887232	219	404907	482324	100	90	0.158469	0.802533	40	39.2	647434	396	1743	1.00789	0.743347	1812
866	938761	205	444325	494437	100	90	0.183829	0.802533	40	39.2	647434	396	1743	1.01021	0.785566	1812
867	963836	2086	472114	491722	100	90	1.25144	0.802533	39	39.2	647434	396	1743	1.00995	0.783246	1812
868	1.01331e+006	1861	508612	504699	100	90	1.34437	0.802533	39	39.2	647434	396	1743	1.01304	0.762147	1812
869	1.02676e+006	1627	523910	502849	100	90	1.41323	0.802533	39	39.2	647434	396	1743	1.01369	0.756098	1812
870	757613	1460	263336	494277	100	90	1.4184	0.802533	38	39.2	647434	396	1743	1.19537	1.08086	1812
871	812785	1199	367828	444738	100	90	1.294	0.802533	40	39.2	0	396	1743	1.15295	0.896123	1812
872	840187	1052	412332	427548	100	90	1.18833	0.802533	40	39.2	0	396	1743	1.10755	0.822145	1812
873	872527	929	441673	430546	100	90	1.16407	0.802533	40	39.2	0	396	1743	1.08623	0.796748	1812
874	897689	784	458842	438570	100	90	1.17488	0.802533	40	39.2	0	396	1743	1.07942	0.781116	1812
875	952656	790	489286	463128	100	90	1.31641	0.802533	40	39.2	0	396	1743	1.08413	0.789711	1812
876	963178	1013	496624	466554	100	90	1.72382	0.802533	40	39.2	0	396	1743	1.08784	0.804711	1812
877	952695	1014	493666	459029	100	90	1.87595	0.802533	40	39.2	0	396	1743	1.09098	0.804152	1812
878	676538	1004	234026	442513	100	90	2.02925	0.802533	40	39.2	0	396	1743	1.0919	0.807091	1812
879	725630	866	315756	409874	100	90	2.03968	0.802533	40	39.2	0	396	1743	1.09547	0.803874	1812
880	532360	776	142935	389425	100	90	2.04461	0.802533	40	39.2	39431.1	396	1743	1.1147	0.836289	1812
881	595590	695	238720	356870	100	90	2.09259	0.802533	40	39.2	39431.1	396	1743	1.12	0.840183	1812
882	630911	628	297484	333427	100	90	2.11696	0.802533	40	39.2	39431.1	396	1743	1.12813	0.853782	1812
883	636730	580	317562	319168	100	90	2.12259	0.802533	40	39.2	39431.1	396	1743	1.126	0.859206	1812
884	587564	497	298887	288677	100	90	2.1117	0.802533	40	39.2	39431.1	396	1743	1.15819	0.896624	1812
885	575279	467	295159	280120	100	90	2.0969	0.802533	40	39.2	39431.1	396	1743	1.19467	0.933638	1812
886	334051	394	95846.7	238191	100	90	2.05661	0.802533	40	39.2	238045	396	1743	1.18571	0.927027	1812
887	392944	375	157599	227161	100	90	2.07811	0.802533	40	39.2	238045	396	1743	1.18926	0.928367	1812
888	387355	312	179507	198624	100	90	2.10698	0.802533	40	39.2	238045	396	1743	1.20126	0.944251	1812
889	282686	282	97710.9	182792	100	90	2.13357	0.802533	40	39.2	238045	396	1743	1.21818	0.960784	1812
890	312639	261	138208	172488	100	90	2.1049	0.802533	40	39.2	238045	396	1743	1.23108	1.00866	1812
891	287645	216	141168	146477	100	90	2.05266	0.802533	40	39.2	238045	396	1743	1.32653	1.08602	1812
892	197467	203	53491.4	143976	100	90	0.195471	0.802533	40	39.2	336983	396	1743	1.01057	0.79341	1812
893	327130	184	140450	186680	100	90	0.13474	0.802533	40	39.2	336983	396	1743	1.00754	0.794266	1812
894	607410	173	291446	315964	100	90	0.134932	0.802533	40	39.2	336983	396	1743	1.00796	0.801628	1812
895	874426	156	423504	450922	100	90	0.141121	0.802533	40	39.2	336983	396	1743	1.00904	0.810994	1812
896	1.00972e+006	156	492656	517065	100	90	0.166389	0.802533	40	39.2	336983	396	1743	1.01111	0.830138	1812
897	1.00046e+006	2140	496174	504291	100	90	1.44478	0.802533	40	39.2	336983	396	1743	1.01185	0.831304	1812
898	1.01007e+006	1812	510827	499243	100	90	1.4451	0.802533	40	39.2	336983	396	1743	1.01349	0.817204	1812
899	1.03625e+006	1543	531778	504474	100	90	1.4712	0.802533	40	39.2	336983	396	1743	1.0149	0.808886	1812
900	744721	1373	259878	484843	100	90	1.39963	0.802533	37	39.2	336983	396	1743	1.24032	1.22667	1812
901	836308	1221	376729	458870	100	90	1.31813	0.802533	40	39.2	0	396	1743	1.1935	1.00795	1812
902	850340	1043	413625	435574	100	90	1.29378	0.802533	40	39.2	0	396	1743	1.14569	0.928939	1812
903	845044	886	424674	419286	100	90	1.2464	0.802533	40	39.2	0	396	1743	1.11318	0.888711	1812
904	881665	776	448262	432348	100	90	1.28567	0.802533	40	39.2	0	396	1743	1.11412	0.878173	1812
905	922878	813	471103	450720	100	90	1.4828	0.802533	40	39.2	0	396	1743	1.1234	0.866518	1812
906	931914	965	478634	453280	100	90	1.88774	0.802533	40	39.2	0	396	1743	1.13061	0.861579	1812
907	673562	932	231199	442363	100	90	2.03432	0.802533	40	39.2	0	396	1743	1.13694	0.858787	1812
908	744210	922	322393	421817	100	90	2.20418	0.802533	40	39.2	0	396	1743	1.13765	0.854631	1812
909	779399	824	375185	404214	100	90	2.19484	0.802533	40	39.2	0	396	1743	1.14802	0.860131	1812
910	536568	696	171104	365464	100	90	2.21002	0.802533	40	39.2	227040	396	1743	1.15446	0.869362	1812
911	583846	619	246633	337213	100	90	2.24765	0.802533	40	39.2	227040	396	1743	1.15267	0.870855	1812
912	620055	581	295553	324503	100	90	2.26869	0.802533	40	39.2	227040	396	1743	1.16556	0.891993	1812
913	607117	531	304358	302759	100	90	2.33065	0.802533	40	39.2	227040	396	1743	1.17457	0.89117	1812
914	560258	462	286931	273327	100	90	2.33099	0.802533	40	39.2	227040	396	1743	1.18322	0.883178	1812
915	523870	413	271313	252557	100	90	2.34647	0.802533	40	39.2	227040	396	1743	1.19395	0.883905	1812
916	331156	376	94364.1	236792	100	90	2.28449	0.802533	40	39.2	413261	396	1743	1.2043	0.913043	1812
917	354616	332	139626	208465	100	90	2.27634	0.802533	40	39.2	413261	396	1743	1.20988	0.904605	1812
918	366732	300	166965	191168	100	90	2.2828	0.802533	40	39.2	413261	396	1743	1.22034	0.908759	1812
919	348369	256	168538	169389	100	90	2.26991	0.802533	40	39.2	413261	396	1743	1.23695	0.926407	1812
920	337923	243	168556	159802	100	90	2.32623	0.802533	40	39.2	413261	396	1743	1.22414	0.898618	1812
921	316708	230	164458	152250	100	90	2.38191	0.802533	40	39.2	413261	396	1743	1.21531	0.885	1812
922	194389	208	53157.3	141232	100	90	0.0842329	0.802533	40	39.2	523763	396	1743	1.00228	0.70085	1812
923	536781	198	242012	294769	100	90	0.0682533	0.802533	40	39.2	523763	396	1743	1.00198	0.696031	1812
924	831354	177	389953	441401	100	90	0.068751	0.802533	39	39.2	523763	396	1743	1.00234	0.735169	1812
925	814208	159	389642	424566	100	90	0.071462	0.802533	39	39.2	523763	396	1743	1.0024	0.809489	1812
926	787098	126	389408	397690	100	90	0.0697558	0.802533	39	39.2	523763	396	1743	1.00278	0.826871	1812
927	885280	2876	446439	438841	100	90	1.07025	0.802533	39	39.2	523763	396	1743	1.0042	0.807665	1812
928	990653	2500	504218	486434	100	90	1.26165	0.802533	39	39.2	523763	396	1743	1.00592	0.8163	1812
929	1.04251e+006	2063	534210	508303	100	90	1.37406	0.802533	39	39.2	523763	396	1743	1.00681	0.809932	1812
930	622873	1821	124661	498212	100	90	1.575	0.802533	38	39.2	523763	396	1743	1.10124	0.961921	1812
