Time	totMass	NInd	abovemass	belowmass	mean_ares	mean_bres	shannon	meanShannon	NPFT	meanNPFT	Cutted	NNonClonal	NClonal	mean_generation	mean_genet_size	NGenets
1	578	0	289	289	100	90	0	0.776361	52	51.9	0	461	1673	1	0.769521	1839
2	16823.6	0	8173.58	8650.03	100	90	0	0.776361	52	51.9	0	461	1673	1	0.767279	1839
3	76550.4	0	40901.6	35648.9	100	90	0	0.776361	52	51.9	0	461	1673	1	0.761468	1839
4	228276	0	121322	106954	100	90	0	0.776361	52	51.9	0	461	1673	1	0.761942	1839
5	496128	0	262217	233912	100	90	0	0.776361	52	51.9	0	461	1673	1.00079	0.765523	1839
6	823029	762	434601	388428	100	90	2.71783	0.776361	52	51.9	0	461	1673	1.00405	0.768054	1839
7	1.11133e+006	994	589816	521512	100	90	3.32149	0.776361	52	51.9	0	461	1673	1.01962	0.782805	1839
8	1.31877e+006	1026	704741	614025	100	90	3.42729	0.776361	52	51.9	0	461	1673	1.02745	0.785575	1839
9	1.45696e+006	953	782700	674256	100	90	3.24406	0.776361	52	51.9	0	461	1673	1.04149	0.801679	1839
10	1.55367e+006	910	839879	713794	100	90	3.13864	0.776361	52	51.9	0	461	1673	1.06076	0.820682	1839
11	1.61073e+006	867	874370	736356	100	90	3.09742	0.776361	52	51.9	0	461	1673	1.06685	0.828704	1839
12	1.64724e+006	832	896738	750505	100	90	3.03377	0.776361	52	51.9	0	461	1673	1.08318	0.846902	1839
13	1.69193e+006	810	923019	768914	100	90	3.03766	0.776361	52	51.9	0	461	1673	1.10049	0.87202	1839
14	1.71524e+006	798	937212	778025	100	90	3.06548	0.776361	52	51.9	0	461	1673	1.12266	0.906615	1839
15	1.75128e+006	797	958762	792522	100	90	3.09289	0.776361	52	51.9	0	461	1673	1.12862	0.919631	1839
16	1.76988e+006	788	956338	788524	100	90	3.12756	0.776361	52	51.9	0	461	1673	1.14174	0.933694	1839
17	1.81089e+006	779	966167	795933	100	90	3.14855	0.776361	52	51.9	0	461	1673	1.15197	0.936552	1839
18	1.85616e+006	785	987936	813175	100	90	3.27026	0.776361	52	51.9	0	461	1673	1.14927	0.930362	1839
19	1.87459e+006	785	998194	820155	100	90	3.35014	0.776361	52	51.9	0	461	1673	1.14806	0.918539	1839
20	1.87665e+006	784	1.00165e+006	819494	100	90	3.3823	0.776361	52	51.9	0	461	1673	1.15237	0.913793	1839
21	1.84501e+006	779	1.0165e+006	828508	100	90	3.40163	0.776361	52	51.9	0	461	1673	1.15776	0.915942	1839
22	1.84029e+006	775	1.0148e+006	825491	100	90	1.38925	0.776361	52	51.9	0	461	1673	1.05288	0.749526	1839
23	1.8622e+006	772	1.0238e+006	838396	100	90	1.35982	0.776361	52	51.9	0	461	1673	1.05479	0.753252	1839
24	1.88746e+006	763	1.03594e+006	851521	100	90	1.37042	0.776361	52	51.9	0	461	1673	1.05843	0.765645	1839
25	1.89467e+006	756	1.04016e+006	854518	100	90	1.45548	0.776361	52	51.9	0	461	1673	1.06938	0.803039	1839
26	1.90935e+006	748	1.04908e+006	860264	100	90	1.59154	0.776361	52	51.9	0	461	1673	1.08349	0.827236	1839
27	1.90479e+006	1276	1.04671e+006	858078	100	90	2.68892	0.776361	52	51.9	0	461	1673	1.10802	0.856571	1839
28	1.92806e+006	1204	1.05917e+006	868887	100	90	2.83921	0.776361	52	51.9	0	461	1673	1.13464	0.883186	1839
29	1.95351e+006	1131	1.07254e+006	880963	100	90	2.8721	0.776361	52	51.9	0	461	1673	1.15246	0.8875	1839
30	1.4463e+006	1097	547151	899152	100	90	2.35144	0.776361	52	51.9	0	461	1673	1.4992	1.46922	1839
31	1.488e+006	967	657504	828143	100	90	1.33255	0.776361	52	51.9	0	461	1673	1.15868	0.886364	1839
32	1.48109e+006	863	698424	779010	100	90	1.04737	0.776361	52	51.9	0	461	1673	1.09863	0.784623	1839
33	1.44663e+006	751	708510	734652	100	90	0.85414	0.776361	52	51.9	0	461	1673	1.07185	0.760351	1839
34	1.44611e+006	672	724272	718361	100	90	0.95949	0.776361	52	51.9	0	461	1673	1.08174	0.774436	1839
35	1.40268e+006	739	714025	685450	100	90	1.23096	0.776361	52	51.9	0	461	1673	1.09915	0.801905	1839
36	1.34941e+006	760	698244	651164	100	90	1.46014	0.776361	52	51.9	0	461	1673	1.10845	0.828929	1839
37	1.31149e+006	875	685615	625875	100	90	1.92302	0.776361	52	51.9	0	461	1673	1.12221	0.841155	1839
38	1.24518e+006	979	656486	588690	100	90	2.49176	0.776361	52	51.9	0	461	1673	1.1387	0.847973	1839
39	1.19904e+006	826	636786	562251	100	90	2.62049	0.776361	52	51.9	0	461	1673	1.16185	0.865772	1839
40	1.14811e+006	677	614102	534005	100	90	2.64755	0.776361	52	51.9	0	461	1673	1.18531	0.866337	1839
41	1.07537e+006	567	578356	497010	100	90	2.59812	0.776361	52	51.9	0	461	1673	1.20446	0.889328	1839
42	1.05224e+006	510	568580	483661	100	90	2.68796	0.776361	52	51.9	0	461	1673	1.24094	0.917595	1839
43	992150	459	538334	453816	100	90	2.71351	0.776361	52	51.9	0	461	1673	1.28125	0.943069	1839
44	931352	415	507100	424252	100	90	2.73234	0.776361	52	51.9	0	461	1673	1.29167	0.953168	1839
45	889123	385	485522	403601	100	90	2.74869	0.776361	52	51.9	0	461	1673	1.32477	0.98209	1839
46	863532	357	465660	384048	100	90	2.76606	0.776361	52	51.9	0	461	1673	1.37037	1.01639	1839
47	790281	323	421952	345267	100	90	2.84261	0.776361	52	51.9	0	461	1673	1.38462	1.00362	1839
48	719746	279	384911	311581	100	90	2.84604	0.776361	52	51.9	0	461	1673	1.39855	0.983264	1839
49	678113	254	363565	292287	100	90	2.94804	0.776361	52	51.9	0	461	1673	1.41152	0.958716	1839
50	659107	237	355331	283091	100	90	3.04308	0.776361	52	51.9	0	461	1673	1.42857	0.954774	1839
51	574578	214	321091	253488	100	90	3.11508	0.776361	52	51.9	0	461	1673	1.39487	0.954286	1839
52	290652	198	49209.5	241442	100	90	0.112098	0.776361	52	51.9	284860	461	1673	1.0056	0.738252	1839
53	550663	183	201247	349416	100	90	0.076184	0.776361	52	51.9	284860	461	1673	1.00387	0.735645	1839
54	825493	162	354859	470633	100	90	0.0758776	0.776361	52	51.9	284860	461	1673	1.00423	0.742955	1839
55	812999	132	369408	443591	100	90	0.0732774	0.776361	52	51.9	284860	461	1673	1.00444	0.756941	1839
56	832387	125	401518	430869	100	90	0.090451	0.776361	52	51.9	284860	461	1673	1.00606	0.765168	1839
57	976667	2518	489021	487646	100	90	1.42698	0.776361	52	51.9	284860	461	1673	1.00822	0.756612	1839
58	1.03782e+006	2203	526578	511239	100	90	1.80636	0.776361	52	51.9	284860	461	1673	1.01263	0.755771	1839
59	1.09868e+006	1813	565512	533169	100	90	1.92623	0.776361	52	51.9	284860	461	1673	1.01707	0.762475	1839
60	817986	1559	288337	529649	100	90	1.99273	0.776361	51	51.9	284860	461	1673	1.14231	1.00714	1839
61	920346	1319	400866	514686	100	90	1.18898	0.776361	52	51.9	0	461	1673	1.06744	0.811917	1839
62	1.0191e+006	1135	483149	528592	100	90	1.00781	0.776361	52	51.9	0	461	1673	1.05166	0.784441	1839
63	1.10932e+006	960	549320	552279	100	90	0.933014	0.776361	52	51.9	0	461	1673	1.04967	0.771416	1839
64	1.16454e+006	779	588388	569287	100	90	0.929062	0.776361	52	51.9	0	461	1673	1.05535	0.772148	1839
65	1.18831e+006	733	608514	574176	100	90	1.0087	0.776361	52	51.9	0	461	1673	1.05728	0.766389	1839
66	1.20243e+006	1409	625605	576827	100	90	1.95394	0.776361	52	51.9	0	461	1673	1.05758	0.756912	1839
67	1.20376e+006	1291	632949	570814	100	90	2.12368	0.776361	52	51.9	0	461	1673	1.06025	0.760467	1839
68	1.15008e+006	1179	611011	539067	100	90	2.29617	0.776361	52	51.9	0	461	1673	1.06216	0.758261	1839
69	1.14508e+006	996	613240	531845	100	90	2.35437	0.776361	52	51.9	0	461	1673	1.06741	0.752058	1839
70	1.13949e+006	870	614546	524942	100	90	2.4291	0.776361	52	51.9	0	461	1673	1.07554	0.766509	1839
71	1.09621e+006	757	593664	502547	100	90	2.54993	0.776361	52	51.9	0	461	1673	1.09328	0.767253	1839
72	1.0367e+006	638	563879	472819	100	90	2.57925	0.776361	52	51.9	0	461	1673	1.10079	0.792271	1839
73	991642	564	541384	450257	100	90	2.61156	0.776361	52	51.9	0	461	1673	1.12133	0.815693	1839
74	915523	489	500713	414810	100	90	2.6825	0.776361	52	51.9	0	461	1673	1.11429	0.786307	1839
75	870781	439	477627	393154	100	90	2.68075	0.776361	52	51.9	0	461	1673	1.13273	0.803738	1839
76	787540	388	426323	348877	100	90	2.70494	0.776361	52	51.9	0	461	1673	1.15767	0.84	1839
77	773865	365	413494	338486	100	90	2.75234	0.776361	52	51.9	0	461	1673	1.18095	0.87106	1839
78	734888	342	393081	319939	100	90	2.79271	0.776361	52	51.9	0	461	1673	1.21108	0.87037	1839
79	690941	318	369444	301180	100	90	2.82872	0.776361	52	51.9	0	461	1673	1.23032	0.880399	1839
80	628824	281	337282	273822	100	90	2.87558	0.776361	52	51.9	0	461	1673	1.23746	0.882129	1839
81	573837	259	318349	255488	100	90	2.92365	0.776361	52	51.9	0	461	1673	1.22344	0.8625	1839
82	277980	228	48581.4	229399	100	90	0.115262	0.776361	52	51.9	272831	461	1673	1.00403	0.734002	1839
83	563185	208	213920	349265	100	90	0.079256	0.776361	52	51.9	272831	461	1673	1.00268	0.729582	1839
84	829364	172	363840	465524	100	90	0.0724208	0.776361	52	51.9	272831	461	1673	1.0023	0.73874	1839
85	834379	161	385439	448939	100	90	0.0780524	0.776361	52	51.9	272831	461	1673	1.00267	0.767839	1839
86	845206	150	413041	432165	100	90	0.0924097	0.776361	52	51.9	272831	461	1673	1.00347	0.776477	1839
87	695598	2720	215316	480282	100	90	1.22722	0.776361	52	51.9	272831	461	1673	1.0037	0.765003	1839
88	795325	2551	310392	484933	100	90	1.59346	0.776361	52	51.9	272831	461	1673	1.00506	0.763479	1839
89	921627	2183	412724	508904	100	90	1.79262	0.776361	52	51.9	272831	461	1673	1.0063	0.767934	1839
90	771543	2019	246107	525436	100	90	2.02871	0.776361	52	51.9	272831	461	1673	1.09201	0.906514	1839
91	822589	1507	340191	476261	100	90	1.08169	0.776361	52	51.9	0	461	1673	1.03926	0.779231	1839
92	951733	1272	442091	501217	100	90	0.890765	0.776361	52	51.9	0	461	1673	1.03004	0.764426	1839
93	1.10106e+006	1079	538321	552173	100	90	0.809601	0.776361	52	51.9	0	461	1673	1.02677	0.758452	1839
94	1.17535e+006	879	586596	579122	100	90	0.810638	0.776361	52	51.9	0	461	1673	1.0309	0.759823	1839
95	1.2054e+006	812	611177	586111	100	90	0.889447	0.776361	52	51.9	0	461	1673	1.03452	0.77031	1839
96	1.2105e+006	1572	626192	584312	100	90	1.71405	0.776361	52	51.9	0	461	1673	1.03383	0.773068	1839
97	1.21188e+006	1470	634578	577306	100	90	1.93131	0.776361	52	51.9	0	461	1673	1.03908	0.782991	1839
98	1.17541e+006	1355	619831	555577	100	90	2.13524	0.776361	52	51.9	0	461	1673	1.04405	0.783946	1839
99	1.14516e+006	1131	608847	536316	100	90	2.19268	0.776361	52	51.9	0	461	1673	1.04642	0.78296	1839
100	1.13853e+006	977	609445	529083	100	90	2.28084	0.776361	52	51.9	0	461	1673	1.0517	0.780665	1839
101	1.1051e+006	871	594517	510581	100	90	2.38484	0.776361	52	51.9	0	461	1673	1.05791	0.796491	1839
102	1.01259e+006	742	547570	465015	100	90	2.42638	0.776361	52	51.9	0	461	1673	1.06509	0.793956	1839
103	914823	618	496539	418283	100	90	2.4771	0.776361	52	51.9	0	461	1673	1.06691	0.790698	1839
104	873236	565	474561	398675	100	90	2.56396	0.776361	52	51.9	0	461	1673	1.0791	0.8	1839
105	793681	483	433210	360471	100	90	2.59611	0.776361	52	51.9	0	461	1673	1.09605	0.828694	1839
106	734400	427	395978	328654	100	90	2.61021	0.776361	52	51.9	0	461	1673	1.11717	0.846715	1839
107	673844	371	359518	297823	100	90	2.6414	0.776361	52	51.9	0	461	1673	1.13735	0.872521	1839
108	632072	333	338141	277998	100	90	2.73439	0.776361	52	51.9	0	461	1673	1.13445	0.85489	1839
109	601955	307	322010	264692	100	90	2.77642	0.776361	52	51.9	0	461	1673	1.12615	0.839041	1839
110	565755	282	303402	248364	100	90	2.75827	0.776361	52	51.9	0	461	1673	1.13712	0.851711	1839
111	529762	267	292003	237759	100	90	2.80963	0.776361	52	51.9	0	461	1673	1.14388	0.845528	1839
112	276270	247	50557.4	225713	100	90	0.110628	0.776361	52	51.9	246946	461	1673	1.00218	0.70674	1839
113	597768	235	234058	363709	100	90	0.0829454	0.776361	52	51.9	246946	461	1673	1.00165	0.707342	1839
114	862273	220	381715	480557	100	90	0.0857271	0.776361	52	51.9	246946	461	1673	1.00178	0.721781	1839
115	825324	193	384658	440666	100	90	0.0889606	0.776361	52	51.9	246946	461	1673	1.00211	0.750045	1839
116	862258	181	426607	435652	100	90	0.10653	0.776361	52	51.9	246946	461	1673	1.0031	0.755153	1839
117	975391	2846	495039	480352	100	90	1.28402	0.776361	52	51.9	246946	461	1673	1.00404	0.747475	1839
118	1.05862e+006	2598	543795	514830	100	90	1.58281	0.776361	52	51.9	246946	461	1673	1.00554	0.757086	1839
119	1.04449e+006	2000	541639	502855	100	90	1.6498	0.776361	52	51.9	246946	461	1673	1.00805	0.75241	1839
120	782423	1718	278486	503937	100	90	1.7664	0.776361	50	51.9	246946	461	1673	1.09987	0.931298	1839
121	879092	1418	385838	485627	100	90	0.935727	0.776361	52	51.9	0	461	1673	1.03922	0.758602	1839
122	964577	1160	459783	494266	100	90	0.761651	0.776361	52	51.9	0	461	1673	1.02715	0.746596	1839
123	1.06682e+006	952	527701	527833	100	90	0.669268	0.776361	52	51.9	0	461	1673	1.02438	0.743933	1839
124	1.13408e+006	767	568649	555332	100	90	0.663194	0.776361	52	51.9	0	461	1673	1.02661	0.746719	1839
125	1.14165e+006	709	580712	552126	100	90	0.726795	0.776361	52	51.9	0	461	1673	1.02895	0.751099	1839
126	1.12066e+006	1518	583060	537599	100	90	1.52635	0.776361	52	51.9	0	461	1673	1.0287	0.750431	1839
127	1.11839e+006	1443	588362	530025	100	90	1.69064	0.776361	52	51.9	0	461	1673	1.03204	0.741231	1839
128	1.0941e+006	1394	581128	512974	100	90	1.9465	0.776361	52	51.9	0	461	1673	1.0366	0.743025	1839
129	1.06732e+006	1195	571592	495726	100	90	2.03293	0.776361	52	51.9	0	461	1673	1.0376	0.737789	1839
130	999105	1011	538875	460230	100	90	2.09614	0.776361	52	51.9	0	461	1673	1.04088	0.741379	1839
131	973616	897	527957	445659	100	90	2.20584	0.776361	52	51.9	0	461	1673	1.05242	0.754868	1839
132	904037	750	491919	412117	100	90	2.28459	0.776361	52	51.9	0	461	1673	1.06827	0.763085	1839
133	845068	654	461013	384055	100	90	2.35484	0.776361	52	51.9	0	461	1673	1.06905	0.758294	1839
134	800216	584	437594	362623	100	90	2.3625	0.776361	52	51.9	0	461	1673	1.08424	0.778369	1839
135	755010	531	414431	340578	100	90	2.39475	0.776361	52	51.9	0	461	1673	1.09161	0.791749	1839
136	730196	492	396725	324686	100	90	2.44391	0.776361	52	51.9	0	461	1673	1.10877	0.791932	1839
137	725248	471	390025	319052	100	90	2.46982	0.776361	52	51.9	0	461	1673	1.1203	0.811111	1839
138	664163	427	355930	293109	100	90	2.51155	0.776361	52	51.9	0	461	1673	1.12688	0.802956	1839
139	581902	366	312559	256259	100	90	2.51951	0.776361	52	51.9	0	461	1673	1.12374	0.797688	1839
140	539154	326	290306	236776	100	90	2.58036	0.776361	52	51.9	0	461	1673	1.13314	0.80198	1839
141	454351	278	250420	203930	100	90	2.61518	0.776361	52	51.9	0	461	1673	1.13589	0.774319	1839
142	245763	257	48116.8	197646	100	90	0.101827	0.776361	52	51.9	209993	461	1673	1.00226	0.647043	1839
143	601856	249	245332	356524	100	90	0.0826969	0.776361	52	51.9	209993	461	1673	1.00175	0.644789	1839
144	854330	226	384247	470082	100	90	0.0812775	0.776361	52	51.9	209993	461	1673	1.00174	0.662691	1839
145	819832	208	385997	433835	100	90	0.0867653	0.776361	52	51.9	209993	461	1673	1.00204	0.703818	1839
146	867704	191	432262	435442	100	90	0.100921	0.776361	51	51.9	209993	461	1673	1.00251	0.715441	1839
147	984041	3229	501126	482914	100	90	1.28891	0.776361	51	51.9	209993	461	1673	1.00359	0.71379	1839
148	1.05974e+006	2753	543923	515816	100	90	1.53703	0.776361	51	51.9	209993	461	1673	1.00537	0.72598	1839
149	1.07018e+006	2189	554359	515820	100	90	1.6258	0.776361	51	51.9	209993	461	1673	1.00638	0.735581	1839
150	779950	1880	276965	502985	100	90	1.69194	0.776361	51	51.9	209993	461	1673	1.09242	0.899087	1839
151	884270	1557	389623	486116	100	90	0.917816	0.776361	52	51.9	0	461	1673	1.03957	0.72663	1839
152	1.02064e+006	1340	487425	521060	100	90	0.778648	0.776361	52	51.9	0	461	1673	1.0289	0.706308	1839
153	1.13297e+006	1120	559950	559400	100	90	0.718477	0.776361	52	51.9	0	461	1673	1.02744	0.702446	1839
154	1.18569e+006	934	595336	577849	100	90	0.73887	0.776361	52	51.9	0	461	1673	1.03068	0.71567	1839
155	1.17407e+006	861	598195	565414	100	90	0.81537	0.776361	52	51.9	0	461	1673	1.03115	0.727161	1839
156	1.17584e+006	1761	612567	563273	100	90	1.61597	0.776361	52	51.9	0	461	1673	1.03247	0.73293	1839
157	1.16027e+006	1677	610167	550102	100	90	1.77986	0.776361	52	51.9	0	461	1673	1.03444	0.723357	1839
158	1.14954e+006	1511	609546	539993	100	90	1.92296	0.776361	52	51.9	0	461	1673	1.03749	0.729803	1839
159	1.12035e+006	1268	597581	522770	100	90	2.04055	0.776361	52	51.9	0	461	1673	1.04279	0.721908	1839
160	1.06202e+006	1044	569659	492360	100	90	2.0929	0.776361	52	51.9	0	461	1673	1.05236	0.718075	1839
161	997673	895	537870	459803	100	90	2.18492	0.776361	52	51.9	0	461	1673	1.06109	0.716092	1839
162	944382	785	510164	434218	100	90	2.2681	0.776361	52	51.9	0	461	1673	1.08071	0.739474	1839
163	863759	684	468036	395723	100	90	2.34444	0.776361	52	51.9	0	461	1673	1.08939	0.74697	1839
164	840486	628	455381	385105	100	90	2.36638	0.776361	52	51.9	0	461	1673	1.10667	0.759536	1839
165	789643	567	428674	360969	100	90	2.45759	0.776361	52	51.9	0	461	1673	1.13249	0.788497	1839
166	764428	527	410494	345074	100	90	2.49414	0.776361	52	51.9	0	461	1673	1.14711	0.810865	1839
167	703456	471	374111	314482	100	90	2.53667	0.776361	52	51.9	0	461	1673	1.1609	0.830664	1839
168	654297	417	347710	292264	100	90	2.5844	0.776361	52	51.9	0	461	1673	1.1773	0.834646	1839
169	636500	393	338904	283728	100	90	2.6287	0.776361	52	51.9	0	461	1673	1.18557	0.853521	1839
170	582372	345	310497	259350	100	90	2.63519	0.776361	52	51.9	0	461	1673	1.2042	0.861842	1839
171	546695	326	298056	248639	100	90	2.66528	0.776361	52	51.9	0	461	1673	1.21242	0.865724	1839
172	290404	300	55321.2	235083	100	90	0.117436	0.776361	52	51.9	247210	461	1673	1.0041	0.677207	1839
173	643151	280	257260	385891	100	90	0.0901874	0.776361	52	51.9	247210	461	1673	1.00292	0.671632	1839
174	859438	243	383362	476076	100	90	0.0854188	0.776361	52	51.9	247210	461	1673	1.00278	0.693758	1839
175	813665	205	381101	432564	100	90	0.0828269	0.776361	52	51.9	247210	461	1673	1.00299	0.734019	1839
176	858825	188	425564	433261	100	90	0.098868	0.776361	52	51.9	247210	461	1673	1.00394	0.738529	1839
177	966488	3119	490158	476330	100	90	1.22072	0.776361	52	51.9	247210	461	1673	1.00517	0.738529	1839
178	1.03906e+006	2740	532537	506520	100	90	1.4748	0.776361	52	51.9	247210	461	1673	1.00674	0.747113	1839
179	1.038e+006	2168	537665	500330	100	90	1.54287	0.776361	52	51.9	247210	461	1673	1.00902	0.737097	1839
180	772196	1897	273736	498460	100	90	1.65276	0.776361	52	51.9	247210	461	1673	1.07922	0.863733	1839
181	848083	1503	372839	467487	100	90	0.826379	0.776361	52	51.9	0	461	1673	1.03031	0.716819	1839
182	996318	1305	476214	508845	100	90	0.680449	0.776361	52	51.9	0	461	1673	1.02257	0.708048	1839
183	1.12148e+006	1087	553969	555117	100	90	0.625738	0.776361	52	51.9	0	461	1673	1.02136	0.710462	1839
184	1.18135e+006	930	593040	576502	100	90	0.676509	0.776361	52	51.9	0	461	1673	1.02455	0.719807	1839
185	1.14809e+006	817	585061	552965	100	90	0.717172	0.776361	52	51.9	0	461	1673	1.02675	0.739005	1839
186	1.14264e+006	1748	595654	546985	100	90	1.4398	0.776361	52	51.9	0	461	1673	1.02782	0.735377	1839
187	1.12036e+006	1680	589692	530666	100	90	1.62746	0.776361	52	51.9	0	461	1673	1.02832	0.732019	1839
188	1.09644e+006	1528	581432	515007	100	90	1.83416	0.776361	52	51.9	0	461	1673	1.03158	0.724	1839
189	1.06302e+006	1227	567115	495908	100	90	1.95428	0.776361	52	51.9	0	461	1673	1.04008	0.718698	1839
190	1.03401e+006	1052	555587	478418	100	90	2.03784	0.776361	52	51.9	0	461	1673	1.04901	0.718173	1839
191	971879	884	524906	446973	100	90	2.15531	0.776361	52	51.9	0	461	1673	1.06058	0.717442	1839
192	893091	749	484368	408723	100	90	2.21933	0.776361	52	51.9	0	461	1673	1.0748	0.733882	1839
193	833677	648	452548	381129	100	90	2.28623	0.776361	52	51.9	0	461	1673	1.08761	0.729299	1839
194	797606	596	434255	363351	100	90	2.32035	0.776361	52	51.9	0	461	1673	1.10071	0.746528	1839
195	532892	533	196960	335932	100	90	2.31469	0.776361	52	51.9	0	461	1673	1.12033	0.762846	1839
196	570188	488	248645	315865	100	90	2.34025	0.776361	52	51.9	0	461	1673	1.12727	0.773913	1839
197	606245	462	292028	303274	100	90	2.38203	0.776361	52	51.9	0	461	1673	1.14028	0.790698	1839
198	592431	414	301460	279820	100	90	2.40746	0.776361	52	51.9	0	461	1673	1.14091	0.779528	1839
199	568404	382	296050	261108	100	90	2.44849	0.776361	52	51.9	0	461	1673	1.15641	0.793605	1839
200	537926	349	283329	244634	100	90	2.44172	0.776361	52	51.9	0	461	1673	1.16	0.796178	1839
201	495786	318	268311	227475	100	90	2.44693	0.776361	52	51.9	0	461	1673	1.17925	0.817544	1839
202	264994	294	50922.9	214071	100	90	0.113254	0.776361	52	51.9	223458	461	1673	1.00338	0.65603	1839
203	617662	281	248197	369465	100	90	0.0896709	0.776361	52	51.9	223458	461	1673	1.00251	0.648225	1839
204	815242	246	365447	449795	100	90	0.0866396	0.776361	52	51.9	223458	461	1673	1.00255	0.681143	1839
205	776573	217	366808	409765	100	90	0.0884336	0.776361	52	51.9	223458	461	1673	1.00279	0.726169	1839
206	865639	198	431838	433801	100	90	0.108421	0.776361	52	51.9	223458	461	1673	1.00404	0.735248	1839
207	996118	3147	506704	489415	100	90	1.24693	0.776361	52	51.9	223458	461	1673	1.00531	0.743027	1839
208	1.02617e+006	2639	526444	499725	100	90	1.48732	0.776361	52	51.9	223458	461	1673	1.00815	0.755609	1839
209	1.04381e+006	2119	541302	502508	100	90	1.53931	0.776361	52	51.9	223458	461	1673	1.01097	0.750747	1839
210	773810	1801	275133	498677	100	90	1.58639	0.776361	48	51.9	223458	461	1673	1.09107	0.89821	1839
211	859048	1482	379195	471173	100	90	0.854157	0.776361	52	51.9	0	461	1673	1.03634	0.71692	1839
212	978155	1254	467451	498618	100	90	0.710007	0.776361	52	51.9	0	461	1673	1.03008	0.706281	1839
213	1.07941e+006	1037	534271	531934	100	90	0.649303	0.776361	52	51.9	0	461	1673	1.02653	0.709077	1839
214	1.14455e+006	898	576150	555501	100	90	0.699272	0.776361	52	51.9	0	461	1673	1.02996	0.725998	1839
215	1.13291e+006	815	578946	542909	100	90	0.763515	0.776361	52	51.9	0	461	1673	1.03301	0.744434	1839
216	1.11122e+006	1536	580751	530468	100	90	1.43614	0.776361	52	51.9	0	461	1673	1.03654	0.734787	1839
217	1.08801e+006	1456	574544	513463	100	90	1.64607	0.776361	52	51.9	0	461	1673	1.04032	0.731796	1839
218	1.06196e+006	1377	565112	496848	100	90	1.81265	0.776361	52	51.9	0	461	1673	1.04163	0.736411	1839
219	1.02884e+006	1165	551058	477784	100	90	1.88534	0.776361	52	51.9	0	461	1673	1.05131	0.731278	1839
220	986876	997	532050	454826	100	90	1.95194	0.776361	52	51.9	0	461	1673	1.06052	0.727085	1839
221	916542	840	496688	419854	100	90	2.04559	0.776361	52	51.9	0	461	1673	1.0662	0.717418	1839
222	863566	740	470253	393313	100	90	2.08722	0.776361	52	51.9	0	461	1673	1.08136	0.72879	1839
223	818081	666	446396	371685	100	90	2.1735	0.776361	52	51.9	0	461	1673	1.09634	0.741784	1839
224	769785	604	420693	349092	100	90	2.22123	0.776361	52	51.9	0	461	1673	1.10181	0.746087	1839
225	693438	516	379368	314069	100	90	2.18325	0.776361	52	51.9	0	461	1673	1.11987	0.771255	1839
226	626717	449	340218	279539	100	90	2.22178	0.776361	52	51.9	0	461	1673	1.11434	0.755196	1839
227	606586	418	326769	267826	100	90	2.2565	0.776361	52	51.9	0	461	1673	1.10828	0.731527	1839
228	544519	363	292256	241091	100	90	2.25293	0.776361	52	51.9	0	461	1673	1.12438	0.737143	1839
229	504789	332	271200	223535	100	90	2.29073	0.776361	52	51.9	0	461	1673	1.13598	0.74375	1839
230	456495	295	245486	202222	100	90	2.3291	0.776361	52	51.9	0	461	1673	1.14474	0.752688	1839
231	424493	275	233119	191374	100	90	2.33398	0.776361	52	51.9	0	461	1673	1.14336	0.762452	1839
232	221880	251	40069.9	181811	100	90	0.0904957	0.776361	52	51.9	197698	461	1673	1.0021	0.634877	1839
233	591302	230	243907	347395	100	90	0.0701838	0.776361	52	51.9	197698	461	1673	1.00162	0.62804	1839
234	799151	196	362582	436569	100	90	0.0653989	0.776361	52	51.9	197698	461	1673	1.00162	0.657194	1839
235	739819	177	352852	386967	100	90	0.0684397	0.776361	52	51.9	197698	461	1673	1.00173	0.714131	1839
236	847716	166	427929	419787	100	90	0.0855832	0.776361	52	51.9	197698	461	1673	1.00239	0.723598	1839
237	979304	3315	501175	478129	100	90	1.17896	0.776361	52	51.9	197698	461	1673	1.00335	0.726562	1839
238	1.01159e+006	2714	520487	491105	100	90	1.3678	0.776361	52	51.9	197698	461	1673	1.00453	0.736449	1839
239	1.04444e+006	2185	542988	501451	100	90	1.4168	0.776361	52	51.9	197698	461	1673	1.00643	0.71679	1839
240	750506	1889	267694	482812	100	90	1.52945	0.776361	49	51.9	197698	461	1673	1.07401	0.829087	1839
241	865138	1588	383070	472890	100	90	0.813044	0.776361	52	51.9	0	461	1673	1.03077	0.685736	1839
242	988234	1315	473439	502001	100	90	0.665195	0.776361	52	51.9	0	461	1673	1.024	0.677152	1839
243	1.10259e+006	1078	546331	541748	100	90	0.612126	0.776361	52	51.9	0	461	1673	1.02156	0.668534	1839
244	1.15325e+006	915	580203	559201	100	90	0.634985	0.776361	52	51.9	0	461	1673	1.02253	0.686781	1839
245	1.13495e+006	835	580340	542205	100	90	0.692664	0.776361	52	51.9	0	461	1673	1.02495	0.708723	1839
246	1.11655e+006	1734	584316	532236	100	90	1.35902	0.776361	52	51.9	0	461	1673	1.02497	0.703265	1839
247	1.09307e+006	1524	578353	514718	100	90	1.48884	0.776361	52	51.9	0	461	1673	1.02755	0.699393	1839
248	1.07245e+006	1483	571710	500745	100	90	1.69746	0.776361	52	51.9	0	461	1673	1.02697	0.696514	1839
249	1.0294e+006	1219	552833	476572	100	90	1.82545	0.776361	52	51.9	0	461	1673	1.03032	0.688852	1839
250	1.0097e+006	1060	546222	463482	100	90	1.88111	0.776361	52	51.9	0	461	1673	1.03448	0.692529	1839
251	910977	888	494737	416241	100	90	1.96092	0.776361	52	51.9	0	461	1673	1.03907	0.699885	1839
252	865945	779	472379	393566	100	90	2.02081	0.776361	52	51.9	0	461	1673	1.04757	0.708713	1839
253	798797	678	436584	362214	100	90	2.04241	0.776361	52	51.9	0	461	1673	1.0518	0.71194	1839
254	743588	596	407043	336545	100	90	2.08665	0.776361	52	51.9	0	461	1673	1.06933	0.736395	1839
255	681367	522	373651	307716	100	90	2.1402	0.776361	52	51.9	0	461	1673	1.09325	0.747573	1839
256	631337	458	342769	282209	100	90	2.17686	0.776361	52	51.9	0	461	1673	1.11954	0.772829	1839
257	577756	413	311639	255599	100	90	2.21879	0.776361	52	51.9	0	461	1673	1.12391	0.768657	1839
258	526949	369	283904	232875	100	90	2.24013	0.776361	52	51.9	0	461	1673	1.13119	0.765363	1839
259	483565	333	260963	213286	100	90	2.27967	0.776361	52	51.9	0	461	1673	1.13521	0.754717	1839
260	431444	291	234049	189403	100	90	2.31771	0.776361	52	51.9	0	461	1673	1.13443	0.741935	1839
261	365133	244	202022	163111	100	90	2.35661	0.776361	52	51.9	0	461	1673	1.16466	0.79386	1839
262	185820	214	34964.6	150855	100	90	0.0748981	0.776361	52	51.9	172135	461	1673	1.00211	0.623873	1839
263	568057	179	241994	326063	100	90	0.0553458	0.776361	52	51.9	172135	461	1673	1.00166	0.615684	1839
264	743935	157	340410	403524	100	90	0.0526936	0.776361	52	51.9	172135	461	1673	1.00158	0.659574	1839
265	687125	153	331184	355942	100	90	0.0589365	0.776361	52	51.9	172135	461	1673	1.00199	0.722175	1839
266	833298	146	424196	409102	100	90	0.078392	0.776361	52	51.9	172135	461	1673	1.00299	0.732788	1839
267	990982	3370	509119	481863	100	90	1.22936	0.776361	52	51.9	172135	461	1673	1.00428	0.745209	1839
268	1.00839e+006	2716	519902	488490	100	90	1.42678	0.776361	52	51.9	172135	461	1673	1.00572	0.763324	1839
269	1.00465e+006	2066	524140	480515	100	90	1.39942	0.776361	52	51.9	172135	461	1673	1.0074	0.758188	1839
270	747742	1877	268718	479024	100	90	1.4905	0.776361	50	51.9	172135	461	1673	1.08349	0.90364	1839
271	843235	1512	375341	458161	100	90	0.793137	0.776361	52	51.9	0	461	1673	1.03509	0.685809	1839
272	967488	1243	465933	487880	100	90	0.638196	0.776361	52	51.9	0	461	1673	1.02754	0.666219	1839
273	1.10945e+006	1045	550642	543312	100	90	0.606882	0.776361	52	51.9	0	461	1673	1.02701	0.675926	1839
274	1.17342e+006	930	591670	566784	100	90	0.665606	0.776361	52	51.9	0	461	1673	1.0314	0.707766	1839
275	1.14869e+006	856	589135	546631	100	90	0.71368	0.776361	52	51.9	0	461	1673	1.03231	0.732748	1839
276	1.16173e+006	1819	610776	550958	100	90	1.41235	0.776361	52	51.9	0	461	1673	1.0342	0.731738	1839
277	1.12472e+006	1582	596486	528233	100	90	1.5968	0.776361	52	51.9	0	461	1673	1.03766	0.723549	1839
278	1.10651e+006	1455	591257	515254	100	90	1.75232	0.776361	52	51.9	0	461	1673	1.03958	0.713086	1839
279	1.08134e+006	1242	581441	499897	100	90	1.85778	0.776361	52	51.9	0	461	1673	1.04487	0.712059	1839
280	1.05212e+006	1087	568641	483475	100	90	1.9154	0.776361	52	51.9	0	461	1673	1.05038	0.707591	1839
281	1.01519e+006	962	550545	464641	100	90	1.98042	0.776361	52	51.9	0	461	1673	1.05606	0.700212	1839
282	972515	867	528488	444027	100	90	2.03527	0.776361	52	51.9	0	461	1673	1.0636	0.716804	1839
283	906925	771	494405	412519	100	90	2.08309	0.776361	52	51.9	0	461	1673	1.07821	0.718626	1839
284	877788	710	479106	398682	100	90	2.1241	0.776361	52	51.9	0	461	1673	1.08899	0.715925	1839
285	801000	628	437699	363301	100	90	2.16179	0.776361	52	51.9	0	461	1673	1.10373	0.715447	1839
286	759752	584	410997	341132	100	90	2.20201	0.776361	52	51.9	0	461	1673	1.113	0.728395	1839
287	689533	509	370287	306568	100	90	2.23383	0.776361	52	51.9	0	461	1673	1.12364	0.754601	1839
288	670553	484	360076	297604	100	90	2.28601	0.776361	52	51.9	0	461	1673	1.11891	0.754348	1839
289	621611	442	334530	275072	100	90	2.30942	0.776361	52	51.9	0	461	1673	1.12281	0.745192	1839
290	557873	401	300874	246717	100	90	2.33086	0.776361	52	51.9	0	461	1673	1.12687	0.744	1839
291	512361	372	281882	230479	100	90	2.30953	0.776361	52	51.9	0	461	1673	1.13636	0.724138	1839
292	249995	326	48940.8	201054	100	90	0.113146	0.776361	52	51.9	234293	461	1673	1.00225	0.626167	1839
293	631915	319	260668	371248	100	90	0.0928926	0.776361	52	51.9	234293	461	1673	1.00191	0.617331	1839
294	788003	287	357397	430606	100	90	0.0932981	0.776361	52	51.9	234293	461	1673	1.00233	0.643237	1839
295	737511	271	354176	383335	100	90	0.100855	0.776361	52	51.9	234293	461	1673	1.00237	0.688455	1839
296	857500	230	435086	422414	100	90	0.117146	0.776361	52	51.9	234293	461	1673	1.00308	0.697025	1839
297	997876	3110	512160	485716	100	90	1.14758	0.776361	52	51.9	234293	461	1673	1.00394	0.708407	1839
298	1.04511e+006	2613	538857	506253	100	90	1.35998	0.776361	52	51.9	234293	461	1673	1.00575	0.71898	1839
299	1.03794e+006	2061	540711	497228	100	90	1.40616	0.776361	52	51.9	234293	461	1673	1.00758	0.722176	1839
300	777363	1872	278330	499033	100	90	1.47218	0.776361	49	51.9	234293	461	1673	1.08798	0.873588	1839
301	884877	1563	393365	481942	100	90	0.786172	0.776361	52	51.9	0	461	1673	1.03429	0.693365	1839
302	1.00172e+006	1323	480869	507158	100	90	0.663056	0.776361	52	51.9	0	461	1673	1.02565	0.67339	1839
303	1.12227e+006	1124	556865	550250	100	90	0.612156	0.776361	52	51.9	0	461	1673	1.02379	0.676288	1839
304	1.13921e+006	927	574908	550678	100	90	0.621176	0.776361	52	51.9	0	461	1673	1.02438	0.691981	1839
305	1.11656e+006	846	573711	531090	100	90	0.676579	0.776361	52	51.9	0	461	1673	1.02662	0.707353	1839
306	1.15945e+006	1686	610419	549036	100	90	1.30727	0.776361	52	51.9	0	461	1673	1.02844	0.698222	1839
307	1.14014e+006	1577	605745	534394	100	90	1.46709	0.776361	52	51.9	0	461	1673	1.03167	0.702278	1839
308	1.11018e+006	1513	593790	516394	100	90	1.67539	0.776361	52	51.9	0	461	1673	1.03473	0.702013	1839
309	1.07355e+006	1259	577900	495651	100	90	1.78404	0.776361	52	51.9	0	461	1673	1.04014	0.697581	1839
310	1.04847e+006	1096	567477	480992	100	90	1.8455	0.776361	52	51.9	0	461	1673	1.04007	0.700093	1839
311	1.02929e+006	986	559325	469961	100	90	1.93131	0.776361	52	51.9	0	461	1673	1.04993	0.693983	1839
312	957053	843	521261	435792	100	90	2.01743	0.776361	52	51.9	0	461	1673	1.05525	0.690998	1839
313	907389	763	495418	411971	100	90	2.05943	0.776361	52	51.9	0	461	1673	1.06489	0.701211	1839
314	847867	693	463759	384108	100	90	2.09646	0.776361	52	51.9	0	461	1673	1.07664	0.711538	1839
315	787397	621	431397	355999	100	90	2.14231	0.776361	52	51.9	0	461	1673	1.09078	0.72	1839
316	739159	567	401839	329796	100	90	2.17265	0.776361	52	51.9	0	461	1673	1.1039	0.732965	1839
317	517532	533	197686	318502	100	90	2.17729	0.776361	52	51.9	0	461	1673	1.10721	0.735812	1839
318	555141	493	249398	300075	100	90	2.19058	0.776361	52	51.9	0	461	1673	1.11868	0.7431	1839
319	580030	466	285240	285791	100	90	2.21696	0.776361	52	51.9	0	461	1673	1.12343	0.751708	1839
320	569502	431	293852	267656	100	90	2.23	0.776361	52	51.9	0	461	1673	1.1422	0.78	1839
321	526193	383	281555	244637	100	90	2.21949	0.776361	52	51.9	0	461	1673	1.16104	0.793201	1839
322	271152	340	50881.5	220271	100	90	0.122025	0.776361	52	51.9	239646	461	1673	1.00329	0.659313	1839
323	629739	329	253584	376155	100	90	0.097762	0.776361	52	51.9	239646	461	1673	1.00257	0.647198	1839
324	844244	311	380067	464177	100	90	0.0989984	0.776361	52	51.9	239646	461	1673	1.00244	0.676318	1839
325	794423	292	377725	416698	100	90	0.110954	0.776361	52	51.9	239646	461	1673	1.00291	0.724734	1839
326	899052	278	453074	445978	100	90	0.144588	0.776361	52	51.9	239646	461	1673	1.00385	0.736054	1839
327	1.01612e+006	3298	521608	494512	100	90	1.21851	0.776361	51	51.9	239646	461	1673	1.00438	0.748379	1839
328	1.05552e+006	2699	545187	510332	100	90	1.41704	0.776361	51	51.9	239646	461	1673	1.00703	0.750525	1839
329	1.06473e+006	2138	555835	508892	100	90	1.40895	0.776361	51	51.9	239646	461	1673	1.0096	0.751445	1839
330	778857	1845	279493	499364	100	90	1.4651	0.776361	48	51.9	239646	461	1673	1.09176	0.896947	1839
331	870737	1506	387671	473230	100	90	0.784746	0.776361	52	51.9	0	461	1673	1.03613	0.708453	1839
332	985691	1248	475075	497195	100	90	0.619326	0.776361	52	51.9	0	461	1673	1.02592	0.698652	1839
333	1.11641e+006	1061	553734	546748	100	90	0.572298	0.776361	52	51.9	0	461	1673	1.02334	0.693983	1839
334	1.16948e+006	929	588978	565501	100	90	0.598328	0.776361	52	51.9	0	461	1673	1.02481	0.709205	1839
335	1.13891e+006	863	583634	542194	100	90	0.641581	0.776361	52	51.9	0	461	1673	1.02577	0.722348	1839
336	1.125e+006	1835	592246	532759	100	90	1.32086	0.776361	52	51.9	0	461	1673	1.02854	0.725911	1839
337	1.11053e+006	1705	589769	520763	100	90	1.47106	0.776361	52	51.9	0	461	1673	1.03153	0.727178	1839
338	1.06477e+006	1546	570210	494559	100	90	1.63165	0.776361	52	51.9	0	461	1673	1.03221	0.725066	1839
339	1.01154e+006	1249	545744	465794	100	90	1.77191	0.776361	52	51.9	0	461	1673	1.03885	0.724696	1839
340	984255	1081	534318	449937	100	90	1.84238	0.776361	52	51.9	0	461	1673	1.03863	0.725234	1839
341	926965	911	505344	421621	100	90	1.91644	0.776361	52	51.9	0	461	1673	1.04428	0.72049	1839
342	850946	774	465368	385578	100	90	1.96204	0.776361	52	51.9	0	461	1673	1.05703	0.724409	1839
343	824653	713	452016	372637	100	90	2.05576	0.776361	52	51.9	0	461	1673	1.06897	0.737822	1839
344	760395	631	417273	343122	100	90	2.11534	0.776361	52	51.9	0	461	1673	1.07442	0.742718	1839
345	691361	549	380555	310806	100	90	2.16067	0.776361	52	51.9	0	461	1673	1.08239	0.744879	1839
346	675910	517	369356	300263	100	90	2.18884	0.776361	52	51.9	0	461	1673	1.08787	0.744094	1839
347	613706	455	332870	270298	100	90	2.20252	0.776361	52	51.9	0	461	1673	1.09939	0.744395	1839
348	576672	417	312842	253518	100	90	2.19026	0.776361	52	51.9	0	461	1673	1.12162	0.75495	1839
349	513962	364	279452	225766	100	90	2.17264	0.776361	52	51.9	0	461	1673	1.14844	0.782857	1839
350	478230	332	260388	209811	100	90	2.16231	0.776361	52	51.9	0	461	1673	1.16474	0.8	1839
351	426514	296	236388	190125	100	90	2.18706	0.776361	52	51.9	0	461	1673	1.16066	0.801418	1839
352	225010	274	41798.1	183212	100	90	0.0924279	0.776361	52	51.9	199339	461	1673	1.00274	0.641365	1839
353	592751	234	249012	343739	100	90	0.0685615	0.776361	52	51.9	199339	461	1673	1.00192	0.637606	1839
354	780961	217	357252	423709	100	90	0.0693333	0.776361	52	51.9	199339	461	1673	1.00206	0.664401	1839
355	715783	193	344395	371389	100	90	0.070459	0.776361	51	51.9	199339	461	1673	1.00225	0.71315	1839
356	845673	177	428722	416951	100	90	0.0875862	0.776361	51	51.9	199339	461	1673	1.00294	0.726705	1839
357	974271	3509	499775	474495	100	90	1.18926	0.776361	51	51.9	199339	461	1673	1.00378	0.734709	1839
358	1.02448e+006	2896	528184	496294	100	90	1.385	0.776361	51	51.9	199339	461	1673	1.00553	0.741866	1839
359	1.01853e+006	2261	530849	487680	100	90	1.37403	0.776361	51	51.9	199339	461	1673	1.00577	0.739715	1839
360	765914	1978	274320	491594	100	90	1.44759	0.776361	45	51.9	199339	461	1673	1.08002	0.873604	1839
361	863617	1656	382020	471289	100	90	0.777724	0.776361	52	51.9	0	461	1673	1.03213	0.702589	1839
362	1.0065e+006	1419	481594	509924	100	90	0.648258	0.776361	52	51.9	0	461	1673	1.02428	0.685995	1839
363	1.10787e+006	1135	548405	543510	100	90	0.572759	0.776361	52	51.9	0	461	1673	1.0226	0.681216	1839
364	1.15509e+006	965	582071	558356	100	90	0.597001	0.776361	52	51.9	0	461	1673	1.02361	0.701849	1839
365	1.11594e+006	855	572326	531270	100	90	0.642387	0.776361	52	51.9	0	461	1673	1.02501	0.716756	1839
366	1.11116e+006	1821	584416	526747	100	90	1.28567	0.776361	52	51.9	0	461	1673	1.02613	0.716654	1839
367	1.09819e+006	1663	583998	514193	100	90	1.51601	0.776361	52	51.9	0	461	1673	1.02998	0.714978	1839
368	1.09693e+006	1542	587586	509344	100	90	1.68197	0.776361	52	51.9	0	461	1673	1.03335	0.723572	1839
369	1.06025e+006	1267	571473	488775	100	90	1.80867	0.776361	52	51.9	0	461	1673	1.0396	0.714171	1839
370	996680	1070	539106	457575	100	90	1.86043	0.776361	52	51.9	0	461	1673	1.04612	0.72296	1839
371	933413	907	506848	426565	100	90	1.91141	0.776361	52	51.9	0	461	1673	1.05263	0.720982	1839
372	865932	772	471605	394327	100	90	1.98348	0.776361	52	51.9	0	461	1673	1.05894	0.71805	1839
373	842511	714	459769	382741	100	90	2.04113	0.776361	52	51.9	0	461	1673	1.06519	0.722063	1839
374	792637	650	433463	359174	100	90	2.0966	0.776361	52	51.9	0	461	1673	1.07663	0.740916	1839
375	735362	577	402600	332762	100	90	2.16769	0.776361	52	51.9	0	461	1673	1.08722	0.75	1839
376	663373	493	359664	296449	100	90	2.19124	0.776361	52	51.9	0	461	1673	1.10507	0.754202	1839
377	637370	460	343329	281787	100	90	2.19357	0.776361	52	51.9	0	461	1673	1.11928	0.772009	1839
378	607254	433	327116	268266	100	90	2.23448	0.776361	52	51.9	0	461	1673	1.12473	0.775362	1839
379	558683	391	301411	246195	100	90	2.28408	0.776361	52	51.9	0	461	1673	1.11663	0.765499	1839
380	536230	366	289788	235864	100	90	2.29294	0.776361	52	51.9	0	461	1673	1.12567	0.772989	1839
381	498632	347	275444	223188	100	90	2.30279	0.776361	52	51.9	0	461	1673	1.1474	0.785276	1839
382	259827	322	48718	211109	100	90	0.111908	0.776361	52	51.9	229713	461	1673	1.00289	0.620913	1839
383	624854	298	254264	370590	100	90	0.0879211	0.776361	52	51.9	229713	461	1673	1.002	0.612056	1839
384	805900	254	363867	442033	100	90	0.0813451	0.776361	52	51.9	229713	461	1673	1.00205	0.644195	1839
385	744845	223	353944	390902	100	90	0.0829376	0.776361	52	51.9	229713	461	1673	1.00227	0.690665	1839
386	862222	195	434728	427494	100	90	0.0960643	0.776361	51	51.9	229713	461	1673	1.00294	0.708081	1839
387	985779	3337	504720	481059	100	90	1.17519	0.776361	51	51.9	229713	461	1673	1.00348	0.719139	1839
388	1.05867e+006	2876	545124	513548	100	90	1.42153	0.776361	51	51.9	229713	461	1673	1.00578	0.730172	1839
389	1.04882e+006	2287	545279	503543	100	90	1.46011	0.776361	51	51.9	229713	461	1673	1.00774	0.731453	1839
390	769527	1948	274058	495469	100	90	1.50797	0.776361	49	51.9	229713	461	1673	1.0759	0.850361	1839
391	856548	1563	377931	469630	100	90	0.77211	0.776361	52	51.9	0	461	1673	1.03045	0.672095	1839
392	1.01593e+006	1351	486041	516800	100	90	0.656075	0.776361	52	51.9	0	461	1673	1.02446	0.659891	1839
393	1.14733e+006	1163	566744	565662	100	90	0.641249	0.776361	52	51.9	0	461	1673	1.02392	0.660943	1839
394	1.17967e+006	986	593007	572726	100	90	0.676313	0.776361	52	51.9	0	461	1673	1.02685	0.680386	1839
395	1.16346e+006	924	595805	555279	100	90	0.783613	0.776361	52	51.9	0	461	1673	1.03168	0.703531	1839
396	1.16956e+006	1686	613208	556352	100	90	1.39699	0.776361	52	51.9	0	461	1673	1.03452	0.704817	1839
397	1.17221e+006	1620	619069	553137	100	90	1.60527	0.776361	52	51.9	0	461	1673	1.04195	0.703555	1839
398	1.11642e+006	1426	594169	522249	100	90	1.73784	0.776361	52	51.9	0	461	1673	1.04618	0.705712	1839
399	1.08243e+006	1183	579916	502515	100	90	1.82878	0.776361	52	51.9	0	461	1673	1.05496	0.696444	1839
400	995711	966	536775	458935	100	90	1.85536	0.776361	52	51.9	0	461	1673	1.0633	0.696068	1839
401	926505	827	501603	424902	100	90	1.96115	0.776361	52	51.9	0	461	1673	1.08029	0.700249	1839
402	856501	726	465093	391409	100	90	2.02569	0.776361	52	51.9	0	461	1673	1.0871	0.692199	1839
403	864151	703	470144	394007	100	90	2.10048	0.776361	52	51.9	0	461	1673	1.10366	0.70354	1839
404	788780	622	429723	359057	100	90	2.14917	0.776361	52	51.9	0	461	1673	1.12266	0.720736	1839
405	718833	551	392061	326772	100	90	2.19022	0.776361	52	51.9	0	461	1673	1.13729	0.752874	1839
406	692721	509	374416	310462	100	90	2.19866	0.776361	52	51.9	0	461	1673	1.15226	0.762994	1839
407	655130	457	351120	290945	100	90	2.21112	0.776361	52	51.9	0	461	1673	1.18913	0.793427	1839
408	617333	423	330978	274053	100	90	2.23184	0.776361	52	51.9	0	461	1673	1.19139	0.789744	1839
409	571838	380	306557	253488	100	90	2.22173	0.776361	52	51.9	0	461	1673	1.19789	0.77937	1839
410	515944	346	277392	228522	100	90	2.23311	0.776361	52	51.9	0	461	1673	1.19242	0.778481	1839
411	479791	327	263383	216408	100	90	2.24181	0.776361	52	51.9	0	461	1673	1.20063	0.755034	1839
412	244433	300	44820.4	199612	100	90	0.104166	0.776361	52	51.9	221738	461	1673	1.00292	0.633195	1839
413	600988	264	247455	353533	100	90	0.0763786	0.776361	52	51.9	221738	461	1673	1.00198	0.626905	1839
414	799461	250	361144	438318	100	90	0.0784223	0.776361	52	51.9	221738	461	1673	1.00202	0.655143	1839
415	737485	215	351666	385818	100	90	0.0783299	0.776361	52	51.9	221738	461	1673	1.00183	0.705498	1839
416	847287	204	426244	421043	100	90	0.100767	0.776361	52	51.9	221738	461	1673	1.00243	0.712191	1839
417	956819	3131	488178	468641	100	90	1.13731	0.776361	52	51.9	221738	461	1673	1.00269	0.725688	1839
418	1.02236e+006	2764	525750	496608	100	90	1.38634	0.776361	52	51.9	221738	461	1673	1.0037	0.730025	1839
419	1.02451e+006	2186	533225	491285	100	90	1.43346	0.776361	52	51.9	221738	461	1673	1.00445	0.735176	1839
420	747801	1901	267838	479963	100	90	1.49097	0.776361	52	51.9	221738	461	1673	1.07555	0.865364	1839
421	849367	1587	376935	463087	100	90	0.760094	0.776361	52	51.9	0	461	1673	1.02831	0.687535	1839
422	997654	1348	478444	505926	100	90	0.639795	0.776361	52	51.9	0	461	1673	1.02208	0.680177	1839
423	1.0985e+006	1044	543362	541596	100	90	0.553251	0.776361	52	51.9	0	461	1673	1.0194	0.682073	1839
424	1.14143e+006	885	574322	554442	100	90	0.579646	0.776361	52	51.9	0	461	1673	1.02125	0.710223	1839
425	1.09406e+006	786	560929	522362	100	90	0.626075	0.776361	52	51.9	0	461	1673	1.02206	0.728708	1839
426	1.08315e+006	1826	568437	514714	100	90	1.35393	0.776361	52	51.9	0	461	1673	1.02218	0.723798	1839
427	1.06566e+006	1621	565104	500560	100	90	1.54285	0.776361	52	51.9	0	461	1673	1.02747	0.724099	1839
428	1.04759e+006	1424	560091	487503	100	90	1.73151	0.776361	52	51.9	0	461	1673	1.0288	0.708185	1839
429	998456	1151	536724	461732	100	90	1.84829	0.776361	52	51.9	0	461	1673	1.03408	0.708113	1839
430	943861	956	510793	433068	100	90	1.90734	0.776361	52	51.9	0	461	1673	1.03631	0.703191	1839
431	905680	840	491814	413867	100	90	1.98122	0.776361	52	51.9	0	461	1673	1.04482	0.710303	1839
432	854881	750	465531	389350	100	90	2.05845	0.776361	52	51.9	0	461	1673	1.06164	0.724796	1839
433	777926	644	424176	353750	100	90	2.12382	0.776361	52	51.9	0	461	1673	1.07022	0.734177	1839
434	714899	568	390235	324664	100	90	2.16122	0.776361	52	51.9	0	461	1673	1.08207	0.748654	1839
435	658954	506	360221	298733	100	90	2.20848	0.776361	52	51.9	0	461	1673	1.1065	0.763265	1839
436	639333	472	345753	286772	100	90	2.24704	0.776361	52	51.9	0	461	1673	1.11111	0.759912	1839
437	589229	432	315938	262499	100	90	2.24685	0.776361	52	51.9	0	461	1673	1.11233	0.770732	1839
438	518496	365	278144	230163	100	90	2.22238	0.776361	52	51.9	0	461	1673	1.11825	0.768116	1839
439	472951	325	254216	210170	100	90	2.25475	0.776361	52	51.9	0	461	1673	1.11765	0.771242	1839
440	410314	275	221116	182181	100	90	2.25358	0.776361	52	51.9	0	461	1673	1.12715	0.808594	1839
441	381136	253	209396	171740	100	90	2.26104	0.776361	52	51.9	0	461	1673	1.14068	0.824034	1839
442	207953	237	38489.3	169464	100	90	0.0842643	0.776361	52	51.9	175772	461	1673	1.00195	0.669737	1839
443	572708	204	240818	331890	100	90	0.0635517	0.776361	52	51.9	175772	461	1673	1.00141	0.662828	1839
444	775825	176	356617	419209	100	90	0.0598456	0.776361	52	51.9	175772	461	1673	1.00144	0.699537	1839
445	723349	155	348203	375146	100	90	0.0608483	0.776361	52	51.9	175772	461	1673	1.00172	0.746993	1839
446	824377	130	417581	406796	100	90	0.0683169	0.776361	52	51.9	175772	461	1673	1.0022	0.754605	1839
447	981593	3646	503737	477856	100	90	1.23147	0.776361	52	51.9	175772	461	1673	1.00279	0.763284	1839
448	1.03714e+006	2954	534217	502918	100	90	1.41671	0.776361	52	51.9	175772	461	1673	1.00469	0.770263	1839
449	1.02162e+006	2211	531016	490606	100	90	1.42088	0.776361	52	51.9	175772	461	1673	1.00595	0.754604	1839
450	765002	1932	273493	491509	100	90	1.4834	0.776361	49	51.9	175772	461	1673	1.08139	0.899636	1839
451	863612	1582	383230	470198	100	90	0.841249	0.776361	52	51.9	0	461	1673	1.03717	0.728864	1839
452	986790	1324	473201	499106	100	90	0.694933	0.776361	52	51.9	0	461	1673	1.0286	0.712907	1839
453	1.10216e+006	1114	546456	539572	100	90	0.658199	0.776361	52	51.9	0	461	1673	1.0276	0.710165	1839
454	1.15559e+006	955	582679	557918	100	90	0.699288	0.776361	52	51.9	0	461	1673	1.02786	0.72739	1839
455	1.14672e+006	882	587265	546076	100	90	0.773938	0.776361	52	51.9	0	461	1673	1.03038	0.751148	1839
456	1.13891e+006	1685	599221	539686	100	90	1.42138	0.776361	52	51.9	0	461	1673	1.03397	0.764194	1839
457	1.1359e+006	1562	602560	533338	100	90	1.58122	0.776361	52	51.9	0	461	1673	1.03788	0.759094	1839
458	1.11438e+006	1412	595139	519239	100	90	1.70813	0.776361	52	51.9	0	461	1673	1.04263	0.748196	1839
459	1.10381e+006	1227	593391	510422	100	90	1.83069	0.776361	52	51.9	0	461	1673	1.05473	0.749793	1839
460	1.03528e+006	1049	559069	476207	100	90	1.87905	0.776361	52	51.9	0	461	1673	1.05633	0.744908	1839
461	959343	885	519914	439428	100	90	1.99002	0.776361	52	51.9	0	461	1673	1.06027	0.73908	1839
462	881445	759	479009	402436	100	90	2.05439	0.776361	52	51.9	0	461	1673	1.06361	0.734501	1839
463	802203	661	438177	364026	100	90	2.08526	0.776361	52	51.9	0	461	1673	1.07615	0.732198	1839
464	737348	584	403369	333979	100	90	2.10849	0.776361	52	51.9	0	461	1673	1.08187	0.752632	1839
465	684934	523	375124	309810	100	90	2.15153	0.776361	52	51.9	0	461	1673	1.10256	0.769231	1839
466	642615	474	348709	286907	100	90	2.15372	0.776361	52	51.9	0	461	1673	1.11969	0.780435	1839
467	587883	420	316805	260180	100	90	2.15322	0.776361	52	51.9	0	461	1673	1.13626	0.791155	1839
468	530045	361	285782	234196	100	90	2.16035	0.776361	52	51.9	0	461	1673	1.14653	0.784483	1839
469	517317	342	279345	228001	100	90	2.19132	0.776361	52	51.9	0	461	1673	1.14169	0.772036	1839
470	503283	331	272129	221515	100	90	2.23933	0.776361	52	51.9	0	461	1673	1.13994	0.767742	1839
471	310750	296	120361	190389	100	90	2.20254	0.776361	52	51.9	0	461	1673	1.1377	0.770909	1839
472	209753	254	38814.3	170938	100	90	0.0796568	0.776361	52	51.9	124438	461	1673	1.00174	0.635551	1839
473	612541	241	253848	358693	100	90	0.0713895	0.776361	52	51.9	124438	461	1673	1.00165	0.63403	1839
474	787268	228	357740	429529	100	90	0.0725496	0.776361	52	51.9	124438	461	1673	1.00188	0.663462	1839
475	724667	213	347320	377347	100	90	0.0776532	0.776361	52	51.9	124438	461	1673	1.00201	0.710079	1839
476	853421	199	431529	421892	100	90	0.0973886	0.776361	52	51.9	124438	461	1673	1.00288	0.720372	1839
477	981407	3530	502773	478634	100	90	1.23887	0.776361	51	51.9	124438	461	1673	1.00386	0.734541	1839
478	1.02397e+006	2767	527635	496339	100	90	1.4006	0.776361	51	51.9	124438	461	1673	1.00673	0.749223	1839
479	1.03717e+006	2304	539742	497433	100	90	1.44954	0.776361	51	51.9	124438	461	1673	1.00841	0.753267	1839
480	753953	1951	269118	484834	100	90	1.484	0.776361	47	51.9	124438	461	1673	1.08081	0.884596	1839
481	852380	1582	377099	465497	100	90	0.767063	0.776361	52	51.9	0	461	1673	1.03323	0.694673	1839
482	987558	1326	472474	501454	100	90	0.640267	0.776361	52	51.9	0	461	1673	1.02506	0.682805	1839
483	1.12428e+006	1147	555513	552855	100	90	0.613991	0.776361	52	51.9	0	461	1673	1.02354	0.683696	1839
484	1.16749e+006	968	586026	566748	100	90	0.642846	0.776361	52	51.9	0	461	1673	1.02647	0.70737	1839
485	1.14903e+006	912	587688	548300	100	90	0.716179	0.776361	52	51.9	0	461	1673	1.02939	0.731968	1839
486	1.12486e+006	1835	589279	535583	100	90	1.37193	0.776361	52	51.9	0	461	1673	1.02893	0.72595	1839
487	1.10047e+006	1610	581892	518577	100	90	1.52416	0.776361	52	51.9	0	461	1673	1.03202	0.732057	1839
488	1.08695e+006	1548	579063	507892	100	90	1.71037	0.776361	52	51.9	0	461	1673	1.03057	0.714192	1839
489	1.03742e+006	1233	556686	480729	100	90	1.82119	0.776361	52	51.9	0	461	1673	1.04106	0.718159	1839
490	996796	1050	537812	458984	100	90	1.8658	0.776361	52	51.9	0	461	1673	1.04844	0.727713	1839
491	933435	899	505633	427803	100	90	1.91778	0.776361	52	51.9	0	461	1673	1.05992	0.734163	1839
492	876434	783	477168	399266	100	90	1.97805	0.776361	52	51.9	0	461	1673	1.06723	0.736021	1839
493	822514	695	448624	373890	100	90	2.02701	0.776361	52	51.9	0	461	1673	1.07338	0.724744	1839
494	746903	591	408219	338684	100	90	2.1281	0.776361	52	51.9	0	461	1673	1.09116	0.732174	1839
495	688139	529	376949	311190	100	90	2.14962	0.776361	52	51.9	0	461	1673	1.10373	0.753398	1839
496	650635	475	353317	290367	100	90	2.18326	0.776361	52	51.9	0	461	1673	1.11275	0.75705	1839
497	596855	430	322610	263445	100	90	2.21626	0.776361	52	51.9	0	461	1673	1.1258	0.769976	1839
498	570453	405	308180	251491	100	90	2.23917	0.776361	52	51.9	0	461	1673	1.13488	0.773196	1839
499	509706	365	276134	224078	100	90	2.25658	0.776361	52	51.9	0	461	1673	1.13673	0.773913	1839
500	473756	333	256549	208522	100	90	2.27215	0.776361	52	51.9	0	461	1673	1.13529	0.779553	1839
501	427642	306	236296	191346	100	90	2.26853	0.776361	52	51.9	0	461	1673	1.14379	0.777778	1839
502	222026	285	43416.7	178610	100	90	0.0951414	0.776361	52	51.9	196254	461	1673	1.0024	0.674891	1839
503	615495	269	259199	356296	100	90	0.0777355	0.776361	52	51.9	196254	461	1673	1.0018	0.66633	1839
504	827788	250	378553	449235	100	90	0.0784772	0.776361	52	51.9	196254	461	1673	1.00182	0.689405	1839
505	753597	227	360040	393557	100	90	0.0837655	0.776361	52	51.9	196254	461	1673	1.00211	0.732649	1839
506	846635	196	427260	419375	100	90	0.096161	0.776361	51	51.9	196254	461	1673	1.00266	0.741305	1839
507	972676	3484	499317	473359	100	90	1.20197	0.776361	51	51.9	196254	461	1673	1.00395	0.753055	1839
508	1.05304e+006	2960	544172	508868	100	90	1.43948	0.776361	51	51.9	196254	461	1673	1.00615	0.756642	1839
509	1.07903e+006	2441	561763	517271	100	90	1.47404	0.776361	51	51.9	196254	461	1673	1.00744	0.750848	1839
510	635325	2038	131456	503869	100	90	1.4865	0.776361	48	51.9	196254	461	1673	1.0775	0.879803	1839
511	709408	1648	233604	469042	100	90	0.691813	0.776361	52	51.9	0	461	1673	1.02618	0.71677	1839
512	896652	1398	377305	510247	100	90	0.588234	0.776361	52	51.9	0	461	1673	1.01991	0.708266	1839
513	1.05845e+006	1176	491219	554689	100	90	0.57271	0.776361	52	51.9	0	461	1673	1.0195	0.705998	1839
514	1.1216e+006	991	545421	563633	100	90	0.611004	0.776361	52	51.9	0	461	1673	1.02165	0.71949	1839
515	1.13134e+006	927	569418	550709	100	90	0.70934	0.776361	52	51.9	0	461	1673	1.02513	0.72806	1839
516	1.1299e+006	1910	587658	542240	100	90	1.4142	0.776361	52	51.9	0	461	1673	1.02617	0.724859	1839
517	1.14147e+006	1765	601113	540361	100	90	1.56874	0.776361	52	51.9	0	461	1673	1.02756	0.717975	1839
518	1.11246e+006	1551	592043	520420	100	90	1.70272	0.776361	52	51.9	0	461	1673	1.0281	0.705997	1839
519	1.09482e+006	1338	586495	508321	100	90	1.84215	0.776361	52	51.9	0	461	1673	1.03366	0.70362	1839
520	1.05122e+006	1129	565180	486036	100	90	1.87158	0.776361	52	51.9	0	461	1673	1.04014	0.696509	1839
521	973343	946	526140	447203	100	90	1.9162	0.776361	52	51.9	0	461	1673	1.04515	0.698396	1839
522	920619	838	499474	421145	100	90	1.95833	0.776361	52	51.9	0	461	1673	1.05647	0.708082	1839
523	865403	747	471185	394217	100	90	1.99624	0.776361	52	51.9	0	461	1673	1.06333	0.7023	1839
524	810018	659	441684	368334	100	90	2.04669	0.776361	52	51.9	0	461	1673	1.06876	0.697997	1839
525	755834	586	412620	343215	100	90	2.0924	0.776361	52	51.9	0	461	1673	1.07413	0.708839	1839
526	728545	545	394465	326191	100	90	2.13365	0.776361	52	51.9	0	461	1673	1.07862	0.705224	1839
527	708841	514	380887	314582	100	90	2.16807	0.776361	52	51.9	0	461	1673	1.09075	0.713718	1839
528	637666	445	342001	283032	100	90	2.16759	0.776361	52	51.9	0	461	1673	1.096	0.68046	1839
529	595915	409	320404	263861	100	90	2.16508	0.776361	52	51.9	0	461	1673	1.09565	0.684343	1839
530	579482	384	311717	256372	100	90	2.19804	0.776361	52	51.9	0	461	1673	1.09906	0.674731	1839
531	524140	355	288333	235806	100	90	2.2001	0.776361	52	51.9	0	461	1673	1.10104	0.695015	1839
532	268218	324	48461.2	219756	100	90	0.115021	0.776361	52	51.9	243678	461	1673	1.00221	0.608794	1839
533	618465	291	250331	368134	100	90	0.0851265	0.776361	52	51.9	243678	461	1673	1.00165	0.599808	1839
534	843164	263	380353	462811	100	90	0.0839641	0.776361	52	51.9	243678	461	1673	1.00147	0.622301	1839
535	786324	228	372581	413742	100	90	0.0844733	0.776361	52	51.9	243678	461	1673	1.00164	0.660447	1839
536	883196	211	441963	441232	100	90	0.101916	0.776361	52	51.9	243678	461	1673	1.00221	0.676666	1839
537	1.01339e+006	3351	516125	497260	100	90	1.15234	0.776361	52	51.9	243678	461	1673	1.00298	0.697768	1839
538	1.08364e+006	2823	556146	527493	100	90	1.38076	0.776361	52	51.9	243678	461	1673	1.00472	0.709499	1839
539	1.07754e+006	2217	558617	518923	100	90	1.40697	0.776361	52	51.9	243678	461	1673	1.00658	0.710369	1839
540	797711	1908	284044	513667	100	90	1.48882	0.776361	48	51.9	243678	461	1673	1.08507	0.852183	1839
541	890664	1587	393196	488045	100	90	0.819926	0.776361	52	51.9	0	461	1673	1.03478	0.67488	1839
542	1.03831e+006	1367	496422	528138	100	90	0.690646	0.776361	52	51.9	0	461	1673	1.02652	0.664094	1839
543	1.13808e+006	1137	562259	560543	100	90	0.641699	0.776361	52	51.9	0	461	1673	1.02482	0.663584	1839
544	1.20631e+006	973	605285	586816	100	90	0.678679	0.776361	52	51.9	0	461	1673	1.02802	0.681633	1839
545	1.16692e+006	885	594923	559870	100	90	0.75629	0.776361	52	51.9	0	461	1673	1.03195	0.697989	1839
546	1.15022e+006	1706	601231	548987	100	90	1.38967	0.776361	52	51.9	0	461	1673	1.03379	0.701505	1839
547	1.15209e+006	1608	608129	543965	100	90	1.60859	0.776361	52	51.9	0	461	1673	1.04016	0.698559	1839
548	1.14184e+006	1488	607369	534469	100	90	1.76514	0.776361	52	51.9	0	461	1673	1.04453	0.697115	1839
549	1.11444e+006	1243	596314	518124	100	90	1.84779	0.776361	52	51.9	0	461	1673	1.05003	0.699836	1839
550	1.07175e+006	1085	576960	494791	100	90	1.9087	0.776361	52	51.9	0	461	1673	1.05045	0.696597	1839
551	998310	933	539905	458405	100	90	1.97114	0.776361	52	51.9	0	461	1673	1.05193	0.6957	1839
552	949074	828	514877	434197	100	90	2.01212	0.776361	52	51.9	0	461	1673	1.05764	0.705081	1839
553	895181	743	486554	408627	100	90	2.04891	0.776361	52	51.9	0	461	1673	1.06774	0.7125	1839
554	836831	669	455909	380922	100	90	2.10215	0.776361	52	51.9	0	461	1673	1.07606	0.710567	1839
555	772277	607	421137	351140	100	90	2.14687	0.776361	52	51.9	0	461	1673	1.08746	0.720812	1839
556	711547	536	384065	320016	100	90	2.16853	0.776361	52	51.9	0	461	1673	1.10152	0.730402	1839
557	654028	479	350736	291173	100	90	2.16481	0.776361	52	51.9	0	461	1673	1.1094	0.733333	1839
558	581205	421	312779	257584	100	90	2.11364	0.776361	52	51.9	0	461	1673	1.11547	0.739558	1839
559	555477	390	299122	246080	100	90	2.12147	0.776361	52	51.9	0	461	1673	1.12381	0.756032	1839
560	502623	348	271216	222482	100	90	2.12281	0.776361	52	51.9	0	461	1673	1.14054	0.781155	1839
561	458765	319	252440	206325	100	90	2.12784	0.776361	52	51.9	0	461	1673	1.14715	0.774411	1839
562	235928	297	43939.1	191989	100	90	0.100198	0.776361	52	51.9	211748	461	1673	1.00244	0.644592	1839
563	598644	259	250338	348306	100	90	0.0748886	0.776361	52	51.9	211748	461	1673	1.00194	0.638325	1839
564	816802	238	371572	445230	100	90	0.0749033	0.776361	52	51.9	211748	461	1673	1.00193	0.661065	1839
565	551811	209	157167	394644	100	90	0.0758106	0.776361	52	51.9	211748	461	1673	1.00214	0.703982	1839
566	659381	191	253440	405941	100	90	0.0897721	0.776361	52	51.9	211748	461	1673	1.00236	0.71049	1839
567	873019	3464	390946	482073	100	90	1.1845	0.776361	52	51.9	211748	461	1673	1.00339	0.712267	1839
568	985256	3159	467819	517437	100	90	1.41578	0.776361	52	51.9	211748	461	1673	1.00545	0.720059	1839
569	1.01836e+006	2491	505000	513360	100	90	1.42406	0.776361	52	51.9	211748	461	1673	1.00638	0.719603	1839
570	788114	2187	271791	516323	100	90	1.44176	0.776361	49	51.9	211748	461	1673	1.0678	0.847676	1839
571	890545	1780	385041	495109	100	90	0.823078	0.776361	52	51.9	0	461	1673	1.03141	0.701005	1839
572	1.03169e+006	1499	488217	528811	100	90	0.706657	0.776361	52	51.9	0	461	1673	1.026	0.693682	1839
573	1.17107e+006	1277	576011	578137	100	90	0.672693	0.776361	52	51.9	0	461	1673	1.02592	0.69316	1839
574	1.21724e+006	1103	611497	589599	100	90	0.720578	0.776361	52	51.9	0	461	1673	1.02714	0.700933	1839
575	1.17819e+006	1000	603878	560241	100	90	0.786253	0.776361	52	51.9	0	461	1673	1.02878	0.705168	1839
576	1.19224e+006	1733	627830	564408	100	90	1.33222	0.776361	52	51.9	0	461	1673	1.03019	0.698885	1839
577	1.17142e+006	1620	621924	549492	100	90	1.49779	0.776361	52	51.9	0	461	1673	1.03526	0.706767	1839
578	1.11887e+006	1512	597732	521133	100	90	1.67697	0.776361	52	51.9	0	461	1673	1.03602	0.692771	1839
579	1.03177e+006	1219	555547	476222	100	90	1.7695	0.776361	52	51.9	0	461	1673	1.03562	0.676885	1839
580	971698	1012	526396	445302	100	90	1.80377	0.776361	52	51.9	0	461	1673	1.04122	0.677678	1839
581	945000	900	513898	431103	100	90	1.87349	0.776361	52	51.9	0	461	1673	1.04259	0.683915	1839
582	881776	787	481297	400479	100	90	1.93822	0.776361	52	51.9	0	461	1673	1.05034	0.681701	1839
583	825060	688	451122	373939	100	90	2.01296	0.776361	52	51.9	0	461	1673	1.05744	0.677037	1839
584	791353	637	433025	358328	100	90	2.04617	0.776361	52	51.9	0	461	1673	1.07246	0.687601	1839
585	717689	556	393458	324231	100	90	2.07274	0.776361	52	51.9	0	461	1673	1.08166	0.704461	1839
586	661078	496	360249	294451	100	90	2.08661	0.776361	52	51.9	0	461	1673	1.09447	0.713693	1839
587	628641	460	340349	277651	100	90	2.09814	0.776361	52	51.9	0	461	1673	1.09552	0.71236	1839
588	609001	441	329646	268348	100	90	2.15324	0.776361	52	51.9	0	461	1673	1.10616	0.730496	1839
589	530917	370	287753	233427	100	90	2.16182	0.776361	52	51.9	0	461	1673	1.1066	0.713483	1839
590	486400	329	264513	213401	100	90	2.12397	0.776361	52	51.9	0	461	1673	1.12644	0.731013	1839
591	435157	293	241207	193950	100	90	2.16105	0.776361	52	51.9	0	461	1673	1.13245	0.735714	1839
592	223351	267	39074.2	184277	100	90	0.089586	0.776361	52	51.9	206353	461	1673	1.00229	0.631286	1839
593	606821	256	249172	357650	100	90	0.0731391	0.776361	51	51.9	206353	461	1673	1.00197	0.624315	1839
594	792055	222	356789	435267	100	90	0.0697954	0.776361	51	51.9	206353	461	1673	1.00215	0.652333	1839
595	734150	216	349034	385116	100	90	0.0773744	0.776361	51	51.9	206353	461	1673	1.00244	0.688686	1839
596	839382	190	423320	416062	100	90	0.0913131	0.776361	51	51.9	206353	461	1673	1.00278	0.698487	1839
597	966376	3296	494418	471958	100	90	1.13353	0.776361	51	51.9	206353	461	1673	1.00404	0.710942	1839
598	1.01522e+006	2689	523082	492137	100	90	1.29696	0.776361	51	51.9	206353	461	1673	1.00551	0.732094	1839
599	996231	2073	519598	476634	100	90	1.31079	0.776361	51	51.9	206353	461	1673	1.00664	0.726011	1839
600	745244	1884	267040	478204	100	90	1.42689	0.776361	49	51.9	206353	461	1673	1.08228	0.854545	1839
601	867538	1604	385341	472119	100	90	0.749793	0.776361	52	51.9	0	461	1673	1.03236	0.699814	1839
602	1.01034e+006	1382	483500	512568	100	90	0.641145	0.776361	52	51.9	0	461	1673	1.02398	0.685042	1839
603	1.11683e+006	1119	550645	550514	100	90	0.582513	0.776361	52	51.9	0	461	1673	1.02261	0.682666	1839
604	835682	938	279358	555135	100	90	0.6017	0.776361	52	51.9	0	461	1673	1.02392	0.70459	1839
605	907503	876	373202	533265	100	90	0.672414	0.776361	52	51.9	0	461	1673	1.02647	0.716189	1839
606	1.01435e+006	1892	473684	540668	100	90	1.35117	0.776361	52	51.9	0	461	1673	1.02566	0.71666	1839
607	1.03909e+006	1684	518058	521031	100	90	1.5285	0.776361	52	51.9	0	461	1673	1.0318	0.718635	1839
608	1.04317e+006	1533	540433	502737	100	90	1.69076	0.776361	52	51.9	0	461	1673	1.03316	0.716368	1839
609	1.0248e+006	1252	541674	483130	100	90	1.75681	0.776361	52	51.9	0	461	1673	1.03965	0.713241	1839
610	1.00289e+006	1063	536601	466291	100	90	1.81473	0.776361	52	51.9	0	461	1673	1.04903	0.711281	1839
611	971703	942	523129	448574	100	90	1.86989	0.776361	52	51.9	0	461	1673	1.05107	0.711207	1839
612	659516	824	239592	419924	100	90	1.94867	0.776361	52	51.9	0	461	1673	1.05253	0.702206	1839
613	669549	700	295192	374357	100	90	1.97802	0.776361	52	51.9	0	461	1673	1.06136	0.700288	1839
614	699399	637	345897	353502	100	90	2.02955	0.776361	52	51.9	0	461	1673	1.06789	0.717011	1839
615	683752	574	355938	327815	100	90	2.07966	0.776361	52	51.9	0	461	1673	1.07903	0.728723	1839
616	611848	481	323165	283557	100	90	2.09034	0.776361	52	51.9	0	461	1673	1.08991	0.730526	1839
617	563967	426	299072	256469	100	90	2.08525	0.776361	52	51.9	0	461	1673	1.09895	0.743405	1839
618	508357	365	271397	229169	100	90	2.09659	0.776361	52	51.9	0	461	1673	1.11194	0.758427	1839
619	470760	323	252829	210598	100	90	2.13625	0.776361	52	51.9	0	461	1673	1.13081	0.775641	1839
620	425618	282	229472	189732	100	90	2.07944	0.776361	52	51.9	0	461	1673	1.14658	0.783883	1839
621	386586	254	212553	174033	100	90	2.05837	0.776361	52	51.9	0	461	1673	1.15884	0.809129	1839
622	193607	229	32831.5	160776	100	90	0.144077	0.776361	52	51.9	184743	461	1673	1.00456	0.554099	1839
623	369752	192	144954	224799	100	90	0.089288	0.776361	52	51.9	184743	461	1673	1.00295	0.537134	1839
624	739345	188	343734	395612	100	90	0.0923724	0.776361	52	51.9	184743	461	1673	1.00321	0.539069	1839
625	963109	177	461145	501965	100	90	0.10203	0.776361	52	51.9	184743	461	1673	1.00411	0.571783	1839
626	983726	160	480844	502882	100	90	0.112619	0.776361	52	51.9	184743	461	1673	1.00465	0.609601	1839
627	1.01336e+006	2653	507969	505392	100	90	1.14602	0.776361	52	51.9	184743	461	1673	1.00529	0.634001	1839
628	1.08438e+006	2467	552879	531498	100	90	1.2978	0.776361	52	51.9	184743	461	1673	1.00652	0.652235	1839
629	1.12606e+006	2086	582336	543726	100	90	1.39025	0.776361	51	51.9	184743	461	1673	1.00739	0.664568	1839
630	837559	1796	297519	540040	100	90	1.45922	0.776361	46	51.9	184743	461	1673	1.0984	0.846801	1839
631	935954	1503	410061	520204	100	90	1.21834	0.776361	52	51.9	0	461	1673	1.0768	0.700531	1839
632	995484	1253	475110	511471	100	90	1.11512	0.776361	52	51.9	0	461	1673	1.06538	0.667452	1839
633	1.06614e+006	1075	533955	523173	100	90	1.04222	0.776361	52	51.9	0	461	1673	1.05664	0.632522	1839
634	1.11766e+006	916	572924	536135	100	90	1.06988	0.776361	52	51.9	0	461	1673	1.05916	0.616563	1839
635	1.1442e+006	850	594595	542344	100	90	1.15806	0.776361	52	51.9	0	461	1673	1.05811	0.618974	1839
636	1.18398e+006	1292	624176	559799	100	90	1.7034	0.776361	52	51.9	0	461	1673	1.0641	0.629032	1839
637	1.18971e+006	1226	631234	558479	100	90	1.8112	0.776361	52	51.9	0	461	1673	1.07243	0.645551	1839
638	1.19052e+006	1195	636869	553650	100	90	1.8884	0.776361	52	51.9	0	461	1673	1.07304	0.659983	1839
639	1.12423e+006	1004	606299	517927	100	90	1.89172	0.776361	52	51.9	0	461	1673	1.07817	0.670135	1839
640	1.04733e+006	854	567804	479527	100	90	1.89713	0.776361	52	51.9	0	461	1673	1.07985	0.673147	1839
641	998803	762	543858	454945	100	90	1.92242	0.776361	52	51.9	0	461	1673	1.09062	0.679452	1839
642	920802	661	502405	418397	100	90	1.94582	0.776361	52	51.9	0	461	1673	1.10174	0.688995	1839
643	884869	599	483799	401070	100	90	1.94752	0.776361	52	51.9	0	461	1673	1.11485	0.689474	1839
644	836746	549	458448	378298	100	90	1.98089	0.776361	52	51.9	0	461	1673	1.13016	0.693642	1839
645	770423	487	422883	347540	100	90	1.96005	0.776361	52	51.9	0	461	1673	1.13043	0.686275	1839
646	699148	427	378507	309436	100	90	1.96059	0.776361	52	51.9	0	461	1673	1.1465	0.699005	1839
647	672010	400	360038	293628	100	90	1.97686	0.776361	52	51.9	0	461	1673	1.15668	0.702918	1839
648	625941	366	335113	272879	100	90	1.97352	0.776361	52	51.9	0	461	1673	1.16667	0.711765	1839
649	602459	342	322694	262280	100	90	2.01394	0.776361	52	51.9	0	461	1673	1.17442	0.705128	1839
650	527619	286	283173	229356	100	90	1.9572	0.776361	52	51.9	0	461	1673	1.19366	0.7	1839
651	457703	249	253445	204258	100	90	2.02016	0.776361	52	51.9	0	461	1673	1.18293	0.684211	1839
652	234450	233	36976.9	197473	100	90	0.0833378	0.776361	52	51.9	222994	461	1673	1.00246	0.609038	1839
653	559550	198	224546	335004	100	90	0.0583634	0.776361	52	51.9	222994	461	1673	1.00173	0.600552	1839
654	855408	172	384569	470839	100	90	0.0549803	0.776361	52	51.9	222994	461	1673	1.00173	0.61999	1839
655	831357	156	389353	442004	100	90	0.0576645	0.776361	52	51.9	222994	461	1673	1.00179	0.656029	1839
656	846792	143	417426	429366	100	90	0.0651049	0.776361	52	51.9	222994	461	1673	1.00206	0.68215	1839
657	970938	3280	491676	479262	100	90	1.03009	0.776361	52	51.9	222994	461	1673	1.00273	0.69318	1839
658	1.06836e+006	2947	547213	521145	100	90	1.26037	0.776361	52	51.9	222994	461	1673	1.00443	0.710834	1839
659	1.08075e+006	2352	559795	520957	100	90	1.35269	0.776361	52	51.9	222994	461	1673	1.00647	0.721929	1839
660	809596	2066	287634	521962	100	90	1.48766	0.776361	47	51.9	222994	461	1673	1.05961	0.826257	1839
661	885625	1632	389645	488740	100	90	0.853578	0.776361	52	51.9	0	461	1673	1.0263	0.683367	1839
662	1.01797e+006	1384	488126	519364	100	90	0.693835	0.776361	52	51.9	0	461	1673	1.02012	0.672348	1839
663	1.13126e+006	1144	561722	557807	100	90	0.629357	0.776361	52	51.9	0	461	1673	1.01815	0.673105	1839
664	1.20934e+006	966	609980	588065	100	90	0.654791	0.776361	52	51.9	0	461	1673	1.01926	0.68941	1839
665	1.20809e+006	843	617528	580944	100	90	0.685481	0.776361	52	51.9	0	461	1673	1.01934	0.702984	1839
666	1.18888e+006	1850	620905	567973	100	90	1.39704	0.776361	52	51.9	0	461	1673	1.02147	0.716974	1839
667	1.18729e+006	1733	627039	560255	100	90	1.54844	0.776361	52	51.9	0	461	1673	1.02345	0.705518	1839
668	1.16697e+006	1579	621076	545898	100	90	1.66877	0.776361	52	51.9	0	461	1673	1.0274	0.713462	1839
669	1.12229e+006	1293	600509	521784	100	90	1.73835	0.776361	52	51.9	0	461	1673	1.03307	0.702194	1839
670	1.06225e+006	1087	571951	490299	100	90	1.79838	0.776361	52	51.9	0	461	1673	1.03515	0.704842	1839
671	988817	922	535055	453762	100	90	1.86685	0.776361	52	51.9	0	461	1673	1.04744	0.720264	1839
672	970445	832	527611	442834	100	90	1.92632	0.776361	52	51.9	0	461	1673	1.05566	0.721951	1839
673	900567	732	490900	409667	100	90	1.99132	0.776361	52	51.9	0	461	1673	1.06324	0.725627	1839
674	825989	636	450981	375007	100	90	2.02878	0.776361	52	51.9	0	461	1673	1.07298	0.72508	1839
675	738913	540	404264	334648	100	90	2.08199	0.776361	52	51.9	0	461	1673	1.0875	0.724008	1839
676	672365	475	364699	299162	100	90	2.11588	0.776361	52	51.9	0	461	1673	1.10615	0.733766	1839
677	610431	406	328069	268137	100	90	2.14044	0.776361	52	51.9	0	461	1673	1.12277	0.736573	1839
678	573473	360	308525	251418	100	90	2.16469	0.776361	52	51.9	0	461	1673	1.14031	0.764535	1839
679	538588	323	290097	235458	100	90	2.20836	0.776361	52	51.9	0	461	1673	1.14327	0.745928	1839
680	490087	290	264433	214103	100	90	2.21262	0.776361	52	51.9	0	461	1673	1.11842	0.709091	1839
681	446923	271	247560	199363	100	90	2.2034	0.776361	52	51.9	0	461	1673	1.13879	0.747036	1839
682	212603	225	35728.4	176875	100	90	0.08099	0.776361	52	51.9	212147	461	1673	1.0019	0.642653	1839
683	558299	201	229009	329290	100	90	0.060024	0.776361	52	51.9	212147	461	1673	1.00139	0.636464	1839
684	844420	177	381390	463030	100	90	0.0577257	0.776361	52	51.9	212147	461	1673	1.00119	0.655841	1839
685	831686	160	390627	441059	100	90	0.0594991	0.776361	52	51.9	212147	461	1673	1.00125	0.691515	1839
686	845050	154	416049	429001	100	90	0.0713499	0.776361	52	51.9	212147	461	1673	1.00175	0.709454	1839
687	951624	3259	481881	469743	100	90	1.04495	0.776361	52	51.9	212147	461	1673	1.00248	0.713136	1839
688	1.01589e+006	2915	520768	495125	100	90	1.23838	0.776361	52	51.9	212147	461	1673	1.00323	0.727109	1839
689	1.05863e+006	2390	548565	510062	100	90	1.35706	0.776361	52	51.9	212147	461	1673	1.00483	0.732323	1839
690	814038	2162	289213	524825	100	90	1.49343	0.776361	48	51.9	212147	461	1673	1.06057	0.833333	1839
691	906880	1752	397556	500375	100	90	0.87654	0.776361	52	51.9	0	461	1673	1.02795	0.715057	1839
692	1.02491e+006	1438	489168	523273	100	90	0.70873	0.776361	52	51.9	0	461	1673	1.02141	0.696257	1839
693	1.16214e+006	1215	575335	572586	100	90	0.664378	0.776361	52	51.9	0	461	1673	1.02059	0.696791	1839
694	1.22581e+006	1012	616083	596209	100	90	0.685757	0.776361	52	51.9	0	461	1673	1.02287	0.713152	1839
695	1.23452e+006	963	630214	592087	100	90	0.784518	0.776361	52	51.9	0	461	1673	1.02795	0.725111	1839
696	1.22976e+006	1789	643430	586333	100	90	1.38094	0.776361	52	51.9	0	461	1673	1.02664	0.715674	1839
697	1.19486e+006	1649	631713	563148	100	90	1.54525	0.776361	52	51.9	0	461	1673	1.02859	0.710654	1839
698	1.14866e+006	1456	612697	535961	100	90	1.70182	0.776361	52	51.9	0	461	1673	1.03069	0.696167	1839
699	1.13539e+006	1256	609902	525491	100	90	1.81818	0.776361	52	51.9	0	461	1673	1.03344	0.701698	1839
700	1.08066e+006	1077	583264	497398	100	90	1.88166	0.776361	52	51.9	0	461	1673	1.04052	0.70283	1839
701	1.00658e+006	910	545917	460662	100	90	1.94829	0.776361	52	51.9	0	461	1673	1.04872	0.699105	1839
702	958061	816	521919	436141	100	90	1.99626	0.776361	52	51.9	0	461	1673	1.05314	0.692403	1839
703	870183	690	474335	395848	100	90	2.05	0.776361	52	51.9	0	461	1673	1.06452	0.698225	1839
704	788647	599	431794	356853	100	90	2.07707	0.776361	52	51.9	0	461	1673	1.07123	0.705479	1839
705	738462	553	404686	333776	100	90	2.11011	0.776361	52	51.9	0	461	1673	1.09076	0.728464	1839
706	709102	513	384774	315989	100	90	2.12965	0.776361	52	51.9	0	461	1673	1.10289	0.735772	1839
707	665903	476	358376	293630	100	90	2.12397	0.776361	52	51.9	0	461	1673	1.10196	0.731868	1839
708	593198	409	319679	260685	100	90	2.16429	0.776361	52	51.9	0	461	1673	1.08858	0.715385	1839
709	572118	381	309257	250651	100	90	2.1547	0.776361	52	51.9	0	461	1673	1.09774	0.723288	1839
710	508745	326	275805	222203	100	90	2.14442	0.776361	52	51.9	0	461	1673	1.10496	0.733119	1839
711	471769	305	262021	209748	100	90	2.14141	0.776361	52	51.9	0	461	1673	1.12063	0.756098	1839
712	240821	282	42006.5	198814	100	90	0.0955902	0.776361	52	51.9	223163	461	1673	1.00202	0.654439	1839
713	598725	241	244164	354561	100	90	0.0699684	0.776361	52	51.9	223163	461	1673	1.0016	0.649404	1839
714	822794	220	369303	453491	100	90	0.0684431	0.776361	52	51.9	223163	461	1673	1.00158	0.673625	1839
715	568909	197	156924	411986	100	90	0.07117	0.776361	52	51.9	223163	461	1673	1.00185	0.710347	1839
716	662053	169	247157	414897	100	90	0.0795469	0.776361	52	51.9	223163	461	1673	1.00224	0.718088	1839
717	864893	3268	375433	489461	100	90	1.11852	0.776361	52	51.9	223163	461	1673	1.00331	0.730047	1839
718	973878	3185	454731	519147	100	90	1.40183	0.776361	52	51.9	223163	461	1673	1.0041	0.745771	1839
719	999559	2496	490729	508830	100	90	1.434	0.776361	52	51.9	223163	461	1673	1.00461	0.743554	1839
720	752545	2165	256639	495907	100	90	1.481	0.776361	50	51.9	223163	461	1673	1.06101	0.842691	1839
721	850507	1746	366505	474784	100	90	0.771964	0.776361	52	51.9	0	461	1673	1.02445	0.711297	1839
722	997020	1442	471394	512601	100	90	0.629148	0.776361	52	51.9	0	461	1673	1.01877	0.702922	1839
723	1.14032e+006	1226	559859	565275	100	90	0.611413	0.776361	52	51.9	0	461	1673	1.01746	0.702497	1839
724	1.21444e+006	1084	608783	590792	100	90	0.667429	0.776361	52	51.9	0	461	1673	1.01986	0.721533	1839
725	1.16776e+006	950	596039	559276	100	90	0.704862	0.776361	52	51.9	0	461	1673	1.02269	0.737379	1839
726	1.14871e+006	1874	601392	547316	100	90	1.3492	0.776361	52	51.9	0	461	1673	1.02331	0.736551	1839
727	1.13758e+006	1662	602302	535280	100	90	1.54316	0.776361	52	51.9	0	461	1673	1.02652	0.732181	1839
728	1.1148e+006	1537	595374	519423	100	90	1.71773	0.776361	52	51.9	0	461	1673	1.03012	0.737434	1839
729	1.07272e+006	1271	578426	494295	100	90	1.81667	0.776361	52	51.9	0	461	1673	1.03622	0.735623	1839
730	1.02303e+006	1063	554905	468126	100	90	1.84762	0.776361	52	51.9	0	461	1673	1.04345	0.741659	1839
731	982237	936	535505	446732	100	90	1.90523	0.776361	52	51.9	0	461	1673	1.04358	0.726486	1839
732	915612	808	500659	414954	100	90	1.9614	0.776361	52	51.9	0	461	1673	1.05352	0.728984	1839
733	841757	694	461300	380457	100	90	2.02243	0.776361	52	51.9	0	461	1673	1.06214	0.730205	1839
734	774483	607	425157	349326	100	90	2.09739	0.776361	52	51.9	0	461	1673	1.07341	0.733108	1839
735	742738	557	408371	334367	100	90	2.13939	0.776361	52	51.9	0	461	1673	1.08648	0.743542	1839
736	661827	481	360598	294007	100	90	2.20257	0.776361	52	51.9	0	461	1673	1.09653	0.76129	1839
737	638755	453	345859	280698	100	90	2.21207	0.776361	52	51.9	0	461	1673	1.10482	0.774942	1839
738	599274	422	325044	262395	100	90	2.23359	0.776361	52	51.9	0	461	1673	1.12178	0.791878	1839
739	557231	383	303148	243315	100	90	2.23503	0.776361	52	51.9	0	461	1673	1.13351	0.809524	1839
740	504157	338	274552	219850	100	90	2.20504	0.776361	52	51.9	0	461	1673	1.1345	0.815287	1839
741	488403	330	271522	216881	100	90	2.2232	0.776361	52	51.9	0	461	1673	1.12575	0.80198	1839
742	252881	310	45076.6	207805	100	90	0.105494	0.776361	52	51.9	229909	461	1673	1.00251	0.665602	1839
743	613722	269	251051	362671	100	90	0.0773102	0.776361	52	51.9	229909	461	1673	1.00205	0.659326	1839
744	804345	239	362456	441889	100	90	0.0749359	0.776361	52	51.9	229909	461	1673	1.00209	0.681144	1839
745	750548	208	357110	393438	100	90	0.0758678	0.776361	52	51.9	229909	461	1673	1.00201	0.722736	1839
746	874906	190	439785	435121	100	90	0.0904842	0.776361	52	51.9	229909	461	1673	1.00221	0.732802	1839
747	1.00725e+006	3456	514797	492453	100	90	1.15903	0.776361	52	51.9	229909	461	1673	1.0034	0.754801	1839
748	1.04252e+006	2956	536429	506088	100	90	1.35241	0.776361	52	51.9	229909	461	1673	1.00449	0.76633	1839
749	1.03298e+006	2294	538088	494890	100	90	1.40772	0.776361	52	51.9	229909	461	1673	1.00669	0.766888	1839
750	758896	1924	271721	487175	100	90	1.46235	0.776361	44	51.9	229909	461	1673	1.08139	0.903243	1839
751	702843	1323	310429	385035	100	90	0.642806	0.776361	52	51.9	0	461	1673	1.02911	0.699341	1839
752	893737	1190	435736	446603	100	90	0.551934	0.776361	52	51.9	0	461	1673	1.01517	0.690722	1839
753	1.07825e+006	1012	538796	526458	100	90	0.506274	0.776361	52	51.9	0	461	1673	1.01379	0.694019	1839
754	1.13813e+006	887	576015	548959	100	90	0.554236	0.776361	52	51.9	0	461	1673	1.01545	0.723615	1839
755	1.12299e+006	803	577394	534154	100	90	0.587286	0.776361	52	51.9	0	461	1673	1.01707	0.743308	1839
756	1.11181e+006	1801	585583	526224	100	90	1.28728	0.776361	52	51.9	0	461	1673	1.01946	0.735446	1839
757	1.10755e+006	1672	589274	518279	100	90	1.49466	0.776361	52	51.9	0	461	1673	1.02562	0.732731	1839
758	1.09213e+006	1537	585662	506469	100	90	1.68057	0.776361	52	51.9	0	461	1673	1.0297	0.741012	1839
759	1.03072e+006	1249	557145	473572	100	90	1.80705	0.776361	52	51.9	0	461	1673	1.03832	0.729951	1839
760	957164	1001	520279	436885	100	90	1.82932	0.776361	52	51.9	0	461	1673	1.0448	0.722336	1839
761	911882	875	497895	413986	100	90	1.85609	0.776361	52	51.9	0	461	1673	1.05122	0.733255	1839
762	835584	750	457753	377831	100	90	1.94391	0.776361	52	51.9	0	461	1673	1.05779	0.744536	1839
763	779347	663	427464	351884	100	90	1.99187	0.776361	52	51.9	0	461	1673	1.07152	0.75	1839
764	755897	619	415476	340421	100	90	2.03854	0.776361	52	51.9	0	461	1673	1.08287	0.755814	1839
765	708522	564	389791	318731	100	90	2.05251	0.776361	52	51.9	0	461	1673	1.08764	0.75365	1839
766	651269	495	355532	289090	100	90	2.08097	0.776361	52	51.9	0	461	1673	1.11029	0.764706	1839
767	600479	444	325445	263944	100	90	2.0884	0.776361	52	51.9	0	461	1673	1.13208	0.787234	1839
768	551382	392	298808	242032	100	90	2.10328	0.776361	52	51.9	0	461	1673	1.13171	0.780488	1839
769	512588	350	278409	224056	100	90	2.09939	0.776361	52	51.9	0	461	1673	1.15427	0.794562	1839
770	465525	312	253073	203345	100	90	2.08656	0.776361	52	51.9	0	461	1673	1.15123	0.782313	1839
771	420881	287	233805	187076	100	90	2.10591	0.776361	52	51.9	0	461	1673	1.16609	0.804511	1839
772	215636	267	38830.3	176806	100	90	0.0891334	0.776361	52	51.9	200600	461	1673	1.0024	0.619471	1839
773	572237	209	240897	331340	100	90	0.0601955	0.776361	52	51.9	200600	461	1673	1.00177	0.615022	1839
774	838097	199	383250	454847	100	90	0.0622041	0.776361	52	51.9	200600	461	1673	1.00188	0.646349	1839
775	799313	160	380980	418333	100	90	0.0574722	0.776361	52	51.9	200600	461	1673	1.00192	0.69261	1839
776	852412	139	428135	424277	100	90	0.063723	0.776361	52	51.9	200600	461	1673	1.00216	0.710449	1839
777	970306	3768	496768	473538	100	90	1.10575	0.776361	52	51.9	200600	461	1673	1.0026	0.714286	1839
778	1.0403e+006	3202	536088	504209	100	90	1.26559	0.776361	52	51.9	200600	461	1673	1.00278	0.723462	1839
779	1.05083e+006	2534	546544	504282	100	90	1.33435	0.776361	52	51.9	200600	461	1673	1.00324	0.722592	1839
780	783300	2165	279461	503840	100	90	1.43731	0.776361	46	51.9	200600	461	1673	1.04825	0.799907	1839
781	884845	1783	389548	485630	100	90	0.81024	0.776361	52	51.9	0	461	1673	1.02142	0.674108	1839
782	1.02562e+006	1506	489543	521895	100	90	0.673979	0.776361	52	51.9	0	461	1673	1.01573	0.658306	1839
783	1.13484e+006	1214	561468	558324	100	90	0.606268	0.776361	52	51.9	0	461	1673	1.01493	0.662294	1839
784	1.19695e+006	1022	603101	580047	100	90	0.639106	0.776361	52	51.9	0	461	1673	1.01629	0.686823	1839
785	1.16882e+006	907	600406	556664	100	90	0.670396	0.776361	52	51.9	0	461	1673	1.01597	0.71032	1839
786	1.16152e+006	1884	612143	549382	100	90	1.32794	0.776361	52	51.9	0	461	1673	1.01685	0.704492	1839
787	1.16192e+006	1754	617812	544107	100	90	1.46238	0.776361	52	51.9	0	461	1673	1.01905	0.705528	1839
788	1.12021e+006	1553	600362	519848	100	90	1.61019	0.776361	52	51.9	0	461	1673	1.02325	0.707763	1839
789	1.04854e+006	1252	566163	482373	100	90	1.72749	0.776361	52	51.9	0	461	1673	1.03062	0.702834	1839
790	1.02423e+006	1094	556609	467622	100	90	1.77632	0.776361	52	51.9	0	461	1673	1.0368	0.697138	1839
791	982052	969	535726	446326	100	90	1.85009	0.776361	52	51.9	0	461	1673	1.04608	0.702194	1839
792	944188	864	516422	427766	100	90	1.89121	0.776361	52	51.9	0	461	1673	1.05625	0.718824	1839
793	866018	752	475256	390762	100	90	1.92599	0.776361	52	51.9	0	461	1673	1.06342	0.729475	1839
794	799546	658	439961	359585	100	90	1.95154	0.776361	52	51.9	0	461	1673	1.09102	0.75814	1839
795	733627	583	404548	329080	100	90	1.98537	0.776361	52	51.9	0	461	1673	1.1	0.767483	1839
796	689972	526	377227	306058	100	90	2.00689	0.776361	52	51.9	0	461	1673	1.11815	0.785992	1839
797	630081	456	341715	277122	100	90	2.03654	0.776361	52	51.9	0	461	1673	1.13992	0.797727	1839
798	594585	431	323108	260845	100	90	2.05644	0.776361	52	51.9	0	461	1673	1.15471	0.82266	1839
799	550201	391	299392	240805	100	90	2.08915	0.776361	52	51.9	0	461	1673	1.16923	0.842975	1839
800	503306	343	273955	220382	100	90	2.08117	0.776361	52	51.9	0	461	1673	1.15909	0.826087	1839
801	451395	307	250541	200854	100	90	2.0555	0.776361	52	51.9	0	461	1673	1.17666	0.835664	1839
802	230816	293	42367.2	188449	100	90	0.0976008	0.776361	52	51.9	214094	461	1673	1.00285	0.649901	1839
803	586155	251	241888	344267	100	90	0.0725788	0.776361	52	51.9	214094	461	1673	1.00208	0.647556	1839
804	834699	226	378646	456053	100	90	0.0705596	0.776361	52	51.9	214094	461	1673	1.00196	0.671555	1839
805	793911	192	375966	417946	100	90	0.0692718	0.776361	52	51.9	214094	461	1673	1.00194	0.720686	1839
806	852866	166	425288	427578	100	90	0.0767962	0.776361	52	51.9	214094	461	1673	1.00254	0.738313	1839
807	969931	3485	494051	475880	100	90	1.10622	0.776361	52	51.9	214094	461	1673	1.00367	0.742883	1839
808	1.03794e+006	2938	533179	504764	100	90	1.2771	0.776361	52	51.9	214094	461	1673	1.00564	0.754454	1839
809	1.05307e+006	2384	546662	506408	100	90	1.33126	0.776361	52	51.9	214094	461	1673	1.00773	0.75183	1839
810	772631	2028	275049	497582	100	90	1.43077	0.776361	52	51.9	214094	461	1673	1.07249	0.869349	1839
811	858049	1679	377145	471037	100	90	0.776328	0.776361	52	51.9	0	461	1673	1.03012	0.716649	1839
812	1.01127e+006	1431	482050	514807	100	90	0.645607	0.776361	52	51.9	0	461	1673	1.02394	0.701776	1839
813	1.15435e+006	1227	568715	569228	100	90	0.624059	0.776361	52	51.9	0	461	1673	1.02289	0.703488	1839
814	1.21655e+006	1054	610208	590265	100	90	0.663364	0.776361	52	51.9	0	461	1673	1.02392	0.717508	1839
815	1.20284e+006	1000	614473	574049	100	90	0.757115	0.776361	52	51.9	0	461	1673	1.02656	0.738475	1839
816	1.19172e+006	1869	624886	566834	100	90	1.38024	0.776361	52	51.9	0	461	1673	1.02981	0.748283	1839
817	1.19631e+006	1813	633332	562978	100	90	1.53484	0.776361	52	51.9	0	461	1673	1.03378	0.749747	1839
818	1.17048e+006	1607	624757	545719	100	90	1.71037	0.776361	52	51.9	0	461	1673	1.03776	0.746335	1839
819	1.09749e+006	1336	589626	507866	100	90	1.77954	0.776361	52	51.9	0	461	1673	1.04165	0.73384	1839
820	1.01838e+006	1117	550357	468025	100	90	1.77583	0.776361	52	51.9	0	461	1673	1.04401	0.740909	1839
821	978930	982	532118	446812	100	90	1.84663	0.776361	52	51.9	0	461	1673	1.04622	0.746114	1839
822	901842	847	491842	410000	100	90	1.92222	0.776361	52	51.9	0	461	1673	1.05369	0.748792	1839
823	848083	748	463301	384782	100	90	1.96003	0.776361	52	51.9	0	461	1673	1.06217	0.752394	1839
824	804544	675	440081	364463	100	90	2.018	0.776361	52	51.9	0	461	1673	1.07125	0.753799	1839
825	740742	587	405209	335533	100	90	2.08821	0.776361	52	51.9	0	461	1673	1.07951	0.753927	1839
826	711083	548	386343	318598	100	90	2.12304	0.776361	52	51.9	0	461	1673	1.09275	0.764486	1839
827	674191	508	363864	299388	100	90	2.12985	0.776361	52	51.9	0	461	1673	1.10615	0.779798	1839
828	615917	450	332387	272925	100	90	2.13002	0.776361	52	51.9	0	461	1673	1.10381	0.792148	1839
829	583171	412	315326	258014	100	90	2.11449	0.776361	52	51.9	0	461	1673	1.11792	0.796954	1839
830	532189	372	288342	235256	100	90	2.09792	0.776361	52	51.9	0	461	1673	1.11749	0.807365	1839
831	457505	324	252948	204557	100	90	2.04993	0.776361	52	51.9	0	461	1673	1.13235	0.801303	1839
832	248644	314	45443.5	203201	100	90	0.101274	0.776361	52	51.9	215327	461	1673	1.00237	0.673654	1839
833	627946	293	256194	371752	100	90	0.0828745	0.776361	52	51.9	215327	461	1673	1.00197	0.670724	1839
834	847529	264	380826	466703	100	90	0.0805617	0.776361	51	51.9	215327	461	1673	1.00193	0.703682	1839
835	802303	232	378493	423810	100	90	0.0805461	0.776361	51	51.9	215327	461	1673	1.00204	0.746128	1839
836	892198	220	445024	447174	100	90	0.0996318	0.776361	51	51.9	215327	461	1673	1.00292	0.753636	1839
837	995600	3578	507134	488465	100	90	1.17603	0.776361	51	51.9	215327	461	1673	1.00397	0.770392	1839
838	1.08026e+006	3014	555756	524499	100	90	1.35007	0.776361	50	51.9	215327	461	1673	1.00547	0.775862	1839
839	1.0693e+006	2400	555197	514108	100	90	1.39058	0.776361	49	51.9	215327	461	1673	1.0063	0.766253	1839
840	791798	2077	282160	509637	100	90	1.41591	0.776361	45	51.9	215327	461	1673	1.0726	0.893462	1839
841	913579	1770	400044	502479	100	90	0.788516	0.776361	52	51.9	0	461	1673	1.03049	0.720639	1839
842	1.02877e+006	1480	488360	524532	100	90	0.656535	0.776361	52	51.9	0	461	1673	1.02349	0.71486	1839
843	1.14446e+006	1223	561884	565478	100	90	0.592813	0.776361	52	51.9	0	461	1673	1.0216	0.714526	1839
844	1.18239e+006	1022	591332	575074	100	90	0.618567	0.776361	52	51.9	0	461	1673	1.0218	0.73379	1839
845	1.17547e+006	948	598805	562508	100	90	0.670575	0.776361	52	51.9	0	461	1673	1.02272	0.766555	1839
846	1.19728e+006	2021	627196	570083	100	90	1.34173	0.776361	52	51.9	0	461	1673	1.02433	0.760488	1839
847	1.18076e+006	1800	623692	557066	100	90	1.43174	0.776361	52	51.9	0	461	1673	1.0254	0.756472	1839
848	1.15283e+006	1721	613418	539415	100	90	1.64126	0.776361	52	51.9	0	461	1673	1.02824	0.756486	1839
849	1.08947e+006	1409	583545	505926	100	90	1.7243	0.776361	52	51.9	0	461	1673	1.02736	0.759366	1839
850	1.03981e+006	1192	559458	480356	100	90	1.75881	0.776361	52	51.9	0	461	1673	1.03109	0.757472	1839
851	1.00905e+006	1047	544305	464746	100	90	1.81951	0.776361	52	51.9	0	461	1673	1.04122	0.756335	1839
852	943731	915	511457	432274	100	90	1.85614	0.776361	52	51.9	0	461	1673	1.04837	0.761958	1839
853	917320	833	498370	418950	100	90	1.90648	0.776361	52	51.9	0	461	1673	1.061	0.772727	1839
854	808144	701	440584	367560	100	90	1.97591	0.776361	52	51.9	0	461	1673	1.07986	0.784257	1839
855	743131	620	405725	337406	100	90	1.99777	0.776361	52	51.9	0	461	1673	1.09722	0.79703	1839
856	684550	554	371111	307986	100	90	2.04289	0.776361	52	51.9	0	461	1673	1.10586	0.807836	1839
857	643118	502	347147	286359	100	90	2.0553	0.776361	52	51.9	0	461	1673	1.10469	0.797938	1839
858	622546	473	336535	276110	100	90	2.0678	0.776361	52	51.9	0	461	1673	1.11937	0.809628	1839
859	582916	429	315256	257746	100	90	2.09808	0.776361	52	51.9	0	461	1673	1.11497	0.781775	1839
860	497310	351	269631	219488	100	90	2.0996	0.776361	52	51.9	0	461	1673	1.11376	0.775811	1839
861	467848	325	258476	209373	100	90	2.09739	0.776361	52	51.9	0	461	1673	1.11681	0.780255	1839
862	253115	311	46233.2	206882	100	90	0.103163	0.776361	52	51.9	219948	461	1673	1.00247	0.670951	1839
863	612626	269	251696	360931	100	90	0.0776991	0.776361	52	51.9	219948	461	1673	1.00192	0.668365	1839
864	832923	250	375214	457709	100	90	0.0780315	0.776361	52	51.9	219948	461	1673	1.0018	0.69296	1839
865	800206	245	377033	423173	100	90	0.0882103	0.776361	52	51.9	219948	461	1673	1.00206	0.732153	1839
866	877583	209	435567	442016	100	90	0.0979033	0.776361	52	51.9	219948	461	1673	1.00231	0.740398	1839
867	1.00385e+006	3368	507437	496416	100	90	1.11711	0.776361	52	51.9	219948	461	1673	1.00308	0.750225	1839
868	1.028e+006	2717	524383	503621	100	90	1.24969	0.776361	52	51.9	219948	461	1673	1.004	0.770155	1839
869	1.03602e+006	2236	536361	499660	100	90	1.31933	0.776361	52	51.9	219948	461	1673	1.00522	0.764015	1839
870	769066	2010	273077	495989	100	90	1.42433	0.776361	51	51.9	219948	461	1673	1.07277	0.894737	1839
871	827804	1563	361520	456488	100	90	0.745302	0.776361	52	51.9	0	461	1673	1.03082	0.730457	1839
872	959516	1313	456561	488941	100	90	0.601993	0.776361	52	51.9	0	461	1673	1.02353	0.716977	1839
873	1.09071e+006	1087	536770	538273	100	90	0.546126	0.776361	52	51.9	0	461	1673	1.02172	0.716338	1839
874	1.13552e+006	904	568508	552653	100	90	0.568151	0.776361	52	51.9	0	461	1673	1.02369	0.737111	1839
875	1.13123e+006	858	576642	541827	100	90	0.642625	0.776361	52	51.9	0	461	1673	1.02792	0.748519	1839
876	1.10784e+006	1705	579667	528177	100	90	1.24767	0.776361	52	51.9	0	461	1673	1.02832	0.761182	1839
877	1.12871e+006	1670	597449	531261	100	90	1.46396	0.776361	52	51.9	0	461	1673	1.03373	0.755625	1839
878	1.13812e+006	1632	607667	530453	100	90	1.65661	0.776361	52	51.9	0	461	1673	1.03646	0.752513	1839
879	1.0648e+006	1300	573131	491667	100	90	1.7191	0.776361	52	51.9	0	461	1673	1.04122	0.74628	1839
880	999953	1069	542202	457751	100	90	1.79573	0.776361	52	51.9	0	461	1673	1.05169	0.757634	1839
881	942415	902	512905	429509	100	90	1.87872	0.776361	52	51.9	0	461	1673	1.06776	0.76958	1839
882	870695	777	475359	395336	100	90	1.95339	0.776361	52	51.9	0	461	1673	1.07129	0.781457	1839
883	818491	683	447988	370503	100	90	2.00491	0.776361	52	51.9	0	461	1673	1.08205	0.797297	1839
884	770789	621	423124	347665	100	90	2.03733	0.776361	52	51.9	0	461	1673	1.09465	0.799003	1839
885	743139	579	408462	334678	100	90	2.10564	0.776361	52	51.9	0	461	1673	1.09583	0.792857	1839
886	678993	505	369969	302747	100	90	2.11127	0.776361	52	51.9	0	461	1673	1.12022	0.815195	1839
887	626311	450	339377	276649	100	90	2.10958	0.776361	52	51.9	0	461	1673	1.13542	0.831382	1839
888	595245	412	322819	262192	100	90	2.13916	0.776361	52	51.9	0	461	1673	1.14385	0.824742	1839
889	559480	379	304091	245446	100	90	2.15086	0.776361	52	51.9	0	461	1673	1.17268	0.846591	1839
890	514430	333	279611	225633	100	90	2.172	0.776361	52	51.9	0	461	1673	1.18155	0.847896	1839
891	484938	318	268784	216154	100	90	2.19289	0.776361	52	51.9	0	461	1673	1.17516	0.857639	1839
892	244978	297	43516.8	201462	100	90	0.100446	0.776361	52	51.9	228433	461	1673	1.00287	0.63803	1839
893	601916	259	245959	355957	100	90	0.074482	0.776361	52	51.9	228433	461	1673	1.00203	0.635457	1839
894	824976	238	370735	454241	100	90	0.0740192	0.776361	52	51.9	228433	461	1673	1.00216	0.658459	1839
895	770688	212	363532	407156	100	90	0.0765139	0.776361	52	51.9	228433	461	1673	1.00236	0.699711	1839
896	870903	189	435279	435625	100	90	0.0880563	0.776361	52	51.9	228433	461	1673	1.00298	0.718095	1839
897	1.00816e+006	3554	512734	495422	100	90	1.17107	0.776361	52	51.9	228433	461	1673	1.0043	0.730138	1839
898	1.0546e+006	2939	541487	513109	100	90	1.35577	0.776361	52	51.9	228433	461	1673	1.00517	0.745959	1839
899	1.06556e+006	2229	552607	512957	100	90	1.36924	0.776361	51	51.9	228433	461	1673	1.00741	0.741663	1839
900	785025	1991	279403	505622	100	90	1.46206	0.776361	47	51.9	228433	461	1673	1.0812	0.87234	1839
901	882652	1616	386943	485867	100	90	0.802066	0.776361	52	51.9	0	461	1673	1.0349	0.713167	1839
902	1.01061e+006	1344	481069	515013	100	90	0.65611	0.776361	52	51.9	0	461	1673	1.02749	0.702088	1839
903	1.14738e+006	1129	565425	565962	100	90	0.609958	0.776361	52	51.9	0	461	1673	1.02635	0.696393	1839
904	1.2054e+006	988	604898	584912	100	90	0.675495	0.776361	52	51.9	0	461	1673	1.03158	0.717423	1839
905	1.18534e+006	922	605112	566777	100	90	0.741971	0.776361	52	51.9	0	461	1673	1.03506	0.734575	1839
906	1.17157e+006	1867	613505	558067	100	90	1.40206	0.776361	52	51.9	0	461	1673	1.03489	0.745798	1839
907	1.1602e+006	1693	614215	545990	100	90	1.54759	0.776361	52	51.9	0	461	1673	1.03808	0.742335	1839
908	1.10465e+006	1502	590146	514504	100	90	1.68789	0.776361	52	51.9	0	461	1673	1.04092	0.745058	1839
909	1.08391e+006	1275	583481	500426	100	90	1.78047	0.776361	52	51.9	0	461	1673	1.04824	0.738363	1839
910	1.03929e+006	1069	562897	476396	100	90	1.8291	0.776361	52	51.9	0	461	1673	1.05614	0.747601	1839
911	957321	905	521223	436098	100	90	1.90173	0.776361	52	51.9	0	461	1673	1.06541	0.760499	1839
912	900103	796	491804	408299	100	90	1.977	0.776361	52	51.9	0	461	1673	1.07305	0.764858	1839
913	855276	725	468215	387062	100	90	2.02953	0.776361	52	51.9	0	461	1673	1.08258	0.763121	1839
914	757475	613	415110	342365	100	90	2.07052	0.776361	52	51.9	0	461	1673	1.10224	0.781513	1839
915	684092	536	375600	308492	100	90	2.10515	0.776361	52	51.9	0	461	1673	1.13311	0.805769	1839
916	677080	518	368526	302595	100	90	2.13862	0.776361	52	51.9	0	461	1673	1.13854	0.813253	1839
917	619552	458	334688	274805	100	90	2.11651	0.776361	52	51.9	0	461	1673	1.14688	0.824601	1839
918	587523	423	316936	260517	100	90	2.12917	0.776361	52	51.9	0	461	1673	1.16107	0.835784	1839
919	528783	380	285203	234871	100	90	2.13607	0.776361	52	51.9	0	461	1673	1.16624	0.846797	1839
920	491040	345	265212	217731	100	90	2.17261	0.776361	52	51.9	0	461	1673	1.17994	0.84326	1839
921	466672	325	256865	209808	100	90	2.12926	0.776361	52	51.9	0	461	1673	1.20561	0.865772	1839
922	248053	309	44082.2	203971	100	90	0.102582	0.776361	52	51.9	216204	461	1673	1.00324	0.719575	1839
923	607333	264	248377	358955	100	90	0.0764071	0.776361	52	51.9	216204	461	1673	1.00234	0.710011	1839
924	828795	243	372585	456210	100	90	0.0760099	0.776361	52	51.9	216204	461	1673	1.0022	0.728494	1839
925	767450	206	361536	405913	100	90	0.0751459	0.776361	52	51.9	216204	461	1673	1.0023	0.758719	1839
926	860357	194	428981	431376	100	90	0.0907821	0.776361	52	51.9	216204	461	1673	1.00276	0.771041	1839
927	963224	3349	489159	474065	100	90	1.12968	0.776361	52	51.9	216204	461	1673	1.00393	0.777316	1839
928	1.00361e+006	2713	514793	488820	100	90	1.30581	0.776361	52	51.9	216204	461	1673	1.00551	0.784358	1839
929	1.007e+006	2146	523129	483874	100	90	1.35114	0.776361	52	51.9	216204	461	1673	1.00774	0.780557	1839
930	738552	1858	263841	474711	100	90	1.4268	0.776361	51	51.9	216204	461	1673	1.07862	0.909734	1839
