Time	totMass	NInd	abovemass	belowmass	mean_ares	mean_bres	shannon	meanShannon	NPFT	meanNPFT	Cutted	NNonClonal	NClonal	mean_generation	mean_genet_size	NGenets
1	400	0	200	200	100	90	0	0.731505	40	40	0	17	2906	1	0.805508	2547
2	12270.6	0	5977.31	6293.24	100	90	0	0.731505	40	40	0	17	2906	1	0.801339	2547
3	60764.5	0	31968	28796.5	100	90	0	0.731505	40	40	0	17	2906	1	0.806482	2547
4	190189	0	99022.9	91166.1	100	90	0	0.731505	40	40	0	17	2906	1	0.807429	2547
5	433858	0	224832	209025	100	90	0	0.731505	40	40	0	17	2906	1	0.805051	2547
6	749360	566	389002	360358	100	90	2.37169	0.731505	40	40	0	17	2906	1.00997	0.810867	2547
7	1.01052e+006	793	529444	481071	100	90	3.05395	0.731505	40	40	0	17	2906	1.02923	0.831661	2547
8	1.19179e+006	842	630815	560976	100	90	3.16841	0.731505	40	40	0	17	2906	1.05527	0.855107	2547
9	1.31838e+006	809	702286	616093	100	90	3.07758	0.731505	40	40	0	17	2906	1.07338	0.874074	2547
10	1.41652e+006	782	757368	659155	100	90	2.97087	0.731505	40	40	0	17	2906	1.10385	0.9106	2547
11	1.4835e+006	761	794895	688601	100	90	2.95638	0.731505	40	40	0	17	2906	1.11432	0.924503	2547
12	1.52486e+006	741	818790	706074	100	90	2.91382	0.731505	40	40	0	17	2906	1.13417	0.949106	2547
13	1.57477e+006	743	846864	727907	100	90	2.9253	0.731505	40	40	0	17	2906	1.16667	1	2547
14	1.60249e+006	736	863287	739203	100	90	2.89981	0.731505	40	40	0	17	2906	1.18137	1.02594	2547
15	1.62871e+006	743	879006	749705	100	90	2.94013	0.731505	40	40	0	17	2906	1.19899	1.04839	2547
16	1.66968e+006	742	886880	754551	100	90	2.92968	0.731505	40	40	0	17	2906	1.22627	1.06231	2547
17	1.69715e+006	744	888887	756195	100	90	2.96215	0.731505	40	40	0	17	2906	1.22739	1.06466	2547
18	1.7258e+006	753	902658	767151	100	90	3.04607	0.731505	40	40	0	17	2906	1.22665	1.06061	2547
19	1.75397e+006	760	917837	778945	100	90	3.124	0.731505	40	40	0	17	2906	1.21849	1.04601	2547
20	1.76648e+006	759	925592	784232	100	90	3.1448	0.731505	40	40	0	17	2906	1.22507	1.03106	2547
21	1.72665e+006	768	935233	791417	100	90	3.21224	0.731505	40	40	0	17	2906	1.22642	1.02656	2547
22	1.72386e+006	770	934722	789140	100	90	1.27448	0.731505	40	40	0	17	2906	1.06575	0.846807	2547
23	1.74705e+006	763	944255	802796	100	90	1.25872	0.731505	40	40	0	17	2906	1.06904	0.867037	2547
24	1.77801e+006	754	959155	818852	100	90	1.26251	0.731505	40	40	0	17	2906	1.07497	0.895816	2547
25	1.78852e+006	745	965631	822887	100	90	1.32363	0.731505	40	40	0	17	2906	1.08374	0.923517	2547
26	1.80839e+006	738	977689	830704	100	90	1.43315	0.731505	40	40	0	17	2906	1.09637	0.956209	2547
27	1.83556e+006	1346	992469	843090	100	90	2.49603	0.731505	40	40	0	17	2906	1.11565	0.983555	2547
28	1.86345e+006	1232	1.00728e+006	856175	100	90	2.5339	0.731505	40	40	0	17	2906	1.13858	1.00268	2547
29	1.88008e+006	1149	1.01705e+006	863033	100	90	2.60101	0.731505	40	40	0	17	2906	1.16819	1.02165	2547
30	1.39955e+006	1114	519724	879826	100	90	2.15728	0.731505	40	40	0	17	2906	1.51702	1.63797	2547
31	1.44906e+006	991	631084	817292	100	90	1.27753	0.731505	40	40	0	17	2906	1.18608	1.00246	2547
32	1.45166e+006	883	672928	777410	100	90	1.00152	0.731505	40	40	0	17	2906	1.11393	0.903836	2547
33	1.38549e+006	743	664265	720152	100	90	0.790552	0.731505	40	40	0	17	2906	1.08594	0.853632	2547
34	1.04142e+006	675	330813	710447	100	90	0.872039	0.731505	40	40	0	17	2906	1.09488	0.859389	2547
35	882964	785	211350	671565	100	90	1.15049	0.731505	40	40	0	17	2906	1.10535	0.907559	2547
36	941544	811	316434	625110	100	90	1.35662	0.731505	40	40	0	17	2906	1.10994	0.942514	2547
37	1.03923e+006	987	427868	611363	100	90	1.83532	0.731505	40	40	0	17	2906	1.12304	0.955859	2547
38	1.11161e+006	1146	508835	602773	100	90	2.53278	0.731505	40	40	0	17	2906	1.14685	0.971058	2547
39	1.1014e+006	919	533093	568305	100	90	2.57765	0.731505	40	40	0	17	2906	1.18395	1.00762	2547
40	701637	760	174570	527067	100	90	2.52667	0.731505	40	40	402737	17	2906	1.197	1.00609	2547
41	607125	661	125014	482110	100	90	2.52067	0.731505	40	40	402737	17	2906	1.20571	1.00173	2547
42	661497	575	213517	447980	100	90	2.60815	0.731505	40	40	402737	17	2906	1.23938	1.04024	2547
43	699845	504	288267	411579	100	90	2.70666	0.731505	40	40	402737	17	2906	1.27886	1.07834	2547
44	549493	456	166997	382496	100	90	2.81269	0.731505	40	40	402737	17	2906	1.30655	1.10513	2547
45	572818	408	228914	343904	100	90	2.86568	0.731505	40	40	402737	17	2906	1.31111	1.12174	2547
46	393189	348	89709.6	303307	100	90	2.84137	0.731505	40	40	609937	17	2906	1.35484	1.16216	2547
47	420773	314	140818	273463	100	90	2.85656	0.731505	40	40	609937	17	2906	1.4	1.19318	2547
48	351395	292	97667.9	251777	100	90	2.88477	0.731505	40	40	609937	17	2906	1.4053	1.21519	2547
49	374980	260	141934	226391	100	90	2.8846	0.731505	40	40	609937	17	2906	1.45089	1.24272	2547
50	406556	245	184697	215779	100	90	2.90204	0.731505	40	40	609937	17	2906	1.46411	1.24607	2547
51	404380	226	201003	203378	100	90	2.90161	0.731505	40	40	609937	17	2906	1.47849	1.27168	2547
52	238181	200	53184.3	184996	100	90	0.185476	0.731505	40	40	775679	17	2906	1.01264	0.849578	2547
53	393684	190	152536	241148	100	90	0.12547	0.731505	40	40	775679	17	2906	1.00854	0.846617	2547
54	698597	168	320658	377940	100	90	0.117959	0.731505	40	40	775679	17	2906	1.00879	0.849711	2547
55	931466	169	440768	490698	100	90	0.139197	0.731505	40	40	775679	17	2906	1.01002	0.860374	2547
56	967747	151	466915	500833	100	90	0.149117	0.731505	40	40	775679	17	2906	1.01212	0.869816	2547
57	1.02854e+006	2178	509389	519147	100	90	1.53919	0.731505	40	40	775679	17	2906	1.01428	0.867527	2547
58	1.07563e+006	1974	542668	532959	100	90	1.73045	0.731505	40	40	775679	17	2906	1.01712	0.856392	2547
59	1.10993e+006	1594	566833	543093	100	90	1.7641	0.731505	40	40	775679	17	2906	1.02187	0.853716	2547
60	816354	1368	284734	531620	100	90	1.7586	0.731505	40	40	775679	17	2906	1.22821	1.25785	2547
61	873518	1148	384885	488528	100	90	1.52931	0.731505	40	40	0	17	2906	1.17174	1.03874	2547
62	935182	979	450135	484809	100	90	1.41281	0.731505	40	40	0	17	2906	1.13659	0.967138	2547
63	966586	838	484233	482158	100	90	1.31041	0.731505	40	40	0	17	2906	1.12185	0.933394	2547
64	1.02958e+006	743	525341	504037	100	90	1.3845	0.731505	40	40	0	17	2906	1.1314	0.928058	2547
65	757300	722	259765	497526	100	90	1.54452	0.731505	40	40	0	17	2906	1.14277	0.927728	2547
66	836777	943	358582	478195	100	90	2.1837	0.731505	40	40	0	17	2906	1.13633	0.916597	2547
67	689687	987	212854	476832	100	90	2.46914	0.731505	40	40	0	17	2906	1.13563	0.926614	2547
68	764666	942	312052	452614	100	90	2.63338	0.731505	40	40	0	17	2906	1.14602	0.935374	2547
69	828395	825	389591	438803	100	90	2.63345	0.731505	40	40	0	17	2906	1.14632	0.934866	2547
70	578196	706	168871	409325	100	90	2.65347	0.731505	40	40	272412	17	2906	1.14388	0.944277	2547
71	632623	631	250657	381966	100	90	2.6821	0.731505	40	40	272412	17	2906	1.15928	0.953255	2547
72	678156	580	315638	362517	100	90	2.72678	0.731505	40	40	272412	17	2906	1.18312	0.994485	2547
73	515187	526	169172	346015	100	90	2.77899	0.731505	40	40	272412	17	2906	1.20879	1.02049	2547
74	413783	457	111844	301938	100	90	2.81515	0.731505	40	40	272412	17	2906	1.21459	1.02138	2547
75	471826	435	183714	288113	100	90	2.91102	0.731505	40	40	272412	17	2906	1.20882	1.00249	2547
76	357022	385	96003.8	260540	100	90	2.90338	0.731505	40	40	426843	17	2906	1.22164	1.01695	2547
77	384646	342	144697	232931	100	90	2.88552	0.731505	40	40	426843	17	2906	1.26235	1.04235	2547
78	418362	319	189450	219051	100	90	2.90498	0.731505	40	40	426843	17	2906	1.27027	1.03534	2547
79	417920	284	201831	202721	100	90	2.8742	0.731505	40	40	426843	17	2906	1.31008	1.07229	2547
80	402043	253	200407	190044	100	90	2.82681	0.731505	40	40	426843	17	2906	1.31878	1.09132	2547
81	372054	230	193879	178175	100	90	2.7612	0.731505	40	40	426843	17	2906	1.3381	1.11168	2547
82	208322	191	53911.1	154411	100	90	0.100702	0.731505	40	40	566928	17	2906	1.0048	0.80221	2547
83	483873	181	207448	276425	100	90	0.0761283	0.731505	40	40	566928	17	2906	1.00379	0.802494	2547
84	799940	173	370520	429420	100	90	0.0816865	0.731505	40	40	566928	17	2906	1.00412	0.818732	2547
85	811415	158	384703	426712	100	90	0.0859357	0.731505	40	40	566928	17	2906	1.00503	0.852335	2547
86	783824	145	385599	398224	100	90	0.0972753	0.731505	40	40	566928	17	2906	1.00629	0.872822	2547
87	888650	2448	446987	441664	100	90	1.21307	0.731505	40	40	566928	17	2906	1.00718	0.85028	2547
88	720693	2142	227473	493220	100	90	1.4783	0.731505	40	40	566928	17	2906	1.01072	0.846608	2547
89	818734	1816	329218	489516	100	90	1.67245	0.731505	40	40	566928	17	2906	1.01476	0.856181	2547
90	716317	1685	212342	503975	100	90	1.8896	0.731505	38	40	566928	17	2906	1.16441	1.10997	2547
91	830934	1436	342278	488648	100	90	1.21849	0.731505	40	40	0	17	2906	1.0801	0.907669	2547
92	880068	1133	406954	473105	100	90	0.978446	0.731505	40	40	0	17	2906	1.05594	0.867475	2547
93	975967	934	476824	499133	100	90	0.88033	0.731505	40	40	0	17	2906	1.0499	0.852225	2547
94	1.08006e+006	799	538053	541998	100	90	0.91115	0.731505	40	40	0	17	2906	1.05021	0.847346	2547
95	1.11203e+006	750	560179	551834	100	90	0.984407	0.731505	40	40	0	17	2906	1.054	0.858791	2547
96	797868	1380	263011	534857	100	90	1.79828	0.731505	40	40	0	17	2906	1.06045	0.866667	2547
97	874217	1277	363178	511038	100	90	1.95527	0.731505	40	40	0	17	2906	1.06837	0.873662	2547
98	953282	1216	446028	507254	100	90	2.17283	0.731505	40	40	0	17	2906	1.06987	0.872232	2547
99	727992	1053	236192	491800	100	90	2.23915	0.731505	40	40	0	17	2906	1.08271	0.88189	2547
100	619279	947	146023	473257	100	90	2.32182	0.731505	40	40	20170.4	17	2906	1.09636	0.899558	2547
101	660978	807	243335	417643	100	90	2.38875	0.731505	40	40	20170.4	17	2906	1.10511	0.904516	2547
102	737301	739	332184	405117	100	90	2.46572	0.731505	40	40	20170.4	17	2906	1.12922	0.922096	2547
103	759535	685	372073	387463	100	90	2.45354	0.731505	40	40	20170.4	17	2906	1.1671	0.955725	2547
104	532369	579	178333	354036	100	90	2.45788	0.731505	40	40	20170.4	17	2906	1.19623	0.98913	2547
105	586990	536	251221	335769	100	90	2.53431	0.731505	40	40	20170.4	17	2906	1.2007	0.972387	2547
106	435385	484	122149	312684	100	90	2.47194	0.731505	40	40	211726	17	2906	1.21415	1.00436	2547
107	481361	435	186160	286050	100	90	2.51853	0.731505	40	40	211726	17	2906	1.22368	1.01214	2547
108	509416	390	232645	264483	100	90	2.56906	0.731505	40	40	211726	17	2906	1.23907	1.0226	2547
109	499504	349	241816	241856	100	90	2.60348	0.731505	40	40	211726	17	2906	1.26126	1.05844	2547
110	489584	317	244355	230965	100	90	2.6477	0.731505	40	40	211726	17	2906	1.25581	1.01068	2547
111	335391	290	116880	218510	100	90	2.67067	0.731505	40	40	211726	17	2906	1.25455	0.984314	2547
112	279455	271	71255.2	208199	100	90	0.117051	0.731505	40	40	312025	17	2906	1.00481	0.795668	2547
113	580987	244	245948	335038	100	90	0.0932713	0.731505	40	40	312025	17	2906	1.00405	0.794378	2547
114	827817	211	380977	446840	100	90	0.0913809	0.731505	40	40	312025	17	2906	1.0044	0.810405	2547
115	784390	197	372587	411803	100	90	0.0993225	0.731505	40	40	312025	17	2906	1.00519	0.84753	2547
116	805304	185	398088	407216	100	90	0.118835	0.731505	40	40	312025	17	2906	1.00711	0.851736	2547
117	905672	2436	455124	450548	100	90	1.23737	0.731505	40	40	312025	17	2906	1.00823	0.844251	2547
118	995754	1992	503090	492663	100	90	1.48552	0.731505	40	40	312025	17	2906	1.01273	0.851325	2547
119	970682	1562	494669	476013	100	90	1.56406	0.731505	40	40	312025	17	2906	1.01579	0.845125	2547
120	597355	1415	119465	477890	100	90	1.6817	0.731505	39	40	312025	17	2906	1.16455	1.10896	2547
121	560932	1210	110361	450561	100	90	0.844339	0.731505	40	40	0	17	2906	1.0579	0.848666	2547
122	688756	1016	238802	449954	100	90	0.664653	0.731505	40	40	0	17	2906	1.038	0.826312	2547
123	880680	870	383771	496909	100	90	0.637331	0.731505	40	40	0	17	2906	1.03659	0.825219	2547
124	979045	718	461204	517841	100	90	0.679092	0.731505	40	40	0	17	2906	1.0404	0.832356	2547
125	1.02017e+006	692	498765	521409	100	90	0.7978	0.731505	40	40	0	17	2906	1.04727	0.847779	2547
126	1.04366e+006	1475	522758	520905	100	90	1.64594	0.731505	40	40	0	17	2906	1.05541	0.849711	2547
127	1.04976e+006	1362	534050	515711	100	90	1.81266	0.731505	40	40	0	17	2906	1.06258	0.851324	2547
128	1.01533e+006	1190	521214	494115	100	90	1.92202	0.731505	40	40	0	17	2906	1.06597	0.852302	2547
129	970803	988	502668	468135	100	90	1.99808	0.731505	40	40	0	17	2906	1.07558	0.848326	2547
130	638266	848	199456	438810	100	90	2.08983	0.731505	40	40	314583	17	2906	1.08671	0.854878	2547
131	724111	785	298980	425132	100	90	2.23167	0.731505	40	40	314583	17	2906	1.0969	0.857143	2547
132	742619	699	351631	390988	100	90	2.33286	0.731505	40	40	314583	17	2906	1.11716	0.872404	2547
133	730254	628	365276	364978	100	90	2.39897	0.731505	40	40	314583	17	2906	1.14407	0.895175	2547
134	696993	562	356864	340129	100	90	2.46189	0.731505	40	40	314583	17	2906	1.17259	0.926276	2547
135	652682	495	337452	315230	100	90	2.45793	0.731505	40	40	314583	17	2906	1.19066	0.937901	2547
136	399569	449	110126	289278	100	90	2.46856	0.731505	40	40	554790	17	2906	1.17672	0.924171	2547
137	448200	414	171722	267953	100	90	2.47404	0.731505	40	40	554790	17	2906	1.20384	0.952632	2547
138	450797	358	204161	235762	100	90	2.53324	0.731505	40	40	554790	17	2906	1.2063	0.957055	2547
139	472578	342	227733	229484	100	90	2.5464	0.731505	40	40	554790	17	2906	1.23547	0.97377	2547
140	331641	308	116551	212766	100	90	2.55159	0.731505	40	40	554790	17	2906	1.23311	0.960145	2547
141	359214	285	158457	200757	100	90	2.53236	0.731505	40	40	554790	17	2906	1.25185	0.972112	2547
142	251211	259	66208.4	185003	100	90	0.291431	0.731505	40	40	678640	17	2906	1.01378	0.785305	2547
143	356047	231	146717	209330	100	90	0.197798	0.731505	40	40	678640	17	2906	1.01026	0.785405	2547
144	462954	213	143152	319802	100	90	0.189951	0.731505	40	40	678640	17	2906	1.01004	0.790738	2547
145	726396	190	296587	429809	100	90	0.178149	0.731505	40	40	678640	17	2906	1.00953	0.79482	2547
146	925206	159	419381	505825	100	90	0.183514	0.731505	40	40	678640	17	2906	1.00951	0.809965	2547
147	987651	1838	470688	516963	100	90	1.35159	0.731505	40	40	678640	17	2906	1.01209	0.81457	2547
148	1.00683e+006	1737	498392	508442	100	90	1.5284	0.731505	40	40	678640	17	2906	1.01458	0.798427	2547
149	1.03073e+006	1474	521705	509029	100	90	1.54806	0.731505	40	40	678640	17	2906	1.01854	0.794564	2547
150	760067	1326	262602	497464	100	90	1.43806	0.731505	39	40	678640	17	2906	1.26212	1.24141	2547
151	872431	1186	391571	480856	100	90	1.32461	0.731505	40	40	0	17	2906	1.20423	1.02938	2547
152	920498	1044	446503	473986	100	90	1.3172	0.731505	40	40	0	17	2906	1.1693	0.946374	2547
153	701134	910	231253	469868	100	90	1.33884	0.731505	40	40	0	17	2906	1.14607	0.894236	2547
154	835326	837	350797	484516	100	90	1.44184	0.731505	40	40	0	17	2906	1.15021	0.885375	2547
155	915568	844	431075	484479	100	90	1.61829	0.731505	40	40	0	17	2906	1.1491	0.888716	2547
156	963892	1003	478003	485889	100	90	1.97936	0.731505	40	40	0	17	2906	1.14297	0.879357	2547
157	957249	971	484142	473107	100	90	2.09938	0.731505	40	40	0	17	2906	1.15789	0.891327	2547
158	926714	906	474714	452001	100	90	2.14627	0.731505	40	40	0	17	2906	1.15718	0.88361	2547
159	658908	815	226640	432268	100	90	2.11703	0.731505	40	40	0	17	2906	1.16773	0.890625	2547
160	583116	738	181807	401309	100	90	2.14364	0.731505	40	40	137378	17	2906	1.1621	0.892086	2547
161	645472	676	268498	376974	100	90	2.16967	0.731505	40	40	137378	17	2906	1.17409	0.911672	2547
162	722189	671	342347	379841	100	90	2.24036	0.731505	40	40	137378	17	2906	1.1847	0.918138	2547
163	682411	585	339880	342530	100	90	2.28159	0.731505	40	40	137378	17	2906	1.19898	0.914972	2547
164	653065	530	331599	321466	100	90	2.28587	0.731505	40	40	137378	17	2906	1.21731	0.936475	2547
165	616672	478	316741	299931	100	90	2.27041	0.731505	40	40	137378	17	2906	1.258	0.979405	2547
166	379112	413	110771	267932	100	90	2.21727	0.731505	40	40	347361	17	2906	1.2767	1.00789	2547
167	316277	365	79964.1	235200	100	90	2.23293	0.731505	40	40	347361	17	2906	1.26099	0.985163	2547
168	363775	341	135835	220526	100	90	2.25179	0.731505	40	40	347361	17	2906	1.27164	1.00965	2547
169	406122	323	183730	213264	100	90	2.25961	0.731505	40	40	347361	17	2906	1.24762	1.00345	2547
170	422058	314	204675	208753	100	90	2.26197	0.731505	40	40	347361	17	2906	1.27891	1.04029	2547
171	379118	284	193400	185718	100	90	2.25418	0.731505	40	40	347361	17	2906	1.30116	1.06173	2547
172	238021	257	63256.9	174764	100	90	0.125141	0.731505	40	40	380249	17	2906	1.00565	0.756107	2547
173	503607	233	219581	284026	100	90	0.0912499	0.731505	40	40	380249	17	2906	1.00408	0.750938	2547
174	814728	201	381840	432888	100	90	0.0890108	0.731505	40	40	380249	17	2906	1.00426	0.769742	2547
175	607593	181	178739	428854	100	90	0.093469	0.731505	40	40	380249	17	2906	1.00496	0.820089	2547
176	635295	177	241274	394022	100	90	0.110317	0.731505	40	40	380249	17	2906	1.00574	0.840299	2547
177	828765	2578	369401	459365	100	90	1.12131	0.731505	40	40	380249	17	2906	1.00778	0.824228	2547
178	711809	2439	210930	500880	100	90	1.41923	0.731505	40	40	380249	17	2906	1.01032	0.82495	2547
179	615311	2025	138113	477198	100	90	1.60572	0.731505	40	40	380249	17	2906	1.01455	0.827061	2547
180	571734	1750	122759	448975	100	90	1.67922	0.731505	39	40	380249	17	2906	1.12023	0.992494	2547
181	678662	1474	250008	428618	100	90	1.00247	0.731505	40	40	0	17	2906	1.05304	0.811819	2547
182	845229	1335	374207	470973	100	90	0.911456	0.731505	40	40	0	17	2906	1.04315	0.798431	2547
183	985383	1173	470469	514839	100	90	0.927889	0.731505	40	40	0	17	2906	1.04298	0.798006	2547
184	787354	954	253571	533766	100	90	0.938361	0.731505	40	40	0	17	2906	1.04734	0.797946	2547
185	722432	894	182369	540063	100	90	1.00365	0.731505	40	40	0	17	2906	1.0493	0.80396	2547
186	691301	1631	153481	537820	100	90	1.68291	0.731505	40	40	0	17	2906	1.04774	0.807729	2547
187	809959	1594	289071	520888	100	90	1.88182	0.731505	40	40	0	17	2906	1.05288	0.812215	2547
188	918040	1507	401939	516100	100	90	2.04789	0.731505	40	40	0	17	2906	1.05669	0.816147	2547
189	939608	1255	450553	489056	100	90	2.04107	0.731505	40	40	0	17	2906	1.0688	0.834421	2547
190	659181	1069	193446	465735	100	90	2.01126	0.731505	40	40	35742.7	17	2906	1.08137	0.853308	2547
191	564070	928	140522	423548	100	90	2.0487	0.731505	40	40	35742.7	17	2906	1.09548	0.86711	2547
192	619171	806	234776	384395	100	90	2.10853	0.731505	40	40	35742.7	17	2906	1.10112	0.872286	2547
193	670929	723	305840	365090	100	90	2.11078	0.731505	40	40	35742.7	17	2906	1.13278	0.910384	2547
194	674213	644	331515	342698	100	90	2.1516	0.731505	40	40	35742.7	17	2906	1.1337	0.912903	2547
195	610976	535	309746	301230	100	90	2.16084	0.731505	40	40	35742.7	17	2906	1.16582	0.933071	2547
196	404513	466	128354	275465	100	90	2.15495	0.731505	40	40	229886	17	2906	1.20559	0.974886	2547
197	324302	395	84505.6	238702	100	90	2.17139	0.731505	40	40	229886	17	2906	1.22565	0.975741	2547
198	380470	377	144604	227942	100	90	2.17361	0.731505	40	40	229886	17	2906	1.23711	1.01166	2547
199	416496	347	190252	216665	100	90	2.19381	0.731505	40	40	229886	17	2906	1.23699	1.01608	2547
200	412485	311	201767	202290	100	90	2.23761	0.731505	40	40	229886	17	2906	1.25	1.0365	2547
201	381075	281	194986	186089	100	90	2.23809	0.731505	40	40	229886	17	2906	1.30588	1.10127	2547
202	245836	247	74689.4	171147	100	90	0.121418	0.731505	40	40	353064	17	2906	1.00628	0.746776	2547
203	507090	237	225267	281824	100	90	0.0948254	0.731505	40	40	353064	17	2906	1.0049	0.748707	2547
204	822655	225	386363	436292	100	90	0.100573	0.731505	39	40	353064	17	2906	1.00539	0.765392	2547
205	873011	205	416954	456056	100	90	0.106204	0.731505	39	40	353064	17	2906	1.00584	0.812259	2547
206	814038	192	399871	414167	100	90	0.12144	0.731505	39	40	353064	17	2906	1.00741	0.839548	2547
207	883003	2234	442494	440510	100	90	1.06193	0.731505	39	40	353064	17	2906	1.00884	0.807895	2547
208	965206	1874	488437	476769	100	90	1.23163	0.731505	39	40	353064	17	2906	1.01236	0.801902	2547
209	993197	1529	506475	486721	100	90	1.34694	0.731505	39	40	353064	17	2906	1.01683	0.800777	2547
210	721710	1421	251035	470675	100	90	1.54622	0.731505	37	40	353064	17	2906	1.15573	1.04728	2547
211	807207	1186	364170	443007	100	90	1.00948	0.731505	40	40	0	17	2906	1.07554	0.842075	2547
212	898501	1034	439057	459387	100	90	0.868565	0.731505	40	40	0	17	2906	1.05587	0.815335	2547
213	954762	866	478217	476474	100	90	0.812627	0.731505	40	40	0	17	2906	1.05098	0.803237	2547
214	1.04529e+006	771	527209	518011	100	90	0.883624	0.731505	40	40	0	17	2906	1.05849	0.80594	2547
215	1.07319e+006	762	544066	529049	100	90	1.01559	0.731505	40	40	0	17	2906	1.06572	0.810799	2547
216	1.0524e+006	1301	536975	515423	100	90	1.64758	0.731505	40	40	0	17	2906	1.07069	0.815476	2547
217	1.03352e+006	1206	531644	501880	100	90	1.78455	0.731505	40	40	0	17	2906	1.08031	0.813135	2547
218	1.00333e+006	1134	519709	483618	100	90	1.87187	0.731505	40	40	0	17	2906	1.0754	0.802765	2547
219	954373	976	496790	457583	100	90	1.88636	0.731505	40	40	0	17	2906	1.08851	0.810235	2547
220	637800	846	209279	428522	100	90	1.93196	0.731505	40	40	282782	17	2906	1.09881	0.808878	2547
221	694839	765	288886	405953	100	90	2.05334	0.731505	40	40	282782	17	2906	1.10187	0.80411	2547
222	747439	714	352830	394608	100	90	2.11511	0.731505	40	40	282782	17	2906	1.11361	0.826023	2547
223	743057	657	371606	371451	100	90	2.18403	0.731505	40	40	282782	17	2906	1.12245	0.823344	2547
224	705392	608	359520	345872	100	90	2.21141	0.731505	40	40	282782	17	2906	1.13202	0.830479	2547
225	652747	544	336385	316362	100	90	2.24593	0.731505	40	40	282782	17	2906	1.13542	0.834615	2547
226	410384	489	123930	285984	100	90	2.24543	0.731505	40	40	503363	17	2906	1.15264	0.84086	2547
227	450078	442	178317	262731	100	90	2.2547	0.731505	40	40	503363	17	2906	1.16851	0.840964	2547
228	448211	385	205193	231308	100	90	2.24093	0.731505	40	40	503363	17	2906	1.18346	0.865546	2547
229	469470	372	227839	226692	100	90	2.31396	0.731505	40	40	503363	17	2906	1.18508	0.855882	2547
230	317163	324	111888	203073	100	90	2.30305	0.731505	40	40	503363	17	2906	1.19808	0.880546	2547
231	310420	268	138679	171741	100	90	2.28835	0.731505	40	40	503363	17	2906	1.25	0.932203	2547
232	203346	233	50514.5	152831	100	90	0.2122	0.731505	40	40	531504	17	2906	1.00988	0.722816	2547
233	333292	208	139476	193817	100	90	0.145258	0.731505	40	40	531504	17	2906	1.00656	0.717717	2547
234	630727	191	300927	329800	100	90	0.141549	0.731505	40	40	531504	17	2906	1.00683	0.729127	2547
235	882707	156	425967	456740	100	90	0.136088	0.731505	40	40	531504	17	2906	1.0072	0.749069	2547
236	975734	151	474385	501349	100	90	0.156842	0.731505	40	40	531504	17	2906	1.00889	0.770029	2547
237	1.00238e+006	2061	496021	506357	100	90	1.29727	0.731505	40	40	531504	17	2906	1.01009	0.766964	2547
238	741611	1873	236048	505563	100	90	1.36719	0.731505	39	40	531504	17	2906	1.0109	0.744329	2547
239	820381	1616	336583	483799	100	90	1.44589	0.731505	38	40	531504	17	2906	1.01413	0.745562	2547
240	587044	1464	102174	484870	100	90	1.4315	0.731505	37	40	531504	17	2906	1.20772	1.09854	2547
241	648227	1233	213265	434740	100	90	1.24502	0.731505	40	40	0	17	2906	1.16467	0.905903	2547
242	738067	1069	316003	421780	100	90	1.15597	0.731505	40	40	0	17	2906	1.13603	0.862382	2547
243	833706	958	395482	437916	100	90	1.15608	0.731505	40	40	0	17	2906	1.12525	0.827662	2547
244	676855	860	218968	457632	100	90	1.25817	0.731505	40	40	0	17	2906	1.13758	0.819113	2547
245	798175	886	337670	460277	100	90	1.43326	0.731505	40	40	0	17	2906	1.13517	0.81054	2547
246	893967	1129	424025	469942	100	90	1.90539	0.731505	40	40	0	17	2906	1.13333	0.810493	2547
247	900441	1067	448361	452080	100	90	2.05229	0.731505	40	40	0	17	2906	1.13061	0.809793	2547
248	884326	981	450472	433854	100	90	2.10833	0.731505	40	40	0	17	2906	1.13523	0.81457	2547
249	849448	861	437577	411871	100	90	2.08414	0.731505	40	40	0	17	2906	1.14171	0.828536	2547
250	583336	756	200996	382339	100	90	2.09433	0.731505	40	40	236711	17	2906	1.14665	0.837607	2547
251	639087	686	277729	361358	100	90	2.16104	0.731505	40	40	236711	17	2906	1.1482	0.832288	2547
252	665891	631	320570	345320	100	90	2.21439	0.731505	40	40	236711	17	2906	1.17051	0.865749	2547
253	629542	555	316946	312596	100	90	2.23966	0.731505	40	40	236711	17	2906	1.19927	0.883629	2547
254	607829	513	312015	295815	100	90	2.24797	0.731505	40	40	236711	17	2906	1.21471	0.88651	2547
255	570794	455	295315	275479	100	90	2.25477	0.731505	40	40	236711	17	2906	1.24771	0.933985	2547
256	369142	405	114332	254422	100	90	2.27868	0.731505	40	40	424085	17	2906	1.26873	0.928767	2547
257	416662	378	169763	238426	100	90	2.26472	0.731505	40	40	424085	17	2906	1.28969	0.928994	2547
258	412855	325	190714	211742	100	90	2.33101	0.731505	40	40	424085	17	2906	1.28904	0.933333	2547
259	402061	297	195240	194188	100	90	2.34843	0.731505	40	40	424085	17	2906	1.28309	0.937255	2547
260	374970	265	186123	177616	100	90	2.31689	0.731505	40	40	424085	17	2906	1.27542	0.901345	2547
261	334264	236	172626	161638	100	90	2.3003	0.731505	40	40	424085	17	2906	1.29412	0.887755	2547
262	221920	221	64376.8	157544	100	90	0.0901988	0.731505	40	40	534230	17	2906	1.00343	0.695039	2547
263	550664	207	247370	303293	100	90	0.0728426	0.731505	40	40	534230	17	2906	1.00294	0.692049	2547
264	829179	184	388698	440481	100	90	0.0712782	0.731505	40	40	534230	17	2906	1.00298	0.727433	2547
265	777623	152	372858	404765	100	90	0.0689137	0.731505	40	40	534230	17	2906	1.00309	0.804744	2547
266	762688	139	379206	383482	100	90	0.0800904	0.731505	40	40	534230	17	2906	1.00376	0.814612	2547
267	858109	2532	432473	425636	100	90	1.06411	0.731505	40	40	534230	17	2906	1.00489	0.785401	2547
268	956623	2128	484373	472250	100	90	1.28271	0.731505	40	40	534230	17	2906	1.00676	0.781596	2547
269	978656	1687	498395	480261	100	90	1.36155	0.731505	40	40	534230	17	2906	1.01023	0.77812	2547
270	714850	1489	247447	467403	100	90	1.52472	0.731505	37	40	534230	17	2906	1.12884	0.97894	2547
271	804091	1257	362524	441489	100	90	0.890502	0.731505	40	40	0	17	2906	1.05567	0.745318	2547
272	887823	1080	431551	456138	100	90	0.748081	0.731505	40	40	0	17	2906	1.04161	0.729557	2547
273	991330	932	493279	497959	100	90	0.71137	0.731505	40	40	0	17	2906	1.03715	0.725553	2547
274	1.05681e+006	811	529023	527695	100	90	0.772394	0.731505	40	40	0	17	2906	1.04123	0.74939	2547
275	1.10651e+006	817	558707	547741	100	90	0.885363	0.731505	40	40	0	17	2906	1.04438	0.762509	2547
276	1.08901e+006	1451	554405	534606	100	90	1.50541	0.731505	40	40	0	17	2906	1.04899	0.757943	2547
277	1.02559e+006	1313	527061	498533	100	90	1.59661	0.731505	40	40	0	17	2906	1.04802	0.742198	2547
278	999982	1215	518606	481376	100	90	1.73488	0.731505	40	40	0	17	2906	1.05362	0.735593	2547
279	697564	1025	241398	456166	100	90	1.8368	0.731505	40	40	0	17	2906	1.06901	0.747465	2547
280	638505	906	207072	431433	100	90	1.93747	0.731505	40	40	130470	17	2906	1.07529	0.749713	2547
281	693378	808	292190	401189	100	90	2.0378	0.731505	40	40	130470	17	2906	1.08582	0.74359	2547
282	740795	751	352131	388664	100	90	2.1337	0.731505	40	40	130470	17	2906	1.10998	0.767635	2547
283	730261	682	366130	364130	100	90	2.20439	0.731505	40	40	130470	17	2906	1.12417	0.781011	2547
284	692855	609	353184	339671	100	90	2.2441	0.731505	40	40	130470	17	2906	1.13272	0.771626	2547
285	627725	547	322712	305013	100	90	2.2053	0.731505	40	40	130470	17	2906	1.15478	0.796905	2547
286	407341	497	127032	280012	100	90	2.19424	0.731505	40	40	334053	17	2906	1.16378	0.820346	2547
287	442162	445	177487	255590	100	90	2.21146	0.731505	40	40	334053	17	2906	1.16739	0.822816	2547
288	455871	395	207553	236453	100	90	2.20358	0.731505	40	40	334053	17	2906	1.18673	0.831063	2547
289	456675	358	221423	220705	100	90	2.21071	0.731505	40	40	334053	17	2906	1.18852	0.824773	2547
290	456032	347	226663	215709	100	90	2.23547	0.731505	40	40	334053	17	2906	1.19767	0.815873	2547
291	422585	324	217946	204639	100	90	2.24481	0.731505	40	40	334053	17	2906	1.20447	0.811644	2547
292	273930	303	80336.1	193594	100	90	0.116229	0.731505	40	40	472331	17	2906	1.00369	0.660305	2547
293	592016	264	262553	329463	100	90	0.088245	0.731505	40	40	472331	17	2906	1.00276	0.661377	2547
294	825504	221	384630	440874	100	90	0.0804179	0.731505	40	40	472331	17	2906	1.00295	0.706587	2547
295	764859	194	367341	397518	100	90	0.0810084	0.731505	40	40	472331	17	2906	1.00336	0.794034	2547
296	789814	174	394009	395805	100	90	0.0925275	0.731505	40	40	472331	17	2906	1.00437	0.803237	2547
297	905476	2803	457831	447646	100	90	1.10755	0.731505	40	40	472331	17	2906	1.00577	0.783969	2547
298	974972	2239	494184	480788	100	90	1.32067	0.731505	40	40	472331	17	2906	1.0088	0.78054	2547
299	708305	1784	228714	479591	100	90	1.40738	0.731505	40	40	472331	17	2906	1.01256	0.77606	2547
300	621031	1612	162761	458270	100	90	1.57577	0.731505	40	40	472331	17	2906	1.10694	0.934375	2547
301	720696	1340	289264	431403	100	90	0.768848	0.731505	40	40	0	17	2906	1.03754	0.725443	2547
302	852912	1151	394140	458720	100	90	0.651659	0.731505	40	40	0	17	2906	1.02868	0.716829	2547
303	988494	998	479394	509055	100	90	0.641315	0.731505	40	40	0	17	2906	1.02648	0.723484	2547
304	1.0513e+006	871	520913	530335	100	90	0.705359	0.731505	40	40	0	17	2906	1.02948	0.739181	2547
305	1.03282e+006	796	518509	514289	100	90	0.775956	0.731505	40	40	0	17	2906	1.03265	0.749043	2547
306	1.04118e+006	1539	528738	512439	100	90	1.39818	0.731505	40	40	0	17	2906	1.03555	0.751315	2547
307	1.03179e+006	1410	529065	502723	100	90	1.50678	0.731505	40	40	0	17	2906	1.04112	0.739735	2547
308	728019	1347	247597	480422	100	90	1.67087	0.731505	40	40	0	17	2906	1.04595	0.728386	2547
309	773155	1150	332644	440511	100	90	1.80302	0.731505	40	40	0	17	2906	1.05306	0.721825	2547
310	628598	980	216976	411623	100	90	1.88594	0.731505	40	40	187547	17	2906	1.05762	0.719538	2547
311	706042	903	305719	400323	100	90	1.99914	0.731505	40	40	187547	17	2906	1.06942	0.721274	2547
312	722857	801	349381	373477	100	90	2.07573	0.731505	40	40	187547	17	2906	1.07135	0.723295	2547
313	708651	709	358609	350042	100	90	2.10574	0.731505	40	40	187547	17	2906	1.08593	0.723684	2547
314	668529	622	344270	324258	100	90	2.12385	0.731505	40	40	187547	17	2906	1.09593	0.743333	2547
315	609265	539	315799	293466	100	90	2.13815	0.731505	40	40	187547	17	2906	1.10239	0.745174	2547
316	394193	492	119056	274961	100	90	2.12235	0.731505	40	40	394226	17	2906	1.11503	0.769068	2547
317	443708	457	178405	256174	100	90	2.14804	0.731505	40	40	394226	17	2906	1.11992	0.777262	2547
318	451777	405	207446	232307	100	90	2.19798	0.731505	40	40	394226	17	2906	1.12827	0.791005	2547
319	464849	388	226287	223298	100	90	2.22524	0.731505	40	40	394226	17	2906	1.13625	0.798319	2547
320	426861	336	213465	200054	100	90	2.20302	0.731505	40	40	394226	17	2906	1.1369	0.774194	2547
321	372924	295	194116	178808	100	90	2.2448	0.731505	40	40	394226	17	2906	1.1614	0.805243	2547
322	241173	272	70555.7	170617	100	90	0.0997375	0.731505	40	40	520773	17	2906	1.00251	0.667912	2547
323	574979	228	261251	313728	100	90	0.0731077	0.731505	40	40	520773	17	2906	1.00223	0.669724	2547
324	816505	196	384795	431710	100	90	0.0687332	0.731505	40	40	520773	17	2906	1.00202	0.714853	2547
325	755501	166	364387	391114	100	90	0.0675596	0.731505	40	40	520773	17	2906	1.00221	0.79519	2547
326	776927	161	388891	388036	100	90	0.0824059	0.731505	40	40	520773	17	2906	1.00305	0.808127	2547
327	890878	2819	450569	440310	100	90	1.01919	0.731505	40	40	520773	17	2906	1.00412	0.799388	2547
328	973071	2390	494371	478700	100	90	1.20287	0.731505	40	40	520773	17	2906	1.00522	0.812365	2547
329	1.02265e+006	2052	523618	499036	100	90	1.3241	0.731505	40	40	520773	17	2906	1.00635	0.808421	2547
330	756996	1854	263435	493561	100	90	1.46213	0.731505	39	40	520773	17	2906	1.08909	0.948996	2547
331	862863	1570	386324	476523	100	90	0.889824	0.731505	40	40	0	17	2906	1.04416	0.755523	2547
332	942091	1311	456540	485521	100	90	0.729486	0.731505	40	40	0	17	2906	1.03347	0.732151	2547
333	1.05687e+006	1123	525337	531509	100	90	0.681945	0.731505	40	40	0	17	2906	1.02913	0.730393	2547
334	1.12074e+006	958	561114	559596	100	90	0.713432	0.731505	40	40	0	17	2906	1.03136	0.753649	2547
335	1.10344e+006	944	558689	544725	100	90	0.839314	0.731505	40	40	0	17	2906	1.03676	0.782239	2547
336	794461	1608	263123	531338	100	90	1.37329	0.731505	40	40	0	17	2906	1.03716	0.784186	2547
337	881968	1546	369274	512693	100	90	1.51068	0.731505	40	40	0	17	2906	1.03924	0.781881	2547
338	945597	1483	444102	501495	100	90	1.73589	0.731505	40	40	0	17	2906	1.04644	0.785014	2547
339	695114	1238	225039	470074	100	90	1.8357	0.731505	40	40	0	17	2906	1.05456	0.783375	2547
340	663008	1093	217621	445387	100	90	1.92774	0.731505	40	40	113477	17	2906	1.06215	0.777143	2547
341	745332	998	315035	430297	100	90	2.00809	0.731505	40	40	113477	17	2906	1.07535	0.781837	2547
342	750290	864	357821	392469	100	90	2.05359	0.731505	40	40	113477	17	2906	1.07783	0.789916	2547
343	749981	782	377584	372397	100	90	2.12278	0.731505	40	40	113477	17	2906	1.08	0.788845	2547
344	707847	693	363124	344724	100	90	2.13732	0.731505	40	40	113477	17	2906	1.09296	0.792169	2547
345	659126	622	341122	318004	100	90	2.10223	0.731505	40	40	113477	17	2906	1.09357	0.776846	2547
346	435023	574	131384	303487	100	90	2.11359	0.731505	40	40	338082	17	2906	1.10824	0.786885	2547
347	480637	524	191393	279698	100	90	2.10668	0.731505	40	40	338082	17	2906	1.11429	0.782178	2547
348	508238	488	232285	262547	100	90	2.11575	0.731505	40	40	338082	17	2906	1.1139	0.779915	2547
349	507516	450	246387	244987	100	90	2.14528	0.731505	40	40	338082	17	2906	1.12607	0.781395	2547
350	359637	411	126234	230788	100	90	2.18941	0.731505	40	40	338082	17	2906	1.11848	0.763359	2547
351	373330	372	165172	208159	100	90	2.2199	0.731505	40	40	338082	17	2906	1.125	0.769231	2547
352	242562	298	70594.3	171968	100	90	0.237865	0.731505	40	40	452782	17	2906	1.00803	0.635046	2547
353	302145	269	83445.4	218699	100	90	0.161155	0.731505	40	40	452782	17	2906	1.00486	0.628374	2547
354	488564	242	130649	357914	100	90	0.145392	0.731505	40	40	452782	17	2906	1.00457	0.641592	2547
355	726220	227	271106	455114	100	90	0.145702	0.731505	40	40	452782	17	2906	1.00444	0.671223	2547
356	867451	185	374037	493414	100	90	0.147117	0.731505	40	40	452782	17	2906	1.0046	0.709677	2547
357	931983	2183	435134	496849	100	90	1.16602	0.731505	40	40	452782	17	2906	1.00477	0.73962	2547
358	1.00977e+006	2107	495228	514543	100	90	1.33356	0.731505	40	40	452782	17	2906	1.00619	0.718364	2547
359	1.01065e+006	1745	508655	501996	100	90	1.37647	0.731505	40	40	452782	17	2906	1.00807	0.702387	2547
360	615119	1539	122480	492639	100	90	1.37468	0.731505	38	40	452782	17	2906	1.1527	0.964729	2547
361	707353	1343	245939	461328	100	90	1.25601	0.731505	40	40	0	17	2906	1.12421	0.824967	2547
362	797349	1162	349439	447815	100	90	1.18184	0.731505	40	40	0	17	2906	1.10007	0.775841	2547
363	884260	1041	424173	459986	100	90	1.20138	0.731505	40	40	0	17	2906	1.09014	0.767135	2547
364	942676	916	469755	472843	100	90	1.27111	0.731505	40	40	0	17	2906	1.1016	0.771382	2547
365	970962	899	492241	478661	100	90	1.41153	0.731505	40	40	0	17	2906	1.10006	0.757282	2547
366	973065	1085	498514	474550	100	90	1.78619	0.731505	40	40	0	17	2906	1.09714	0.751181	2547
367	950859	1046	491163	459696	100	90	1.91012	0.731505	40	40	0	17	2906	1.1	0.7507	2547
368	896567	955	465319	431248	100	90	2.0033	0.731505	40	40	0	17	2906	1.10307	0.753575	2547
369	886197	883	462129	424068	100	90	2.02636	0.731505	40	40	0	17	2906	1.10269	0.750594	2547
370	575296	769	188489	386807	100	90	2.07026	0.731505	40	40	263883	17	2906	1.11361	0.768493	2547
371	642401	714	273729	368671	100	90	2.09681	0.731505	40	40	263883	17	2906	1.11313	0.756598	2547
372	636667	629	303451	333216	100	90	2.12198	0.731505	40	40	263883	17	2906	1.12859	0.764608	2547
373	647771	594	325382	322388	100	90	2.14786	0.731505	40	40	263883	17	2906	1.1293	0.772085	2547
374	615082	543	313608	301474	100	90	2.1886	0.731505	40	40	263883	17	2906	1.14051	0.798058	2547
375	572175	488	293556	278619	100	90	2.1955	0.731505	40	40	263883	17	2906	1.1449	0.816193	2547
376	376606	454	115524	260764	100	90	2.19376	0.731505	40	40	451540	17	2906	1.14725	0.811321	2547
377	407726	403	164808	234193	100	90	2.20616	0.731505	40	40	451540	17	2906	1.14888	0.796834	2547
378	438788	384	200992	226505	100	90	2.20026	0.731505	40	40	451540	17	2906	1.15445	0.815642	2547
379	308178	343	104883	200718	100	90	2.21845	0.731505	40	40	451540	17	2906	1.15408	0.825949	2547
380	346037	325	150589	193127	100	90	2.25463	0.731505	40	40	451540	17	2906	1.16294	0.826531	2547
381	347427	297	167624	179803	100	90	2.22176	0.731505	40	40	451540	17	2906	1.18246	0.848708	2547
382	249128	284	73867.9	175260	100	90	0.237367	0.731505	40	40	558358	17	2906	1.00817	0.862022	2547
383	313011	275	85305.8	227705	100	90	0.178009	0.731505	40	40	558358	17	2906	1.00583	0.863033	2547
384	610647	239	256776	353871	100	90	0.15624	0.731505	40	40	558358	17	2906	1.0057	0.869617	2547
385	906823	212	416565	490258	100	90	0.158647	0.731505	40	40	558358	17	2906	1.00541	0.882973	2547
386	1.05081e+006	196	496826	553987	100	90	0.177737	0.731505	40	40	558358	17	2906	1.00621	0.896154	2547
387	1.05596e+006	2413	510779	545179	100	90	1.31782	0.731505	40	40	558358	17	2906	1.00753	0.89017	2547
388	1.06537e+006	2059	526601	538773	100	90	1.36632	0.731505	40	40	558358	17	2906	1.00854	0.868201	2547
389	1.07933e+006	1756	542658	536671	100	90	1.40392	0.731505	40	40	558358	17	2906	1.00941	0.84976	2547
390	787078	1555	267837	519241	100	90	1.30338	0.731505	37	40	558358	17	2906	1.23662	1.2885	2547
391	687244	1380	190586	496589	100	90	1.26922	0.731505	40	40	0	17	2906	1.21206	1.12339	2547
392	776284	1212	301560	474398	100	90	1.20725	0.731505	40	40	0	17	2906	1.16311	1.01728	2547
393	842722	1044	382290	460062	100	90	1.17795	0.731505	40	40	0	17	2906	1.13318	0.96824	2547
394	940289	946	455092	484754	100	90	1.24751	0.731505	40	40	0	17	2906	1.14092	0.95177	2547
395	755334	991	248553	506702	100	90	1.41586	0.731505	40	40	0	17	2906	1.13585	0.93912	2547
396	679116	1232	177932	501185	100	90	1.82143	0.731505	40	40	0	17	2906	1.12676	0.924634	2547
397	793284	1266	305694	487590	100	90	2.01097	0.731505	40	40	0	17	2906	1.12052	0.920886	2547
398	877646	1196	399937	477708	100	90	2.08441	0.731505	40	40	0	17	2906	1.12056	0.916519	2547
399	868642	1024	424320	444322	100	90	2.07933	0.731505	40	40	0	17	2906	1.1186	0.919171	2547
400	645707	872	234956	410751	100	90	2.06544	0.731505	40	40	199715	17	2906	1.12876	0.915152	2547
401	653504	739	291136	362368	100	90	2.0425	0.731505	40	40	199715	17	2906	1.14444	0.923077	2547
402	647267	651	314612	332654	100	90	2.05189	0.731505	40	40	199715	17	2906	1.15461	0.935275	2547
403	617876	582	311097	306780	100	90	2.06664	0.731505	40	40	199715	17	2906	1.16264	0.947368	2547
404	577667	512	295616	282051	100	90	2.08657	0.731505	40	40	199715	17	2906	1.17736	0.942268	2547
405	511441	422	264477	246964	100	90	2.14104	0.731505	40	40	199715	17	2906	1.19814	0.9599	2547
406	337622	379	110376	226810	100	90	2.17013	0.731505	40	40	363165	17	2906	1.22105	0.977273	2547
407	379499	353	158393	213027	100	90	2.16844	0.731505	40	40	363165	17	2906	1.24425	1.00619	2547
408	392596	318	182784	199705	100	90	2.1451	0.731505	40	40	363165	17	2906	1.26282	1.02069	2547
409	286056	289	96565.3	187365	100	90	2.10619	0.731505	40	40	363165	17	2906	1.28571	1.03053	2547
410	312764	271	136415	174347	100	90	2.13663	0.731505	40	40	363165	17	2906	1.28235	1.02101	2547
411	290992	222	142620	148372	100	90	2.11875	0.731505	40	40	363165	17	2906	1.28846	1.04688	2547
412	198339	197	61806.1	136533	100	90	0.188348	0.731505	40	40	450295	17	2906	1.00984	0.763998	2547
413	320237	179	142424	177813	100	90	0.128848	0.731505	40	40	450295	17	2906	1.00647	0.763078	2547
414	597430	161	287126	310304	100	90	0.125143	0.731505	40	40	450295	17	2906	1.00693	0.774161	2547
415	878530	157	425426	453104	100	90	0.136747	0.731505	40	40	450295	17	2906	1.00733	0.788846	2547
416	992972	136	484880	508092	100	90	0.141977	0.731505	40	40	450295	17	2906	1.00768	0.819742	2547
417	1.00806e+006	2325	501234	506823	100	90	1.34558	0.731505	40	40	450295	17	2906	1.00848	0.823566	2547
418	1.05273e+006	1979	531218	521511	100	90	1.35906	0.731505	40	40	450295	17	2906	1.01114	0.801916	2547
419	1.04832e+006	1672	534328	513992	100	90	1.36768	0.731505	40	40	450295	17	2906	1.01375	0.785674	2547
420	765845	1491	264954	500891	100	90	1.29636	0.731505	37	40	450295	17	2906	1.22479	1.18076	2547
421	844892	1310	379516	465190	100	90	1.21705	0.731505	40	40	0	17	2906	1.19193	1.00397	2547
422	872209	1148	421085	450867	100	90	1.16408	0.731505	40	40	0	17	2906	1.15705	0.922896	2547
423	882711	978	438843	443665	100	90	1.12498	0.731505	40	40	0	17	2906	1.13443	0.872549	2547
424	923657	871	465154	458366	100	90	1.18439	0.731505	40	40	0	17	2906	1.13946	0.855464	2547
425	953856	904	483417	470332	100	90	1.36185	0.731505	40	40	0	17	2906	1.13823	0.842503	2547
426	955725	1047	487935	467790	100	90	1.72573	0.731505	40	40	0	17	2906	1.14613	0.846217	2547
427	916327	1006	470812	445516	100	90	1.87987	0.731505	40	40	0	17	2906	1.14967	0.851043	2547
428	660051	967	227825	432226	100	90	1.9786	0.731505	40	40	0	17	2906	1.15695	0.859551	2547
429	719635	855	312746	406889	100	90	1.98795	0.731505	40	40	0	17	2906	1.1706	0.867516	2547
430	615262	761	232507	382755	100	90	2.01133	0.731505	40	40	135340	17	2906	1.18204	0.874822	2547
431	497067	665	144292	352774	100	90	2.02194	0.731505	40	40	135340	17	2906	1.20378	0.898527	2547
432	557182	612	226706	330476	100	90	2.04713	0.731505	40	40	135340	17	2906	1.23064	0.913514	2547
433	574925	554	269326	305600	100	90	2.03263	0.731505	40	40	135340	17	2906	1.24022	0.919355	2547
434	547863	487	270889	276975	100	90	1.99798	0.731505	40	40	135340	17	2906	1.26695	0.9375	2547
435	517137	428	261388	255749	100	90	1.97037	0.731505	40	40	135340	17	2906	1.30542	0.965333	2547
436	380273	401	134247	245099	100	90	1.95567	0.731505	40	40	273336	17	2906	1.31948	1	2547
437	407706	368	174456	224195	100	90	1.97979	0.731505	40	40	273336	17	2906	1.317	1.00633	2547
438	302006	331	95625.2	204324	100	90	1.99043	0.731505	40	40	273336	17	2906	1.30744	0.975352	2547
439	323084	291	133780	182082	100	90	2.01034	0.731505	40	40	273336	17	2906	1.32453	0.987705	2547
440	332757	272	157228	169045	100	90	2.06335	0.731505	40	40	273336	17	2906	1.33333	1.0137	2547
441	314043	248	158224	155820	100	90	2.07317	0.731505	40	40	273336	17	2906	1.40097	1.10471	2547
442	214822	218	74698.9	140123	100	90	0.100147	0.731505	40	40	354422	17	2906	1.00584	0.683363	2547
443	483189	192	224214	258974	100	90	0.0727335	0.731505	40	40	354422	17	2906	1.00466	0.681718	2547
444	795690	168	375850	419840	100	90	0.0718893	0.731505	40	40	354422	17	2906	1.00457	0.70874	2547
445	845669	157	406230	439440	100	90	0.0761877	0.731505	40	40	354422	17	2906	1.00539	0.789575	2547
446	819752	149	404901	414851	100	90	0.0865704	0.731505	39	40	354422	17	2906	1.00655	0.837437	2547
447	907646	2829	455125	452521	100	90	1.07512	0.731505	39	40	354422	17	2906	1.00718	0.828463	2547
448	988834	2313	497662	491172	100	90	1.22381	0.731505	39	40	354422	17	2906	1.01006	0.81512	2547
449	1.00394e+006	1858	507953	495990	100	90	1.32144	0.731505	39	40	354422	17	2906	1.01451	0.817784	2547
450	614540	1667	120974	493567	100	90	1.43713	0.731505	37	40	354422	17	2906	1.12802	1.02017	2547
451	710212	1429	242290	467751	100	90	0.940501	0.731505	40	40	0	17	2906	1.0635	0.785664	2547
452	823709	1227	353380	470056	100	90	0.832199	0.731505	40	40	0	17	2906	1.05064	0.761724	2547
453	933352	1060	438768	494282	100	90	0.821118	0.731505	40	40	0	17	2906	1.04817	0.747727	2547
454	1.02124e+006	909	497573	523360	100	90	0.856036	0.731505	40	40	0	17	2906	1.05136	0.746433	2547
455	783514	885	252453	530845	100	90	0.980132	0.731505	40	40	0	17	2906	1.06112	0.773499	2547
456	905498	1550	373071	532427	100	90	1.60288	0.731505	40	40	0	17	2906	1.06527	0.787519	2547
457	961875	1477	445814	516061	100	90	1.73247	0.731505	40	40	0	17	2906	1.06514	0.775884	2547
458	958010	1361	468203	489807	100	90	1.81772	0.731505	40	40	0	17	2906	1.07671	0.783308	2547
459	682091	1154	226236	455854	100	90	1.81421	0.731505	40	40	0	17	2906	1.0847	0.794038	2547
460	688891	1022	260002	428890	100	90	1.89244	0.731505	40	40	61215.3	17	2906	1.09731	0.798774	2547
461	758715	936	345556	413159	100	90	1.93436	0.731505	40	40	61215.3	17	2906	1.10071	0.795782	2547
462	747737	830	363596	384141	100	90	1.97809	0.731505	40	40	61215.3	17	2906	1.1192	0.809824	2547
463	710722	737	356358	354364	100	90	1.99039	0.731505	40	40	61215.3	17	2906	1.15159	0.838298	2547
464	663058	651	337015	326043	100	90	2.02355	0.731505	40	40	61215.3	17	2906	1.16309	0.83657	2547
465	592953	548	303450	289503	100	90	2.0388	0.731505	40	40	61215.3	17	2906	1.19521	0.853282	2547
466	380843	479	117191	263367	100	90	2.00063	0.731505	40	40	88683.8	17	2906	1.20388	0.86	2547
467	346883	455	93152.5	252446	100	90	2.01655	0.731505	40	40	88683.8	17	2906	1.22453	0.893617	2547
468	412937	438	160007	244224	100	90	2.03205	0.731505	40	40	88683.8	17	2906	1.23128	0.905473	2547
469	334120	403	102904	229469	100	90	2.0699	0.731505	40	40	88683.8	17	2906	1.24129	0.939058	2547
470	359983	365	152325	206150	100	90	2.11468	0.731505	40	40	88683.8	17	2906	1.26453	0.936709	2547
471	375555	338	179946	195609	100	90	2.0922	0.731505	40	40	88683.8	17	2906	1.30323	0.969178	2547
472	287350	315	101592	185757	100	90	0.313076	0.731505	40	40	179829	17	2906	1.01923	0.900915	2547
473	409190	310	186495	222696	100	90	0.239357	0.731505	40	40	179829	17	2906	1.01483	0.906589	2547
474	608815	276	295903	312912	100	90	0.227606	0.731505	40	40	179829	17	2906	1.01401	0.908857	2547
475	839360	250	412203	427157	100	90	0.230154	0.731505	40	40	179829	17	2906	1.01459	0.912707	2547
476	751566	230	241381	510184	100	90	0.255106	0.731505	40	40	179829	17	2906	1.01709	0.913526	2547
477	875032	2217	349262	525770	100	90	1.54483	0.731505	40	40	179829	17	2906	1.01891	0.91446	2547
478	994752	2194	449913	544839	100	90	1.69212	0.731505	40	40	179829	17	2906	1.02186	0.917121	2547
479	1.05763e+006	1916	511941	545687	100	90	1.70638	0.731505	40	40	179829	17	2906	1.02696	0.92605	2547
480	792426	1770	266608	525818	100	90	1.5522	0.731505	39	40	179829	17	2906	1.2729	1.31084	2547
481	850138	1487	370996	477920	100	90	1.39051	0.731505	40	40	0	17	2906	1.20844	1.1368	2547
482	902232	1309	428580	471721	100	90	1.31252	0.731505	40	40	0	17	2906	1.17269	1.06583	2547
483	892445	1085	441513	448923	100	90	1.25287	0.731505	40	40	0	17	2906	1.1443	1.02076	2547
484	955223	977	482144	471087	100	90	1.31487	0.731505	40	40	0	17	2906	1.15101	1.00873	2547
485	986356	1039	504064	480581	100	90	1.50919	0.731505	40	40	0	17	2906	1.14992	0.995533	2547
486	1.0039e+006	1216	518684	485212	100	90	1.85191	0.731505	40	40	0	17	2906	1.15311	0.988881	2547
487	1.00648e+006	1219	524860	481624	100	90	2.02458	0.731505	40	40	0	17	2906	1.16147	0.994941	2547
488	990050	1156	519516	470534	100	90	2.11586	0.731505	40	40	0	17	2906	1.17426	1.0123	2547
489	934548	1005	492508	442040	100	90	2.10701	0.731505	40	40	0	17	2906	1.17568	1.01296	2547
490	725705	907	306509	419196	100	90	2.12967	0.731505	40	40	179711	17	2906	1.19632	1.0358	2547
491	740525	802	348078	392447	100	90	2.15631	0.731505	40	40	179711	17	2906	1.22262	1.0566	2547
492	740488	738	368884	371604	100	90	2.183	0.731505	40	40	179711	17	2906	1.23169	1.07418	2547
493	673508	637	346786	326723	100	90	2.16735	0.731505	40	40	179711	17	2906	1.26613	1.10919	2547
494	631717	576	329859	301858	100	90	2.14545	0.731505	40	40	179711	17	2906	1.31341	1.13926	2547
495	601395	534	316255	285140	100	90	2.10198	0.731505	40	40	179711	17	2906	1.36056	1.19108	2547
496	469126	511	189682	277674	100	90	2.07905	0.731505	40	40	314969	17	2906	1.38784	1.21924	2547
497	497747	481	223646	264119	100	90	2.06345	0.731505	40	40	314969	17	2906	1.42009	1.27007	2547
498	370623	443	122239	245400	100	90	2.05843	0.731505	40	40	314969	17	2906	1.44332	1.26596	2547
499	372739	387	150522	215012	100	90	2.12283	0.731505	40	40	314969	17	2906	1.47478	1.25937	2547
500	389243	355	181843	200885	100	90	2.11522	0.731505	40	40	314969	17	2906	1.49164	1.28873	2547
501	365342	321	184346	180995	100	90	2.11052	0.731505	40	40	314969	17	2906	1.51481	1.28906	2547
502	292240	314	116386	175854	100	90	0.123026	0.731505	40	40	395141	17	2906	1.00879	0.918831	2547
503	569069	269	269703	299366	100	90	0.0940878	0.731505	40	40	395141	17	2906	1.00664	0.920223	2547
504	885990	240	425202	460788	100	90	0.0896194	0.731505	40	40	395141	17	2906	1.00661	0.921909	2547
505	965169	208	466229	498939	100	90	0.0875573	0.731505	40	40	395141	17	2906	1.00651	0.940817	2547
506	900012	193	442598	457415	100	90	0.0950475	0.731505	40	40	395141	17	2906	1.00718	0.956618	2547
507	935445	3518	466744	468701	100	90	1.14702	0.731505	40	40	395141	17	2906	1.00813	0.947569	2547
508	1.0391e+006	2885	523274	515827	100	90	1.21897	0.731505	40	40	395141	17	2906	1.01002	0.939054	2547
509	775548	2394	249303	526245	100	90	1.42656	0.731505	40	40	395141	17	2906	1.01544	0.936347	2547
510	685501	2277	171601	513900	100	90	1.68413	0.731505	40	40	395141	17	2906	1.09325	1.06581	2547
511	802663	1947	303987	497236	100	90	1.09035	0.731505	40	40	0	17	2906	1.04543	0.95727	2547
512	918363	1661	408818	507447	100	90	0.950031	0.731505	40	40	0	17	2906	1.03353	0.93955	2547
513	1.03443e+006	1420	494475	537673	100	90	0.903749	0.731505	40	40	0	17	2906	1.02933	0.936117	2547
514	1.13766e+006	1237	561110	574269	100	90	0.94762	0.731505	40	40	0	17	2906	1.0342	0.941003	2547
515	1.17147e+006	1147	588338	581231	100	90	1.03545	0.731505	40	40	0	17	2906	1.03878	0.944103	2547
516	1.143e+006	1976	583753	559251	100	90	1.73007	0.731505	40	40	0	17	2906	1.04672	0.945188	2547
517	1.10888e+006	1746	572204	536673	100	90	1.78689	0.731505	40	40	0	17	2906	1.0511	0.943416	2547
518	1.06124e+006	1577	552319	508922	100	90	1.90309	0.731505	40	40	0	17	2906	1.05467	0.936073	2547
519	747127	1351	260819	486308	100	90	1.91844	0.731505	40	40	0	17	2906	1.06547	0.939787	2547
520	760630	1165	304319	456312	100	90	2.0098	0.731505	40	40	36234	17	2906	1.08678	0.959364	2547
521	817066	1067	377202	439864	100	90	2.08508	0.731505	40	40	36234	17	2906	1.10452	0.98062	2547
522	802639	956	396820	405818	100	90	2.12968	0.731505	40	40	36234	17	2906	1.12535	1.00326	2547
523	780403	872	398908	381494	100	90	2.1433	0.731505	40	40	36234	17	2906	1.14862	1.03237	2547
524	723964	774	375839	348125	100	90	2.14122	0.731505	40	40	36234	17	2906	1.18989	1.07367	2547
525	707385	738	370234	337151	100	90	2.14987	0.731505	40	40	36234	17	2906	1.19921	1.08879	2547
526	551291	675	237738	311288	100	90	2.12363	0.731505	40	40	164790	17	2906	1.23469	1.1088	2547
527	539461	580	250633	278413	100	90	2.08495	0.731505	40	40	164790	17	2906	1.27474	1.13755	2547
528	550371	551	267475	269052	100	90	2.14361	0.731505	40	40	164790	17	2906	1.2806	1.14	2547
529	539014	522	267730	255765	100	90	2.14681	0.731505	40	40	164790	17	2906	1.28049	1.14009	2547
530	494956	465	249066	232003	100	90	2.18951	0.731505	40	40	164790	17	2906	1.26097	1.12069	2547
531	462511	438	242233	220278	100	90	2.22928	0.731505	40	40	164790	17	2906	1.27182	1.13978	2547
532	356597	412	150324	206273	100	90	0.135849	0.731505	40	40	253997	17	2906	1.00613	0.90304	2547
533	690674	385	332095	358578	100	90	0.120104	0.731505	40	40	253997	17	2906	1.00559	0.900214	2547
534	953781	354	461010	492771	100	90	0.118233	0.731505	40	40	253997	17	2906	1.0057	0.911646	2547
535	967798	322	471715	496083	100	90	0.11812	0.731505	40	40	253997	17	2906	1.00598	0.937509	2547
536	901521	300	447480	454041	100	90	0.129764	0.731505	40	40	253997	17	2906	1.00662	0.946181	2547
537	953971	3188	479044	474927	100	90	1.07646	0.731505	40	40	253997	17	2906	1.00891	0.94722	2547
538	1.01231e+006	2689	512504	499806	100	90	1.18889	0.731505	40	40	253997	17	2906	1.01145	0.946837	2547
539	1.03674e+006	2356	527780	508956	100	90	1.39017	0.731505	40	40	253997	17	2906	1.01519	0.947368	2547
540	777391	2147	267970	509421	100	90	1.57716	0.731505	40	40	253997	17	2906	1.10205	1.10085	2547
541	863180	1787	376168	486154	100	90	0.858219	0.731505	40	40	0	17	2906	1.04051	0.944041	2547
542	966840	1500	456732	508835	100	90	0.727042	0.731505	40	40	0	17	2906	1.03166	0.930439	2547
543	1.09882e+006	1323	534596	562859	100	90	0.695366	0.731505	40	40	0	17	2906	1.0268	0.927362	2547
544	1.15275e+006	1103	568642	582763	100	90	0.693907	0.731505	40	40	0	17	2906	1.02678	0.931502	2547
545	843869	1053	271512	571911	100	90	0.789332	0.731505	40	40	0	17	2906	1.03225	0.942258	2547
546	940229	2090	378601	561628	100	90	1.49737	0.731505	40	40	0	17	2906	1.03471	0.940488	2547
547	1.01708e+006	2009	463197	553886	100	90	1.68641	0.731505	40	40	0	17	2906	1.04174	0.945657	2547
548	1.01026e+006	1858	491025	519237	100	90	1.85831	0.731505	40	40	0	17	2906	1.04434	0.938122	2547
549	987813	1523	496142	491671	100	90	1.89085	0.731505	40	40	0	17	2906	1.04863	0.928043	2547
550	807922	1281	352052	455870	100	90	1.93464	0.731505	40	40	143115	17	2906	1.05869	0.936851	2547
551	832367	1115	396247	436121	100	90	1.98919	0.731505	40	40	143115	17	2906	1.07713	0.947514	2547
552	834167	1007	415697	418470	100	90	2.0475	0.731505	40	40	143115	17	2906	1.10033	0.966327	2547
553	796280	890	406948	389333	100	90	2.10968	0.731505	40	40	143115	17	2906	1.11504	0.988372	2547
554	519850	743	177674	342176	100	90	2.11441	0.731505	40	40	143115	17	2906	1.13852	1.00277	2547
555	562664	684	241370	321295	100	90	2.13887	0.731505	40	40	143115	17	2906	1.14499	1.00609	2547
556	475699	600	186048	287681	100	90	2.12982	0.731505	40	40	240022	17	2906	1.17188	1.04021	2547
557	525203	567	236727	277385	100	90	2.13787	0.731505	40	40	240022	17	2906	1.19218	1.06379	2547
558	518093	504	249971	254782	100	90	2.15264	0.731505	40	40	240022	17	2906	1.17899	1.06342	2547
559	492560	460	243696	233682	100	90	2.17102	0.731505	40	40	240022	17	2906	1.18996	1.07783	2547
560	329692	404	116898	210722	100	90	2.20626	0.731505	40	40	240022	17	2906	1.17513	1.07297	2547
561	336601	357	146982	189619	100	90	2.21773	0.731505	40	40	240022	17	2906	1.20414	1.09375	2547
562	283297	327	108155	175142	100	90	0.231153	0.731505	40	40	304555	17	2906	1.00935	0.963662	2547
563	429043	296	200243	228800	100	90	0.168619	0.731505	40	40	304555	17	2906	1.00657	0.961692	2547
564	696452	265	339095	357358	100	90	0.16257	0.731505	40	40	304555	17	2906	1.0069	0.963812	2547
565	958250	239	468316	489934	100	90	0.163333	0.731505	40	40	304555	17	2906	1.00806	0.966599	2547
566	1.06447e+006	216	522550	541924	100	90	0.178397	0.731505	40	40	304555	17	2906	1.0097	0.967421	2547
567	1.07878e+006	2987	536812	541970	100	90	1.41733	0.731505	40	40	304555	17	2906	1.01111	0.968665	2547
568	1.10561e+006	2463	558739	546874	100	90	1.4075	0.731505	40	40	304555	17	2906	1.01251	0.964638	2547
569	797484	2073	264042	533442	100	90	1.44344	0.731505	40	40	304555	17	2906	1.0143	0.961422	2547
570	698206	1965	177919	520287	100	90	1.46769	0.731505	40	40	304555	17	2906	1.19001	1.26963	2547
571	813759	1741	310255	501673	100	90	1.295	0.731505	40	40	0	17	2906	1.14398	1.1182	2547
572	897777	1523	402746	492105	100	90	1.24151	0.731505	40	40	0	17	2906	1.11231	1.06654	2547
573	956786	1327	463379	490387	100	90	1.21843	0.731505	40	40	0	17	2906	1.09499	1.04021	2547
574	1.02148e+006	1159	513380	505049	100	90	1.2499	0.731505	40	40	0	17	2906	1.09318	1.02893	2547
575	801239	1183	273658	526422	100	90	1.39471	0.731505	40	40	0	17	2906	1.10245	1.02648	2547
576	927428	1589	389002	538426	100	90	1.85065	0.731505	40	40	0	17	2906	1.10307	1.0244	2547
577	1.0073e+006	1544	474244	533057	100	90	1.95386	0.731505	40	40	0	17	2906	1.11032	1.03193	2547
578	1.04265e+006	1477	520146	522503	100	90	2.02844	0.731505	40	40	0	17	2906	1.1179	1.0381	2547
579	1.02771e+006	1311	528773	498942	100	90	2.0112	0.731505	40	40	0	17	2906	1.12859	1.05093	2547
580	878378	1168	405996	472382	100	90	1.99502	0.731505	40	40	124987	17	2906	1.14384	1.07065	2547
581	666290	1068	217372	448918	100	90	1.99183	0.731505	40	40	124987	17	2906	1.15046	1.0821	2547
582	697823	955	286328	411495	100	90	2.0115	0.731505	40	40	124987	17	2906	1.15713	1.09152	2547
583	704858	845	333819	371039	100	90	2.00588	0.731505	40	40	124987	17	2906	1.17372	1.10088	2547
584	716226	790	361262	354964	100	90	1.99891	0.731505	40	40	124987	17	2906	1.2027	1.12278	2547
585	701964	744	364157	337807	100	90	1.99902	0.731505	40	40	124987	17	2906	1.24426	1.15766	2547
586	577386	685	259257	315330	100	90	1.96883	0.731505	40	40	229301	17	2906	1.28018	1.19485	2547
587	589144	631	282199	295379	100	90	1.92746	0.731505	40	40	229301	17	2906	1.3087	1.22438	2547
588	436578	598	149371	284307	100	90	1.94265	0.731505	40	40	229301	17	2906	1.32035	1.22306	2547
589	470173	555	192149	270061	100	90	1.93343	0.731505	40	40	229301	17	2906	1.3501	1.25207	2547
590	498512	533	233451	257620	100	90	1.9752	0.731505	40	40	229301	17	2906	1.35774	1.25111	2547
591	437399	438	221492	215907	100	90	1.93126	0.731505	40	40	229301	17	2906	1.3825	1.24798	2547
592	353053	391	155503	197550	100	90	0.144529	0.731505	40	40	296070	17	2906	1.00951	0.932933	2547
593	618803	339	301765	317039	100	90	0.112879	0.731505	40	40	296070	17	2906	1.00718	0.930423	2547
594	918155	309	447006	471149	100	90	0.109678	0.731505	40	40	296070	17	2906	1.00718	0.934352	2547
595	980113	261	480505	499608	100	90	0.100936	0.731505	40	40	296070	17	2906	1.0072	0.951836	2547
596	933941	255	465971	467970	100	90	0.113723	0.731505	40	40	296070	17	2906	1.0086	0.968188	2547
597	957596	3346	484335	473262	100	90	1.08333	0.731505	40	40	296070	17	2906	1.01092	0.967892	2547
598	1.01754e+006	2825	518340	499203	100	90	1.19588	0.731505	40	40	296070	17	2906	1.01284	0.968817	2547
599	1.03786e+006	2399	532906	504953	100	90	1.39026	0.731505	40	40	296070	17	2906	1.01768	0.96504	2547
600	747299	2082	261568	485731	100	90	1.53305	0.731505	38	40	296070	17	2906	1.1187	1.15172	2547
601	820792	1724	362415	457009	100	90	0.964816	0.731505	40	40	0	17	2906	1.05675	0.991493	2547
602	894646	1444	427039	465350	100	90	0.800372	0.731505	40	40	0	17	2906	1.04309	0.970247	2547
603	993606	1201	489599	501789	100	90	0.736221	0.731505	40	40	0	17	2906	1.03439	0.960148	2547
604	1.10507e+006	1048	551231	551675	100	90	0.769704	0.731505	40	40	0	17	2906	1.03955	0.962228	2547
605	1.16191e+006	1044	586252	573681	100	90	0.877319	0.731505	40	40	0	17	2906	1.04264	0.966809	2547
606	844715	2122	282909	561806	100	90	1.59633	0.731505	40	40	0	17	2906	1.04741	0.972445	2547
607	724854	1918	180911	543943	100	90	1.68443	0.731505	40	40	0	17	2906	1.05335	0.978816	2547
608	645756	1833	135460	510296	100	90	1.84531	0.731505	40	40	0	17	2906	1.05845	0.969283	2547
609	711019	1568	234530	476489	100	90	1.93385	0.731505	40	40	0	17	2906	1.0715	0.972648	2547
610	747191	1319	307526	439665	100	90	1.97976	0.731505	40	40	23299.5	17	2906	1.0784	0.979463	2547
611	790250	1141	374683	415567	100	90	2.00156	0.731505	40	40	23299.5	17	2906	1.10239	1	2547
612	806558	1029	404711	401847	100	90	2.01996	0.731505	40	40	23299.5	17	2906	1.12574	1.02254	2547
613	783049	917	404290	378759	100	90	2.02285	0.731505	40	40	23299.5	17	2906	1.14606	1.04023	2547
614	720675	801	378264	342411	100	90	2.00175	0.731505	40	40	23299.5	17	2906	1.17594	1.06481	2547
615	685982	728	362910	323072	100	90	1.99845	0.731505	40	40	23299.5	17	2906	1.19444	1.07153	2547
616	525374	632	232832	290028	100	90	2.00375	0.731505	40	40	141816	17	2906	1.22156	1.10339	2547
617	521809	560	247263	264157	100	90	2.015	0.731505	40	40	141816	17	2906	1.26178	1.13178	2547
618	511443	508	253138	244860	100	90	2.02352	0.731505	40	40	141816	17	2906	1.27273	1.15217	2547
619	508849	481	257921	235985	100	90	2.04631	0.731505	40	40	141816	17	2906	1.29247	1.16317	2547
620	487131	448	250474	223040	100	90	2.03496	0.731505	40	40	141816	17	2906	1.31807	1.16837	2547
621	425330	399	226137	199193	100	90	2.05981	0.731505	40	40	141816	17	2906	1.33427	1.16716	2547
622	341541	381	150153	191388	100	90	0.119161	0.731505	40	40	215752	17	2906	1.00568	0.889583	2547
623	520485	349	167141	353344	100	90	0.105916	0.731505	40	40	215752	17	2906	1.0053	0.889637	2547
624	793242	294	319548	473694	100	90	0.0834103	0.731505	40	40	215752	17	2906	1.00417	0.897619	2547
625	866907	256	378824	488084	100	90	0.0811726	0.731505	40	40	215752	17	2906	1.00471	0.925285	2547
626	851693	240	395376	456317	100	90	0.0917669	0.731505	40	40	215752	17	2906	1.00545	0.94455	2547
627	908748	3559	440928	467820	100	90	1.07664	0.731505	40	40	215752	17	2906	1.00764	0.945536	2547
628	703809	2944	214879	488931	100	90	1.21522	0.731505	40	40	215752	17	2906	1.01044	0.946929	2547
629	796355	2817	309908	486447	100	90	1.53761	0.731505	40	40	215752	17	2906	1.0142	0.947129	2547
630	719439	2547	208374	511065	100	90	1.74688	0.731505	39	40	215752	17	2906	1.07544	1.04414	2547
631	832034	2117	333738	496745	100	90	0.960578	0.731505	40	40	0	17	2906	1.03051	0.925997	2547
632	963522	1797	438319	522894	100	90	0.816451	0.731505	40	40	0	17	2906	1.02325	0.919785	2547
633	1.07434e+006	1448	516775	555295	100	90	0.719568	0.731505	40	40	0	17	2906	1.02073	0.911615	2547
634	1.16822e+006	1233	575775	590069	100	90	0.758988	0.731505	40	40	0	17	2906	1.02417	0.920984	2547
635	1.16719e+006	1134	586618	578482	100	90	0.828318	0.731505	40	40	0	17	2906	1.02488	0.926018	2547
636	1.15611e+006	2211	590373	565732	100	90	1.50885	0.731505	40	40	0	17	2906	1.02546	0.91687	2547
637	1.1075e+006	1971	572397	535105	100	90	1.60884	0.731505	40	40	0	17	2906	1.02809	0.910855	2547
638	1.0734e+006	1763	559302	514098	100	90	1.73368	0.731505	40	40	0	17	2906	1.03722	0.907728	2547
639	740717	1470	258520	482197	100	90	1.82351	0.731505	40	40	0	17	2906	1.05063	0.909468	2547
640	772498	1288	308283	464215	100	90	1.92603	0.731505	40	40	32844.4	17	2906	1.06135	0.91397	2547
641	795392	1118	367101	428291	100	90	2.02944	0.731505	40	40	32844.4	17	2906	1.07551	0.923007	2547
642	758962	951	376036	382927	100	90	2.08045	0.731505	40	40	32844.4	17	2906	1.0902	0.93369	2547
643	733220	850	377571	355649	100	90	2.09657	0.731505	40	40	32844.4	17	2906	1.10765	0.951981	2547
644	690769	761	362366	328402	100	90	2.13284	0.731505	40	40	32844.4	17	2906	1.11806	0.971698	2547
645	660606	695	349775	310831	100	90	2.12172	0.731505	40	40	32844.4	17	2906	1.14954	1.00148	2547
646	513066	639	214720	296580	100	90	2.10297	0.731505	40	40	172154	17	2906	1.1709	1.02254	2547
647	521394	563	239254	271679	100	90	2.11832	0.731505	40	40	172154	17	2906	1.18954	1.0463	2547
648	553464	554	268966	269674	100	90	2.16043	0.731505	40	40	172154	17	2906	1.20486	1.06298	2547
649	551755	528	275981	258683	100	90	2.193	0.731505	40	40	172154	17	2906	1.20632	1.05444	2547
650	544407	512	277461	250818	100	90	2.21229	0.731505	40	40	172154	17	2906	1.2071	1.04622	2547
651	481342	464	254182	227160	100	90	2.25153	0.731505	40	40	172154	17	2906	1.20536	1.03318	2547
652	359831	423	149156	210675	100	90	0.13553	0.731505	40	40	272057	17	2906	1.00485	0.89129	2547
653	696018	368	333811	362207	100	90	0.112734	0.731505	40	40	272057	17	2906	1.00398	0.892674	2547
654	967841	356	468895	498947	100	90	0.114399	0.731505	40	40	272057	17	2906	1.00419	0.908347	2547
655	712104	333	218499	493605	100	90	0.115748	0.731505	40	40	272057	17	2906	1.00418	0.937063	2547
656	709097	310	267689	441408	100	90	0.12682	0.731505	40	40	272057	17	2906	1.00524	0.952979	2547
657	844927	3579	372439	472488	100	90	1.17112	0.731505	40	40	272057	17	2906	1.00727	0.95022	2547
658	969013	3189	461138	507875	100	90	1.39475	0.731505	40	40	272057	17	2906	1.00872	0.96134	2547
659	1.03407e+006	2790	508637	525431	100	90	1.59148	0.731505	40	40	272057	17	2906	1.01294	0.964365	2547
660	776815	2404	261048	515767	100	90	1.68002	0.731505	39	40	272057	17	2906	1.08873	1.09297	2547
661	863610	1960	371517	491064	100	90	0.867574	0.731505	40	40	0	17	2906	1.03485	0.938837	2547
662	985538	1651	463447	520370	100	90	0.718665	0.731505	40	40	0	17	2906	1.02552	0.926011	2547
663	1.11254e+006	1393	540952	569715	100	90	0.686629	0.731505	40	40	0	17	2906	1.02172	0.925174	2547
664	1.16357e+006	1163	575286	586278	100	90	0.692056	0.731505	40	40	0	17	2906	1.02297	0.936043	2547
665	1.1756e+006	1126	590045	583759	100	90	0.770635	0.731505	40	40	0	17	2906	1.02645	0.949758	2547
666	827017	2262	273386	553631	100	90	1.50398	0.731505	40	40	0	17	2906	1.03082	0.948029	2547
667	909539	2111	371895	537644	100	90	1.63141	0.731505	40	40	0	17	2906	1.03176	0.94632	2547
668	752910	1954	219206	533704	100	90	1.86657	0.731505	40	40	0	17	2906	1.04289	0.951334	2547
669	825070	1667	320621	504450	100	90	2.0312	0.731505	40	40	0	17	2906	1.0522	0.949111	2547
670	822164	1438	345614	476550	100	90	2.08383	0.731505	40	40	59414.3	17	2906	1.06059	0.956553	2547
671	839161	1233	398257	440904	100	90	2.12949	0.731505	40	40	59414.3	17	2906	1.07185	0.958541	2547
672	812383	1059	408376	404006	100	90	2.13363	0.731505	40	40	59414.3	17	2906	1.09468	0.97971	2547
673	812230	974	419812	392418	100	90	2.16292	0.731505	40	40	59414.3	17	2906	1.09686	0.97667	2547
674	753006	845	394970	358035	100	90	2.17144	0.731505	40	40	59414.3	17	2906	1.10569	0.974576	2547
675	677625	715	357637	319988	100	90	2.18795	0.731505	40	40	59414.3	17	2906	1.12454	0.991404	2547
676	496269	623	204581	290267	100	90	2.21062	0.731505	40	40	206810	17	2906	1.14912	1.01316	2547
677	497729	550	228346	259654	100	90	2.201	0.731505	40	40	206810	17	2906	1.17728	1.05114	2547
678	499744	502	243535	243169	100	90	2.22613	0.731505	40	40	206810	17	2906	1.18391	1.05428	2547
679	475752	447	238977	222062	100	90	2.22644	0.731505	40	40	206810	17	2906	1.21239	1.08353	2547
680	443983	393	227789	203356	100	90	2.28538	0.731505	40	40	206810	17	2906	1.20942	1.0831	2547
681	390090	344	207375	182715	100	90	2.29135	0.731505	40	40	206810	17	2906	1.20721	1.0609	2547
682	273610	305	107140	166470	100	90	0.104321	0.731505	40	40	297356	17	2906	1.00362	0.899457	2547
683	614578	261	293027	321551	100	90	0.0832997	0.731505	40	40	297356	17	2906	1.00325	0.899864	2547
684	903101	230	436143	466958	100	90	0.078017	0.731505	40	40	297356	17	2906	1.00308	0.91127	2547
685	932363	204	453805	478557	100	90	0.0750555	0.731505	40	40	297356	17	2906	1.00289	0.932659	2547
686	852303	189	423036	429267	100	90	0.0810625	0.731505	40	40	297356	17	2906	1.00341	0.945477	2547
687	884757	3465	445833	438924	100	90	1.0881	0.731505	40	40	297356	17	2906	1.00398	0.940246	2547
688	701816	2995	222329	479488	100	90	1.21986	0.731505	40	40	297356	17	2906	1.00518	0.943159	2547
689	842644	2841	335486	507158	100	90	1.53646	0.731505	40	40	297356	17	2906	1.00774	0.947658	2547
690	741827	2678	217139	524687	100	90	1.85195	0.731505	40	40	297356	17	2906	1.05554	1.01578	2547
691	831522	2137	336164	494296	100	90	0.998818	0.731505	40	40	0	17	2906	1.02181	0.936423	2547
692	946742	1777	433858	511303	100	90	0.812757	0.731505	40	40	0	17	2906	1.01493	0.920154	2547
693	1.09248e+006	1516	527377	563518	100	90	0.75694	0.731505	40	40	0	17	2906	1.01305	0.918627	2547
694	1.14355e+006	1198	564800	577245	100	90	0.731837	0.731505	40	40	0	17	2906	1.01382	0.924722	2547
695	1.17408e+006	1101	588845	583971	100	90	0.790986	0.731505	40	40	0	17	2906	1.0151	0.929158	2547
696	1.1448e+006	2118	582821	561975	100	90	1.46779	0.731505	40	40	0	17	2906	1.02199	0.933921	2547
697	1.15044e+006	1989	592307	558137	100	90	1.62947	0.731505	40	40	0	17	2906	1.02769	0.942016	2547
698	1.13275e+006	1893	587538	545212	100	90	1.82483	0.731505	40	40	0	17	2906	1.03254	0.938808	2547
699	1.0794e+006	1576	564001	515404	100	90	1.89384	0.731505	40	40	0	17	2906	1.03972	0.938104	2547
700	859756	1333	369234	490522	100	90	1.97279	0.731505	40	40	185530	17	2906	1.05051	0.946524	2547
701	858753	1144	403238	455515	100	90	2.06698	0.731505	40	40	185530	17	2906	1.06008	0.953097	2547
702	876632	1048	435210	441422	100	90	2.16075	0.731505	40	40	185530	17	2906	1.07137	0.965116	2547
703	850211	953	434792	415420	100	90	2.22087	0.731505	40	40	185530	17	2906	1.08991	0.97754	2547
704	804700	862	418302	386398	100	90	2.26525	0.731505	40	40	185530	17	2906	1.09359	0.982227	2547
705	770620	804	404481	366140	100	90	2.27428	0.731505	40	40	185530	17	2906	1.11717	1.00128	2547
706	560796	722	224598	334915	100	90	2.26902	0.731505	40	40	361009	17	2906	1.12306	1.01146	2547
707	591901	658	266168	314300	100	90	2.28435	0.731505	40	40	361009	17	2906	1.14182	1.03006	2547
708	586625	592	281938	288745	100	90	2.30572	0.731505	40	40	361009	17	2906	1.15033	1.03922	2547
709	586142	553	292167	276145	100	90	2.31518	0.731505	40	40	361009	17	2906	1.15088	1.03626	2547
710	554098	498	281823	256368	100	90	2.34487	0.731505	40	40	361009	17	2906	1.1517	1.02985	2547
711	505226	461	266712	238514	100	90	2.35581	0.731505	40	40	361009	17	2906	1.1663	1.03953	2547
712	363883	424	140028	223855	100	90	0.144096	0.731505	40	40	484336	17	2906	1.0047	0.914548	2547
713	697299	383	328107	369192	100	90	0.121897	0.731505	40	40	484336	17	2906	1.00437	0.913779	2547
714	944152	319	453571	490581	100	90	0.107534	0.731505	40	40	484336	17	2906	1.00408	0.920738	2547
715	710562	312	212509	498052	100	90	0.112937	0.731505	40	40	484336	17	2906	1.00404	0.940776	2547
716	701411	294	259137	442274	100	90	0.123943	0.731505	40	40	484336	17	2906	1.00426	0.950046	2547
717	819382	3478	357590	461793	100	90	1.16197	0.731505	40	40	484336	17	2906	1.00608	0.949728	2547
718	981837	3164	462343	519493	100	90	1.39415	0.731505	40	40	484336	17	2906	1.00831	0.953793	2547
719	1.06874e+006	2781	520752	547990	100	90	1.54933	0.731505	40	40	484336	17	2906	1.01079	0.955456	2547
720	804065	2478	266954	537112	100	90	1.70358	0.731505	38	40	484336	17	2906	1.07871	1.0733	2547
721	930492	2104	395920	533527	100	90	0.965852	0.731505	40	40	0	17	2906	1.0326	0.952935	2547
722	1.03604e+006	1743	483586	550952	100	90	0.826353	0.731505	40	40	0	17	2906	1.02428	0.940773	2547
723	1.13407e+006	1438	549240	583184	100	90	0.749983	0.731505	40	40	0	17	2906	1.02151	0.938743	2547
724	1.20347e+006	1219	592966	608954	100	90	0.770146	0.731505	40	40	0	17	2906	1.02418	0.942792	2547
725	1.19329e+006	1117	596642	595399	100	90	0.827522	0.731505	40	40	0	17	2906	1.02603	0.951147	2547
726	1.13745e+006	2187	575852	561602	100	90	1.54087	0.731505	40	40	0	17	2906	1.03216	0.955186	2547
727	1.09295e+006	1863	558776	534177	100	90	1.57093	0.731505	40	40	0	17	2906	1.03703	0.953743	2547
728	1.05531e+006	1707	542831	512475	100	90	1.72526	0.731505	40	40	0	17	2906	1.04414	0.955331	2547
729	1.02199e+006	1445	528649	493341	100	90	1.82719	0.731505	40	40	0	17	2906	1.05189	0.954898	2547
730	777983	1182	317266	460716	100	90	1.90435	0.731505	40	40	199476	17	2906	1.06043	0.961173	2547
731	618055	1042	179002	439053	100	90	2.00854	0.731505	40	40	199476	17	2906	1.07205	0.966634	2547
732	657501	919	256658	400844	100	90	2.085	0.731505	40	40	199476	17	2906	1.09059	0.983221	2547
733	668479	802	304238	364241	100	90	2.13998	0.731505	40	40	199476	17	2906	1.10526	0.996144	2547
734	647359	697	318021	329338	100	90	2.21126	0.731505	40	40	199476	17	2906	1.11443	0.997041	2547
735	620343	627	315698	304645	100	90	2.23521	0.731505	40	40	199476	17	2906	1.13383	1.01144	2547
736	441040	560	164656	275465	100	90	2.21496	0.731505	40	40	358684	17	2906	1.13776	1.02037	2547
737	447743	489	195173	243414	100	90	2.22274	0.731505	40	40	358684	17	2906	1.15109	1.0279	2547
738	481768	470	228404	240287	100	90	2.2511	0.731505	40	40	358684	17	2906	1.15094	1.02908	2547
739	352797	446	121776	228297	100	90	2.29638	0.731505	40	40	358684	17	2906	1.13514	1	2547
740	370841	398	158317	210130	100	90	2.26952	0.731505	40	40	358684	17	2906	1.16285	1.02957	2547
741	379913	368	183008	196905	100	90	2.26846	0.731505	40	40	358684	17	2906	1.17403	1.0472	2547
742	274219	319	98823.2	175396	100	90	0.194813	0.731505	40	40	453089	17	2906	1.00769	0.97349	2547
743	345310	289	103359	241951	100	90	0.140841	0.731505	40	40	453089	17	2906	1.00534	0.972387	2547
744	665083	253	280583	384500	100	90	0.121309	0.731505	40	40	453089	17	2906	1.0046	0.972437	2547
745	942751	231	430285	512466	100	90	0.124163	0.731505	40	40	453089	17	2906	1.00488	0.974971	2547
746	1.04967e+006	209	495301	554372	100	90	0.138015	0.731505	40	40	453089	17	2906	1.00591	0.981715	2547
747	1.05013e+006	3241	508699	541429	100	90	1.41061	0.731505	40	40	453089	17	2906	1.00639	0.979959	2547
748	786019	2725	243425	542593	100	90	1.44875	0.731505	40	40	453089	17	2906	1.00739	0.978119	2547
749	849627	2420	328031	521596	100	90	1.61496	0.731505	40	40	453089	17	2906	1.00887	0.978097	2547
750	760423	2294	219046	541378	100	90	1.674	0.731505	38	40	453089	17	2906	1.13536	1.19516	2547
751	753260	1709	300863	449949	100	90	1.3119	0.731505	40	40	0	17	2906	1.09978	1.06373	2547
752	860282	1487	398679	457741	100	90	1.21769	0.731505	40	40	0	17	2906	1.07694	1.03484	2547
753	964004	1300	475089	484446	100	90	1.17557	0.731505	40	40	0	17	2906	1.06601	1.0153	2547
754	1.04067e+006	1122	528104	507982	100	90	1.18796	0.731505	40	40	0	17	2906	1.06513	1.0124	2547
755	1.0962e+006	1081	564585	527699	100	90	1.318	0.731505	40	40	0	17	2906	1.07259	1.00935	2547
756	1.12887e+006	1582	590405	538465	100	90	2.00283	0.731505	40	40	0	17	2906	1.08052	1.01191	2547
757	1.11202e+006	1492	587497	524520	100	90	2.13666	0.731505	40	40	0	17	2906	1.08446	1.01672	2547
758	1.07705e+006	1377	574747	502305	100	90	2.19236	0.731505	40	40	0	17	2906	1.09375	1.03376	2547
759	1.02365e+006	1197	550764	472883	100	90	2.16711	0.731505	40	40	0	17	2906	1.10014	1.04758	2547
760	814523	1056	365925	448598	100	90	2.16257	0.731505	40	40	175523	17	2906	1.10647	1.05969	2547
761	815531	927	394080	421452	100	90	2.21165	0.731505	40	40	175523	17	2906	1.12175	1.0825	2547
762	603199	852	203909	399290	100	90	2.2292	0.731505	40	40	175523	17	2906	1.15094	1.11328	2547
763	621780	756	259282	362498	100	90	2.25995	0.731505	40	40	175523	17	2906	1.17016	1.1314	2547
764	617745	654	295023	322722	100	90	2.27914	0.731505	40	40	175523	17	2906	1.19075	1.1392	2547
765	609094	591	309431	299663	100	90	2.2396	0.731505	40	40	175523	17	2906	1.22528	1.17407	2547
766	465523	532	193736	270518	100	90	2.20633	0.731505	40	40	299563	17	2906	1.26422	1.21212	2547
767	474303	477	219255	247295	100	90	2.22379	0.731505	40	40	299563	17	2906	1.28178	1.22069	2547
768	476246	430	234412	231267	100	90	2.2084	0.731505	40	40	299563	17	2906	1.30404	1.22081	2547
769	464293	397	235012	217007	100	90	2.24881	0.731505	40	40	299563	17	2906	1.30789	1.21448	2547
770	448606	377	231076	206321	100	90	2.21772	0.731505	40	40	299563	17	2906	1.32386	1.24545	2547
771	435077	368	231458	203620	100	90	2.24915	0.731505	40	40	299563	17	2906	1.33535	1.25159	2547
772	314800	328	127642	187158	100	90	0.113853	0.731505	40	40	396663	17	2906	1.00558	0.961131	2547
773	653652	304	312196	341456	100	90	0.0970801	0.731505	40	40	396663	17	2906	1.00479	0.959448	2547
774	955983	285	461304	494680	100	90	0.0957177	0.731505	40	40	396663	17	2906	1.00497	0.963039	2547
775	1.00052e+006	255	485718	514800	100	90	0.0906387	0.731505	40	40	396663	17	2906	1.00493	0.972932	2547
776	908875	245	449286	459588	100	90	0.101282	0.731505	40	40	396663	17	2906	1.00577	0.983063	2547
777	942444	3634	475058	467385	100	90	1.15004	0.731505	40	40	396663	17	2906	1.00713	0.985199	2547
778	1.05663e+006	3095	537080	519550	100	90	1.24878	0.731505	40	40	396663	17	2906	1.00919	0.989183	2547
779	1.10976e+006	2712	566301	543457	100	90	1.52983	0.731505	40	40	396663	17	2906	1.01396	0.990888	2547
780	822111	2428	282536	539575	100	90	1.71155	0.731505	39	40	396663	17	2906	1.10121	1.1471	2547
781	883659	1935	377871	503696	100	90	0.956217	0.731505	40	40	0	17	2906	1.04638	1.01492	2547
782	1.01832e+006	1683	476413	538699	100	90	0.819246	0.731505	40	40	0	17	2906	1.03511	0.996043	2547
783	1.15246e+006	1482	558690	590119	100	90	0.801596	0.731505	40	40	0	17	2906	1.03096	0.990755	2547
784	1.21314e+006	1235	597586	612068	100	90	0.810547	0.731505	40	40	0	17	2906	1.0319	0.989539	2547
785	1.23921e+006	1194	618321	617705	100	90	0.907518	0.731505	40	40	0	17	2906	1.03366	0.995217	2547
786	1.19472e+006	2152	604515	590204	100	90	1.57691	0.731505	40	40	0	17	2906	1.03614	0.996948	2547
787	1.18139e+006	2060	603359	578030	100	90	1.73085	0.731505	40	40	0	17	2906	1.04112	1.0009	2547
788	833014	1853	279969	553045	100	90	1.87	0.731505	40	40	0	17	2906	1.0441	0.999447	2547
789	917407	1624	376890	540517	100	90	1.95355	0.731505	40	40	0	17	2906	1.04893	1.00442	2547
790	870070	1386	364087	505982	100	90	2.06278	0.731505	40	40	81404	17	2906	1.05929	1.0126	2547
791	894093	1219	420637	473456	100	90	2.1441	0.731505	40	40	81404	17	2906	1.07008	1.02607	2547
792	925203	1132	459964	465239	100	90	2.21726	0.731505	40	40	81404	17	2906	1.08692	1.03906	2547
793	897872	1030	458523	439350	100	90	2.25812	0.731505	40	40	81404	17	2906	1.0962	1.044	2547
794	842894	910	435793	407101	100	90	2.25633	0.731505	40	40	81404	17	2906	1.10567	1.05317	2547
795	755815	775	393313	362503	100	90	2.27404	0.731505	40	40	81404	17	2906	1.12529	1.06952	2547
796	566733	698	230421	334880	100	90	2.29045	0.731505	40	40	241075	17	2906	1.14136	1.08832	2547
797	431274	618	131373	297959	100	90	2.29302	0.731505	40	40	241075	17	2906	1.14715	1.09137	2547
798	465094	560	180249	276718	100	90	2.31427	0.731505	40	40	241075	17	2906	1.16441	1.10775	2547
799	491905	506	223623	258382	100	90	2.36192	0.731505	40	40	241075	17	2906	1.1619	1.09186	2547
800	464389	428	227794	228253	100	90	2.37935	0.731505	40	40	241075	17	2906	1.18119	1.09653	2547
801	436570	388	224502	212068	100	90	2.41779	0.731505	40	40	241075	17	2906	1.19321	1.10364	2547
802	291492	317	109518	181974	100	90	0.124683	0.731505	40	40	346323	17	2906	1.0045	0.962514	2547
803	589140	280	276339	312801	100	90	0.0962439	0.731505	40	40	346323	17	2906	1.0034	0.961192	2547
804	893894	259	429101	464792	100	90	0.0959406	0.731505	40	40	346323	17	2906	1.00373	0.964532	2547
805	977263	241	472499	504765	100	90	0.0983045	0.731505	40	40	346323	17	2906	1.00346	0.972013	2547
806	902714	203	443918	458797	100	90	0.095861	0.731505	40	40	346323	17	2906	1.0037	0.978809	2547
807	921058	3294	460808	460249	100	90	1.18247	0.731505	40	40	346323	17	2906	1.00521	0.980015	2547
808	1.02152e+006	2875	516296	505226	100	90	1.29423	0.731505	40	40	346323	17	2906	1.00725	0.983239	2547
809	1.08451e+006	2460	550902	533611	100	90	1.54764	0.731505	40	40	346323	17	2906	1.01105	0.982941	2547
810	822843	2276	282221	540621	100	90	1.72075	0.731505	38	40	346323	17	2906	1.10637	1.15262	2547
811	896488	1829	384348	509450	100	90	1.10679	0.731505	40	40	0	17	2906	1.05783	1.02641	2547
812	989151	1545	461768	523212	100	90	0.918039	0.731505	40	40	0	17	2906	1.0415	1.00372	2547
813	820769	1348	261612	558402	100	90	0.878596	0.731505	40	40	0	17	2906	1.03631	0.993113	2547
814	995705	1182	396801	596499	100	90	0.928553	0.731505	40	40	0	17	2906	1.03951	0.994962	2547
815	1.14965e+006	1167	516002	631458	100	90	1.03243	0.731505	40	40	0	17	2906	1.0435	0.999188	2547
816	1.16335e+006	2005	555171	608176	100	90	1.7535	0.731505	40	40	0	17	2906	1.04627	1	2547
817	1.15077e+006	1913	569523	581249	100	90	1.8674	0.731505	40	40	0	17	2906	1.0461	1.00321	2547
818	1.12993e+006	1781	571003	558922	100	90	2.01836	0.731505	40	40	0	17	2906	1.05061	1	2547
819	1.09177e+006	1495	560580	531193	100	90	2.02762	0.731505	40	40	0	17	2906	1.05535	0.994494	2547
820	878639	1272	380664	497975	100	90	2.06319	0.731505	40	40	171704	17	2906	1.06452	1.00081	2547
821	893261	1113	421478	471783	100	90	2.17181	0.731505	40	40	171704	17	2906	1.07207	1.00646	2547
822	886008	1009	439805	446203	100	90	2.26618	0.731505	40	40	171704	17	2906	1.08993	1.01735	2547
823	836026	895	426004	410022	100	90	2.31886	0.731505	40	40	171704	17	2906	1.11166	1.04383	2547
824	761093	772	392550	368543	100	90	2.37211	0.731505	40	40	171704	17	2906	1.12515	1.0496	2547
825	708522	683	366974	341548	100	90	2.37035	0.731505	40	40	171704	17	2906	1.13624	1.05749	2547
826	455887	594	148316	307093	100	90	2.33555	0.731505	40	40	195559	17	2906	1.13657	1.05585	2547
827	401369	564	103843	296138	100	90	2.33647	0.731505	40	40	195559	17	2906	1.14749	1.07463	2547
828	431681	509	153385	271368	100	90	2.31973	0.731505	40	40	195559	17	2906	1.15789	1.10294	2547
829	452650	454	196660	247730	100	90	2.33779	0.731505	40	40	195559	17	2906	1.1551	1.09882	2547
830	360627	433	116163	242308	100	90	2.392	0.731505	40	40	195559	17	2906	1.15351	1.08168	2547
831	373205	385	152285	220920	100	90	2.43212	0.731505	40	40	195559	17	2906	1.17571	1.09915	2547
832	320986	350	116979	204007	100	90	0.211012	0.731505	40	40	264431	17	2906	1.00755	1.00293	2547
833	508668	327	233075	275593	100	90	0.161731	0.731505	40	40	264431	17	2906	1.00596	1.00237	2547
834	789321	297	381456	407865	100	90	0.159966	0.731505	40	40	264431	17	2906	1.00613	1.00248	2547
835	1.00826e+006	260	491335	516926	100	90	0.158782	0.731505	40	40	264431	17	2906	1.00655	1.00365	2547
836	1.08154e+006	235	530355	551189	100	90	0.175304	0.731505	40	40	264431	17	2906	1.00743	1.00514	2547
837	1.07368e+006	3081	532768	540916	100	90	1.397	0.731505	40	40	264431	17	2906	1.00929	1.00964	2547
838	1.09227e+006	2581	550535	541738	100	90	1.40474	0.731505	40	40	264431	17	2906	1.01096	1.01217	2547
839	1.13128e+006	2211	579723	551552	100	90	1.49656	0.731505	40	40	264431	17	2906	1.0137	1.01572	2547
840	850453	2124	298831	551622	100	90	1.52559	0.731505	39	40	264431	17	2906	1.17208	1.30458	2547
841	699434	1762	190079	508272	100	90	1.30028	0.731505	40	40	0	17	2906	1.12317	1.14689	2547
842	810414	1569	295542	510548	100	90	1.10784	0.731505	40	40	0	17	2906	1.08786	1.08482	2547
843	927516	1324	404066	518340	100	90	1.04543	0.731505	40	40	0	17	2906	1.06904	1.05973	2547
844	1.04799e+006	1132	499347	542253	100	90	1.07889	0.731505	40	40	0	17	2906	1.07358	1.05583	2547
845	868942	1162	288023	580029	100	90	1.25041	0.731505	40	40	0	17	2906	1.07767	1.05273	2547
846	1.00185e+006	1833	408376	593475	100	90	1.83496	0.731505	40	40	0	17	2906	1.0804	1.04838	2547
847	1.09359e+006	1855	501885	591701	100	90	1.99881	0.731505	40	40	0	17	2906	1.08098	1.05	2547
848	844041	1690	271614	572427	100	90	2.05838	0.731505	40	40	0	17	2906	1.09375	1.06227	2547
849	920536	1509	366790	553746	100	90	2.03605	0.731505	40	40	0	17	2906	1.09755	1.06456	2547
850	922374	1330	405805	516569	100	90	2.04722	0.731505	40	40	39025.7	17	2906	1.106	1.06993	2547
851	976061	1210	474393	501669	100	90	2.05211	0.731505	40	40	39025.7	17	2906	1.12589	1.0941	2547
852	968822	1086	493885	474937	100	90	2.08298	0.731505	40	40	39025.7	17	2906	1.14297	1.1092	2547
853	932092	972	486561	445531	100	90	2.10682	0.731505	40	40	39025.7	17	2906	1.14935	1.1104	2547
854	866149	857	458843	407306	100	90	2.09236	0.731505	40	40	39025.7	17	2906	1.16471	1.13415	2547
855	797690	748	424603	373087	100	90	2.08881	0.731505	40	40	39025.7	17	2906	1.19825	1.16246	2547
856	608992	665	271932	335663	100	90	2.08428	0.731505	40	40	173203	17	2906	1.21225	1.1728	2547
857	627806	616	303215	316587	100	90	2.09612	0.731505	40	40	173203	17	2906	1.22205	1.18881	2547
858	625183	571	313789	299363	100	90	2.1182	0.731505	40	40	173203	17	2906	1.22997	1.19734	2547
859	624030	552	320662	290217	100	90	2.14268	0.731505	40	40	173203	17	2906	1.23713	1.2008	2547
860	563960	482	295697	256638	100	90	2.17542	0.731505	40	40	173203	17	2906	1.24295	1.19026	2547
861	539634	460	291462	248172	100	90	2.1983	0.731505	40	40	173203	17	2906	1.26168	1.19753	2547
862	402498	411	176414	226084	100	90	0.143116	0.731505	40	40	277363	17	2906	1.00608	0.991785	2547
863	709161	374	345483	363678	100	90	0.118151	0.731505	40	40	277363	17	2906	1.00559	0.990781	2547
864	996070	340	488101	507969	100	90	0.113548	0.731505	40	40	277363	17	2906	1.00573	0.991335	2547
865	1.06383e+006	314	521763	542066	100	90	0.113496	0.731505	40	40	277363	17	2906	1.00579	0.993347	2547
866	966677	286	481038	485639	100	90	0.121182	0.731505	40	40	277363	17	2906	1.00658	0.998938	2547
867	952067	3374	482889	469179	100	90	1.11056	0.731505	40	40	277363	17	2906	1.00964	1.00373	2547
868	1.0404e+006	2954	534620	505776	100	90	1.2366	0.731505	40	40	277363	17	2906	1.01233	1.01003	2547
869	1.09418e+006	2662	564026	530156	100	90	1.53435	0.731505	40	40	277363	17	2906	1.01626	1.01016	2547
870	801191	2351	281150	520041	100	90	1.68005	0.731505	40	40	277363	17	2906	1.1176	1.18186	2547
871	870441	1946	377902	490702	100	90	0.96776	0.731505	40	40	0	17	2906	1.04789	1.04103	2547
872	963880	1616	457975	502857	100	90	0.774826	0.731505	40	40	0	17	2906	1.03173	1.01901	2547
873	1.08772e+006	1363	536519	547975	100	90	0.71075	0.731505	40	40	0	17	2906	1.02698	1.01341	2547
874	1.17839e+006	1168	590334	585049	100	90	0.728786	0.731505	40	40	0	17	2906	1.02688	1.01236	2547
875	1.22421e+006	1104	619322	602096	100	90	0.818328	0.731505	40	40	0	17	2906	1.02954	1.01561	2547
876	1.22211e+006	2352	625965	596143	100	90	1.60599	0.731505	40	40	0	17	2906	1.03633	1.02355	2547
877	853452	2123	286740	566712	100	90	1.68129	0.731505	40	40	0	17	2906	1.04168	1.03003	2547
878	932330	2049	376913	555417	100	90	1.85904	0.731505	40	40	0	17	2906	1.0467	1.03009	2547
879	984537	1726	453807	530730	100	90	1.92477	0.731505	40	40	0	17	2906	1.05255	1.03401	2547
880	934333	1494	425903	508430	100	90	2.03089	0.731505	40	40	78209.8	17	2906	1.06639	1.04345	2547
881	961109	1325	473522	487587	100	90	2.10272	0.731505	40	40	78209.8	17	2906	1.0789	1.05456	2547
882	944365	1183	485211	459155	100	90	2.15927	0.731505	40	40	78209.8	17	2906	1.09149	1.06754	2547
883	896369	1040	471649	424720	100	90	2.15068	0.731505	40	40	78209.8	17	2906	1.09886	1.08044	2547
884	846686	929	451030	395656	100	90	2.1668	0.731505	40	40	78209.8	17	2906	1.11787	1.1019	2547
885	798884	831	428634	370250	100	90	2.15926	0.731505	40	40	78209.8	17	2906	1.14241	1.12219	2547
886	526972	741	185266	340836	100	90	2.18206	0.731505	40	40	95803.2	17	2906	1.16102	1.14225	2547
887	567178	685	237257	320649	100	90	2.21154	0.731505	40	40	95803.2	17	2906	1.1707	1.149	2547
888	589522	633	277526	297973	100	90	2.26353	0.731505	40	40	95803.2	17	2906	1.18278	1.14143	2547
889	554856	546	276539	262081	100	90	2.26945	0.731505	40	40	95803.2	17	2906	1.1836	1.13699	2547
890	393880	491	140693	249553	100	90	2.36812	0.731505	40	40	95803.2	17	2906	1.19375	1.13496	2547
891	403548	441	173081	230466	100	90	2.35295	0.731505	40	40	95803.2	17	2906	1.2243	1.16834	2547
892	368082	408	149335	218747	100	90	0.183843	0.731505	40	40	156863	17	2906	1.0083	1.00427	2547
893	614953	396	291746	323207	100	90	0.156708	0.731505	40	40	156863	17	2906	1.00751	1.00448	2547
894	896754	363	434467	462287	100	90	0.156577	0.731505	40	40	156863	17	2906	1.00799	1.00483	2547
895	1.05316e+006	336	515357	537803	100	90	0.159872	0.731505	40	40	156863	17	2906	1.00828	1.00562	2547
896	1.0579e+006	330	524721	533181	100	90	0.187535	0.731505	39	40	156863	17	2906	1.01058	1.00964	2547
897	1.05071e+006	3291	530113	520594	100	90	1.17669	0.731505	39	40	156863	17	2906	1.01312	1.01405	2547
898	1.11176e+006	2804	569512	542246	100	90	1.20383	0.731505	39	40	156863	17	2906	1.01392	1.01617	2547
899	1.1331e+006	2404	588605	544497	100	90	1.37246	0.731505	39	40	156863	17	2906	1.01886	1.02057	2547
900	859509	2333	305890	553619	100	90	1.45928	0.731505	37	40	156863	17	2906	1.13221	1.21769	2547
901	911335	1916	396945	509540	100	90	1.07752	0.731505	40	40	0	17	2906	1.07773	1.08649	2547
902	1.00995e+006	1674	483613	519023	100	90	0.950518	0.731505	40	40	0	17	2906	1.05712	1.05614	2547
903	1.08933e+006	1402	545400	535452	100	90	0.884927	0.731505	40	40	0	17	2906	1.05056	1.04479	2547
904	1.18405e+006	1201	606772	568872	100	90	0.908408	0.731505	40	40	0	17	2906	1.05108	1.03727	2547
905	1.26903e+006	1196	658706	602703	100	90	1.03497	0.731505	40	40	0	17	2906	1.0598	1.04299	2547
906	941540	2026	333198	608341	100	90	1.57309	0.731505	40	40	0	17	2906	1.06396	1.04154	2547
907	1.02184e+006	2015	423915	597920	100	90	1.71764	0.731505	40	40	0	17	2906	1.06601	1.04307	2547
908	823347	1853	244293	579054	100	90	1.78425	0.731505	40	40	0	17	2906	1.07249	1.04855	2547
909	856157	1571	327732	528424	100	90	1.78272	0.731505	40	40	0	17	2906	1.07218	1.04921	2547
910	896568	1374	396420	500148	100	90	1.79682	0.731505	40	40	17144.3	17	2906	1.08202	1.0604	2547
911	941506	1235	461407	480099	100	90	1.8357	0.731505	40	40	17144.3	17	2906	1.08814	1.06633	2547
912	959024	1134	496178	462846	100	90	1.83579	0.731505	40	40	17144.3	17	2906	1.09842	1.07464	2547
913	928313	1013	493191	435122	100	90	1.83775	0.731505	40	40	17144.3	17	2906	1.1114	1.08981	2547
914	877633	906	473136	404497	100	90	1.83895	0.731505	40	40	17144.3	17	2906	1.12979	1.10282	2547
915	845812	839	460087	385725	100	90	1.86502	0.731505	40	40	17144.3	17	2906	1.14537	1.12114	2547
916	666225	728	317557	346609	100	90	1.84037	0.731505	40	40	133433	17	2906	1.17386	1.14326	2547
917	636430	631	320320	308060	100	90	1.83299	0.731505	40	40	133433	17	2906	1.1848	1.14638	2547
918	617265	571	319450	285645	100	90	1.82841	0.731505	40	40	133433	17	2906	1.19833	1.16576	2547
919	574640	513	302763	260088	100	90	1.86868	0.731505	40	40	133433	17	2906	1.20116	1.17391	2547
920	544060	470	290131	243267	100	90	1.87169	0.731505	40	40	133433	17	2906	1.21429	1.18578	2547
921	369354	434	138230	231124	100	90	1.87071	0.731505	40	40	133433	17	2906	1.23798	1.21303	2547
922	367623	397	151495	216127	100	90	0.109316	0.731505	40	40	152346	17	2906	1.00425	0.99799	2547
923	713575	341	340753	372822	100	90	0.0955925	0.731505	40	40	152346	17	2906	1.00403	0.997949	2547
924	1.02404e+006	305	495555	528489	100	90	0.0908419	0.731505	40	40	152346	17	2906	1.00431	0.998046	2547
925	1.07496e+006	282	524645	550312	100	90	0.0907139	0.731505	40	40	152346	17	2906	1.00467	1	2547
926	931885	230	461667	470218	100	90	0.0859377	0.731505	40	40	152346	17	2906	1.00491	1.00362	2547
927	919245	3882	466137	453108	100	90	1.03417	0.731505	40	40	152346	17	2906	1.00612	1.00562	2547
928	1.0102e+006	3141	518660	491543	100	90	1.07022	0.731505	40	40	152346	17	2906	1.00743	1.00904	2547
929	1.0861e+006	2892	561260	524837	100	90	1.33891	0.731505	40	40	152346	17	2906	1.01029	1.01051	2547
930	813738	2576	285859	527879	100	90	1.52863	0.731505	40	40	152346	17	2906	1.08194	1.14095	2547
