Time	totMass	NInd	abovemass	belowmass	mean_ares	mean_bres	shannon	meanShannon	NPFT	meanNPFT	Cutted	NNonClonal	NClonal	mean_generation	mean_genet_size	NGenets
1	397.2	0	198.6	198.6	100	90	0	0.903983	40	39.9	0	285	1672	1	0.815359	1323
2	12809.7	0	6254.99	6554.71	100	90	0	0.903983	40	39.9	0	285	1672	1	0.802469	1323
3	61417.5	0	32211.5	29206	100	90	0	0.903983	40	39.9	0	285	1672	1	0.798457	1323
4	189814	0	98711.4	91103.1	100	90	0	0.903983	40	39.9	0	285	1672	1	0.802567	1323
5	426723	0	221537	205186	100	90	0	0.903983	40	39.9	0	285	1672	1.00198	0.80303	1323
6	724895	587	377526	347370	100	90	2.45327	0.903983	40	39.9	0	285	1672	1.01102	0.811321	1323
7	998403	793	524229	474174	100	90	3.0529	0.903983	40	39.9	0	285	1672	1.03651	0.835886	1323
8	1.18619e+006	860	627428	558758	100	90	3.20908	0.903983	40	39.9	0	285	1672	1.06039	0.860789	1323
9	1.31244e+006	809	698852	613588	100	90	3.05433	0.903983	40	39.9	0	285	1672	1.08333	0.8867	1323
10	1.41217e+006	782	755267	656899	100	90	2.96875	0.903983	40	39.9	0	285	1672	1.10074	0.91199	1323
11	1.47829e+006	761	792282	686005	100	90	2.9076	0.903983	40	39.9	0	285	1672	1.12296	0.932983	1323
12	1.51711e+006	750	814682	702424	100	90	2.88803	0.903983	40	39.9	0	285	1672	1.1435	0.963115	1323
13	1.56015e+006	744	839872	720280	100	90	2.91955	0.903983	40	39.9	0	285	1672	1.16159	0.976257	1323
14	1.59066e+006	739	857273	733385	100	90	2.91548	0.903983	40	39.9	0	285	1672	1.18138	1.00285	1323
15	1.60447e+006	732	865383	739086	100	90	2.90058	0.903983	40	39.9	0	285	1672	1.20729	1.03509	1323
16	1.64004e+006	738	870360	741685	100	90	2.91675	0.903983	40	39.9	0	285	1672	1.22423	1.05318	1323
17	1.67816e+006	741	879225	747250	100	90	2.93382	0.903983	40	39.9	0	285	1672	1.24174	1.07143	1323
18	1.70606e+006	742	891422	758598	100	90	3.01426	0.903983	40	39.9	0	285	1672	1.22931	1.04328	1323
19	1.72525e+006	745	901113	767007	100	90	3.07465	0.903983	40	39.9	0	285	1672	1.23088	1.03191	1323
20	1.73075e+006	745	904779	769843	100	90	3.1287	0.903983	40	39.9	0	285	1672	1.22617	1.01391	1323
21	1.69443e+006	762	916403	778026	100	90	3.21215	0.903983	40	39.9	0	285	1672	1.23512	1.01713	1323
22	1.7009e+006	767	920348	780551	100	90	1.19921	0.903983	40	39.9	0	285	1672	1.06171	0.836327	1323
23	1.7243e+006	754	929306	794990	100	90	1.1664	0.903983	40	39.9	0	285	1672	1.06616	0.842617	1323
24	1.75526e+006	747	944555	810706	100	90	1.16353	0.903983	40	39.9	0	285	1672	1.073	0.861749	1323
25	1.75003e+006	730	941814	808217	100	90	1.20481	0.903983	40	39.9	0	285	1672	1.07695	0.882571	1323
26	1.77751e+006	726	958508	819002	100	90	1.31068	0.903983	40	39.9	0	285	1672	1.09336	0.920094	1323
27	1.7899e+006	1366	965318	824577	100	90	2.39398	0.903983	40	39.9	0	285	1672	1.10994	0.956393	1323
28	1.83981e+006	1277	993095	846716	100	90	2.49883	0.903983	40	39.9	0	285	1672	1.14003	1	1323
29	1.85904e+006	1200	1.00329e+006	855750	100	90	2.60392	0.903983	40	39.9	0	285	1672	1.16123	1.01494	1323
30	1.38057e+006	1148	509904	870664	100	90	2.16498	0.903983	40	39.9	0	285	1672	1.49224	1.6119	1323
31	1.44104e+006	1015	627778	812674	100	90	1.29071	0.903983	40	39.9	0	285	1672	1.17565	0.973951	1323
32	1.47102e+006	904	684889	785173	100	90	1.04037	0.903983	40	39.9	0	285	1672	1.11629	0.920589	1323
33	1.434e+006	794	688994	744069	100	90	0.889212	0.903983	40	39.9	0	285	1672	1.09124	0.892645	1323
34	1.35423e+006	679	663560	689880	100	90	0.898417	0.903983	40	39.9	0	285	1672	1.10277	0.898768	1323
35	1.29266e+006	743	647165	644877	100	90	1.14658	0.903983	40	39.9	0	285	1672	1.11005	0.910515	1323
36	1.25796e+006	770	639657	618307	100	90	1.40189	0.903983	40	39.9	0	285	1672	1.12181	0.941297	1323
37	1.2071e+006	877	621219	585879	100	90	1.85273	0.903983	40	39.9	0	285	1672	1.13673	0.97056	1323
38	1.14375e+006	920	594037	549709	100	90	2.41063	0.903983	40	39.9	0	285	1672	1.16939	1	1323
39	1.07336e+006	750	562081	511280	100	90	2.47812	0.903983	40	39.9	0	285	1672	1.20098	1.03858	1323
40	635574	634	150583	484991	100	90	2.53924	0.903983	40	39.9	427164	285	1672	1.22222	1.04197	1323
41	691579	560	232826	458753	100	90	2.6697	0.903983	40	39.9	427164	285	1672	1.2618	1.06513	1323
42	757845	525	314835	443010	100	90	2.78361	0.903983	40	39.9	427164	285	1672	1.26863	1.07289	1323
43	730552	451	342581	387971	100	90	2.80018	0.903983	40	39.9	427164	285	1672	1.28364	1.1029	1323
44	719134	398	356844	362290	100	90	2.82896	0.903983	40	39.9	427164	285	1672	1.2988	1.11538	1323
45	699775	361	356694	343081	100	90	2.91474	0.903983	40	39.9	427164	285	1672	1.32303	1.09446	1323
46	397158	322	82048.7	315011	100	90	2.88622	0.903983	40	39.9	726720	285	1672	1.32492	1.10409	1323
47	407087	277	128862	272296	100	90	2.88779	0.903983	40	39.9	726720	285	1672	1.32841	1.13656	1323
48	463027	270	187023	266660	100	90	2.9968	0.903983	40	39.9	726720	285	1672	1.34	1.12558	1323
49	465327	238	211015	241845	100	90	3.04042	0.903983	40	39.9	726720	285	1672	1.36842	1.14439	1323
50	449310	204	218620	220040	100	90	3.05345	0.903983	40	39.9	726720	285	1672	1.41477	1.11728	1323
51	429398	189	222297	207101	100	90	3.10613	0.903983	40	39.9	726720	285	1672	1.37267	1.08667	1323
52	245648	179	46396.6	199252	100	90	0.133117	0.903983	40	39.9	912959	285	1672	1.00638	0.808337	1323
53	448707	173	166934	281773	100	90	0.0930179	0.903983	40	39.9	912959	285	1672	1.00416	0.795028	1323
54	763121	157	339836	423285	100	90	0.0925497	0.903983	40	39.9	912959	285	1672	1.00459	0.801561	1323
55	865776	117	401850	463925	100	90	0.0826984	0.903983	40	39.9	912959	285	1672	1.0048	0.808444	1323
56	857041	110	411283	445758	100	90	0.0941547	0.903983	40	39.9	912959	285	1672	1.00664	0.821092	1323
57	966432	2323	478189	488243	100	90	1.46149	0.903983	40	39.9	912959	285	1672	1.00708	0.812874	1323
58	1.06092e+006	2083	532022	528895	100	90	1.68782	0.903983	40	39.9	912959	285	1672	1.00883	0.805334	1323
59	1.09041e+006	1616	552265	538147	100	90	1.72435	0.903983	40	39.9	912959	285	1672	1.01079	0.797802	1323
60	827013	1426	284812	542201	100	90	1.81316	0.903983	40	39.9	912959	285	1672	1.18299	1.13617	1323
61	916583	1176	401764	514142	100	90	1.35077	0.903983	40	39.9	0	285	1672	1.11083	0.908892	1323
62	992643	1006	474240	517309	100	90	1.17156	0.903983	40	39.9	0	285	1672	1.08683	0.860881	1323
63	1.04754e+006	848	519902	526472	100	90	1.10761	0.903983	40	39.9	0	285	1672	1.0843	0.849709	1323
64	1.07239e+006	704	541551	529656	100	90	1.09836	0.903983	40	39.9	0	285	1672	1.08423	0.836502	1323
65	1.13177e+006	720	576726	554087	100	90	1.26987	0.903983	40	39.9	0	285	1672	1.09378	0.831853	1323
66	1.10745e+006	1060	568557	538889	100	90	2.01885	0.903983	40	39.9	0	285	1672	1.09555	0.830022	1323
67	1.09661e+006	1010	567155	529451	100	90	2.21716	0.903983	40	39.9	0	285	1672	1.09506	0.820896	1323
68	1.07019e+006	940	557643	512544	100	90	2.41403	0.903983	40	39.9	0	285	1672	1.09948	0.835202	1323
69	1.02126e+006	777	533697	487565	100	90	2.38006	0.903983	40	39.9	0	285	1672	1.11221	0.833333	1323
70	613607	649	156490	457116	100	90	2.3598	0.903983	40	39.9	387815	285	1672	1.1323	0.868506	1323
71	667615	583	246734	420881	100	90	2.53413	0.903983	40	39.9	387815	285	1672	1.14774	0.872263	1323
72	709663	525	318179	391483	100	90	2.62956	0.903983	40	39.9	387815	285	1672	1.16019	0.899194	1323
73	734675	480	356959	377716	100	90	2.68597	0.903983	40	39.9	387815	285	1672	1.17122	0.894737	1323
74	542225	438	180739	361486	100	90	2.70886	0.903983	40	39.9	387815	285	1672	1.19295	0.918269	1323
75	608680	421	254927	353753	100	90	2.75597	0.903983	40	39.9	387815	285	1672	1.21076	0.940874	1323
76	419663	375	95372.8	324250	100	90	2.76878	0.903983	40	39.9	612317	285	1672	1.22821	0.947977	1323
77	365246	328	80983	283046	100	90	2.79488	0.903983	40	39.9	612317	285	1672	1.22388	0.94702	1323
78	422144	308	145867	268490	100	90	2.80262	0.903983	40	39.9	612317	285	1672	1.25974	0.975265	1323
79	459326	278	200791	249706	100	90	2.82613	0.903983	40	39.9	612317	285	1672	1.25182	0.952191	1323
80	459123	254	221658	229424	100	90	2.91543	0.903983	40	39.9	612317	285	1672	1.26971	0.964126	1323
81	442535	230	226462	216073	100	90	2.88766	0.903983	40	39.9	612317	285	1672	1.2765	0.969849	1323
82	257477	206	55771.2	201705	100	90	0.155099	0.903983	40	39.9	793136	285	1672	1.00648	0.732375	1323
83	454057	196	180398	273659	100	90	0.106442	0.903983	40	39.9	793136	285	1672	1.00455	0.732438	1323
84	589693	186	172702	416991	100	90	0.113016	0.903983	40	39.9	793136	285	1672	1.00547	0.746022	1323
85	720185	170	262378	457808	100	90	0.106304	0.903983	40	39.9	793136	285	1672	1.00532	0.760589	1323
86	773510	145	327632	445878	100	90	0.111535	0.903983	40	39.9	793136	285	1672	1.00583	0.780308	1323
87	892200	2095	416681	475519	100	90	1.29695	0.903983	40	39.9	793136	285	1672	1.00673	0.779352	1323
88	1.00388e+006	2050	487994	515883	100	90	1.62826	0.903983	40	39.9	793136	285	1672	1.00871	0.770437	1323
89	1.05188e+006	1649	523980	527898	100	90	1.69481	0.903983	40	39.9	793136	285	1672	1.01049	0.767913	1323
90	796599	1468	270790	525809	100	90	1.76813	0.903983	40	39.9	793136	285	1672	1.18201	1.08966	1323
91	865435	1197	379727	484628	100	90	1.39401	0.903983	40	39.9	0	285	1672	1.12165	0.885471	1323
92	963536	1055	461846	500056	100	90	1.23476	0.903983	40	39.9	0	285	1672	1.09387	0.832574	1323
93	1.00125e+006	875	498155	501376	100	90	1.15531	0.903983	40	39.9	0	285	1672	1.08969	0.819642	1323
94	1.06487e+006	745	537902	525116	100	90	1.21341	0.903983	40	39.9	0	285	1672	1.09766	0.835165	1323
95	1.08969e+006	746	554387	533569	100	90	1.40791	0.903983	40	39.9	0	285	1672	1.11006	0.832707	1323
96	1.08561e+006	1006	557542	528072	100	90	2.02742	0.903983	40	39.9	0	285	1672	1.11803	0.841054	1323
97	1.09193e+006	1006	564741	527188	100	90	2.2852	0.903983	40	39.9	0	285	1672	1.12336	0.835551	1323
98	788662	941	270890	517773	100	90	2.39151	0.903983	40	39.9	0	285	1672	1.13793	0.847534	1323
99	647082	808	170659	476423	100	90	2.41696	0.903983	40	39.9	0	285	1672	1.14313	0.853816	1323
100	627358	739	176764	450594	100	90	2.51363	0.903983	40	39.9	110968	285	1672	1.14444	0.849296	1323
101	690195	662	273912	416282	100	90	2.59335	0.903983	40	39.9	110968	285	1672	1.15658	0.853968	1323
102	582935	615	175453	407481	100	90	2.66731	0.903983	40	39.9	110968	285	1672	1.17185	0.874786	1323
103	628731	547	254394	374337	100	90	2.69465	0.903983	40	39.9	110968	285	1672	1.20312	0.902724	1323
104	646592	482	304792	341800	100	90	2.68506	0.903983	40	39.9	110968	285	1672	1.23293	0.928731	1323
105	647353	436	322845	324508	100	90	2.74448	0.903983	40	39.9	110968	285	1672	1.23341	0.934837	1323
106	408701	390	108275	300330	100	90	2.6622	0.903983	40	39.9	351109	285	1672	1.28061	0.997183	1323
107	450608	349	168193	275861	100	90	2.68336	0.903983	40	39.9	351109	285	1672	1.26934	0.99373	1323
108	370216	326	110603	257793	100	90	2.742	0.903983	40	39.9	351109	285	1672	1.26498	0.986348	1323
109	426274	311	168903	250262	100	90	2.73629	0.903983	40	39.9	351109	285	1672	1.29766	1.01792	1323
110	436307	279	200514	229661	100	90	2.6885	0.903983	40	39.9	351109	285	1672	1.30682	1.03629	1323
111	439932	270	218020	221911	100	90	2.66126	0.903983	40	39.9	351109	285	1672	1.348	1.06356	1323
112	281219	244	71721.6	209497	100	90	0.178275	0.903983	40	39.9	508439	285	1672	1.00947	0.750413	1323
113	480555	238	196640	283916	100	90	0.129045	0.903983	40	39.9	508439	285	1672	1.00634	0.750992	1323
114	771281	192	356557	414723	100	90	0.117259	0.903983	40	39.9	508439	285	1672	1.00584	0.758312	1323
115	910357	181	431029	479328	100	90	0.12798	0.903983	40	39.9	508439	285	1672	1.00696	0.789455	1323
116	893203	165	432814	460389	100	90	0.142418	0.903983	40	39.9	508439	285	1672	1.00754	0.814041	1323
117	972000	2106	482486	489514	100	90	1.36505	0.903983	40	39.9	508439	285	1672	1.00913	0.800577	1323
118	1.03698e+006	1863	522985	513990	100	90	1.56982	0.903983	40	39.9	508439	285	1672	1.01133	0.787149	1323
119	1.06366e+006	1466	541640	522025	100	90	1.59686	0.903983	40	39.9	508439	285	1672	1.01232	0.777978	1323
120	794079	1336	275080	518999	100	90	1.71988	0.903983	39	39.9	508439	285	1672	1.2048	1.13491	1323
121	859107	1117	378838	478858	100	90	1.29765	0.903983	40	39.9	0	285	1672	1.11774	0.882721	1323
122	902570	944	431868	468332	100	90	1.10465	0.903983	40	39.9	0	285	1672	1.08551	0.835314	1323
123	932588	786	462737	467612	100	90	1.03904	0.903983	40	39.9	0	285	1672	1.07856	0.809033	1323
124	1.01834e+006	688	511191	504949	100	90	1.09915	0.903983	40	39.9	0	285	1672	1.08734	0.808692	1323
125	1.06061e+006	691	536735	522165	100	90	1.2622	0.903983	40	39.9	0	285	1672	1.09558	0.794425	1323
126	1.08397e+006	1084	554099	529867	100	90	1.98708	0.903983	40	39.9	0	285	1672	1.09658	0.797248	1323
127	1.08718e+006	1066	561132	526050	100	90	2.17246	0.903983	40	39.9	0	285	1672	1.10032	0.788562	1323
128	1.03579e+006	973	537829	497964	100	90	2.29318	0.903983	40	39.9	0	285	1672	1.10376	0.795874	1323
129	1.00898e+006	844	526216	482766	100	90	2.27264	0.903983	40	39.9	0	285	1672	1.1194	0.819899	1323
130	647096	749	187426	459670	100	90	2.30329	0.903983	40	39.9	350780	285	1672	1.13101	0.836389	1323
131	726527	686	287296	439231	100	90	2.36967	0.903983	40	39.9	350780	285	1672	1.13318	0.830247	1323
132	790166	637	363383	426782	100	90	2.43886	0.903983	40	39.9	350780	285	1672	1.16038	0.88027	1323
133	597464	581	192777	404686	100	90	2.54051	0.903983	40	39.9	350780	285	1672	1.19237	0.902214	1323
134	627468	512	259923	367545	100	90	2.58963	0.903983	40	39.9	350780	285	1672	1.21053	0.907563	1323
135	638336	456	299101	339235	100	90	2.59529	0.903983	40	39.9	350780	285	1672	1.21842	0.913146	1323
136	421695	412	109895	311655	100	90	2.59611	0.903983	40	39.9	578008	285	1672	1.24096	0.939791	1323
137	465109	381	174125	283680	100	90	2.60539	0.903983	40	39.9	578008	285	1672	1.25798	0.954286	1323
138	473300	333	211000	252737	100	90	2.63829	0.903983	40	39.9	578008	285	1672	1.27044	0.979798	1323
139	475379	300	226541	235669	100	90	2.60036	0.903983	40	39.9	578008	285	1672	1.26042	0.992481	1323
140	459031	274	226696	220535	100	90	2.60212	0.903983	40	39.9	578008	285	1672	1.28405	1.0249	1323
141	424191	253	217737	206454	100	90	2.63968	0.903983	40	39.9	578008	285	1672	1.27706	1.0274	1323
142	270552	237	68362.8	202189	100	90	0.118345	0.903983	40	39.9	733785	285	1672	1.00502	0.768115	1323
143	547662	219	232429	315233	100	90	0.0885231	0.903983	40	39.9	733785	285	1672	1.0036	0.767503	1323
144	839179	199	387496	451683	100	90	0.089697	0.903983	40	39.9	733785	285	1672	1.00385	0.781481	1323
145	612786	186	173970	438816	100	90	0.0953484	0.903983	40	39.9	733785	285	1672	1.0041	0.818405	1323
146	648318	173	240888	407430	100	90	0.109565	0.903983	40	39.9	733785	285	1672	1.00511	0.840203	1323
147	848466	2615	372859	475607	100	90	1.32971	0.903983	40	39.9	733785	285	1672	1.00716	0.837008	1323
148	747728	2434	219673	528055	100	90	1.65365	0.903983	40	39.9	733785	285	1672	1.00957	0.844009	1323
149	821587	1951	315118	506469	100	90	1.79206	0.903983	40	39.9	733785	285	1672	1.01236	0.851228	1323
150	734234	1757	211194	523039	100	90	1.83774	0.903983	40	39.9	733785	285	1672	1.15266	1.08425	1323
151	669728	1466	168568	500796	100	90	1.16786	0.903983	40	39.9	0	285	1672	1.07576	0.872659	1323
152	643178	1230	143537	499296	100	90	0.903779	0.903983	40	39.9	0	285	1672	1.04731	0.820072	1323
153	818814	1056	299347	518061	100	90	0.790412	0.903983	40	39.9	0	285	1672	1.04121	0.810246	1323
154	958971	872	418771	538787	100	90	0.813254	0.903983	40	39.9	0	285	1672	1.04324	0.81622	1323
155	1.0443e+006	848	490096	552924	100	90	0.942788	0.903983	40	39.9	0	285	1672	1.05173	0.839695	1323
156	1.08569e+006	1486	532628	553062	100	90	1.68039	0.903983	40	39.9	0	285	1672	1.05497	0.845168	1323
157	1.10538e+006	1399	555749	549635	100	90	1.83493	0.903983	40	39.9	0	285	1672	1.05967	0.84913	1323
158	1.06862e+006	1266	545325	523292	100	90	1.98429	0.903983	40	39.9	0	285	1672	1.06338	0.859951	1323
159	1.02919e+006	1055	530117	499076	100	90	2.00554	0.903983	40	39.9	0	285	1672	1.07376	0.871443	1323
160	692650	901	218887	473763	100	90	2.07178	0.903983	40	39.9	323752	285	1672	1.08009	0.875862	1323
161	769150	816	317667	451482	100	90	2.21799	0.903983	40	39.9	323752	285	1672	1.09401	0.879093	1323
162	787489	708	370637	416852	100	90	2.2883	0.903983	40	39.9	323752	285	1672	1.12203	0.895044	1323
163	740520	596	368893	371627	100	90	2.33941	0.903983	40	39.9	323752	285	1672	1.15319	0.909722	1323
164	704527	532	358649	345877	100	90	2.35115	0.903983	40	39.9	323752	285	1672	1.18167	0.933333	1323
165	644493	460	331398	313095	100	90	2.40554	0.903983	40	39.9	323752	285	1672	1.18812	0.917241	1323
166	393348	407	106658	286560	100	90	2.40259	0.903983	40	39.9	561623	285	1672	1.21136	0.937824	1323
167	449726	376	173684	268600	100	90	2.42798	0.903983	40	39.9	561623	285	1672	1.22727	0.951977	1323
168	479841	341	221445	248749	100	90	2.48524	0.903983	40	39.9	561623	285	1672	1.21023	0.912226	1323
169	458536	298	221382	223127	100	90	2.51471	0.903983	40	39.9	561623	285	1672	1.22408	0.934307	1323
170	414935	249	206998	196152	100	90	2.48104	0.903983	40	39.9	561623	285	1672	1.22222	0.934498	1323
171	393138	233	204267	188871	100	90	2.50403	0.903983	40	39.9	561623	285	1672	1.21645	0.924528	1323
172	221039	196	54164.6	166874	100	90	0.100034	0.903983	40	39.9	711809	285	1672	1.00381	0.779595	1323
173	498740	175	216369	282370	100	90	0.0698304	0.903983	40	39.9	711809	285	1672	1.0027	0.781331	1323
174	789826	148	368518	421308	100	90	0.0665381	0.903983	40	39.9	711809	285	1672	1.00273	0.788086	1323
175	762499	142	362770	399729	100	90	0.0728384	0.903983	40	39.9	711809	285	1672	1.00337	0.835308	1323
176	790526	128	391292	399235	100	90	0.0818289	0.903983	40	39.9	711809	285	1672	1.00439	0.848528	1323
177	930445	2497	469005	461440	100	90	1.15407	0.903983	39	39.9	711809	285	1672	1.00617	0.836478	1323
178	989603	2096	501121	488482	100	90	1.4115	0.903983	39	39.9	711809	285	1672	1.0103	0.829097	1323
179	985409	1602	502485	482924	100	90	1.45817	0.903983	38	39.9	711809	285	1672	1.0135	0.820896	1323
180	709047	1356	245951	463096	100	90	1.53923	0.903983	35	39.9	711809	285	1672	1.15748	1.09747	1323
181	611869	1141	171311	440379	100	90	0.980304	0.903983	40	39.9	0	285	1672	1.07394	0.863574	1323
182	745724	1005	295473	449658	100	90	0.776531	0.903983	40	39.9	0	285	1672	1.04681	0.817595	1323
183	705470	888	206267	499043	100	90	0.744407	0.903983	40	39.9	0	285	1672	1.04342	0.806973	1323
184	896273	791	355351	540278	100	90	0.821874	0.903983	40	39.9	0	285	1672	1.04758	0.810151	1323
185	989033	761	447534	540878	100	90	0.933798	0.903983	40	39.9	0	285	1672	1.05134	0.817753	1323
186	1.03743e+006	1362	500674	536760	100	90	1.67383	0.903983	40	39.9	0	285	1672	1.0573	0.823241	1323
187	1.05497e+006	1324	528449	526520	100	90	1.8316	0.903983	40	39.9	0	285	1672	1.06171	0.813746	1323
188	764081	1199	252893	511189	100	90	1.93395	0.903983	40	39.9	0	285	1672	1.06994	0.820273	1323
189	838069	1029	353603	484466	100	90	1.99666	0.903983	40	39.9	0	285	1672	1.07412	0.815659	1323
190	664493	881	208255	456238	100	90	2.08701	0.903983	40	39.9	227318	285	1672	1.08685	0.823936	1323
191	748554	801	313067	435487	100	90	2.2015	0.903983	40	39.9	227318	285	1672	1.09203	0.822335	1323
192	765648	706	362473	403175	100	90	2.33539	0.903983	40	39.9	227318	285	1672	1.10235	0.831169	1323
193	773769	648	383724	390045	100	90	2.38678	0.903983	40	39.9	227318	285	1672	1.11497	0.849445	1323
194	730333	567	370111	360222	100	90	2.40524	0.903983	40	39.9	227318	285	1672	1.13994	0.854545	1323
195	693373	511	354919	338454	100	90	2.38429	0.903983	40	39.9	227318	285	1672	1.16146	0.873494	1323
196	414324	443	113995	300303	100	90	2.32558	0.903983	40	39.9	476177	285	1672	1.19316	0.923788	1323
197	479723	418	185483	286026	100	90	2.33642	0.903983	40	39.9	476177	285	1672	1.21569	0.948276	1323
198	518631	391	235392	271647	100	90	2.40839	0.903983	40	39.9	476177	285	1672	1.18957	0.920424	1323
199	510547	354	245255	250410	100	90	2.44612	0.903983	40	39.9	476177	285	1672	1.20213	0.912023	1323
200	528435	350	261570	252703	100	90	2.51014	0.903983	40	39.9	476177	285	1672	1.20056	0.906061	1323
201	485004	326	249172	235832	100	90	2.59037	0.903983	40	39.9	476177	285	1672	1.1875	0.896667	1323
202	293958	291	76855.4	217102	100	90	0.140499	0.903983	40	39.9	646840	285	1672	1.00488	0.725655	1323
203	582483	272	247149	335334	100	90	0.104856	0.903983	40	39.9	646840	285	1672	1.00348	0.724496	1323
204	832413	236	385438	446975	100	90	0.102865	0.903983	40	39.9	646840	285	1672	1.00364	0.74779	1323
205	794930	213	378383	416547	100	90	0.108675	0.903983	40	39.9	646840	285	1672	1.00424	0.797895	1323
206	811175	189	402440	408735	100	90	0.125185	0.903983	40	39.9	646840	285	1672	1.00496	0.804924	1323
207	937759	2379	473470	464290	100	90	1.19011	0.903983	40	39.9	646840	285	1672	1.00633	0.793885	1323
208	988319	2010	501751	486568	100	90	1.44573	0.903983	40	39.9	646840	285	1672	1.0096	0.804859	1323
209	1.01525e+006	1588	519597	495655	100	90	1.47369	0.903983	40	39.9	646840	285	1672	1.01355	0.810561	1323
210	738316	1399	256785	481531	100	90	1.58315	0.903983	36	39.9	646840	285	1672	1.16434	1.08921	1323
211	837078	1192	373339	463300	100	90	0.913829	0.903983	40	39.9	0	285	1672	1.06629	0.805085	1323
212	705652	1038	219884	485660	100	90	0.795206	0.903983	40	39.9	0	285	1672	1.04588	0.774954	1323
213	688956	903	176200	512703	100	90	0.683411	0.903983	40	39.9	0	285	1672	1.03526	0.762176	1323
214	846212	763	317909	527926	100	90	0.702729	0.903983	40	39.9	0	285	1672	1.03733	0.772313	1323
215	962534	757	425833	536360	100	90	0.832415	0.903983	40	39.9	0	285	1672	1.04355	0.78515	1323
216	1.02276e+006	1391	487798	534963	100	90	1.54238	0.903983	40	39.9	0	285	1672	1.04499	0.79002	1323
217	1.06855e+006	1335	530182	538373	100	90	1.718	0.903983	40	39.9	0	285	1672	1.05087	0.787958	1323
218	1.08093e+006	1303	548886	532046	100	90	1.88838	0.903983	40	39.9	0	285	1672	1.05501	0.771293	1323
219	1.02301e+006	1064	525928	497086	100	90	1.94274	0.903983	40	39.9	0	285	1672	1.06146	0.77242	1323
220	670742	896	206240	464502	100	90	2.01855	0.903983	40	39.9	329400	285	1672	1.07792	0.795402	1323
221	735354	791	305496	429858	100	90	2.13571	0.903983	40	39.9	329400	285	1672	1.08349	0.80104	1323
222	763745	697	362178	401566	100	90	2.24967	0.903983	40	39.9	329400	285	1672	1.09313	0.79941	1323
223	783499	651	390611	392888	100	90	2.27865	0.903983	40	39.9	329400	285	1672	1.11155	0.822504	1323
224	743809	585	378710	365099	100	90	2.33605	0.903983	40	39.9	329400	285	1672	1.13077	0.834215	1323
225	709370	532	364743	344627	100	90	2.38712	0.903983	40	39.9	329400	285	1672	1.14186	0.84902	1323
226	436358	488	114717	321619	100	90	2.39415	0.903983	40	39.9	595463	285	1672	1.16008	0.880086	1323
227	374521	414	91929.9	281485	100	90	2.34823	0.903983	40	39.9	595463	285	1672	1.18329	0.886364	1323
228	409373	363	153475	247818	100	90	2.35871	0.903983	40	39.9	595463	285	1672	1.19048	0.862464	1323
229	439913	329	200611	229607	100	90	2.41206	0.903983	40	39.9	595463	285	1672	1.18018	0.857605	1323
230	412953	282	202457	202162	100	90	2.37716	0.903983	40	39.9	595463	285	1672	1.20775	0.874046	1323
231	397162	261	204417	192744	100	90	2.39272	0.903983	40	39.9	595463	285	1672	1.2093	0.882845	1323
232	245652	243	60136.2	185515	100	90	0.140708	0.903983	40	39.9	746742	285	1672	1.00499	0.614533	1323
233	493092	231	208897	284195	100	90	0.102769	0.903983	40	39.9	746742	285	1672	1.00363	0.610887	1323
234	813807	220	380270	433536	100	90	0.109971	0.903983	40	39.9	746742	285	1672	1.00413	0.632485	1323
235	805910	200	384706	421204	100	90	0.117767	0.903983	40	39.9	746742	285	1672	1.00391	0.698312	1323
236	817482	196	405549	411933	100	90	0.142334	0.903983	40	39.9	746742	285	1672	1.00591	0.743363	1323
237	694370	2264	217864	476506	100	90	1.18967	0.903983	40	39.9	746742	285	1672	1.00743	0.731572	1323
238	787184	1911	316644	470540	100	90	1.50682	0.903983	40	39.9	746742	285	1672	1.01107	0.734812	1323
239	679784	1600	195027	484758	100	90	1.65312	0.903983	40	39.9	746742	285	1672	1.01472	0.741972	1323
240	605490	1422	150678	454812	100	90	1.76312	0.903983	38	39.9	746742	285	1672	1.16831	0.989331	1323
241	714736	1205	280074	434330	100	90	1.06189	0.903983	40	39.9	0	285	1672	1.06919	0.732657	1323
242	837783	1044	382633	454680	100	90	0.943926	0.903983	40	39.9	0	285	1672	1.0511	0.694522	1323
243	933891	880	454716	478572	100	90	0.903465	0.903983	40	39.9	0	285	1672	1.05019	0.684166	1323
244	1.01332e+006	749	505954	506861	100	90	0.932574	0.903983	40	39.9	0	285	1672	1.05723	0.684589	1323
245	1.04574e+006	688	528921	516333	100	90	1.00057	0.903983	40	39.9	0	285	1672	1.05949	0.688968	1323
246	1.09241e+006	1247	558943	533470	100	90	1.75033	0.903983	40	39.9	0	285	1672	1.06341	0.711213	1323
247	1.06051e+006	1168	546808	513702	100	90	1.93779	0.903983	40	39.9	0	285	1672	1.0719	0.720134	1323
248	1.00301e+006	993	520911	482104	100	90	1.97888	0.903983	40	39.9	0	285	1672	1.08702	0.742616	1323
249	955027	858	498264	456763	100	90	2.06976	0.903983	40	39.9	0	285	1672	1.10413	0.747858	1323
250	617110	762	180024	437086	100	90	2.09824	0.903983	40	39.9	320346	285	1672	1.11178	0.761379	1323
251	682551	687	277768	404784	100	90	2.1921	0.903983	40	39.9	320346	285	1672	1.12545	0.769706	1323
252	736133	643	348073	388061	100	90	2.2402	0.903983	40	39.9	320346	285	1672	1.16279	0.814262	1323
253	750109	604	374215	375893	100	90	2.305	0.903983	40	39.9	320346	285	1672	1.17945	0.818662	1323
254	719618	547	366471	353146	100	90	2.32683	0.903983	40	39.9	320346	285	1672	1.17556	0.814815	1323
255	657852	478	339445	318407	100	90	2.35313	0.903983	40	39.9	320346	285	1672	1.19596	0.827354	1323
256	386420	415	99424.1	286996	100	90	2.29237	0.903983	40	39.9	569890	285	1672	1.21628	0.857143	1323
257	424182	369	163594	252656	100	90	2.26826	0.903983	40	39.9	569890	285	1672	1.23219	0.857988	1323
258	451063	330	208973	231788	100	90	2.32636	0.903983	40	39.9	569890	285	1672	1.1994	0.846154	1323
259	414821	278	201295	199207	100	90	2.32972	0.903983	40	39.9	569890	285	1672	1.20833	0.841699	1323
260	427596	270	212398	201412	100	90	2.4104	0.903983	40	39.9	569890	285	1672	1.20896	0.824	1323
261	378756	241	196485	182272	100	90	2.46941	0.903983	40	39.9	569890	285	1672	1.22128	0.837838	1323
262	233728	228	56380.6	177348	100	90	0.103027	0.903983	40	39.9	716408	285	1672	1.00396	0.671732	1323
263	542235	202	234452	307783	100	90	0.074349	0.903983	40	39.9	716408	285	1672	1.0028	0.671611	1323
264	587781	184	172569	415212	100	90	0.0762752	0.903983	40	39.9	716408	285	1672	1.00294	0.702575	1323
265	560967	166	201113	359855	100	90	0.0713616	0.903983	39	39.9	716408	285	1672	1.00296	0.741166	1323
266	727694	152	319177	408517	100	90	0.0874274	0.903983	39	39.9	716408	285	1672	1.00384	0.747702	1323
267	906320	2588	427898	478421	100	90	1.20391	0.903983	39	39.9	716408	285	1672	1.00544	0.760467	1323
268	950415	2180	464032	486383	100	90	1.42709	0.903983	39	39.9	716408	285	1672	1.00759	0.782129	1323
269	947052	1613	476247	470806	100	90	1.41757	0.903983	38	39.9	716408	285	1672	1.00967	0.77659	1323
270	728269	1491	250777	477492	100	90	1.45333	0.903983	33	39.9	716408	285	1672	1.12437	1.00742	1323
271	839451	1263	375834	463348	100	90	0.970124	0.903983	40	39.9	0	285	1672	1.05952	0.7667	1323
272	908457	1061	441944	466113	100	90	0.845962	0.903983	40	39.9	0	285	1672	1.04272	0.730787	1323
273	1.0162e+006	917	508952	506804	100	90	0.805507	0.903983	40	39.9	0	285	1672	1.03958	0.724275	1323
274	1.07623e+006	790	543744	532020	100	90	0.845923	0.903983	40	39.9	0	285	1672	1.04175	0.734475	1323
275	1.05628e+006	729	537713	518166	100	90	0.929492	0.903983	40	39.9	0	285	1672	1.04537	0.745192	1323
276	1.08308e+006	1255	557088	525988	100	90	1.54342	0.903983	40	39.9	0	285	1672	1.05444	0.747664	1323
277	1.07872e+006	1177	558330	520391	100	90	1.63541	0.903983	40	39.9	0	285	1672	1.05505	0.743608	1323
278	1.05331e+006	1152	548123	505190	100	90	1.8204	0.903983	40	39.9	0	285	1672	1.05984	0.747989	1323
279	1.00498e+006	984	525400	479580	100	90	1.92269	0.903983	40	39.9	0	285	1672	1.07541	0.760209	1323
280	640815	851	190564	450251	100	90	1.98572	0.903983	40	39.9	339119	285	1672	1.07762	0.769231	1323
281	700285	745	287576	412709	100	90	2.11483	0.903983	40	39.9	339119	285	1672	1.10073	0.780822	1323
282	741319	678	353239	388080	100	90	2.22151	0.903983	40	39.9	339119	285	1672	1.10723	0.777273	1323
283	750986	633	376002	374984	100	90	2.26475	0.903983	40	39.9	339119	285	1672	1.12273	0.798701	1323
284	722947	574	369723	353224	100	90	2.26645	0.903983	40	39.9	339119	285	1672	1.13858	0.808244	1323
285	700073	528	361737	338336	100	90	2.23039	0.903983	40	39.9	339119	285	1672	1.1701	0.853801	1323
286	440904	496	116903	324001	100	90	2.23888	0.903983	40	39.9	600544	285	1672	1.17505	0.855649	1323
287	416660	478	101988	313393	100	90	2.26771	0.903983	40	39.9	600544	285	1672	1.17154	0.857768	1323
288	456439	420	167891	279643	100	90	2.29748	0.903983	40	39.9	600544	285	1672	1.18778	0.874055	1323
289	479471	362	216818	251969	100	90	2.28871	0.903983	40	39.9	600544	285	1672	1.17571	0.854227	1323
290	487400	340	239054	238835	100	90	2.3575	0.903983	40	39.9	600544	285	1672	1.19825	0.874194	1323
291	327526	289	111304	216221	100	90	2.36383	0.903983	40	39.9	600544	285	1672	1.2	0.857143	1323
292	266146	270	58537.7	207608	100	90	0.130903	0.903983	40	39.9	625468	285	1672	1.00413	0.608426	1323
293	423615	247	109569	314046	100	90	0.100029	0.903983	40	39.9	625468	285	1672	1.00283	0.604038	1323
294	701350	218	262834	438516	100	90	0.0894191	0.903983	40	39.9	625468	285	1672	1.00281	0.631237	1323
295	544039	170	133775	410264	100	90	0.0858249	0.903983	40	39.9	625468	285	1672	1.00308	0.691466	1323
296	488740	157	95581.6	393159	100	90	0.101057	0.903983	40	39.9	625468	285	1672	1.00357	0.719753	1323
297	650329	2646	225830	424499	100	90	1.30516	0.903983	40	39.9	625468	285	1672	1.00422	0.726092	1323
298	830120	2351	349226	480895	100	90	1.60734	0.903983	40	39.9	625468	285	1672	1.00614	0.7347	1323
299	923280	2006	427268	496013	100	90	1.75912	0.903983	40	39.9	625468	285	1672	1.00846	0.739421	1323
300	720190	1631	233318	486872	100	90	1.64701	0.903983	38	39.9	625468	285	1672	1.12991	0.968	1323
301	808040	1314	353510	453927	100	90	1.10465	0.903983	40	39.9	0	285	1672	1.06571	0.730678	1323
302	934478	1162	448062	485572	100	90	0.984163	0.903983	40	39.9	0	285	1672	1.04755	0.690724	1323
303	1.02441e+006	995	509427	513980	100	90	0.959085	0.903983	40	39.9	0	285	1672	1.04703	0.675185	1323
304	1.06974e+006	830	538628	530164	100	90	0.994108	0.903983	40	39.9	0	285	1672	1.05342	0.688288	1323
305	1.05817e+006	755	537327	520073	100	90	1.05914	0.903983	40	39.9	0	285	1672	1.05628	0.69342	1323
306	1.04584e+006	1162	535984	509855	100	90	1.63573	0.903983	40	39.9	0	285	1672	1.05431	0.698063	1323
307	750809	1102	251834	498975	100	90	1.81546	0.903983	40	39.9	0	285	1672	1.05863	0.701014	1323
308	822719	1040	354092	468627	100	90	1.96237	0.903983	40	39.9	0	285	1672	1.06206	0.714848	1323
309	877967	929	422480	455487	100	90	2.04719	0.903983	40	39.9	0	285	1672	1.0676	0.715859	1323
310	584032	810	156113	427919	100	90	2.12715	0.903983	40	39.9	62019.9	285	1672	1.08069	0.729114	1323
311	658244	721	262671	395572	100	90	2.23944	0.903983	40	39.9	62019.9	285	1672	1.09016	0.733524	1323
312	714934	658	337388	377546	100	90	2.27783	0.903983	40	39.9	62019.9	285	1672	1.09396	0.737421	1323
313	710194	585	354786	355408	100	90	2.27401	0.903983	40	39.9	62019.9	285	1672	1.10687	0.755319	1323
314	681642	526	348372	333270	100	90	2.28529	0.903983	40	39.9	62019.9	285	1672	1.1296	0.784861	1323
315	654494	484	338110	316384	100	90	2.29553	0.903983	40	39.9	62019.9	285	1672	1.1355	0.793926	1323
316	396219	440	103023	293196	100	90	2.30374	0.903983	40	39.9	308212	285	1672	1.15598	0.820574	1323
317	436438	387	167981	260191	100	90	2.34264	0.903983	40	39.9	308212	285	1672	1.15556	0.815217	1323
318	483054	359	223128	249059	100	90	2.38774	0.903983	40	39.9	308212	285	1672	1.13984	0.776163	1323
319	505968	343	245449	244160	100	90	2.34206	0.903983	40	39.9	308212	285	1672	1.16253	0.801829	1323
320	470406	307	234215	221935	100	90	2.39985	0.903983	40	39.9	308212	285	1672	1.14688	0.767918	1323
321	328417	294	114062	214356	100	90	2.43879	0.903983	40	39.9	308212	285	1672	1.14047	0.751825	1323
322	264426	265	65553.5	198873	100	90	0.106382	0.903983	40	39.9	407654	285	1672	1.00284	0.657299	1323
323	588660	241	251001	337659	100	90	0.0872065	0.903983	40	39.9	407654	285	1672	1.00247	0.655846	1323
324	602907	212	175526	427381	100	90	0.0852267	0.903983	40	39.9	407654	285	1672	1.00251	0.694669	1323
325	567572	173	207607	359964	100	90	0.071713	0.903983	40	39.9	407654	285	1672	1.00201	0.739829	1323
326	741541	151	329172	412368	100	90	0.0832959	0.903983	40	39.9	407654	285	1672	1.00227	0.756578	1323
327	908566	2866	432763	475802	100	90	1.27591	0.903983	40	39.9	407654	285	1672	1.0036	0.774899	1323
328	964628	2273	473121	491507	100	90	1.41697	0.903983	40	39.9	407654	285	1672	1.00511	0.78809	1323
329	997986	1795	500950	497036	100	90	1.41305	0.903983	40	39.9	407654	285	1672	1.00694	0.773689	1323
330	755073	1603	258443	496630	100	90	1.4774	0.903983	38	39.9	407654	285	1672	1.10377	0.954346	1323
331	859615	1336	383731	475371	100	90	0.99547	0.903983	40	39.9	0	285	1672	1.05314	0.726361	1323
332	951743	1142	460187	490801	100	90	0.856729	0.903983	40	39.9	0	285	1672	1.03423	0.696444	1323
333	1.03366e+006	958	514614	518071	100	90	0.80658	0.903983	40	39.9	0	285	1672	1.032	0.689546	1323
334	1.06043e+006	802	533198	526409	100	90	0.851417	0.903983	40	39.9	0	285	1672	1.03755	0.70141	1323
335	792687	768	260611	532076	100	90	0.958196	0.903983	40	39.9	0	285	1672	1.04358	0.721254	1323
336	878926	1213	366604	512322	100	90	1.49573	0.903983	40	39.9	0	285	1672	1.04723	0.740445	1323
337	969445	1283	455911	513534	100	90	1.73113	0.903983	40	39.9	0	285	1672	1.04672	0.745152	1323
338	973730	1204	482161	491569	100	90	1.88423	0.903983	40	39.9	0	285	1672	1.0543	0.750212	1323
339	977173	1045	496603	480570	100	90	1.95335	0.903983	40	39.9	0	285	1672	1.07046	0.756335	1323
340	655510	890	203750	451760	100	90	2.03771	0.903983	40	39.9	305435	285	1672	1.07143	0.760596	1323
341	684007	742	284360	399647	100	90	2.13921	0.903983	40	39.9	305435	285	1672	1.08063	0.76105	1323
342	717257	661	343083	374173	100	90	2.15833	0.903983	40	39.9	305435	285	1672	1.08234	0.754601	1323
343	727413	599	366371	361043	100	90	2.2016	0.903983	40	39.9	305435	285	1672	1.10541	0.788034	1323
344	679102	528	349054	330048	100	90	2.24739	0.903983	40	39.9	305435	285	1672	1.10714	0.782524	1323
345	641562	474	332004	309558	100	90	2.30623	0.903983	40	39.9	305435	285	1672	1.12524	0.81087	1323
346	376491	418	98418.9	278067	100	90	2.255	0.903983	40	39.9	548518	285	1672	1.14534	0.825123	1323
347	425104	381	163192	254112	100	90	2.29681	0.903983	40	39.9	548518	285	1672	1.13415	0.821918	1323
348	468331	356	215929	241681	100	90	2.33549	0.903983	40	39.9	548518	285	1672	1.12634	0.822485	1323
349	456562	315	221609	220146	100	90	2.3226	0.903983	40	39.9	548518	285	1672	1.15723	0.860068	1323
350	447231	287	223454	210223	100	90	2.3186	0.903983	40	39.9	548518	285	1672	1.16667	0.856604	1323
351	401160	255	208540	192620	100	90	2.36747	0.903983	40	39.9	548518	285	1672	1.16466	0.852814	1323
352	248198	240	59797.7	188400	100	90	0.108955	0.903983	40	39.9	701935	285	1672	1.00328	0.663064	1323
353	433488	224	117899	315589	100	90	0.082289	0.903983	40	39.9	701935	285	1672	1.00242	0.661751	1323
354	667505	207	244522	422983	100	90	0.0741577	0.903983	40	39.9	701935	285	1672	1.00216	0.689471	1323
355	699255	173	292131	407124	100	90	0.0758285	0.903983	40	39.9	701935	285	1672	1.0021	0.735863	1323
356	764995	143	356625	408371	100	90	0.0850224	0.903983	39	39.9	701935	285	1672	1.00309	0.771574	1323
357	891926	2512	436815	455111	100	90	1.09023	0.903983	39	39.9	701935	285	1672	1.00445	0.780241	1323
358	957464	2222	478784	478680	100	90	1.38638	0.903983	39	39.9	701935	285	1672	1.00667	0.775758	1323
359	968073	1712	491679	476395	100	90	1.42265	0.903983	39	39.9	701935	285	1672	1.01002	0.772455	1323
360	705110	1372	245052	460058	100	90	1.45236	0.903983	35	39.9	701935	285	1672	1.13481	0.997807	1323
361	790096	1135	358965	431023	100	90	0.911905	0.903983	40	39.9	0	285	1672	1.05538	0.730392	1323
362	841652	929	412463	429116	100	90	0.725314	0.903983	40	39.9	0	285	1672	1.0353	0.690715	1323
363	941654	788	473148	468433	100	90	0.672194	0.903983	40	39.9	0	285	1672	1.03096	0.688713	1323
364	1.01985e+006	695	515715	504140	100	90	0.731395	0.903983	40	39.9	0	285	1672	1.03462	0.701754	1323
365	1.03238e+006	670	525805	506573	100	90	0.824835	0.903983	40	39.9	0	285	1672	1.04147	0.729367	1323
366	1.02414e+006	1196	525517	498625	100	90	1.44126	0.903983	40	39.9	0	285	1672	1.04384	0.72093	1323
367	1.00939e+006	1168	521279	488110	100	90	1.56481	0.903983	40	39.9	0	285	1672	1.04615	0.728765	1323
368	986364	1155	513831	472532	100	90	1.72009	0.903983	40	39.9	0	285	1672	1.0536	0.731077	1323
369	959089	964	501612	457477	100	90	1.7973	0.903983	40	39.9	0	285	1672	1.06867	0.729412	1323
370	617044	833	181633	435411	100	90	1.84241	0.903983	40	39.9	328287	285	1672	1.07321	0.740373	1323
371	689743	736	283097	406646	100	90	1.968	0.903983	40	39.9	328287	285	1672	1.09529	0.758815	1323
372	704011	643	336585	367426	100	90	2.06124	0.903983	40	39.9	328287	285	1672	1.09872	0.739617	1323
373	494507	550	166619	327888	100	90	2.08926	0.903983	40	39.9	328287	285	1672	1.12361	0.763705	1323
374	546111	505	239054	307057	100	90	2.18688	0.903983	40	39.9	328287	285	1672	1.11852	0.755741	1323
375	567116	462	277357	289760	100	90	2.17975	0.903983	40	39.9	328287	285	1672	1.13061	0.769932	1323
376	345824	409	82660.7	263164	100	90	2.17003	0.903983	40	39.9	391834	285	1672	1.15581	0.792746	1323
377	416118	389	156718	251023	100	90	2.18146	0.903983	40	39.9	391834	285	1672	1.16049	0.80109	1323
378	467496	364	216369	240553	100	90	2.21818	0.903983	40	39.9	391834	285	1672	1.14785	0.795322	1323
379	478028	345	231511	229660	100	90	2.21883	0.903983	40	39.9	391834	285	1672	1.16571	0.808642	1323
380	446317	301	221928	209541	100	90	2.27036	0.903983	40	39.9	391834	285	1672	1.14754	0.787234	1323
381	396702	264	205753	190950	100	90	2.27227	0.903983	40	39.9	391834	285	1672	1.15299	0.806584	1323
382	244488	247	58739.4	185749	100	90	0.102519	0.903983	40	39.9	545775	285	1672	1.00306	0.653837	1323
383	561413	217	242454	318959	100	90	0.0755281	0.903983	40	39.9	545775	285	1672	1.00214	0.659675	1323
384	792940	200	370273	422668	100	90	0.0763965	0.903983	40	39.9	545775	285	1672	1.00244	0.6934	1323
385	705607	170	339128	366479	100	90	0.0771131	0.903983	40	39.9	545775	285	1672	1.00256	0.756189	1323
386	793999	151	400095	393903	100	90	0.0918026	0.903983	39	39.9	545775	285	1672	1.00336	0.766327	1323
387	937726	2638	476311	461415	100	90	1.15222	0.903983	39	39.9	545775	285	1672	1.00362	0.760725	1323
388	958481	2131	487537	470944	100	90	1.38007	0.903983	39	39.9	545775	285	1672	1.00543	0.767134	1323
389	944086	1610	484596	459490	100	90	1.41227	0.903983	39	39.9	545775	285	1672	1.00822	0.751841	1323
390	716842	1400	250388	466454	100	90	1.43009	0.903983	36	39.9	545775	285	1672	1.12397	0.96408	1323
391	821288	1217	372942	448347	100	90	0.830976	0.903983	40	39.9	0	285	1672	1.04652	0.71934	1323
392	903920	1035	442625	461294	100	90	0.690203	0.903983	40	39.9	0	285	1672	1.02994	0.695294	1323
393	1.01392e+006	899	509565	504358	100	90	0.67659	0.903983	40	39.9	0	285	1672	1.02833	0.698877	1323
394	1.0645e+006	778	539209	525289	100	90	0.721537	0.903983	40	39.9	0	285	1672	1.03002	0.711392	1323
395	1.06032e+006	763	542517	517807	100	90	0.847663	0.903983	40	39.9	0	285	1672	1.03489	0.728964	1323
396	1.07373e+006	1429	554844	518884	100	90	1.51155	0.903983	40	39.9	0	285	1672	1.03579	0.708525	1323
397	1.0638e+006	1295	553978	509824	100	90	1.62773	0.903983	40	39.9	0	285	1672	1.04397	0.695131	1323
398	1.0468e+006	1205	547708	499093	100	90	1.72538	0.903983	40	39.9	0	285	1672	1.0499	0.697225	1323
399	1.00149e+006	1023	526317	475170	100	90	1.83895	0.903983	40	39.9	0	285	1672	1.06258	0.697421	1323
400	613662	863	179980	433682	100	90	1.89836	0.903983	40	39.9	345369	285	1672	1.06245	0.690504	1323
401	690169	771	285647	404522	100	90	1.98892	0.903983	40	39.9	345369	285	1672	1.06526	0.683246	1323
402	735696	698	354275	381422	100	90	2.07447	0.903983	40	39.9	345369	285	1672	1.07838	0.697674	1323
403	723835	627	367681	356154	100	90	2.13057	0.903983	40	39.9	345369	285	1672	1.08587	0.708738	1323
404	708054	580	366364	341690	100	90	2.18253	0.903983	40	39.9	345369	285	1672	1.09204	0.704745	1323
405	664045	522	346734	317311	100	90	2.21693	0.903983	40	39.9	345369	285	1672	1.11754	0.739645	1323
406	383417	464	98999.4	284411	100	90	2.19279	0.903983	40	39.9	601669	285	1672	1.12805	0.738359	1323
407	407402	393	156874	242335	100	90	2.20629	0.903983	40	39.9	601669	285	1672	1.11962	0.735602	1323
408	436375	351	203977	222130	100	90	2.20126	0.903983	40	39.9	601669	285	1672	1.11622	0.730205	1323
409	447997	327	220947	211230	100	90	2.20774	0.903983	40	39.9	601669	285	1672	1.11594	0.733333	1323
410	439416	304	221718	203130	100	90	2.23582	0.903983	40	39.9	601669	285	1672	1.11076	0.735395	1323
411	407453	284	213841	193612	100	90	2.28931	0.903983	40	39.9	601669	285	1672	1.11189	0.723881	1323
412	246634	263	60434.3	186200	100	90	0.107227	0.903983	40	39.9	757499	285	1672	1.00294	0.61232	1323
413	577035	251	249675	327359	100	90	0.0843245	0.903983	40	39.9	757499	285	1672	1.00232	0.616016	1323
414	801433	244	373414	428019	100	90	0.0915103	0.903983	40	39.9	757499	285	1672	1.00235	0.658046	1323
415	737743	220	355311	382432	100	90	0.0987817	0.903983	40	39.9	757499	285	1672	1.00292	0.74027	1323
416	820464	193	413562	406902	100	90	0.119545	0.903983	39	39.9	757499	285	1672	1.00379	0.752429	1323
417	945491	2677	481891	463599	100	90	1.17886	0.903983	39	39.9	757499	285	1672	1.00525	0.74928	1323
418	975856	2139	498646	477210	100	90	1.40013	0.903983	39	39.9	757499	285	1672	1.00801	0.753698	1323
419	705394	1701	230840	474554	100	90	1.418	0.903983	39	39.9	757499	285	1672	1.0111	0.750393	1323
420	609542	1488	162193	447349	100	90	1.4954	0.903983	38	39.9	757499	285	1672	1.11278	0.931081	1323
421	733365	1280	298598	434767	100	90	0.779753	0.903983	40	39.9	0	285	1672	1.03558	0.672968	1323
422	863124	1092	402023	461101	100	90	0.675769	0.903983	40	39.9	0	285	1672	1.02344	0.655105	1323
423	969027	912	476068	492959	100	90	0.652216	0.903983	40	39.9	0	285	1672	1.02273	0.660267	1323
424	1.02228e+006	776	511161	511121	100	90	0.693176	0.903983	40	39.9	0	285	1672	1.02661	0.679622	1323
425	1.02674e+006	708	520630	506115	100	90	0.755878	0.903983	40	39.9	0	285	1672	1.02711	0.698283	1323
426	1.02592e+006	1423	526931	498993	100	90	1.4167	0.903983	40	39.9	0	285	1672	1.02914	0.696611	1323
427	997868	1279	516683	481185	100	90	1.55533	0.903983	40	39.9	0	285	1672	1.03308	0.696051	1323
428	980014	1181	512068	467946	100	90	1.6847	0.903983	40	39.9	0	285	1672	1.03691	0.702842	1323
429	930601	988	489449	441152	100	90	1.82597	0.903983	40	39.9	0	285	1672	1.042	0.695562	1323
430	588679	838	174062	414617	100	90	1.89061	0.903983	40	39.9	319610	285	1672	1.05223	0.708029	1323
431	663897	763	273806	390091	100	90	1.97754	0.903983	40	39.9	319610	285	1672	1.059	0.720961	1323
432	683348	667	328202	355146	100	90	2.05085	0.903983	40	39.9	319610	285	1672	1.06349	0.713415	1323
433	690925	613	351584	339340	100	90	2.10926	0.903983	40	39.9	319610	285	1672	1.07433	0.718543	1323
434	663225	547	344133	319093	100	90	2.1934	0.903983	40	39.9	319610	285	1672	1.08306	0.724395	1323
435	604661	477	316959	287702	100	90	2.21376	0.903983	40	39.9	319610	285	1672	1.09728	0.736052	1323
436	359138	436	91084.6	268053	100	90	2.18535	0.903983	40	39.9	558389	285	1672	1.10148	0.728774	1323
437	414512	397	159308	246781	100	90	2.19958	0.903983	40	39.9	558389	285	1672	1.11268	0.733161	1323
438	338520	362	106317	230050	100	90	2.23109	0.903983	40	39.9	558389	285	1672	1.0987	0.714286	1323
439	383688	334	159405	215582	100	90	2.2459	0.903983	40	39.9	558389	285	1672	1.08547	0.703704	1323
440	386785	291	186340	192813	100	90	2.26186	0.903983	40	39.9	558389	285	1672	1.07895	0.697183	1323
441	368802	259	190194	178608	100	90	2.23826	0.903983	40	39.9	558389	285	1672	1.10256	0.719368	1323
442	227880	242	53712.3	174168	100	90	0.131109	0.903983	40	39.9	703679	285	1672	1.00275	0.563027	1323
443	471155	226	200633	270522	100	90	0.0958838	0.903983	40	39.9	703679	285	1672	1.00184	0.56143	1323
444	790495	211	371896	418599	100	90	0.100155	0.903983	40	39.9	703679	285	1672	1.00186	0.589428	1323
445	814065	185	391531	422534	100	90	0.104223	0.903983	40	39.9	703679	285	1672	1.00215	0.658667	1323
446	802285	172	399455	402830	100	90	0.120336	0.903983	40	39.9	703679	285	1672	1.00288	0.705233	1323
447	662834	2300	210619	452215	100	90	1.09295	0.903983	40	39.9	703679	285	1672	1.00301	0.690009	1323
448	756092	1968	310484	445609	100	90	1.32695	0.903983	39	39.9	703679	285	1672	1.00463	0.683554	1323
449	897179	1752	417522	479657	100	90	1.48094	0.903983	39	39.9	703679	285	1672	1.00801	0.692033	1323
450	586643	1542	110847	475797	100	90	1.58785	0.903983	34	39.9	703679	285	1672	1.12422	0.879714	1323
451	666638	1282	228837	437802	100	90	0.953976	0.903983	40	39.9	0	285	1672	1.05107	0.66303	1323
452	806954	1122	354147	452806	100	90	0.86071	0.903983	40	39.9	0	285	1672	1.03388	0.645066	1323
453	705571	990	221458	484113	100	90	0.868726	0.903983	40	39.9	0	285	1672	1.0296	0.642585	1323
454	866965	853	362206	504759	100	90	0.914603	0.903983	40	39.9	0	285	1672	1.03372	0.652887	1323
455	738345	778	221619	516726	100	90	0.996795	0.903983	40	39.9	0	285	1672	1.0349	0.653124	1323
456	853385	1321	346656	506729	100	90	1.60234	0.903983	40	39.9	0	285	1672	1.03705	0.666667	1323
457	929648	1338	434480	495167	100	90	1.82857	0.903983	40	39.9	0	285	1672	1.04266	0.673398	1323
458	947869	1220	472514	475355	100	90	1.88362	0.903983	40	39.9	0	285	1672	1.04193	0.663342	1323
459	897592	992	460671	436922	100	90	1.86291	0.903983	40	39.9	0	285	1672	1.05245	0.665302	1323
460	572341	838	172684	399657	100	90	1.88786	0.903983	40	39.9	297956	285	1672	1.05953	0.678788	1323
461	630773	732	262479	368293	100	90	1.97348	0.903983	40	39.9	297956	285	1672	1.06309	0.674548	1323
462	503912	652	160013	343899	100	90	2.0463	0.903983	40	39.9	297956	285	1672	1.07214	0.679688	1323
463	546417	578	235961	310455	100	90	2.06956	0.903983	40	39.9	297956	285	1672	1.07803	0.67193	1323
464	584401	542	286544	297857	100	90	2.15318	0.903983	40	39.9	297956	285	1672	1.08167	0.672285	1323
465	568936	480	291842	277094	100	90	2.16119	0.903983	40	39.9	297956	285	1672	1.09333	0.680761	1323
466	353493	443	94059	259434	100	90	2.13518	0.903983	40	39.9	515426	285	1672	1.10928	0.698157	1323
467	407164	405	159040	239602	100	90	2.13144	0.903983	40	39.9	515426	285	1672	1.11136	0.690176	1323
468	424843	359	198497	215980	100	90	2.16213	0.903983	40	39.9	515426	285	1672	1.09922	0.683761	1323
469	426757	328	210124	201740	100	90	2.16367	0.903983	40	39.9	515426	285	1672	1.10375	0.70625	1323
470	306205	309	109874	194026	100	90	2.20661	0.903983	40	39.9	515426	285	1672	1.09657	0.693333	1323
471	331356	289	150421	180936	100	90	2.23732	0.903983	40	39.9	515426	285	1672	1.12457	0.710145	1323
472	213078	250	53316.2	159762	100	90	0.25747	0.903983	40	39.9	636526	285	1672	1.00708	0.434983	1323
473	330291	223	138596	191695	100	90	0.174557	0.903983	40	39.9	636526	285	1672	1.00467	0.427097	1323
474	601645	203	291819	309826	100	90	0.168309	0.903983	40	39.9	636526	285	1672	1.00476	0.43606	1323
475	628560	176	202931	425629	100	90	0.170423	0.903983	40	39.9	636526	285	1672	1.00581	0.464176	1323
476	742010	168	300682	441328	100	90	0.190693	0.903983	39	39.9	636526	285	1672	1.00736	0.510861	1323
477	858284	1661	397011	461273	100	90	1.28916	0.903983	39	39.9	636526	285	1672	1.00756	0.517977	1323
478	688148	1629	214008	474141	100	90	1.44588	0.903983	39	39.9	636526	285	1672	1.00776	0.535189	1323
479	788196	1460	328472	459724	100	90	1.53827	0.903983	38	39.9	636526	285	1672	1.00951	0.541161	1323
480	657763	1305	206025	451737	100	90	1.57381	0.903983	33	39.9	636526	285	1672	1.17355	0.792598	1323
481	765747	1140	340992	424743	100	90	1.36721	0.903983	40	39.9	0	285	1672	1.11305	0.609925	1323
482	827751	1003	405475	422252	100	90	1.27729	0.903983	40	39.9	0	285	1672	1.07017	0.544008	1323
483	857178	871	437316	419846	100	90	1.22725	0.903983	40	39.9	0	285	1672	1.05597	0.51504	1323
484	908882	783	470040	438826	100	90	1.285	0.903983	40	39.9	0	285	1672	1.05425	0.512422	1323
485	916185	722	476348	439821	100	90	1.38392	0.903983	40	39.9	0	285	1672	1.05592	0.507257	1323
486	927139	911	485032	442107	100	90	1.84241	0.903983	40	39.9	0	285	1672	1.0624	0.518762	1323
487	908043	899	478030	430014	100	90	2.00163	0.903983	40	39.9	0	285	1672	1.06429	0.520767	1323
488	887059	851	468957	418102	100	90	2.0751	0.903983	40	39.9	0	285	1672	1.06954	0.527141	1323
489	856177	770	455030	401148	100	90	2.09447	0.903983	40	39.9	0	285	1672	1.07371	0.533245	1323
490	506002	653	144897	361105	100	90	2.11561	0.903983	40	39.9	304659	285	1672	1.07974	0.550157	1323
491	576412	597	239594	336819	100	90	2.14512	0.903983	40	39.9	304659	285	1672	1.08567	0.561644	1323
492	606387	542	294139	312249	100	90	2.17775	0.903983	40	39.9	304659	285	1672	1.09015	0.56015	1323
493	617744	503	317696	300048	100	90	2.20975	0.903983	40	39.9	304659	285	1672	1.09797	0.569106	1323
494	593796	466	311076	282720	100	90	2.18019	0.903983	40	39.9	304659	285	1672	1.12016	0.573009	1323
495	564791	425	298324	266467	100	90	2.21025	0.903983	40	39.9	304659	285	1672	1.12644	0.571776	1323
496	345159	400	92734.4	252400	100	90	2.24125	0.903983	40	39.9	525142	285	1672	1.12407	0.566234	1323
497	412059	381	163156	240228	100	90	2.22685	0.903983	40	39.9	525142	285	1672	1.13263	0.578082	1323
498	433026	341	202794	219296	100	90	2.27223	0.903983	40	39.9	525142	285	1672	1.13415	0.568323	1323
499	441596	322	219506	207144	100	90	2.3022	0.903983	40	39.9	525142	285	1672	1.14098	0.572848	1323
500	428662	300	218655	196341	100	90	2.2951	0.903983	40	39.9	525142	285	1672	1.12153	0.54417	1323
501	395023	280	209995	185028	100	90	2.2955	0.903983	40	39.9	525142	285	1672	1.1203	0.528517	1323
502	233358	252	59198.3	174160	100	90	0.100367	0.903983	40	39.9	676173	285	1672	1.00214	0.460824	1323
503	569533	237	249435	320098	100	90	0.0787939	0.903983	40	39.9	676173	285	1672	1.00161	0.456661	1323
504	766854	221	359107	407747	100	90	0.0817283	0.903983	40	39.9	676173	285	1672	1.00153	0.514121	1323
505	713969	206	347335	366634	100	90	0.0900138	0.903983	40	39.9	676173	285	1672	1.00203	0.636256	1323
506	812528	187	412826	399702	100	90	0.111692	0.903983	40	39.9	676173	285	1672	1.00279	0.654902	1323
507	966576	2817	495819	470757	100	90	1.17094	0.903983	40	39.9	676173	285	1672	1.00317	0.650112	1323
508	993579	2263	510659	482920	100	90	1.39198	0.903983	40	39.9	676173	285	1672	1.00547	0.665224	1323
509	991250	1747	514556	476694	100	90	1.35629	0.903983	40	39.9	676173	285	1672	1.00787	0.655292	1323
510	725073	1568	257879	467194	100	90	1.47052	0.903983	39	39.9	676173	285	1672	1.07904	0.765045	1323
511	839683	1337	387236	452408	100	90	0.837931	0.903983	40	39.9	0	285	1672	1.02955	0.535945	1323
512	891489	1114	442275	449141	100	90	0.691364	0.903983	40	39.9	0	285	1672	1.01763	0.518009	1323
513	989541	957	502350	487088	100	90	0.644772	0.903983	40	39.9	0	285	1672	1.01426	0.519929	1323
514	1.01319e+006	809	517702	495411	100	90	0.667486	0.903983	40	39.9	0	285	1672	1.01621	0.550918	1323
515	1.00835e+006	754	520376	487893	100	90	0.746353	0.903983	40	39.9	0	285	1672	1.019	0.592564	1323
516	1.00255e+006	1378	522635	479914	100	90	1.37671	0.903983	40	39.9	0	285	1672	1.02014	0.587918	1323
517	970778	1231	509807	460971	100	90	1.51912	0.903983	40	39.9	0	285	1672	1.02448	0.587535	1323
518	930867	1165	491615	439252	100	90	1.69848	0.903983	40	39.9	0	285	1672	1.03305	0.584562	1323
519	876405	974	465026	411380	100	90	1.82182	0.903983	40	39.9	0	285	1672	1.03986	0.585062	1323
520	571427	845	177655	393772	100	90	1.87128	0.903983	40	39.9	294503	285	1672	1.04683	0.584634	1323
521	625952	749	261980	363972	100	90	1.94602	0.903983	40	39.9	294503	285	1672	1.04837	0.575676	1323
522	673828	688	326340	347487	100	90	2.00142	0.903983	40	39.9	294503	285	1672	1.05755	0.583578	1323
523	672351	627	344540	327811	100	90	2.07453	0.903983	40	39.9	294503	285	1672	1.07361	0.606796	1323
524	469712	562	164225	305487	100	90	2.10666	0.903983	40	39.9	294503	285	1672	1.07962	0.602888	1323
525	502022	504	221903	280118	100	90	2.17037	0.903983	40	39.9	294503	285	1672	1.09328	0.619718	1323
526	359962	458	98688.8	261237	100	90	2.16926	0.903983	40	39.9	474228	285	1672	1.08624	0.611973	1323
527	403755	412	159146	236205	100	90	2.14058	0.903983	40	39.9	474228	285	1672	1.08163	0.592593	1323
528	437381	377	204048	222377	100	90	2.17122	0.903983	40	39.9	474228	285	1672	1.0775	0.574526	1323
529	329647	354	116231	210949	100	90	2.19688	0.903983	40	39.9	474228	285	1672	1.08197	0.571429	1323
530	371402	335	168103	200960	100	90	2.20221	0.903983	40	39.9	474228	285	1672	1.08746	0.583333	1323
531	378885	306	191817	187068	100	90	2.17811	0.903983	40	39.9	474228	285	1672	1.12903	0.62116	1323
532	247977	292	64423.9	183554	100	90	0.258652	0.903983	40	39.9	614519	285	1672	1.00713	0.511554	1323
533	291844	248	79794.4	212050	100	90	0.164888	0.903983	40	39.9	614519	285	1672	1.00423	0.512206	1323
534	466350	229	125230	341120	100	90	0.150199	0.903983	40	39.9	614519	285	1672	1.00388	0.518547	1323
535	702502	183	269937	432566	100	90	0.128944	0.903983	40	39.9	614519	285	1672	1.00313	0.545273	1323
536	833431	165	364415	469016	100	90	0.14097	0.903983	40	39.9	614519	285	1672	1.00341	0.60729	1323
537	930888	2040	440721	490168	100	90	1.19326	0.903983	40	39.9	614519	285	1672	1.00417	0.646303	1323
538	1.01015e+006	2006	501213	508939	100	90	1.35825	0.903983	39	39.9	614519	285	1672	1.00472	0.638991	1323
539	1.02782e+006	1702	523262	504558	100	90	1.42334	0.903983	39	39.9	614519	285	1672	1.0057	0.617695	1323
540	724210	1403	253283	470927	100	90	1.46385	0.903983	39	39.9	614519	285	1672	1.13199	0.821301	1323
541	816004	1188	376700	439189	100	90	1.37799	0.903983	40	39.9	0	285	1672	1.10465	0.694491	1323
542	842602	1024	419520	422907	100	90	1.30604	0.903983	40	39.9	0	285	1672	1.07575	0.639916	1323
543	859738	907	440945	418605	100	90	1.304	0.903983	40	39.9	0	285	1672	1.05383	0.602369	1323
544	892334	799	462416	429774	100	90	1.34678	0.903983	40	39.9	0	285	1672	1.05704	0.593377	1323
545	954683	804	496733	457818	100	90	1.48427	0.903983	40	39.9	0	285	1672	1.06324	0.604088	1323
546	965897	969	504666	461231	100	90	1.88453	0.903983	40	39.9	0	285	1672	1.06777	0.613616	1323
547	950155	958	498866	451289	100	90	2.00296	0.903983	40	39.9	0	285	1672	1.07342	0.617321	1323
548	897934	892	473875	424059	100	90	2.09528	0.903983	40	39.9	0	285	1672	1.0767	0.613873	1323
549	855132	799	452825	402307	100	90	2.12396	0.903983	40	39.9	0	285	1672	1.07432	0.609314	1323
550	551226	732	166681	384545	100	90	2.13905	0.903983	40	39.9	288615	285	1672	1.076	0.607042	1323
551	598845	649	250150	348696	100	90	2.16784	0.903983	40	39.9	288615	285	1672	1.07767	0.606918	1323
552	646862	610	310567	336295	100	90	2.19604	0.903983	40	39.9	288615	285	1672	1.08788	0.620805	1323
553	653004	567	331659	321345	100	90	2.23149	0.903983	40	39.9	288615	285	1672	1.09121	0.622744	1323
554	613403	509	318072	295331	100	90	2.25135	0.903983	40	39.9	288615	285	1672	1.08818	0.621242	1323
555	592400	475	309679	282720	100	90	2.24077	0.903983	40	39.9	288615	285	1672	1.09182	0.625	1323
556	355112	427	100682	254408	100	90	2.24105	0.903983	40	39.9	505196	285	1672	1.08636	0.626506	1323
557	394338	386	157015	229147	100	90	2.2336	0.903983	40	39.9	505196	285	1672	1.10101	0.63807	1323
558	412816	361	190327	212301	100	90	2.2142	0.903983	40	39.9	505196	285	1672	1.09485	0.651297	1323
559	413447	335	203374	196742	100	90	2.20691	0.903983	40	39.9	505196	285	1672	1.09706	0.654206	1323
560	408334	312	206975	188853	100	90	2.23548	0.903983	40	39.9	505196	285	1672	1.09779	0.656667	1323
561	396934	303	209501	187433	100	90	2.24555	0.903983	40	39.9	505196	285	1672	1.10164	0.67474	1323
562	238954	270	65936.5	173018	100	90	0.103681	0.903983	40	39.9	647970	285	1672	1.00194	0.559245	1323
563	571372	242	256096	315276	100	90	0.0790745	0.903983	40	39.9	647970	285	1672	1.00147	0.55705	1323
564	798916	220	376111	422805	100	90	0.0788762	0.903983	40	39.9	647970	285	1672	1.00141	0.625587	1323
565	748252	208	362730	385522	100	90	0.0846924	0.903983	40	39.9	647970	285	1672	1.00157	0.734352	1323
566	829476	201	418692	410784	100	90	0.107437	0.903983	40	39.9	647970	285	1672	1.00273	0.743468	1323
567	932116	2958	474825	457291	100	90	1.11036	0.903983	40	39.9	647970	285	1672	1.00374	0.747604	1323
568	978520	2398	500971	477549	100	90	1.32607	0.903983	40	39.9	647970	285	1672	1.00463	0.747863	1323
569	952360	1901	492951	459408	100	90	1.36789	0.903983	40	39.9	647970	285	1672	1.004	0.732531	1323
570	682117	1629	242229	439888	100	90	1.48345	0.903983	38	39.9	647970	285	1672	1.0621	0.818742	1323
571	593608	1356	172148	421378	100	90	0.798816	0.903983	40	39.9	0	285	1672	1.02322	0.620123	1323
572	755693	1203	309991	445510	100	90	0.618959	0.903983	40	39.9	0	285	1672	1.01359	0.600805	1323
573	927428	1021	433173	494053	100	90	0.5887	0.903983	40	39.9	0	285	1672	1.01028	0.606894	1323
574	755038	873	238807	516208	100	90	0.630117	0.903983	40	39.9	0	285	1672	1.011	0.655724	1323
575	875681	845	355307	520351	100	90	0.736368	0.903983	40	39.9	0	285	1672	1.01232	0.683318	1323
576	977470	1832	452928	524542	100	90	1.44957	0.903983	40	39.9	0	285	1672	1.01455	0.687319	1323
577	1.04183e+006	1841	513466	528363	100	90	1.63459	0.903983	40	39.9	0	285	1672	1.01747	0.681402	1323
578	1.01233e+006	1555	514551	497780	100	90	1.67075	0.903983	40	39.9	0	285	1672	1.02148	0.670351	1323
579	966374	1278	501163	465211	100	90	1.7146	0.903983	40	39.9	0	285	1672	1.02549	0.653481	1323
580	674555	1115	229775	444780	100	90	1.73936	0.903983	40	39.9	283029	285	1672	1.03056	0.643439	1323
581	579846	1013	152841	427005	100	90	1.82539	0.903983	40	39.9	283029	285	1672	1.03286	0.649402	1323
582	629302	871	246357	382946	100	90	1.92098	0.903983	40	39.9	283029	285	1672	1.04083	0.648899	1323
583	660036	765	306467	353569	100	90	2.01289	0.903983	40	39.9	283029	285	1672	1.05568	0.656539	1323
584	674302	706	337844	336458	100	90	2.06126	0.903983	40	39.9	283029	285	1672	1.06591	0.668588	1323
585	451941	593	156043	295898	100	90	2.09719	0.903983	40	39.9	283029	285	1672	1.0743	0.669535	1323
586	386562	535	111753	274281	100	90	2.13886	0.903983	40	39.9	405566	285	1672	1.07881	0.678776	1323
587	413873	464	164739	240408	100	90	2.11729	0.903983	40	39.9	405566	285	1672	1.08114	0.674009	1323
588	432530	415	200340	220783	100	90	2.1786	0.903983	40	39.9	405566	285	1672	1.06422	0.657568	1323
589	463607	401	230140	218882	100	90	2.1713	0.903983	40	39.9	405566	285	1672	1.07895	0.673522	1323
590	443477	371	225597	204784	100	90	2.18631	0.903983	40	39.9	405566	285	1672	1.08443	0.661064	1323
591	376548	311	199668	176880	100	90	2.17561	0.903983	40	39.9	405566	285	1672	1.08125	0.641196	1323
592	231997	283	62776.4	169221	100	90	0.103235	0.903983	40	39.9	546946	285	1672	1.00193	0.566319	1323
593	578464	259	256293	322171	100	90	0.083238	0.903983	40	39.9	546946	285	1672	1.00143	0.566216	1323
594	799689	232	375025	424664	100	90	0.0821714	0.903983	40	39.9	546946	285	1672	1.00126	0.625751	1323
595	731061	194	354444	376617	100	90	0.079277	0.903983	40	39.9	546946	285	1672	1.00163	0.714356	1323
596	788148	173	398890	389258	100	90	0.0911021	0.903983	40	39.9	546946	285	1672	1.00217	0.733687	1323
597	925425	3009	473616	451808	100	90	1.08801	0.903983	40	39.9	546946	285	1672	1.0032	0.730548	1323
598	975663	2426	500563	475100	100	90	1.27989	0.903983	40	39.9	546946	285	1672	1.00433	0.74047	1323
599	984980	2004	509754	475226	100	90	1.34338	0.903983	40	39.9	546946	285	1672	1.00517	0.741693	1323
600	729747	1732	258649	471098	100	90	1.44172	0.903983	38	39.9	546946	285	1672	1.07505	0.85168	1323
601	858745	1502	393620	465125	100	90	0.836351	0.903983	40	39.9	0	285	1672	1.02992	0.638036	1323
602	697654	1248	223639	474015	100	90	0.699472	0.903983	40	39.9	0	285	1672	1.01977	0.609474	1323
603	704341	1102	185001	519339	100	90	0.620281	0.903983	40	39.9	0	285	1672	1.01462	0.603785	1323
604	868430	962	333262	535168	100	90	0.655937	0.903983	40	39.9	0	285	1672	1.01528	0.646892	1323
605	967835	872	435607	532228	100	90	0.709431	0.903983	40	39.9	0	285	1672	1.01675	0.678561	1323
606	1.00891e+006	1777	489749	519165	100	90	1.40922	0.903983	40	39.9	0	285	1672	1.02141	0.697248	1323
607	1.02675e+006	1582	519055	507696	100	90	1.49786	0.903983	40	39.9	0	285	1672	1.02294	0.687261	1323
608	737444	1496	249467	487977	100	90	1.65904	0.903983	40	39.9	0	285	1672	1.02774	0.686235	1323
609	813788	1278	349102	464686	100	90	1.7402	0.903983	40	39.9	0	285	1672	1.03332	0.692247	1323
610	669675	1123	223891	445784	100	90	1.80247	0.903983	40	39.9	208873	285	1672	1.03764	0.690027	1323
611	771142	1044	330349	440793	100	90	1.91214	0.903983	40	39.9	208873	285	1672	1.04542	0.687318	1323
612	788711	924	381410	407301	100	90	1.96454	0.903983	40	39.9	208873	285	1672	1.05735	0.695082	1323
613	809459	866	412617	396842	100	90	2.04726	0.903983	40	39.9	208873	285	1672	1.06544	0.701055	1323
614	739122	733	384541	354580	100	90	2.05618	0.903983	40	39.9	208873	285	1672	1.06994	0.703448	1323
615	695596	656	365533	330063	100	90	2.07654	0.903983	40	39.9	208873	285	1672	1.07821	0.704334	1323
616	432983	601	125754	307228	100	90	2.06248	0.903983	40	39.9	461418	285	1672	1.08537	0.706282	1323
617	361064	516	92912.8	266837	100	90	2.05176	0.903983	40	39.9	461418	285	1672	1.09091	0.70751	1323
618	403812	463	153796	241474	100	90	2.06265	0.903983	40	39.9	461418	285	1672	1.09562	0.708241	1323
619	452281	435	207894	233655	100	90	2.09967	0.903983	40	39.9	461418	285	1672	1.09071	0.704057	1323
620	437652	373	217314	210998	100	90	2.12931	0.903983	40	39.9	461418	285	1672	1.11568	0.741573	1323
621	415055	337	217355	197700	100	90	2.16627	0.903983	40	39.9	461418	285	1672	1.11144	0.728125	1323
622	249776	305	65488.6	184287	100	90	0.131925	0.903983	40	39.9	618798	285	1672	1.00261	0.596152	1323
623	515263	245	226255	289008	100	90	0.0855525	0.903983	40	39.9	618798	285	1672	1.00158	0.589745	1323
624	818083	216	383568	434514	100	90	0.0832234	0.903983	40	39.9	618798	285	1672	1.00167	0.625794	1323
625	785623	189	376947	408676	100	90	0.0856432	0.903983	39	39.9	618798	285	1672	1.00205	0.709376	1323
626	775668	157	387611	388058	100	90	0.0890618	0.903983	39	39.9	618798	285	1672	1.00216	0.753277	1323
627	872024	2673	445135	426889	100	90	1.0394	0.903983	39	39.9	618798	285	1672	1.00263	0.742777	1323
628	955254	2286	490878	464377	100	90	1.24798	0.903983	39	39.9	618798	285	1672	1.00417	0.7411	1323
629	995477	1907	514879	480598	100	90	1.37043	0.903983	39	39.9	618798	285	1672	1.00596	0.729216	1323
630	581349	1593	118315	463034	100	90	1.4971	0.903983	37	39.9	618798	285	1672	1.08459	0.851548	1323
631	670836	1354	233021	437814	100	90	0.815367	0.903983	40	39.9	0	285	1672	1.03218	0.644993	1323
632	798033	1151	350992	447041	100	90	0.697802	0.903983	40	39.9	0	285	1672	1.0215	0.637286	1323
633	698171	992	217652	480519	100	90	0.690189	0.903983	40	39.9	0	285	1672	1.01944	0.649609	1323
634	866699	847	360021	506677	100	90	0.715332	0.903983	40	39.9	0	285	1672	1.01877	0.66527	1323
635	970059	794	450725	519334	100	90	0.797445	0.903983	40	39.9	0	285	1672	1.02324	0.697748	1323
636	999001	1595	491966	507035	100	90	1.5124	0.903983	40	39.9	0	285	1672	1.02691	0.709279	1323
637	1.01257e+006	1477	515407	497166	100	90	1.61464	0.903983	40	39.9	0	285	1672	1.02833	0.698066	1323
638	998148	1344	517387	480761	100	90	1.6941	0.903983	40	39.9	0	285	1672	1.03266	0.684569	1323
639	965611	1152	506202	459409	100	90	1.77444	0.903983	40	39.9	0	285	1672	1.03908	0.683466	1323
640	626456	970	200315	426141	100	90	1.83143	0.903983	40	39.9	308881	285	1672	1.04697	0.677859	1323
641	686269	872	285346	400923	100	90	1.93479	0.903983	40	39.9	308881	285	1672	1.0493	0.668611	1323
642	541277	783	168398	372879	100	90	1.99668	0.903983	40	39.9	308881	285	1672	1.06276	0.682768	1323
643	594578	707	248207	346371	100	90	2.05371	0.903983	40	39.9	308881	285	1672	1.06716	0.694767	1323
644	634363	651	303835	330528	100	90	2.12298	0.903983	40	39.9	308881	285	1672	1.07876	0.701422	1323
645	469714	593	158373	311341	100	90	2.16295	0.903983	40	39.9	308881	285	1672	1.09968	0.730769	1323
646	405586	547	112519	292571	100	90	2.14133	0.903983	40	39.9	434464	285	1672	1.10801	0.736742	1323
647	460047	507	178810	272021	100	90	2.13929	0.903983	40	39.9	434464	285	1672	1.11407	0.743326	1323
648	513621	488	235324	265251	100	90	2.20279	0.903983	40	39.9	434464	285	1672	1.10772	0.735358	1323
649	513717	438	251779	245461	100	90	2.21923	0.903983	40	39.9	434464	285	1672	1.10162	0.728155	1323
650	504759	399	255490	234046	100	90	2.2156	0.903983	40	39.9	434464	285	1672	1.10076	0.715426	1323
651	464563	358	245548	219016	100	90	2.24963	0.903983	40	39.9	434464	285	1672	1.11396	0.716418	1323
652	261636	303	67212.6	194423	100	90	0.113109	0.903983	40	39.9	611365	285	1672	1.00233	0.608163	1323
653	467250	277	130483	336767	100	90	0.0876387	0.903983	40	39.9	611365	285	1672	1.00207	0.604879	1323
654	662240	253	240723	421517	100	90	0.0765474	0.903983	40	39.9	611365	285	1672	1.00194	0.646665	1323
655	705683	226	292198	413485	100	90	0.0823275	0.903983	40	39.9	611365	285	1672	1.00226	0.72132	1323
656	800052	201	369323	430729	100	90	0.099277	0.903983	40	39.9	611365	285	1672	1.00287	0.763811	1323
657	672617	2753	200799	471818	100	90	1.04493	0.903983	39	39.9	611365	285	1672	1.00359	0.771173	1323
658	751843	2554	292430	459413	100	90	1.31438	0.903983	39	39.9	611365	285	1672	1.00472	0.773985	1323
659	901086	2314	405279	495807	100	90	1.49695	0.903983	39	39.9	611365	285	1672	1.00673	0.770939	1323
660	746211	1997	237632	508579	100	90	1.57451	0.903983	38	39.9	611365	285	1672	1.07339	0.87714	1323
661	822305	1576	354637	467667	100	90	0.892828	0.903983	40	39.9	0	285	1672	1.03136	0.677652	1323
662	925370	1321	440852	484518	100	90	0.731753	0.903983	40	39.9	0	285	1672	1.02157	0.655695	1323
663	1.02405e+006	1060	506999	517050	100	90	0.655095	0.903983	40	39.9	0	285	1672	1.0193	0.666177	1323
664	1.10352e+006	916	554479	549045	100	90	0.699537	0.903983	40	39.9	0	285	1672	1.02361	0.703022	1323
665	1.10493e+006	863	562536	542389	100	90	0.782163	0.903983	40	39.9	0	285	1672	1.02573	0.725561	1323
666	1.08846e+006	1623	560490	527969	100	90	1.38539	0.903983	40	39.9	0	285	1672	1.0283	0.730383	1323
667	1.07079e+006	1565	556139	514646	100	90	1.53068	0.903983	40	39.9	0	285	1672	1.03256	0.720475	1323
668	1.04731e+006	1405	548123	499182	100	90	1.64362	0.903983	40	39.9	0	285	1672	1.03681	0.716679	1323
669	1.0321e+006	1228	543427	488671	100	90	1.75175	0.903983	40	39.9	0	285	1672	1.04632	0.713572	1323
670	666872	1045	211116	455757	100	90	1.82396	0.903983	40	39.9	329874	285	1672	1.05914	0.717221	1323
671	733953	941	302147	431806	100	90	1.95116	0.903983	40	39.9	329874	285	1672	1.07346	0.739935	1323
672	767733	848	363340	404393	100	90	2.02761	0.903983	40	39.9	329874	285	1672	1.09109	0.755716	1323
673	772013	773	388249	383764	100	90	2.07334	0.903983	40	39.9	329874	285	1672	1.10079	0.778071	1323
674	731263	687	377008	354255	100	90	2.10789	0.903983	40	39.9	329874	285	1672	1.11346	0.802395	1323
675	693374	624	361690	331684	100	90	2.14827	0.903983	40	39.9	329874	285	1672	1.13293	0.826955	1323
676	432494	574	122340	310154	100	90	2.16576	0.903983	40	39.9	582772	285	1672	1.13856	0.844607	1323
677	500301	550	193098	297943	100	90	2.16247	0.903983	40	39.9	582772	285	1672	1.15493	0.858801	1323
678	526219	500	237114	275514	100	90	2.1169	0.903983	40	39.9	582772	285	1672	1.1597	0.867368	1323
679	509731	432	247741	246405	100	90	2.13755	0.903983	40	39.9	582772	285	1672	1.18721	0.873449	1323
680	352059	379	125379	224074	100	90	2.13666	0.903983	40	39.9	582772	285	1672	1.18373	0.873926	1323
681	375987	349	166638	209349	100	90	2.14241	0.903983	40	39.9	582772	285	1672	1.18678	0.886792	1323
682	257344	322	61394.9	195949	100	90	0.265641	0.903983	40	39.9	620211	285	1672	1.00911	0.815687	1323
683	397055	294	160601	236454	100	90	0.186577	0.903983	40	39.9	620211	285	1672	1.00634	0.815682	1323
684	695895	279	326794	369102	100	90	0.187673	0.903983	40	39.9	620211	285	1672	1.00694	0.825818	1323
685	958100	269	460779	497321	100	90	0.211239	0.903983	40	39.9	620211	285	1672	1.00859	0.840194	1323
686	1.07367e+006	253	522764	550903	100	90	0.233433	0.903983	40	39.9	620211	285	1672	1.01074	0.859783	1323
687	1.07168e+006	2366	530084	541593	100	90	1.36509	0.903983	40	39.9	620211	285	1672	1.01177	0.858233	1323
688	1.06264e+006	1958	535375	527261	100	90	1.39291	0.903983	40	39.9	620211	285	1672	1.01506	0.840785	1323
689	1.06151e+006	1625	542877	518630	100	90	1.42044	0.903983	39	39.9	620211	285	1672	1.01873	0.829525	1323
690	785950	1459	274094	511855	100	90	1.36768	0.903983	37	39.9	620211	285	1672	1.2264	1.2128	1323
691	862331	1267	388000	474331	100	90	1.27352	0.903983	40	39.9	0	285	1672	1.17968	1.01782	1323
692	884836	1090	431726	453111	100	90	1.21679	0.903983	40	39.9	0	285	1672	1.13422	0.945287	1323
693	890062	927	448757	441305	100	90	1.16823	0.903983	40	39.9	0	285	1672	1.10557	0.894217	1323
694	917460	797	467897	449563	100	90	1.20858	0.903983	40	39.9	0	285	1672	1.10308	0.871955	1323
695	978425	837	502841	475583	100	90	1.39558	0.903983	40	39.9	0	285	1672	1.11422	0.87259	1323
696	1.01693e+006	1048	524911	492015	100	90	1.78422	0.903983	40	39.9	0	285	1672	1.12526	0.880417	1323
697	1.0186e+006	1052	528247	490352	100	90	1.93019	0.903983	40	39.9	0	285	1672	1.13679	0.899074	1323
698	972115	988	506696	465419	100	90	2.0673	0.903983	40	39.9	0	285	1672	1.14183	0.901408	1323
699	925234	877	483803	441432	100	90	2.06986	0.903983	40	39.9	0	285	1672	1.15622	0.915441	1323
700	593076	771	183131	409946	100	90	2.07386	0.903983	40	39.9	296992	285	1672	1.15949	0.930652	1323
701	655056	709	267485	387571	100	90	2.10467	0.903983	40	39.9	296992	285	1672	1.1767	0.936267	1323
702	692822	663	323367	369455	100	90	2.13975	0.903983	40	39.9	296992	285	1672	1.19679	0.95082	1323
703	692419	611	342562	349857	100	90	2.15866	0.903983	40	39.9	296992	285	1672	1.21429	0.969697	1323
704	616780	523	313418	303362	100	90	2.1961	0.903983	40	39.9	296992	285	1672	1.23392	0.976744	1323
705	595855	480	307125	288730	100	90	2.22088	0.903983	40	39.9	296992	285	1672	1.23904	1	1323
706	378403	439	106435	271968	100	90	2.16765	0.903983	40	39.9	511032	285	1672	1.27536	1.04627	1323
707	415386	401	160480	247092	100	90	2.17226	0.903983	40	39.9	511032	285	1672	1.29491	1.06497	1323
708	430349	370	193501	226266	100	90	2.16807	0.903983	40	39.9	511032	285	1672	1.29586	1.0528	1323
709	417190	331	199750	204265	100	90	2.18662	0.903983	40	39.9	511032	285	1672	1.28713	1.02414	1323
710	427727	318	211992	203279	100	90	2.20178	0.903983	40	39.9	511032	285	1672	1.29553	1.02888	1323
711	406472	307	210311	196161	100	90	2.26939	0.903983	40	39.9	511032	285	1672	1.30403	1.02299	1323
712	246042	266	66584.4	179457	100	90	0.10433	0.903983	40	39.9	653509	285	1672	1.00528	0.791762	1323
713	548397	212	243827	304570	100	90	0.0701197	0.903983	40	39.9	653509	285	1672	1.0037	0.78831	1323
714	865824	179	405547	460278	100	90	0.0649689	0.903983	40	39.9	653509	285	1672	1.00348	0.806548	1323
715	876050	162	417708	458342	100	90	0.0666033	0.903983	40	39.9	653509	285	1672	1.00357	0.858483	1323
716	803358	144	395680	407679	100	90	0.0712083	0.903983	40	39.9	653509	285	1672	1.00363	0.880045	1323
717	867050	2898	436785	430265	100	90	0.98477	0.903983	40	39.9	653509	285	1672	1.0042	0.865418	1323
718	989915	2484	503030	486885	100	90	1.16496	0.903983	40	39.9	653509	285	1672	1.00583	0.861426	1323
719	1.06212e+006	2186	543039	519082	100	90	1.33871	0.903983	40	39.9	653509	285	1672	1.00807	0.857316	1323
720	766932	1901	266664	500268	100	90	1.52894	0.903983	37	39.9	653509	285	1672	1.08698	0.992581	1323
721	855105	1595	381171	473925	100	90	0.929732	0.903983	40	39.9	0	285	1672	1.03868	0.837838	1323
722	965683	1385	466529	499137	100	90	0.809372	0.903983	40	39.9	0	285	1672	1.02977	0.824606	1323
723	1.07782e+006	1219	537343	540460	100	90	0.797583	0.903983	40	39.9	0	285	1672	1.02796	0.822276	1323
724	1.13736e+006	1021	573223	564106	100	90	0.810517	0.903983	40	39.9	0	285	1672	1.02992	0.828151	1323
725	1.13555e+006	909	576560	558964	100	90	0.847231	0.903983	40	39.9	0	285	1672	1.03223	0.837141	1323
726	794805	1651	264093	530711	100	90	1.46527	0.903983	40	39.9	0	285	1672	1.03151	0.832964	1323
727	855385	1472	354069	501316	100	90	1.57919	0.903983	40	39.9	0	285	1672	1.03873	0.82842	1323
728	937553	1435	437414	500139	100	90	1.75861	0.903983	40	39.9	0	285	1672	1.04091	0.821403	1323
729	711755	1232	229870	481885	100	90	1.85725	0.903983	40	39.9	0	285	1672	1.05314	0.827558	1323
730	672096	1081	218575	453522	100	90	1.93262	0.903983	40	39.9	109239	285	1672	1.06172	0.836004	1323
731	739368	967	312634	426735	100	90	2.02414	0.903983	40	39.9	109239	285	1672	1.07256	0.847619	1323
732	773070	869	367175	405896	100	90	2.06303	0.903983	40	39.9	109239	285	1672	1.09528	0.876923	1323
733	755868	775	377979	377889	100	90	2.10521	0.903983	40	39.9	109239	285	1672	1.11022	0.882038	1323
734	726506	696	371108	355398	100	90	2.10445	0.903983	40	39.9	109239	285	1672	1.12857	0.899851	1323
735	657377	594	339380	317996	100	90	2.08827	0.903983	40	39.9	109239	285	1672	1.1446	0.920775	1323
736	401826	515	118189	283590	100	90	2.08624	0.903983	40	39.9	338254	285	1672	1.15098	0.925403	1323
737	438752	469	171902	258455	100	90	2.1011	0.903983	40	39.9	338254	285	1672	1.16	0.930958	1323
738	473851	440	214348	247141	100	90	2.13257	0.903983	40	39.9	338254	285	1672	1.15132	0.920673	1323
739	494822	419	239279	239999	100	90	2.16307	0.903983	40	39.9	338254	285	1672	1.17381	0.935897	1323
740	448911	353	223669	212090	100	90	2.17049	0.903983	40	39.9	338254	285	1672	1.19143	0.935976	1323
741	408864	324	212096	196768	100	90	2.18482	0.903983	40	39.9	338254	285	1672	1.20645	0.945763	1323
742	254240	292	70306.2	183934	100	90	0.10732	0.903983	40	39.9	481866	285	1672	1.00403	0.776389	1323
743	587306	260	260835	326471	100	90	0.0826825	0.903983	40	39.9	481866	285	1672	1.00344	0.77333	1323
744	885057	244	412954	472104	100	90	0.0850307	0.903983	40	39.9	481866	285	1672	1.00383	0.80009	1323
745	885554	227	421516	464037	100	90	0.0903325	0.903983	40	39.9	481866	285	1672	1.00419	0.853561	1323
746	816020	207	401276	414744	100	90	0.100486	0.903983	40	39.9	481866	285	1672	1.00515	0.880547	1323
747	634639	2715	193205	441434	100	90	0.995758	0.903983	40	39.9	481866	285	1672	1.0066	0.8682	1323
748	773057	2559	306079	466978	100	90	1.21102	0.903983	40	39.9	481866	285	1672	1.00862	0.872785	1323
749	909040	2237	407464	501576	100	90	1.42345	0.903983	40	39.9	481866	285	1672	1.01071	0.876506	1323
750	732643	2072	231153	501490	100	90	1.67889	0.903983	37	39.9	481866	285	1672	1.0872	0.997069	1323
751	723916	1476	306482	417434	100	90	0.844061	0.903983	40	39.9	0	285	1672	1.03241	0.831539	1323
752	869942	1281	412344	457597	100	90	0.699514	0.903983	40	39.9	0	285	1672	1.02033	0.816503	1323
753	744694	1067	240159	504535	100	90	0.651208	0.903983	40	39.9	0	285	1672	1.01833	0.816605	1323
754	932954	950	382582	550372	100	90	0.70903	0.903983	40	39.9	0	285	1672	1.02119	0.831242	1323
755	1.03215e+006	879	473622	558533	100	90	0.779729	0.903983	40	39.9	0	285	1672	1.02413	0.848485	1323
756	1.0568e+006	1777	513175	543630	100	90	1.52625	0.903983	40	39.9	0	285	1672	1.02651	0.851404	1323
757	1.06844e+006	1631	535393	533050	100	90	1.65873	0.903983	40	39.9	0	285	1672	1.03307	0.843927	1323
758	1.05294e+006	1463	537294	515646	100	90	1.78499	0.903983	40	39.9	0	285	1672	1.04032	0.834728	1323
759	994417	1214	512515	481902	100	90	1.8073	0.903983	40	39.9	0	285	1672	1.0518	0.837815	1323
760	710163	1073	242536	467626	100	90	1.8607	0.903983	40	39.9	279777	285	1672	1.05844	0.842857	1323
761	769901	972	325631	444270	100	90	1.96627	0.903983	40	39.9	279777	285	1672	1.06809	0.852787	1323
762	817811	909	385772	432039	100	90	2.06057	0.903983	40	39.9	279777	285	1672	1.07967	0.858916	1323
763	586728	802	192605	394123	100	90	2.11401	0.903983	40	39.9	279777	285	1672	1.09487	0.866496	1323
764	575270	671	240151	335118	100	90	2.16205	0.903983	40	39.9	279777	285	1672	1.11323	0.874618	1323
765	552810	563	262853	289958	100	90	2.16561	0.903983	40	39.9	279777	285	1672	1.14	0.905455	1323
766	389932	538	105760	284147	100	90	2.15287	0.903983	40	39.9	324298	285	1672	1.15478	0.914286	1323
767	416411	464	159067	249265	100	90	2.13753	0.903983	40	39.9	324298	285	1672	1.16129	0.902222	1323
768	358398	449	110541	245552	100	90	2.17357	0.903983	40	39.9	324298	285	1672	1.16205	0.915493	1323
769	389548	408	157856	223377	100	90	2.18209	0.903983	40	39.9	324298	285	1672	1.17762	0.938992	1323
770	406984	377	190262	209178	100	90	2.18752	0.903983	40	39.9	324298	285	1672	1.17297	0.947214	1323
771	285365	330	94494	190871	100	90	2.17007	0.903983	40	39.9	324298	285	1672	1.20497	0.979798	1323
772	250207	297	71812.8	178395	100	90	0.124588	0.903983	40	39.9	394445	285	1672	1.00427	0.743243	1323
773	524576	268	230884	293692	100	90	0.0999967	0.903983	40	39.9	394445	285	1672	1.00368	0.742423	1323
774	652907	253	195390	457517	100	90	0.105062	0.903983	40	39.9	394445	285	1672	1.00395	0.761005	1323
775	729280	242	266515	462766	100	90	0.1014	0.903983	40	39.9	394445	285	1672	1.00337	0.804859	1323
776	770762	226	327336	443425	100	90	0.115108	0.903983	40	39.9	394445	285	1672	1.00446	0.839083	1323
777	927478	3019	431956	495523	100	90	1.11825	0.903983	40	39.9	394445	285	1672	1.00573	0.841578	1323
778	1.02806e+006	2583	498876	529187	100	90	1.28781	0.903983	40	39.9	394445	285	1672	1.00685	0.834797	1323
779	1.06529e+006	2107	529516	535774	100	90	1.39907	0.903983	40	39.9	394445	285	1672	1.0088	0.831335	1323
780	791522	1923	268304	523218	100	90	1.50133	0.903983	35	39.9	394445	285	1672	1.10669	1.00472	1323
781	892560	1614	392775	499785	100	90	1.15496	0.903983	40	39.9	0	285	1672	1.06689	0.848217	1323
782	939087	1340	449438	489648	100	90	0.998178	0.903983	40	39.9	0	285	1672	1.04605	0.805701	1323
783	993956	1126	493169	500787	100	90	0.912442	0.903983	40	39.9	0	285	1672	1.03834	0.79152	1323
784	1.07991e+006	979	542417	537490	100	90	0.976642	0.903983	40	39.9	0	285	1672	1.04322	0.804956	1323
785	1.12643e+006	938	569267	557162	100	90	1.08054	0.903983	40	39.9	0	285	1672	1.04878	0.818589	1323
786	1.1194e+006	1542	569894	549510	100	90	1.70092	0.903983	40	39.9	0	285	1672	1.05344	0.825521	1323
787	1.12281e+006	1479	576620	546193	100	90	1.78566	0.903983	40	39.9	0	285	1672	1.05666	0.822013	1323
788	1.08982e+006	1399	564177	525647	100	90	1.88194	0.903983	40	39.9	0	285	1672	1.06115	0.822173	1323
789	1.05758e+006	1236	549881	507703	100	90	1.90198	0.903983	40	39.9	0	285	1672	1.06394	0.814597	1323
790	709859	1062	243783	466076	100	90	1.91373	0.903983	40	39.9	293097	285	1672	1.07083	0.812197	1323
791	773503	963	330005	443497	100	90	2.01436	0.903983	40	39.9	293097	285	1672	1.0799	0.820128	1323
792	789896	865	374467	415429	100	90	2.07918	0.903983	40	39.9	293097	285	1672	1.08918	0.834532	1323
793	781252	793	388558	392693	100	90	2.12138	0.903983	40	39.9	293097	285	1672	1.11137	0.859396	1323
794	732402	706	372299	360103	100	90	2.16459	0.903983	40	39.9	293097	285	1672	1.12686	0.863299	1323
795	507611	640	173570	334042	100	90	2.15871	0.903983	40	39.9	293097	285	1672	1.13939	0.883031	1323
796	437690	576	131763	305258	100	90	2.17178	0.903983	40	39.9	408758	285	1672	1.1453	0.880074	1323
797	472422	508	189750	272784	100	90	2.18415	0.903983	40	39.9	408758	285	1672	1.1549	0.888889	1323
798	374897	463	116106	256617	100	90	2.23346	0.903983	40	39.9	408758	285	1672	1.15778	0.903981	1323
799	397134	402	162783	225693	100	90	2.23467	0.903983	40	39.9	408758	285	1672	1.17708	0.928962	1323
800	316579	375	101371	213814	100	90	2.25161	0.903983	40	39.9	408758	285	1672	1.17416	0.927928	1323
801	351103	352	149371	201732	100	90	2.26502	0.903983	40	39.9	408758	285	1672	1.20122	0.954545	1323
802	279660	332	80708.5	198951	100	90	0.390497	0.903983	40	39.9	515835	285	1672	1.01631	0.754826	1323
803	299346	307	79731.3	219615	100	90	0.281699	0.903983	40	39.9	515835	285	1672	1.01187	0.749436	1323
804	441918	302	115027	326890	100	90	0.270105	0.903983	40	39.9	515835	285	1672	1.01195	0.756535	1323
805	713296	289	271182	442114	100	90	0.271278	0.903983	40	39.9	515835	285	1672	1.01241	0.768553	1323
806	932152	258	407674	524478	100	90	0.293247	0.903983	40	39.9	515835	285	1672	1.01487	0.787341	1323
807	1.01625e+006	1876	474011	542242	100	90	1.45647	0.903983	40	39.9	515835	285	1672	1.01805	0.812263	1323
808	761542	1808	236353	525189	100	90	1.61057	0.903983	40	39.9	515835	285	1672	1.01963	0.809291	1323
809	858450	1651	347583	510867	100	90	1.67577	0.903983	40	39.9	515835	285	1672	1.02336	0.798463	1323
810	706113	1428	211320	494793	100	90	1.4769	0.903983	38	39.9	515835	285	1672	1.2885	1.23684	1323
811	816589	1272	345129	471451	100	90	1.45691	0.903983	40	39.9	0	285	1672	1.24764	1.05977	1323
812	847582	1105	397122	450443	100	90	1.44335	0.903983	40	39.9	0	285	1672	1.20484	0.97958	1323
813	865180	956	425087	440076	100	90	1.41712	0.903983	40	39.9	0	285	1672	1.16657	0.922638	1323
814	888920	833	445907	442996	100	90	1.45779	0.903983	40	39.9	0	285	1672	1.16178	0.906677	1323
815	942466	899	477367	465082	100	90	1.68684	0.903983	40	39.9	0	285	1672	1.17352	0.906794	1323
816	700472	948	236463	464009	100	90	1.91704	0.903983	40	39.9	0	285	1672	1.18933	0.905528	1323
817	772280	923	332282	439998	100	90	2.07316	0.903983	40	39.9	0	285	1672	1.18447	0.894915	1323
818	812035	866	386925	425111	100	90	2.17927	0.903983	40	39.9	0	285	1672	1.18661	0.905779	1323
819	801693	767	399241	402452	100	90	2.17472	0.903983	40	39.9	0	285	1672	1.20201	0.918919	1323
820	566982	701	183243	383738	100	90	2.19958	0.903983	40	39.9	229786	285	1672	1.19355	0.924409	1323
821	603712	627	254355	349356	100	90	2.22169	0.903983	40	39.9	229786	285	1672	1.20668	0.947183	1323
822	640024	593	301691	338333	100	90	2.23414	0.903983	40	39.9	229786	285	1672	1.21502	0.959032	1323
823	635570	554	313881	321689	100	90	2.24216	0.903983	40	39.9	229786	285	1672	1.2439	0.983871	1323
824	598972	507	301702	297270	100	90	2.21265	0.903983	40	39.9	229786	285	1672	1.24286	0.976035	1323
825	571299	465	290822	280477	100	90	2.25016	0.903983	40	39.9	229786	285	1672	1.25977	0.992771	1323
826	365483	411	110712	254604	100	90	2.24475	0.903983	40	39.9	414827	285	1672	1.2641	0.9729	1323
827	414246	393	165992	239935	100	90	2.29483	0.903983	40	39.9	414827	285	1672	1.26849	0.985549	1323
828	409561	351	186092	213342	100	90	2.29342	0.903983	40	39.9	414827	285	1672	1.275	0.993464	1323
829	416530	333	198607	204626	100	90	2.32637	0.903983	40	39.9	414827	285	1672	1.29054	1.02465	1323
830	401569	312	195967	193548	100	90	2.3289	0.903983	40	39.9	414827	285	1672	1.28102	1.03019	1323
831	370055	286	188515	181540	100	90	2.31759	0.903983	40	39.9	414827	285	1672	1.30522	1.05372	1323
832	237880	251	70954.2	166925	100	90	0.0983202	0.903983	40	39.9	531887	285	1672	1.00448	0.746059	1323
833	563873	227	253582	310292	100	90	0.0770757	0.903983	40	39.9	531887	285	1672	1.00359	0.749756	1323
834	865632	210	404787	460845	100	90	0.0785495	0.903983	40	39.9	531887	285	1672	1.00411	0.782167	1323
835	634182	189	185127	449055	100	90	0.0789562	0.903983	40	39.9	531887	285	1672	1.00398	0.846748	1323
836	636249	163	242112	394137	100	90	0.0821123	0.903983	40	39.9	531887	285	1672	1.00411	0.875571	1323
837	802931	3205	358035	444896	100	90	1.15437	0.903983	40	39.9	531887	285	1672	1.00586	0.867748	1323
838	958541	2868	455295	503247	100	90	1.39574	0.903983	40	39.9	531887	285	1672	1.00705	0.86723	1323
839	1.0287e+006	2382	503500	525198	100	90	1.52561	0.903983	40	39.9	531887	285	1672	1.01012	0.876277	1323
840	738429	1970	246716	491712	100	90	1.57619	0.903983	38	39.9	531887	285	1672	1.08956	1.01434	1323
841	836791	1620	365489	471302	100	90	0.932639	0.903983	40	39.9	0	285	1672	1.04031	0.822768	1323
842	934047	1367	445044	489003	100	90	0.794149	0.903983	40	39.9	0	285	1672	1.02809	0.795527	1323
843	1.06641e+006	1204	525926	540487	100	90	0.796577	0.903983	40	39.9	0	285	1672	1.02616	0.79697	1323
844	1.11785e+006	1006	558112	559737	100	90	0.818048	0.903983	40	39.9	0	285	1672	1.02971	0.815847	1323
845	1.12341e+006	923	566651	556756	100	90	0.870263	0.903983	40	39.9	0	285	1672	1.03333	0.83449	1323
846	1.13099e+006	1771	575958	555037	100	90	1.55179	0.903983	40	39.9	0	285	1672	1.03725	0.834862	1323
847	1.10149e+006	1585	565279	536215	100	90	1.67106	0.903983	40	39.9	0	285	1672	1.04065	0.827902	1323
848	1.07883e+006	1485	556576	522253	100	90	1.79926	0.903983	40	39.9	0	285	1672	1.04576	0.829436	1323
849	1.01783e+006	1217	527339	490493	100	90	1.85867	0.903983	40	39.9	0	285	1672	1.05818	0.839631	1323
850	721599	1055	258182	463418	100	90	1.93229	0.903983	40	39.9	267976	285	1672	1.08024	0.85451	1323
851	758992	940	328402	430589	100	90	2.07497	0.903983	40	39.9	267976	285	1672	1.09573	0.856987	1323
852	748363	822	356257	392106	100	90	2.16421	0.903983	40	39.9	267976	285	1672	1.10493	0.857143	1323
853	561946	758	186561	375384	100	90	2.22993	0.903983	40	39.9	267976	285	1672	1.13203	0.891185	1323
854	579681	658	245831	333850	100	90	2.25755	0.903983	40	39.9	267976	285	1672	1.14245	0.880573	1323
855	433491	568	133731	299760	100	90	2.29955	0.903983	40	39.9	267976	285	1672	1.16724	0.902985	1323
856	388237	501	120553	266554	100	90	2.27273	0.903983	40	39.9	352207	285	1672	1.17589	0.919321	1323
857	436339	461	178953	247830	100	90	2.27813	0.903983	40	39.9	352207	285	1672	1.17865	0.932558	1323
858	457713	431	211227	234734	100	90	2.28249	0.903983	40	39.9	352207	285	1672	1.17258	0.936709	1323
859	454577	391	219405	220361	100	90	2.26919	0.903983	40	39.9	352207	285	1672	1.17876	0.936639	1323
860	414678	332	204914	197158	100	90	2.31375	0.903983	40	39.9	352207	285	1672	1.18553	0.927632	1323
861	379307	304	194944	184363	100	90	2.33413	0.903983	40	39.9	352207	285	1672	1.2	0.948148	1323
862	238170	269	71518.8	166651	100	90	0.101019	0.903983	40	39.9	472796	285	1672	1.00301	0.764582	1323
863	559770	220	253998	305773	100	90	0.072688	0.903983	40	39.9	472796	285	1672	1.00231	0.76477	1323
864	870879	208	409124	461755	100	90	0.0732872	0.903983	40	39.9	472796	285	1672	1.00227	0.798265	1323
865	858332	202	410577	447755	100	90	0.0812387	0.903983	40	39.9	472796	285	1672	1.00276	0.858117	1323
866	812710	173	401484	411226	100	90	0.0852513	0.903983	40	39.9	472796	285	1672	1.00325	0.879671	1323
867	897661	3025	452439	445222	100	90	1.09683	0.903983	40	39.9	472796	285	1672	1.00395	0.876305	1323
868	1.00728e+006	2693	511884	495399	100	90	1.30385	0.903983	40	39.9	472796	285	1672	1.00531	0.874358	1323
869	1.0462e+006	2265	535010	511186	100	90	1.46177	0.903983	40	39.9	472796	285	1672	1.00783	0.877493	1323
870	781996	1949	271174	510821	100	90	1.60404	0.903983	38	39.9	472796	285	1672	1.10415	1.04927	1323
871	890234	1649	393801	496433	100	90	0.95933	0.903983	40	39.9	0	285	1672	1.04791	0.841007	1323
872	984035	1415	472122	511912	100	90	0.815276	0.903983	40	39.9	0	285	1672	1.03353	0.813637	1323
873	1.07543e+006	1172	532139	543293	100	90	0.73796	0.903983	40	39.9	0	285	1672	1.02653	0.804181	1323
874	1.12414e+006	975	561812	562328	100	90	0.757892	0.903983	40	39.9	0	285	1672	1.02723	0.816833	1323
875	1.10215e+006	899	556092	546059	100	90	0.819502	0.903983	40	39.9	0	285	1672	1.03106	0.844139	1323
876	1.11343e+006	1780	567859	545573	100	90	1.49518	0.903983	40	39.9	0	285	1672	1.03402	0.847948	1323
877	1.0748e+006	1558	552382	522422	100	90	1.56959	0.903983	40	39.9	0	285	1672	1.03739	0.847913	1323
878	1.06873e+006	1491	553026	515706	100	90	1.75713	0.903983	40	39.9	0	285	1672	1.0454	0.850172	1323
879	754749	1281	260160	494588	100	90	1.86985	0.903983	40	39.9	0	285	1672	1.05509	0.850639	1323
880	694816	1123	233154	461663	100	90	1.94319	0.903983	40	39.9	120022	285	1672	1.06254	0.855586	1323
881	781273	1036	330292	450982	100	90	2.06223	0.903983	40	39.9	120022	285	1672	1.07315	0.860809	1323
882	822968	944	389800	433168	100	90	2.14089	0.903983	40	39.9	120022	285	1672	1.0812	0.868478	1323
883	771259	802	384922	386337	100	90	2.16788	0.903983	40	39.9	120022	285	1672	1.09529	0.875641	1323
884	739503	724	377719	361783	100	90	2.2086	0.903983	40	39.9	120022	285	1672	1.1118	0.895714	1323
885	721856	671	372938	348918	100	90	2.21112	0.903983	40	39.9	120022	285	1672	1.13893	0.919753	1323
886	457024	598	139672	317248	100	90	2.18956	0.903983	40	39.9	360146	285	1672	1.14155	0.908463	1323
887	488483	531	196536	282305	100	90	2.17807	0.903983	40	39.9	360146	285	1672	1.14931	0.904483	1323
888	510448	482	234162	262876	100	90	2.18477	0.903983	40	39.9	360146	285	1672	1.15504	0.900433	1323
889	498823	439	240946	242150	100	90	2.24807	0.903983	40	39.9	360146	285	1672	1.14035	0.887019	1323
890	368831	419	129672	236484	100	90	2.28065	0.903983	40	39.9	360146	285	1672	1.13785	0.871212	1323
891	309354	388	86913.8	222441	100	90	2.29606	0.903983	40	39.9	360146	285	1672	1.14508	0.876374	1323
892	271280	332	76670.2	194610	100	90	0.253261	0.903983	40	39.9	422083	285	1672	1.00773	0.765145	1323
893	415031	306	175556	239475	100	90	0.192591	0.903983	40	39.9	422083	285	1672	1.00589	0.766469	1323
894	689258	278	325656	363602	100	90	0.190644	0.903983	40	39.9	422083	285	1672	1.00653	0.778899	1323
895	941133	247	452383	488750	100	90	0.191666	0.903983	40	39.9	422083	285	1672	1.00631	0.797699	1323
896	995869	202	483684	512184	100	90	0.1915	0.903983	40	39.9	422083	285	1672	1.00778	0.825482	1323
897	1.03645e+006	2251	513716	522731	100	90	1.36121	0.903983	40	39.9	422083	285	1672	1.00983	0.821931	1323
898	770577	1890	246643	523934	100	90	1.39215	0.903983	40	39.9	422083	285	1672	1.01098	0.807192	1323
899	848480	1636	348237	500243	100	90	1.48546	0.903983	40	39.9	422083	285	1672	1.01352	0.797625	1323
900	583670	1528	99648.9	484021	100	90	1.52304	0.903983	39	39.9	422083	285	1672	1.21448	1.14832	1323
901	556743	1325	105727	451008	100	90	1.24229	0.903983	40	39.9	0	285	1672	1.13015	0.93685	1323
902	670828	1181	230809	439998	100	90	1.13383	0.903983	40	39.9	0	285	1672	1.0873	0.879593	1323
903	807438	1049	350047	457370	100	90	1.14351	0.903983	40	39.9	0	285	1672	1.07307	0.860832	1323
904	891003	890	421573	469429	100	90	1.18924	0.903983	40	39.9	0	285	1672	1.07565	0.857403	1323
905	961457	871	473089	488368	100	90	1.36562	0.903983	40	39.9	0	285	1672	1.08068	0.857143	1323
906	974619	1157	489361	485258	100	90	1.85809	0.903983	40	39.9	0	285	1672	1.08722	0.85218	1323
907	987266	1142	503299	483968	100	90	2.01756	0.903983	40	39.9	0	285	1672	1.08966	0.855263	1323
908	962075	1056	495553	466522	100	90	2.07742	0.903983	40	39.9	0	285	1672	1.09112	0.852217	1323
909	920628	931	477357	443271	100	90	2.06838	0.903983	40	39.9	0	285	1672	1.09567	0.86257	1323
910	630981	835	210873	420108	100	90	2.08906	0.903983	40	39.9	266043	285	1672	1.10805	0.866584	1323
911	689574	759	294136	395438	100	90	2.12673	0.903983	40	39.9	266043	285	1672	1.11525	0.88843	1323
912	538295	699	167426	370869	100	90	2.17742	0.903983	40	39.9	266043	285	1672	1.11765	0.88244	1323
913	598061	655	249822	348240	100	90	2.18372	0.903983	40	39.9	266043	285	1672	1.12427	0.895498	1323
914	620887	600	294350	326536	100	90	2.19266	0.903983	40	39.9	266043	285	1672	1.14791	0.90636	1323
915	596997	537	297693	299304	100	90	2.22421	0.903983	40	39.9	266043	285	1672	1.15596	0.904382	1323
916	387419	478	120279	267041	100	90	2.22488	0.903983	40	39.9	456355	285	1672	1.17782	0.921348	1323
917	415948	421	169563	237574	100	90	2.2251	0.903983	40	39.9	456355	285	1672	1.18765	0.935733	1323
918	445231	397	206371	227283	100	90	2.26404	0.903983	40	39.9	456355	285	1672	1.17085	0.904891	1323
919	327104	369	110267	214211	100	90	2.27199	0.903983	40	39.9	456355	285	1672	1.17935	0.891813	1323
920	346412	331	151200	192988	100	90	2.24536	0.903983	40	39.9	456355	285	1672	1.18485	0.892508	1323
921	343105	298	168721	174384	100	90	2.26729	0.903983	40	39.9	456355	285	1672	1.17288	0.898917	1323
922	251664	292	74577.4	177087	100	90	0.26186	0.903983	40	39.9	568541	285	1672	1.00887	0.774959	1323
923	389728	274	169205	220523	100	90	0.192308	0.903983	40	39.9	568541	285	1672	1.0067	0.769481	1323
924	679391	259	325333	354058	100	90	0.190915	0.903983	40	39.9	568541	285	1672	1.00741	0.776655	1323
925	915185	232	443631	471554	100	90	0.20198	0.903983	40	39.9	568541	285	1672	1.00884	0.802205	1323
926	986120	220	482779	503341	100	90	0.229239	0.903983	40	39.9	568541	285	1672	1.00999	0.834636	1323
927	1.00085e+006	2129	498739	502109	100	90	1.40087	0.903983	40	39.9	568541	285	1672	1.01011	0.837217	1323
928	1.02922e+006	1864	520601	508619	100	90	1.44605	0.903983	40	39.9	568541	285	1672	1.0129	0.829958	1323
929	1.02899e+006	1552	526443	502545	100	90	1.4759	0.903983	40	39.9	568541	285	1672	1.01704	0.82263	1323
930	734606	1341	255358	479248	100	90	1.37342	0.903983	39	39.9	568541	285	1672	1.26689	1.26379	1323
