ID	Species	MaxAge	AllocSeed	LMR	m0	MaxMass	mSeed	Dist	pEstab	Gmax	SLA	palat	memo	RAR	growth	mThres	clonal	propSex	meanSpacerLength	sdSpacerLength	Resshare	AllocSpacer	mSpacer	sens	allocroot	allocshoot	EC50_biomass	slope_biomass	EC50_SEbiomass	slope_SEbiomass	EC50_survival	slope_survival	EC50_establishment	slope_establishment	EC50_sterility	slope_sterility	EC50_seednumber	slope_seednumber	FlowerWeek	DispWeek	GermPeriod
1	LECAcl4plb	100	0.05	0.5	1	5000	1	0.1	0.5	60	0.5	0.25	2	1	0.25	0.2	1	1	17.5	12.5	0	0.05	70	0.258589943754487	1	1	0	0	0	0	0	0	0	0	0	0	0	0	16	20	1
2	LECIcl3plb	100	0.05	0.5	1	5000	1	0.1	0.5	60	0.75	0.5	2	1	0.25	0.2	1	1	17.5	12.5	1	0.05	70	0.573141306347679	1	1	0	0	0	0	0	0	0	0	0	0	0	0	16	20	1
3	LECIcl4plb	100	0.05	0.5	1	5000	1	0.1	0.5	60	0.75	0.5	2	1	0.25	0.2	1	1	17.5	12.5	0	0.05	70	0.831290680449456	1	1	0	0	0	0	0	0	0	0	0	0	0	0	16	20	1
6	LSCAplb	100	0.05	0.75	1	5000	1	0.1	0.5	60	0.5	0.25	2	1	0.25	0.2	0	0	0	0	0	0	0	0.821167984511703	1	1	0	0	0	0	0	0	0	0	0	0	0	0	16	20	1
8	LSCIcl1plb	100	0.05	0.75	1	5000	1	0.1	0.5	60	0.75	0.5	2	1	0.25	0.2	1	1	2.5	2.5	1	0.05	70	0.575357669615187	1	1	0	0	0	0	0	0	0	0	0	0	0	0	16	20	1
9	LSCIcl2plb	100	0.05	0.75	1	5000	1	0.1	0.5	60	0.75	0.5	2	1	0.25	0.2	1	1	2.5	2.5	0	0.05	70	0.963043005845975	1	1	0	0	0	0	0	0	0	0	0	0	0	0	16	20	1
10	LSCIcl3plb	100	0.05	0.75	1	5000	1	0.1	0.5	60	0.75	0.5	2	1	0.25	0.2	1	1	17.5	12.5	1	0.05	70	0.684164289035834	1	1	0	0	0	0	0	0	0	0	0	0	0	0	16	20	1
7	LSCIplb	100	0.05	0.75	1	5000	1	0.1	0.5	60	0.75	0.5	2	1	0.25	0.2	0	0	0	0	0	0	0	0.963401888904627	1	1	0	0	0	0	0	0	0	0	0	0	0	0	16	20	1
12	LSCTcl3plb	100	0.05	0.75	1	5000	1	0.1	0.5	60	1	1	2	1	0.25	0.2	1	1	17.5	12.5	1	0.05	70	0.474756803829223	1	1	0	0	0	0	0	0	0	0	0	0	0	0	16	20	1
11	LSCTplb	100	0.05	0.75	1	5000	1	0.1	0.5	60	1	1	2	1	0.25	0.2	0	0	0	0	0	0	0	0.330217095150147	1	1	0	0	0	0	0	0	0	0	0	0	0	0	16	20	1
17	MECAcl4plb	100	0.05	0.5	0.3	2000	0.3	0.3	0.5	60	0.5	0.25	2	1	0.25	0.2	1	1	17.5	12.5	0	0.05	70	0.875873832555953	1	1	0	0	0	0	0	0	0	0	0	0	0	0	16	20	1
18	MECIcl3plb	100	0.05	0.5	0.3	2000	0.3	0.3	0.5	60	0.75	0.5	2	1	0.25	0.2	1	1	17.5	12.5	1	0.05	70	0.786325395281892	1	1	0	0	0	0	0	0	0	0	0	0	0	0	16	20	1
19	MECIcl4plb	100	0.05	0.5	0.3	2000	0.3	0.3	0.5	60	0.75	0.5	2	1	0.25	0.2	1	1	17.5	12.5	0	0.05	70	0.197017678816337	1	1	0	0	0	0	0	0	0	0	0	0	0	0	16	20	1
21	MECTcl3peb	100	0.05	0.5	0.3	2000	0.3	0.3	0.5	60	1	1	2	1	0.25	0.2	1	1	17.5	12.5	1	0.05	70	0.934808963502292	1	1	0	0	0	0	0	0	0	0	0	0	0	0	1	5	1
20	MECTplb	100	0.05	0.5	0.3	2000	0.3	0.3	0.5	60	1	1	2	1	0.25	0.2	0	0	0	0	0	0	0	0.417149316053838	1	1	0	0	0	0	0	0	0	0	0	0	0	0	16	20	1
24	MEITplb	100	0.05	0.5	0.3	2000	0.3	0.3	0.5	40	1	1	4	1	0.25	0.2	0	0	0	0	0	0	0	0.152560594840907	1	1	0	0	0	0	0	0	0	0	0	0	0	0	16	20	1
25	MESTcl3plb	100	0.05	0.5	0.3	2000	0.3	0.3	0.5	20	1	1	6	1	0.25	0.2	1	1	17.5	12.5	1	0.05	70	0.561082702653948	1	1	0	0	0	0	0	0	0	0	0	0	0	0	16	20	1
26	MRITcl3peb	100	0.05	1	0.3	2000	0.3	0.3	0.5	40	1	1	4	1	0.25	0.2	1	1	17.5	12.5	1	0.05	70	0.490466606628615	1	1	0	0	0	0	0	0	0	0	0	0	0	0	1	5	1
28	MSCAcl1plb	100	0.05	0.75	0.3	2000	0.3	0.3	0.5	60	0.5	0.25	2	1	0.25	0.2	1	1	2.5	2.5	1	0.05	70	0.822795496904291	1	1	0	0	0	0	0	0	0	0	0	0	0	0	16	20	1
29	MSCAcl2plb	100	0.05	0.75	0.3	2000	0.3	0.3	0.5	60	0.5	0.25	2	1	0.25	0.2	1	1	2.5	2.5	0	0.05	70	0.181403249618597	1	1	0	0	0	0	0	0	0	0	0	0	0	0	16	20	1
30	MSCAcl3plb	100	0.05	0.75	0.3	2000	0.3	0.3	0.5	60	0.5	0.25	2	1	0.25	0.2	1	1	17.5	12.5	1	0.05	70	0.698006461840123	1	1	0	0	0	0	0	0	0	0	0	0	0	0	16	20	1
27	MSCAplb	100	0.05	0.75	0.3	2000	0.3	0.3	0.5	60	0.5	0.25	2	1	0.25	0.2	0	0	0	0	0	0	0	0.328165963466745	1	1	0	0	0	0	0	0	0	0	0	0	0	0	16	20	1
32	MSCIcl3plb	100	0.05	0.75	0.3	2000	0.3	0.3	0.5	60	0.75	0.5	2	1	0.25	0.2	1	1	17.5	12.5	1	0.05	70	0.245776099327486	1	1	0	0	0	0	0	0	0	0	0	0	0	0	16	20	1
31	MSCIplb	100	0.05	0.75	0.3	2000	0.3	0.3	0.5	60	0.75	0.5	2	1	0.25	0.2	0	0	0	0	0	0	0	0.491601159737911	1	1	0	0	0	0	0	0	0	0	0	0	0	0	16	20	1
34	MSCTcl1plb	100	0.05	0.75	0.3	2000	0.3	0.3	0.5	60	1	1	2	1	0.25	0.2	1	1	2.5	2.5	1	0.05	70	0.622913302679081	1	1	0	0	0	0	0	0	0	0	0	0	0	0	16	20	1
35	MSCTcl2plb	100	0.05	0.75	0.3	2000	0.3	0.3	0.5	60	1	1	2	1	0.25	0.2	1	1	2.5	2.5	0	0.05	70	0.793699490022846	1	1	0	0	0	0	0	0	0	0	0	0	0	0	16	20	1
41	MSIAcl3plb	100	0.05	0.75	0.3	2000	0.3	0.3	0.5	40	0.5	0.25	4	1	0.25	0.2	1	1	17.5	12.5	1	0.05	70	0.358503646275494	1	1	0	0	0	0	0	0	0	0	0	0	0	0	16	20	1
42	MSIAcl4plb	100	0.05	0.75	0.3	2000	0.3	0.3	0.5	40	0.5	0.25	4	1	0.25	0.2	1	1	17.5	12.5	0	0.05	70	0.880930231360253	1	1	0	0	0	0	0	0	0	0	0	0	0	0	16	20	1
44	MSIIcl1plb	100	0.05	0.75	0.3	2000	0.3	0.3	0.5	40	0.75	0.5	4	1	0.25	0.2	1	1	2.5	2.5	1	0.05	70	0.609499843441881	1	1	0	0	0	0	0	0	0	0	0	0	0	0	16	20	1
43	MSIIplb	100	0.05	0.75	0.3	2000	0.3	0.3	0.5	40	0.75	0.5	4	1	0.25	0.2	0	0	0	0	0	0	0	0.376359917921945	1	1	0	0	0	0	0	0	0	0	0	0	0	0	16	20	1
45	MSITcl3plb	100	0.05	0.75	0.3	2000	0.3	0.3	0.5	40	1	1	4	1	0.25	0.2	1	1	17.5	12.5	1	0.05	70	0.0705126309185289	1	1	0	0	0	0	0	0	0	0	0	0	0	0	16	20	1
46	MSITcl4plb	100	0.05	0.75	0.3	2000	0.3	0.3	0.5	40	1	1	4	1	0.25	0.2	1	1	17.5	12.5	0	0.05	70	0.371922168182209	1	1	0	0	0	0	0	0	0	0	0	0	0	0	16	20	1
49	MSSAcl4plb	100	0.05	0.75	0.3	2000	0.3	0.3	0.5	20	0.5	0.25	6	1	0.25	0.2	1	1	17.5	12.5	0	0.05	70	0.364433495444246	1	1	0	0	0	0	0	0	0	0	0	0	0	0	16	20	1
50	SECAcl3plb	100	0.05	0.5	0.1	1000	0.1	0.6	0.5	60	0.5	0.25	2	1	0.25	0.2	1	1	17.5	12.5	1	0.05	70	0.891918022651225	1	1	0	0	0	0	0	0	0	0	0	0	0	0	16	20	1
52	SECTcl3peb	100	0.05	0.5	0.1	1000	0.1	0.6	0.5	60	1	1	2	1	0.25	0.2	1	1	17.5	12.5	1	0.05	70	0.69167108729016	1	1	0	0	0	0	0	0	0	0	0	0	0	0	1	5	1
51	SECTpeb	100	0.05	0.5	0.1	1000	0.1	0.6	0.5	60	1	1	2	1	0.25	0.2	0	0	0	0	0	0	0	0.414672506623901	1	1	0	0	0	0	0	0	0	0	0	0	0	0	1	5	1
55	SEIAcl4peb	100	0.05	0.5	0.1	1000	0.1	0.6	0.5	40	0.5	0.25	4	1	0.25	0.2	1	1	17.5	12.5	0	0.05	70	0.997986997943372	1	1	0	0	0	0	0	0	0	0	0	0	0	0	1	5	1
54	SEIAplb	100	0.05	0.5	0.1	1000	0.1	0.6	0.5	40	0.5	0.25	4	1	0.25	0.2	0	0	0	0	0	0	0	0.37606366322143	1	1	0	0	0	0	0	0	0	0	0	0	0	0	16	20	1
57	SEITcl1plb	100	0.05	0.5	0.1	1000	0.1	0.6	0.5	40	1	1	4	1	0.25	0.2	1	1	2.5	2.5	1	0.05	70	0.292994345072657	1	1	0	0	0	0	0	0	0	0	0	0	0	0	16	20	1
58	SEITcl3peb	100	0.05	0.5	0.1	1000	0.1	0.6	0.5	40	1	1	4	1	0.25	0.2	1	1	17.5	12.5	1	0.05	70	0.456118497997522	1	1	0	0	0	0	0	0	0	0	0	0	0	0	1	5	1
59	SEITcl4peb	100	0.05	0.5	0.1	1000	0.1	0.6	0.5	40	1	1	4	1	0.25	0.2	1	1	17.5	12.5	0	0.05	70	0.884637045266572	1	1	0	0	0	0	0	0	0	0	0	0	0	0	1	5	1
62	SESTcl4plb	100	0.05	0.5	0.1	1000	0.1	0.6	0.5	20	1	1	6	1	0.25	0.2	1	1	17.5	12.5	0	0.05	70	0.915780726470985	1	1	0	0	0	0	0	0	0	0	0	0	0	0	16	20	1
64	SRIAcl1plb	100	0.05	1	0.1	1000	0.1	0.6	0.5	40	0.5	0.25	4	1	0.25	0.2	1	1	2.5	2.5	1	0.05	70	0.560979612579104	1	1	0	0	0	0	0	0	0	0	0	0	0	0	16	20	1
63	SRIAcl1peb	100	0.05	1	0.1	1000	0.1	0.6	0.5	40	0.5	0.25	4	1	0.25	0.2	1	1	2.5	2.5	1	0.05	70	0.307153338100761	1	1	0	0	0	0	0	0	0	0	0	0	0	0	1	5	1
65	SRIAcl3plb	100	0.05	1	0.1	1000	0.1	0.6	0.5	40	0.5	0.25	4	1	0.25	0.2	1	1	17.5	12.5	1	0.05	70	0.897556602780242	1	1	0	0	0	0	0	0	0	0	0	0	0	0	16	20	1
66	SRIAcl4peb	100	0.05	1	0.1	1000	0.1	0.6	0.5	40	0.5	0.25	4	1	0.25	0.2	1	1	17.5	12.5	0	0.05	70	0.430199533118866	1	1	0	0	0	0	0	0	0	0	0	0	0	0	1	5	1
68	SRITcl3plb	100	0.05	1	0.1	1000	0.1	0.6	0.5	40	1	1	4	1	0.25	0.2	1	1	17.5	12.5	1	0.05	70	0.906518491916358	1	1	0	0	0	0	0	0	0	0	0	0	0	0	16	20	1
67	SRITcl3peb	100	0.05	1	0.1	1000	0.1	0.6	0.5	40	1	1	4	1	0.25	0.2	1	1	17.5	12.5	1	0.05	70	0.437243923253845	1	1	0	0	0	0	0	0	0	0	0	0	0	0	1	5	1
69	SEIIcl1peb	100	0.05	0.5	0.1	1000	0.1	0.6	0.5	40	0.75	0.5	4	1	0.25	0.2	1	1	2.5	2.5	1	0.05	70	0.532338180579245	1	1	0	0	0	0	0	0	0	0	0	0	0	0	1	5	1
70	SSCTplb	100	0.05	0.75	0.1	1000	0.1	0.6	0.5	60	1	1	2	1	0.25	0.2	0	0	0	0	0	0	0	0.715775820310228	1	1	0	0	0	0	0	0	0	0	0	0	0	0	16	20	1
71	SSIAcl4plb	100	0.05	0.75	0.1	1000	0.1	0.6	0.5	40	0.5	0.25	4	1	0.25	0.2	1	1	17.5	12.5	0	0.05	70	0.968968749453779	1	1	0	0	0	0	0	0	0	0	0	0	0	0	16	20	1
73	SSIIplb	100	0.05	0.75	0.1	1000	0.1	0.6	0.5	40	0.75	0.5	4	1	0.25	0.2	0	0	0	0	0	0	0	0.647385529766325	1	1	0	0	0	0	0	0	0	0	0	0	0	0	16	20	1
