Time	totMass	NInd	abovemass	belowmass	mean_ares	mean_bres	shannon	meanShannon	NPFT	meanNPFT	Cutted	NNonClonal	NClonal	mean_generation	mean_genet_size	NGenets
1	400.4	0	200.2	200.2	100	90	0	0.892377	40	40	0	217	1958	1	0.763766	1450
2	11709.8	0	5706.85	6002.9	100	90	0	0.892377	40	40	0	217	1958	1	0.789976	1450
3	57589.7	0	30239.4	27350.3	100	90	0	0.892377	40	40	0	217	1958	1	0.791541	1450
4	180177	0	93841.6	86335.5	100	90	0	0.892377	40	40	0	217	1958	1	0.792961	1450
5	409995	0	213168	196827	100	90	0	0.892377	40	40	0	217	1958	1	0.793177	1450
6	710247	543	370849	339398	100	90	2.41046	0.892377	40	40	0	217	1958	1.00953	0.801317	1450
7	982525	761	517069	465456	100	90	3.119	0.892377	40	40	0	217	1958	1.02146	0.809028	1450
8	1.18176e+006	825	627669	554094	100	90	3.27811	0.892377	40	40	0	217	1958	1.04783	0.835152	1450
9	1.30904e+006	794	699316	609725	100	90	3.15279	0.892377	40	40	0	217	1958	1.07965	0.870277	1450
10	1.39683e+006	757	748497	648337	100	90	3.04809	0.892377	40	40	0	217	1958	1.09357	0.883752	1450
11	1.46531e+006	737	787065	678243	100	90	2.97011	0.892377	40	40	0	217	1958	1.12139	0.920873	1450
12	1.50248e+006	726	808780	693696	100	90	2.94875	0.892377	40	40	0	217	1958	1.14474	0.953586	1450
13	1.55074e+006	725	835784	714956	100	90	2.9396	0.892377	40	40	0	217	1958	1.16401	0.982783	1450
14	1.58223e+006	729	853126	729107	100	90	2.95992	0.892377	40	40	0	217	1958	1.18342	0.997085	1450
15	1.60186e+006	725	864123	737741	100	90	2.95356	0.892377	40	40	0	217	1958	1.20363	1.01775	1450
16	1.62915e+006	729	864181	737249	100	90	2.98049	0.892377	40	40	0	217	1958	1.21867	1.03008	1450
17	1.66674e+006	725	872212	743853	100	90	2.96284	0.892377	40	40	0	217	1958	1.2428	1.05666	1450
18	1.68421e+006	724	879201	749865	100	90	3.01814	0.892377	40	40	0	217	1958	1.23066	1.03715	1450
19	1.69983e+006	729	887143	756544	100	90	3.06758	0.892377	40	40	0	217	1958	1.2311	1.03135	1450
20	1.71797e+006	736	898055	764398	100	90	3.11817	0.892377	40	40	0	217	1958	1.23692	1.02686	1450
21	1.67822e+006	744	907955	770269	100	90	3.17961	0.892377	40	40	0	217	1958	1.23495	1.01914	1450
22	1.68761e+006	748	914095	773513	100	90	1.17536	0.892377	40	40	0	217	1958	1.0626	0.861622	1450
23	1.71245e+006	743	924248	788206	100	90	1.1651	0.892377	40	40	0	217	1958	1.06604	0.877474	1450
24	1.74274e+006	736	938689	804055	100	90	1.17672	0.892377	40	40	0	217	1958	1.07445	0.896883	1450
25	1.74913e+006	721	942382	806743	100	90	1.23416	0.892377	40	40	0	217	1958	1.08749	0.933135	1450
26	1.76959e+006	711	954061	815529	100	90	1.32784	0.892377	40	40	0	217	1958	1.09927	0.964802	1450
27	1.78954e+006	1356	965523	824019	100	90	2.42853	0.892377	40	40	0	217	1958	1.1238	0.993056	1450
28	1.81931e+006	1239	982058	837254	100	90	2.50862	0.892377	40	40	0	217	1958	1.15159	1.02297	1450
29	1.8672e+006	1159	1.00855e+006	858650	100	90	2.5599	0.892377	40	40	0	217	1958	1.18617	1.06554	1450
30	1.3949e+006	1122	516535	878367	100	90	2.11677	0.892377	40	40	0	217	1958	1.52304	1.70811	1450
31	1.45021e+006	987	628756	820808	100	90	1.24005	0.892377	40	40	0	217	1958	1.17802	1.02307	1450
32	1.12942e+006	903	336410	792623	100	90	1.03677	0.892377	40	40	0	217	1958	1.12312	0.933495	1450
33	1.22632e+006	800	457902	767763	100	90	0.576038	0.892377	40	40	0	217	1958	1.05587	0.835475	1450
34	1.27427e+006	696	538445	734996	100	90	0.647141	0.892377	40	40	0	217	1958	1.06728	0.853865	1450
35	1.30746e+006	829	594781	711918	100	90	1.00552	0.892377	40	40	0	217	1958	1.09551	0.904874	1450
36	1.27281e+006	933	607606	665205	100	90	1.43608	0.892377	40	40	0	217	1958	1.12139	0.936842	1450
37	1.21718e+006	928	600241	616941	100	90	1.7997	0.892377	40	40	0	217	1958	1.1477	0.94802	1450
38	1.15864e+006	1085	584362	574275	100	90	2.44419	0.892377	40	40	0	217	1958	1.16753	0.947424	1450
39	1.1023e+006	854	564334	537966	100	90	2.5504	0.892377	40	40	0	217	1958	1.20934	0.963612	1450
40	698078	722	173178	524900	100	90	2.58605	0.892377	40	40	416461	217	1958	1.25	1	1450
41	718112	615	247163	470949	100	90	2.69494	0.892377	40	40	416461	217	1958	1.27684	1.02079	1450
42	749809	546	313192	436617	100	90	2.75759	0.892377	40	40	416461	217	1958	1.30066	1.05128	1450
43	768876	495	358196	410680	100	90	2.78535	0.892377	40	40	416461	217	1958	1.31629	1.08511	1450
44	775725	452	382120	393605	100	90	2.86736	0.892377	40	40	416461	217	1958	1.35824	1.12042	1450
45	572287	417	194932	377354	100	90	2.90898	0.892377	40	40	416461	217	1958	1.37685	1.13636	1450
46	453226	387	102058	350778	100	90	2.92794	0.892377	40	40	588969	217	1958	1.39452	1.16614	1450
47	482096	355	157387	317677	100	90	2.92529	0.892377	40	40	588969	217	1958	1.40413	1.16327	1450
48	515594	329	208209	296963	100	90	2.94537	0.892377	40	40	588969	217	1958	1.40323	1.13333	1450
49	506196	286	229629	263442	100	90	2.92369	0.892377	40	40	588969	217	1958	1.44195	1.14894	1450
50	381365	263	128488	250582	100	90	3.02517	0.892377	40	40	588969	217	1958	1.47768	1.18269	1450
51	405998	243	172193	233805	100	90	3.03089	0.892377	40	40	588969	217	1958	1.50739	1.21053	1450
52	276280	225	63580	212700	100	90	0.281616	0.892377	40	40	741416	217	1958	1.02029	0.862817	1450
53	393137	213	145212	247925	100	90	0.193885	0.892377	40	40	741416	217	1958	1.01411	0.855949	1450
54	478995	190	141377	337618	100	90	0.182539	0.892377	40	40	741416	217	1958	1.01318	0.857991	1450
55	742012	170	293052	448960	100	90	0.167985	0.892377	40	40	741416	217	1958	1.0113	0.864229	1450
56	946460	147	416557	529904	100	90	0.173093	0.892377	40	40	741416	217	1958	1.01185	0.873282	1450
57	1.0622e+006	2197	495801	566395	100	90	1.74272	0.892377	40	40	741416	217	1958	1.01373	0.877164	1450
58	1.07002e+006	2017	520546	549476	100	90	1.88953	0.892377	40	40	741416	217	1958	1.01598	0.880972	1450
59	1.09219e+006	1613	548106	544082	100	90	1.88215	0.892377	40	40	741416	217	1958	1.01904	0.874584	1450
60	809102	1472	279983	529119	100	90	1.75766	0.892377	39	40	741416	217	1958	1.24233	1.28789	1450
61	875402	1224	386490	486693	100	90	1.65462	0.892377	40	40	0	217	1958	1.21225	1.11711	1450
62	926497	1064	447803	475383	100	90	1.58967	0.892377	40	40	0	217	1958	1.17765	1.03391	1450
63	925787	892	464591	457636	100	90	1.52961	0.892377	40	40	0	217	1958	1.1626	0.989831	1450
64	947661	762	484963	459475	100	90	1.5855	0.892377	40	40	0	217	1958	1.16836	0.973629	1450
65	982431	794	508250	471324	100	90	1.81755	0.892377	40	40	0	217	1958	1.17549	0.958401	1450
66	1.02072e+006	969	534242	486475	100	90	2.36638	0.892377	40	40	0	217	1958	1.17388	0.946717	1450
67	1.02444e+006	949	538796	485643	100	90	2.55362	0.892377	40	40	0	217	1958	1.18579	0.975474	1450
68	1.01743e+006	902	538058	479372	100	90	2.60865	0.892377	40	40	0	217	1958	1.199	0.968215	1450
69	955546	778	507397	448150	100	90	2.58946	0.892377	40	40	0	217	1958	1.20666	0.997155	1450
70	612931	651	206161	406770	100	90	2.57777	0.892377	40	40	289913	217	1958	1.23684	1.01356	1450
71	660477	593	276501	383976	100	90	2.65053	0.892377	40	40	289913	217	1958	1.25158	1.01111	1450
72	511673	529	155559	356114	100	90	2.66459	0.892377	40	40	289913	217	1958	1.28881	1.0375	1450
73	554265	487	223897	330368	100	90	2.75162	0.892377	40	40	289913	217	1958	1.29792	1.06744	1450
74	580880	447	272699	308181	100	90	2.80781	0.892377	40	40	289913	217	1958	1.33413	1.07712	1450
75	569235	404	285496	283739	100	90	2.81753	0.892377	40	40	289913	217	1958	1.36464	1.11628	1450
76	389651	370	123628	265504	100	90	2.73185	0.892377	40	40	473401	217	1958	1.41768	1.16879	1450
77	449596	370	179259	263936	100	90	2.73856	0.892377	40	40	473401	217	1958	1.44201	1.18831	1450
78	459763	334	207921	242179	100	90	2.78399	0.892377	40	40	473401	217	1958	1.43706	1.18412	1450
79	467806	315	225753	231058	100	90	2.79559	0.892377	40	40	473401	217	1958	1.44944	1.18217	1450
80	482289	307	241679	230249	100	90	2.81923	0.892377	40	40	473401	217	1958	1.4685	1.19758	1450
81	460842	297	238971	221871	100	90	2.7966	0.892377	40	40	473401	217	1958	1.5	1.22553	1450
82	297446	261	91701	205745	100	90	0.122858	0.892377	40	40	621605	217	1958	1.00751	0.835827	1450
83	594394	249	258004	336391	100	90	0.0972764	0.892377	40	40	621605	217	1958	1.00572	0.830785	1450
84	879440	223	408690	470750	100	90	0.0953242	0.892377	40	40	621605	217	1958	1.00551	0.84259	1450
85	898302	211	427450	470851	100	90	0.102093	0.892377	40	40	621605	217	1958	1.00544	0.877895	1450
86	831374	180	408157	423218	100	90	0.107016	0.892377	40	40	621605	217	1958	1.00691	0.897789	1450
87	661512	2715	199848	461663	100	90	1.25182	0.892377	40	40	621605	217	1958	1.00901	0.882572	1450
88	795252	2544	308041	487210	100	90	1.58743	0.892377	40	40	621605	217	1958	1.0121	0.878536	1450
89	938171	2271	415651	522520	100	90	1.92279	0.892377	40	40	621605	217	1958	1.01781	0.872196	1450
90	780867	2014	244725	536142	100	90	2.07814	0.892377	39	40	621605	217	1958	1.13351	1.05287	1450
91	842716	1562	349607	490805	100	90	1.1783	0.892377	40	40	0	217	1958	1.06455	0.890859	1450
92	965130	1339	445130	516568	100	90	0.990642	0.892377	40	40	0	217	1958	1.04947	0.869196	1450
93	1.05438e+006	1084	509314	541291	100	90	0.889627	0.892377	40	40	0	217	1958	1.04583	0.862585	1450
94	1.12876e+006	892	557108	568203	100	90	0.896118	0.892377	40	40	0	217	1958	1.04898	0.868814	1450
95	1.1503e+006	863	574977	572239	100	90	1.00727	0.892377	40	40	0	217	1958	1.05431	0.870157	1450
96	1.15782e+006	1593	586972	570851	100	90	1.82702	0.892377	40	40	0	217	1958	1.05743	0.873882	1450
97	833068	1516	276324	556744	100	90	1.96713	0.892377	40	40	0	217	1958	1.06302	0.868185	1450
98	917968	1457	380205	537764	100	90	2.15376	0.892377	40	40	0	217	1958	1.06544	0.864311	1450
99	963476	1209	448260	515216	100	90	2.25504	0.892377	40	40	0	217	1958	1.07718	0.867008	1450
100	666632	987	198430	468203	100	90	2.33981	0.892377	40	40	28309.7	217	1958	1.0886	0.87644	1450
101	741964	892	293449	448514	100	90	2.46725	0.892377	40	40	28309.7	217	1958	1.10689	0.885017	1450
102	829298	849	380531	448767	100	90	2.57915	0.892377	40	40	28309.7	217	1958	1.12349	0.907749	1450
103	836090	754	410649	425441	100	90	2.57853	0.892377	40	40	28309.7	217	1958	1.1527	0.929167	1450
104	809667	679	409794	399873	100	90	2.60808	0.892377	40	40	28309.7	217	1958	1.18013	0.948438	1450
105	774412	606	396917	377495	100	90	2.58268	0.892377	40	40	28309.7	217	1958	1.1991	0.980496	1450
106	508288	529	166043	341761	100	90	2.57847	0.892377	40	40	261643	217	1958	1.18274	0.969758	1450
107	548437	489	222732	317223	100	90	2.6091	0.892377	40	40	261643	217	1958	1.19849	1.00446	1450
108	536882	419	244739	280228	100	90	2.65083	0.892377	40	40	261643	217	1958	1.23434	1.03684	1450
109	536800	385	259564	263338	100	90	2.7036	0.892377	40	40	261643	217	1958	1.25526	1.04624	1450
110	505650	344	252312	241118	100	90	2.77962	0.892377	40	40	261643	217	1958	1.24847	1.02676	1450
111	466436	310	242088	224348	100	90	2.79802	0.892377	40	40	261643	217	1958	1.25685	1.02583	1450
112	286840	269	87109.6	199730	100	90	0.121369	0.892377	40	40	412784	217	1958	1.00454	0.827508	1450
113	588749	242	261118	327632	100	90	0.0916526	0.892377	40	40	412784	217	1958	1.00375	0.830139	1450
114	877941	237	409867	468074	100	90	0.0983713	0.892377	40	40	412784	217	1958	1.00405	0.842502	1450
115	867937	219	414015	453922	100	90	0.105065	0.892377	40	40	412784	217	1958	1.0046	0.871185	1450
116	821866	194	405606	416260	100	90	0.113847	0.892377	40	40	412784	217	1958	1.00513	0.885714	1450
117	896488	2623	449700	446788	100	90	1.21463	0.892377	40	40	412784	217	1958	1.00681	0.867246	1450
118	998233	2337	503518	494716	100	90	1.46342	0.892377	40	40	412784	217	1958	1.00978	0.862593	1450
119	1.03197e+006	1861	523430	508541	100	90	1.63228	0.892377	40	40	412784	217	1958	1.01444	0.86374	1450
120	778397	1687	267349	511048	100	90	1.81591	0.892377	39	40	412784	217	1958	1.13635	1.08268	1450
121	867592	1371	379004	486915	100	90	0.986278	0.892377	40	40	0	217	1958	1.05932	0.889526	1450
122	957706	1127	453507	501266	100	90	0.777125	0.892377	40	40	0	217	1958	1.04146	0.861162	1450
123	1.05805e+006	931	515336	539778	100	90	0.703873	0.892377	40	40	0	217	1958	1.03683	0.854667	1450
124	1.10832e+006	751	545983	559611	100	90	0.701975	0.892377	40	40	0	217	1958	1.03907	0.861074	1450
125	1.13734e+006	750	565974	568894	100	90	0.805123	0.892377	40	40	0	217	1958	1.04202	0.86686	1450
126	1.12118e+006	1590	565144	556036	100	90	1.6339	0.892377	40	40	0	217	1958	1.04595	0.862477	1450
127	1.08421e+006	1492	551245	532963	100	90	1.78721	0.892377	40	40	0	217	1958	1.0476	0.848148	1450
128	1.05632e+006	1329	540972	515350	100	90	1.95633	0.892377	40	40	0	217	1958	1.0573	0.849688	1450
129	739394	1071	248580	490814	100	90	2.05609	0.892377	40	40	0	217	1958	1.07043	0.84749	1450
130	675021	909	224715	450306	100	90	2.17855	0.892377	40	40	110458	217	1958	1.08302	0.854711	1450
131	740915	806	310846	430069	100	90	2.33536	0.892377	40	40	110458	217	1958	1.10401	0.871465	1450
132	777824	734	365257	412567	100	90	2.39489	0.892377	40	40	110458	217	1958	1.117	0.886076	1450
133	773168	668	381090	392078	100	90	2.49527	0.892377	40	40	110458	217	1958	1.13524	0.882171	1450
134	728914	579	367561	361353	100	90	2.54767	0.892377	40	40	110458	217	1958	1.16378	0.920145	1450
135	703717	524	359523	344194	100	90	2.50606	0.892377	40	40	110458	217	1958	1.20499	0.967347	1450
136	464759	475	142893	321507	100	90	2.44741	0.892377	40	40	334814	217	1958	1.23152	0.997748	1450
137	508239	443	200150	300463	100	90	2.44781	0.892377	40	40	334814	217	1958	1.24838	1.01716	1450
138	516212	393	230457	274843	100	90	2.49805	0.892377	40	40	334814	217	1958	1.26185	1.02755	1450
139	408129	387	134691	270961	100	90	2.55985	0.892377	40	40	334814	217	1958	1.27441	1.02011	1450
140	431774	355	181626	248112	100	90	2.62425	0.892377	40	40	334814	217	1958	1.28875	1.0228	1450
141	452431	335	214997	237434	100	90	2.67154	0.892377	40	40	334814	217	1958	1.28477	1.00694	1450
142	315792	314	91628.8	224163	100	90	0.263056	0.892377	40	40	478056	217	1958	1.01163	0.907163	1450
143	458147	280	192446	265701	100	90	0.180928	0.892377	40	40	478056	217	1958	1.00832	0.901692	1450
144	742560	252	346804	395756	100	90	0.169713	0.892377	40	40	478056	217	1958	1.00816	0.905603	1450
145	993860	227	473266	520593	100	90	0.173039	0.892377	40	40	478056	217	1958	1.00895	0.906518	1450
146	1.07988e+006	195	519812	560067	100	90	0.181693	0.892377	40	40	478056	217	1958	1.00986	0.912221	1450
147	1.08012e+006	2540	527820	552303	100	90	1.49411	0.892377	40	40	478056	217	1958	1.01098	0.905014	1450
148	1.09612e+006	2063	543812	552312	100	90	1.5007	0.892377	40	40	478056	217	1958	1.01272	0.890763	1450
149	1.0992e+006	1702	552104	547101	100	90	1.55141	0.892377	40	40	478056	217	1958	1.01604	0.884657	1450
150	801564	1508	272395	529169	100	90	1.48868	0.892377	40	40	478056	217	1958	1.22518	1.29329	1450
151	897880	1319	388526	505807	100	90	1.32732	0.892377	40	40	0	217	1958	1.17197	1.07214	1450
152	953472	1144	448426	499122	100	90	1.25683	0.892377	40	40	0	217	1958	1.14888	1.01747	1450
153	771462	1026	247506	522794	100	90	1.25161	0.892377	40	40	0	217	1958	1.14022	0.988066	1450
154	912543	892	369488	540022	100	90	1.27993	0.892377	40	40	0	217	1958	1.14091	0.973983	1450
155	1.03784e+006	980	472684	562434	100	90	1.49795	0.892377	40	40	0	217	1958	1.14915	0.973566	1450
156	1.11662e+006	1320	538296	578320	100	90	2.02423	0.892377	40	40	0	217	1958	1.15268	0.961133	1450
157	1.13989e+006	1276	564519	575374	100	90	2.11953	0.892377	40	40	0	217	1958	1.1554	0.957463	1450
158	1.11767e+006	1189	562684	554983	100	90	2.19568	0.892377	40	40	0	217	1958	1.16037	0.969147	1450
159	1.05422e+006	984	535261	518962	100	90	2.14906	0.892377	40	40	0	217	1958	1.17143	0.97467	1450
160	783651	858	295708	487943	100	90	2.13731	0.892377	40	40	241687	217	1958	1.17784	0.989912	1450
161	799839	753	347607	452232	100	90	2.18877	0.892377	40	40	241687	217	1958	1.19059	1.01006	1450
162	784672	660	367578	417094	100	90	2.2796	0.892377	40	40	241687	217	1958	1.19279	1.02805	1450
163	805749	630	393941	411808	100	90	2.33171	0.892377	40	40	241687	217	1958	1.20633	1.02941	1450
164	767593	564	384277	383316	100	90	2.32494	0.892377	40	40	241687	217	1958	1.23702	1.05405	1450
165	687690	482	349507	338183	100	90	2.33298	0.892377	40	40	241687	217	1958	1.25773	1.07062	1450
166	489316	449	161972	326720	100	90	2.31667	0.892377	40	40	441842	217	1958	1.27111	1.086	1450
167	532896	416	218068	308181	100	90	2.31679	0.892377	40	40	441842	217	1958	1.28362	1.10243	1450
168	422944	388	127386	293313	100	90	2.32622	0.892377	40	40	441842	217	1958	1.2876	1.10116	1450
169	466178	364	182540	277029	100	90	2.3552	0.892377	40	40	441842	217	1958	1.30058	1.12618	1450
170	456837	321	206958	244101	100	90	2.42379	0.892377	40	40	441842	217	1958	1.29431	1.12454	1450
171	473410	312	231865	241546	100	90	2.46412	0.892377	40	40	441842	217	1958	1.31541	1.14176	1450
172	332274	282	104134	228141	100	90	0.150332	0.892377	40	40	579266	217	1958	1.00704	0.862261	1450
173	572498	268	250515	321982	100	90	0.114432	0.892377	40	40	579266	217	1958	1.00514	0.860403	1450
174	865134	253	401549	463585	100	90	0.119897	0.892377	40	40	579266	217	1958	1.00561	0.868693	1450
175	974604	234	461529	513075	100	90	0.125265	0.892377	40	40	579266	217	1958	1.00624	0.892703	1450
176	930037	205	449802	480235	100	90	0.129565	0.892377	40	40	579266	217	1958	1.00667	0.912753	1450
177	967817	2692	476578	491239	100	90	1.21328	0.892377	40	40	579266	217	1958	1.00815	0.896792	1450
178	1.05406e+006	2357	525341	528722	100	90	1.35411	0.892377	40	40	579266	217	1958	1.00992	0.884693	1450
179	1.07038e+006	1896	537356	533029	100	90	1.47353	0.892377	40	40	579266	217	1958	1.01225	0.882642	1450
180	795143	1733	269535	525607	100	90	1.64732	0.892377	38	40	579266	217	1958	1.14244	1.12617	1450
181	862375	1397	369559	489778	100	90	1.11917	0.892377	40	40	0	217	1958	1.0804	0.954497	1450
182	970930	1227	452635	513646	100	90	0.970787	0.892377	40	40	0	217	1958	1.06453	0.933583	1450
183	1.0693e+006	1080	516765	547394	100	90	0.941706	0.892377	40	40	0	217	1958	1.0613	0.921379	1450
184	1.17304e+006	961	575543	592519	100	90	0.986319	0.892377	40	40	0	217	1958	1.06742	0.925483	1450
185	1.19445e+006	942	590995	598908	100	90	1.11208	0.892377	40	40	0	217	1958	1.07328	0.923534	1450
186	1.18671e+006	1470	593736	592976	100	90	1.7793	0.892377	40	40	0	217	1958	1.0782	0.914241	1450
187	1.13899e+006	1430	574126	564859	100	90	2.01789	0.892377	40	40	0	217	1958	1.08547	0.909527	1450
188	1.08286e+006	1261	549340	533517	100	90	2.0726	0.892377	40	40	0	217	1958	1.09584	0.911371	1450
189	758085	1052	253797	504288	100	90	2.0499	0.892377	40	40	0	217	1958	1.1053	0.921922	1450
190	745594	945	262264	483330	100	90	2.15291	0.892377	40	40	85797.7	217	1958	1.11129	0.913525	1450
191	807366	855	344636	462730	100	90	2.22455	0.892377	40	40	85797.7	217	1958	1.1325	0.937192	1450
192	816318	769	381320	434998	100	90	2.25304	0.892377	40	40	85797.7	217	1958	1.15909	0.972337	1450
193	776516	670	378820	397697	100	90	2.33834	0.892377	40	40	85797.7	217	1958	1.18654	0.991948	1450
194	743480	602	371287	372193	100	90	2.38938	0.892377	40	40	85797.7	217	1958	1.20033	1.00181	1450
195	708176	542	358536	349640	100	90	2.37306	0.892377	40	40	85797.7	217	1958	1.22719	1.01984	1450
196	493194	494	165311	327399	100	90	2.36431	0.892377	40	40	286288	217	1958	1.244	1.04867	1450
197	515991	442	211404	297204	100	90	2.39705	0.892377	40	40	286288	217	1958	1.23963	1.04271	1450
198	473004	362	215312	248431	100	90	2.37872	0.892377	40	40	286288	217	1958	1.23796	1.03681	1450
199	475456	334	227707	236235	100	90	2.40898	0.892377	40	40	286288	217	1958	1.23077	1	1450
200	461719	306	227793	223582	100	90	2.45732	0.892377	40	40	286288	217	1958	1.24399	1.01471	1450
201	429744	279	220829	208915	100	90	2.48403	0.892377	40	40	286288	217	1958	1.25385	1.01633	1450
202	290108	257	90241	199867	100	90	0.107492	0.892377	40	40	419402	217	1958	1.00476	0.82188	1450
203	604443	240	271296	333148	100	90	0.0858983	0.892377	40	40	419402	217	1958	1.00379	0.821216	1450
204	907845	222	424189	483655	100	90	0.0865047	0.892377	40	40	419402	217	1958	1.00391	0.837062	1450
205	939795	211	445972	493824	100	90	0.0922861	0.892377	40	40	419402	217	1958	1.00437	0.871344	1450
206	837154	182	408086	429068	100	90	0.0969708	0.892377	40	40	419402	217	1958	1.00507	0.888124	1450
207	643338	2864	187263	456075	100	90	1.12031	0.892377	40	40	419402	217	1958	1.00689	0.875029	1450
208	770448	2591	295685	474763	100	90	1.33364	0.892377	40	40	419402	217	1958	1.00888	0.871858	1450
209	935344	2227	409781	525564	100	90	1.62652	0.892377	40	40	419402	217	1958	1.01138	0.869052	1450
210	792933	2086	242776	550157	100	90	1.86095	0.892377	38	40	419402	217	1958	1.11454	1.02818	1450
211	880164	1675	359420	518287	100	90	1.06555	0.892377	40	40	0	217	1958	1.04983	0.883276	1450
212	950661	1394	434683	512347	100	90	0.858362	0.892377	40	40	0	217	1958	1.03327	0.856203	1450
213	1.07049e+006	1172	510882	555439	100	90	0.780525	0.892377	40	40	0	217	1958	1.02889	0.856971	1450
214	1.15513e+006	998	560936	590055	100	90	0.820776	0.892377	40	40	0	217	1958	1.03371	0.87031	1450
215	1.19967e+006	961	590195	605786	100	90	0.921935	0.892377	40	40	0	217	1958	1.0375	0.878142	1450
216	1.16988e+006	1633	583395	586489	100	90	1.5741	0.892377	40	40	0	217	1958	1.04091	0.886434	1450
217	1.13142e+006	1489	569066	562349	100	90	1.64125	0.892377	40	40	0	217	1958	1.04714	0.89393	1450
218	1.06323e+006	1366	539643	523588	100	90	1.81591	0.892377	40	40	0	217	1958	1.04803	0.875375	1450
219	1.04965e+006	1161	536258	513387	100	90	1.85311	0.892377	40	40	0	217	1958	1.05313	0.865606	1450
220	772427	981	287223	485204	100	90	1.93914	0.892377	40	40	244146	217	1958	1.06359	0.864301	1450
221	801539	857	349445	452094	100	90	2.08585	0.892377	40	40	244146	217	1958	1.08813	0.880866	1450
222	804608	759	379967	424640	100	90	2.19007	0.892377	40	40	244146	217	1958	1.0957	0.877883	1450
223	782660	690	385376	397283	100	90	2.26144	0.892377	40	40	244146	217	1958	1.11236	0.881481	1450
224	724278	609	364015	360264	100	90	2.22898	0.892377	40	40	244146	217	1958	1.13734	0.904523	1450
225	692395	553	351936	340459	100	90	2.28295	0.892377	40	40	244146	217	1958	1.1476	0.901304	1450
226	453667	482	147476	305858	100	90	2.29022	0.892377	40	40	449271	217	1958	1.13534	0.901709	1450
227	469860	421	191818	270926	100	90	2.28724	0.892377	40	40	449271	217	1958	1.14192	0.907543	1450
228	487013	390	221525	255611	100	90	2.30415	0.892377	40	40	449271	217	1958	1.14115	0.909574	1450
229	474917	348	226565	236263	100	90	2.34539	0.892377	40	40	449271	217	1958	1.12032	0.889222	1450
230	335620	314	114898	218660	100	90	2.35768	0.892377	40	40	449271	217	1958	1.12883	0.899666	1450
231	365457	293	157585	207871	100	90	2.36431	0.892377	40	40	449271	217	1958	1.14333	0.916968	1450
232	249144	248	65442.8	183701	100	90	0.163883	0.892377	40	40	472622	217	1958	1.00473	0.904428	1450
233	410465	200	175161	235305	100	90	0.104718	0.892377	40	40	472622	217	1958	1.00304	0.904575	1450
234	733736	179	341998	391737	100	90	0.101275	0.892377	40	40	472622	217	1958	1.00285	0.90616	1450
235	977506	158	463036	514470	100	90	0.102076	0.892377	40	40	472622	217	1958	1.00325	0.916043	1450
236	1.05428e+006	148	505605	548680	100	90	0.113331	0.892377	40	40	472622	217	1958	1.00483	0.923583	1450
237	1.0439e+006	2836	507974	535929	100	90	1.26725	0.892377	40	40	472622	217	1958	1.00562	0.91079	1450
238	1.04238e+006	2227	514898	527483	100	90	1.26004	0.892377	40	40	472622	217	1958	1.00596	0.892211	1450
239	788923	1897	249140	539783	100	90	1.36788	0.892377	40	40	472622	217	1958	1.00716	0.878443	1450
240	708635	1780	175507	533128	100	90	1.46192	0.892377	36	40	472622	217	1958	1.15172	1.14754	1450
241	817138	1522	305009	508299	100	90	1.24999	0.892377	40	40	0	217	1958	1.11421	1.00945	1450
242	886156	1296	386470	494721	100	90	1.14704	0.892377	40	40	0	217	1958	1.09156	0.972145	1450
243	964030	1106	452568	504822	100	90	1.08518	0.892377	40	40	0	217	1958	1.08272	0.959987	1450
244	1.03712e+006	905	501981	528786	100	90	1.06314	0.892377	40	40	0	217	1958	1.08601	0.95908	1450
245	1.14601e+006	974	561349	578682	100	90	1.24499	0.892377	40	40	0	217	1958	1.09625	0.962264	1450
246	862377	1419	282441	579936	100	90	1.7612	0.892377	40	40	0	217	1958	1.09356	0.949022	1450
247	947017	1360	383619	563398	100	90	1.85019	0.892377	40	40	0	217	1958	1.09449	0.949502	1450
248	1.01672e+006	1275	461740	554982	100	90	1.93796	0.892377	40	40	0	217	1958	1.09577	0.952775	1450
249	1.00755e+006	1103	484309	523238	100	90	1.93468	0.892377	40	40	0	217	1958	1.09841	0.958015	1450
250	793609	926	313060	480549	100	90	1.97182	0.892377	40	40	173981	217	1958	1.10775	0.960091	1450
251	810588	813	363830	446758	100	90	1.99806	0.892377	40	40	173981	217	1958	1.1163	0.959948	1450
252	778859	708	372190	406669	100	90	2.0237	0.892377	40	40	173981	217	1958	1.12562	0.968843	1450
253	732572	629	360031	372540	100	90	2.04636	0.892377	40	40	173981	217	1958	1.1361	0.986509	1450
254	519226	567	172692	346534	100	90	2.06623	0.892377	40	40	173981	217	1958	1.1631	1.0056	1450
255	558720	520	232637	326083	100	90	2.08622	0.892377	40	40	173981	217	1958	1.18233	1.0224	1450
256	453891	452	159967	293147	100	90	2.06463	0.892377	40	40	283550	217	1958	1.19826	1.03521	1450
257	497020	422	214254	276980	100	90	2.08074	0.892377	40	40	283550	217	1958	1.21905	1.05357	1450
258	506230	388	236495	262832	100	90	2.09242	0.892377	40	40	283550	217	1958	1.22487	1.05932	1450
259	368438	361	119770	247281	100	90	2.13073	0.892377	40	40	283550	217	1958	1.21512	1.04294	1450
260	390841	327	163385	226319	100	90	2.10197	0.892377	40	40	283550	217	1958	1.24262	1.08997	1450
261	401031	301	187791	213240	100	90	2.04501	0.892377	40	40	283550	217	1958	1.27857	1.11698	1450
262	315666	285	107596	208070	100	90	0.165529	0.892377	40	40	379055	217	1958	1.00784	0.952765	1450
263	497158	247	223646	273512	100	90	0.115073	0.892377	40	40	379055	217	1958	1.00551	0.950163	1450
264	802908	226	379128	423780	100	90	0.113438	0.892377	40	40	379055	217	1958	1.00581	0.953463	1450
265	1.00331e+006	207	477734	525577	100	90	0.119906	0.892377	40	40	379055	217	1958	1.00549	0.955335	1450
266	1.07022e+006	198	514370	555847	100	90	0.137087	0.892377	40	40	379055	217	1958	1.00743	0.951636	1450
267	1.03135e+006	2824	501392	529957	100	90	1.17873	0.892377	40	40	379055	217	1958	1.00922	0.941625	1450
268	1.02494e+006	2153	505411	519528	100	90	1.16776	0.892377	40	40	379055	217	1958	1.01048	0.927445	1450
269	1.03343e+006	1736	516677	516752	100	90	1.27005	0.892377	40	40	379055	217	1958	1.01563	0.923523	1450
270	781871	1569	264292	517579	100	90	1.28683	0.892377	39	40	379055	217	1958	1.19218	1.2847	1450
271	866321	1348	370725	489333	100	90	1.09515	0.892377	40	40	0	217	1958	1.14842	1.09068	1450
272	912247	1164	422908	479740	100	90	0.998714	0.892377	40	40	0	217	1958	1.11965	1.04147	1450
273	1.0152e+006	1040	486785	517795	100	90	0.960633	0.892377	40	40	0	217	1958	1.10656	1.01661	1450
274	1.10097e+006	898	535513	555179	100	90	0.960124	0.892377	40	40	0	217	1958	1.10922	1.00877	1450
275	1.17703e+006	975	576340	591420	100	90	1.11533	0.892377	40	40	0	217	1958	1.11381	0.998662	1450
276	1.1851e+006	1407	588054	597047	100	90	1.56893	0.892377	40	40	0	217	1958	1.12647	0.993586	1450
277	1.13464e+006	1332	564620	570021	100	90	1.68331	0.892377	40	40	0	217	1958	1.13344	0.997773	1450
278	1.11074e+006	1229	555588	555154	100	90	1.75025	0.892377	40	40	0	217	1958	1.14223	1.00266	1450
279	1.08482e+006	1084	544956	539865	100	90	1.75311	0.892377	40	40	0	217	1958	1.1446	1.01204	1450
280	853992	938	351172	502820	100	90	1.80402	0.892377	40	40	177213	217	1958	1.15679	1.02207	1450
281	879080	847	402639	476441	100	90	1.85886	0.892377	40	40	177213	217	1958	1.17259	1.03085	1450
282	848041	748	408151	439890	100	90	1.90704	0.892377	40	40	177213	217	1958	1.18961	1.03623	1450
283	796506	672	390501	406005	100	90	1.95628	0.892377	40	40	177213	217	1958	1.21045	1.05502	1450
284	739520	600	365426	374094	100	90	1.96933	0.892377	40	40	177213	217	1958	1.2377	1.07875	1450
285	709272	558	353224	356048	100	90	1.97843	0.892377	40	40	177213	217	1958	1.2491	1.09289	1450
286	507383	481	194725	311882	100	90	1.92656	0.892377	40	40	321269	217	1958	1.27966	1.11085	1450
287	522230	433	231180	286126	100	90	1.95586	0.892377	40	40	321269	217	1958	1.29854	1.11886	1450
288	509072	394	240576	262324	100	90	1.93529	0.892377	40	40	321269	217	1958	1.33515	1.17391	1450
289	488503	363	234607	247062	100	90	1.94728	0.892377	40	40	321269	217	1958	1.32934	1.16242	1450
290	449261	330	219444	223507	100	90	1.98473	0.892377	40	40	321269	217	1958	1.33898	1.15771	1450
291	397730	283	199214	198516	100	90	1.93458	0.892377	40	40	321269	217	1958	1.36111	1.16667	1450
292	302941	267	113101	189840	100	90	0.0969439	0.892377	40	40	409576	217	1958	1.00538	0.895947	1450
293	468200	232	147079	321121	100	90	0.0746746	0.892377	40	40	409576	217	1958	1.00392	0.893524	1450
294	784370	213	310808	473562	100	90	0.0642385	0.892377	40	40	409576	217	1958	1.00317	0.896549	1450
295	918287	201	395211	523076	100	90	0.067841	0.892377	39	40	409576	217	1958	1.00319	0.918939	1450
296	854494	189	388373	466120	100	90	0.0786293	0.892377	39	40	409576	217	1958	1.00418	0.937527	1450
297	881045	2994	417783	463261	100	90	0.97629	0.892377	39	40	409576	217	1958	1.00474	0.932949	1450
298	973487	2535	473784	499703	100	90	1.11401	0.892377	39	40	409576	217	1958	1.00579	0.924935	1450
299	1.03862e+006	2260	512961	525660	100	90	1.35491	0.892377	39	40	409576	217	1958	1.0096	0.920267	1450
300	788838	2012	263068	525770	100	90	1.53277	0.892377	35	40	409576	217	1958	1.11348	1.10015	1450
301	891288	1673	379050	508015	100	90	0.981318	0.892377	40	40	0	217	1958	1.05674	0.939317	1450
302	979482	1418	453800	519236	100	90	0.839818	0.892377	40	40	0	217	1958	1.04344	0.92152	1450
303	1.09788e+006	1248	527194	563761	100	90	0.81361	0.892377	40	40	0	217	1958	1.04002	0.914441	1450
304	1.172e+006	1052	569654	595381	100	90	0.822253	0.892377	40	40	0	217	1958	1.04226	0.918101	1450
305	1.19929e+006	1014	587492	605841	100	90	0.904108	0.892377	40	40	0	217	1958	1.0461	0.923313	1450
306	1.13168e+006	1699	561075	570605	100	90	1.51272	0.892377	40	40	0	217	1958	1.04944	0.9173	1450
307	1.10228e+006	1531	551239	551039	100	90	1.57646	0.892377	40	40	0	217	1958	1.05411	0.909947	1450
308	1.03411e+006	1393	521668	512444	100	90	1.70875	0.892377	40	40	0	217	1958	1.05427	0.900516	1450
309	1.0124e+006	1175	513999	498405	100	90	1.77652	0.892377	40	40	0	217	1958	1.0632	0.902269	1450
310	768962	971	310061	458901	100	90	1.85516	0.892377	40	40	182002	217	1958	1.06802	0.886076	1450
311	815450	877	372860	442590	100	90	1.97871	0.892377	40	40	182002	217	1958	1.07067	0.882558	1450
312	794577	774	386573	408004	100	90	2.04064	0.892377	40	40	182002	217	1958	1.07953	0.875	1450
313	782520	717	388462	394057	100	90	2.08068	0.892377	40	40	182002	217	1958	1.0908	0.88478	1450
314	705671	624	355219	350452	100	90	2.11681	0.892377	40	40	182002	217	1958	1.10653	0.91162	1450
315	687744	583	347736	340007	100	90	2.14082	0.892377	40	40	182002	217	1958	1.11599	0.92807	1450
316	501997	535	183614	317793	100	90	2.10926	0.892377	40	40	349540	217	1958	1.12394	0.935115	1450
317	557125	510	242329	307097	100	90	2.12638	0.892377	40	40	349540	217	1958	1.13479	0.949495	1450
318	524353	444	246185	268691	100	90	2.12544	0.892377	40	40	349540	217	1958	1.13742	0.934579	1450
319	506853	407	244699	250952	100	90	2.15081	0.892377	40	40	349540	217	1958	1.13915	0.940722	1450
320	476996	370	234272	232658	100	90	2.20471	0.892377	40	40	349540	217	1958	1.15364	0.953623	1450
321	444068	342	224515	219553	100	90	2.17634	0.892377	40	40	349540	217	1958	1.1686	0.971698	1450
322	320888	314	111412	209476	100	90	0.114674	0.892377	40	40	460928	217	1958	1.00344	0.827525	1450
323	652229	286	300380	351849	100	90	0.0930607	0.892377	40	40	460928	217	1958	1.00306	0.832423	1450
324	703178	231	222786	480391	100	90	0.0814547	0.892377	40	40	460928	217	1958	1.00287	0.857001	1450
325	735020	228	270470	464549	100	90	0.076461	0.892377	40	40	460928	217	1958	1.00251	0.875613	1450
326	772313	187	329340	442973	100	90	0.0766165	0.892377	40	40	460928	217	1958	1.0025	0.888127	1450
327	868662	3271	402109	466553	100	90	1.01474	0.892377	40	40	460928	217	1958	1.00313	0.900349	1450
328	964877	2929	463475	501403	100	90	1.23225	0.892377	40	40	460928	217	1958	1.00417	0.919137	1450
329	998716	2304	490450	508266	100	90	1.36497	0.892377	40	40	460928	217	1958	1.00589	0.914863	1450
330	774339	2119	256426	517913	100	90	1.57187	0.892377	39	40	460928	217	1958	1.08408	1.05078	1450
331	896467	1805	380028	513058	100	90	0.986734	0.892377	40	40	0	217	1958	1.04055	0.88132	1450
332	978663	1470	453218	520466	100	90	0.802367	0.892377	40	40	0	217	1958	1.02959	0.85902	1450
333	1.09918e+006	1233	528198	565534	100	90	0.726039	0.892377	40	40	0	217	1958	1.02381	0.857098	1450
334	1.17653e+006	1048	573096	598163	100	90	0.745103	0.892377	40	40	0	217	1958	1.02416	0.875382	1450
335	1.19764e+006	998	590010	603114	100	90	0.797053	0.892377	40	40	0	217	1958	1.02592	0.891011	1450
336	1.17604e+006	1947	587645	588398	100	90	1.44862	0.892377	40	40	0	217	1958	1.02972	0.884867	1450
337	1.14823e+006	1701	578111	570116	100	90	1.5146	0.892377	40	40	0	217	1958	1.03154	0.876663	1450
338	1.10513e+006	1600	559117	546014	100	90	1.66562	0.892377	40	40	0	217	1958	1.03433	0.873966	1450
339	1.05508e+006	1351	536117	518961	100	90	1.72731	0.892377	40	40	0	217	1958	1.03965	0.871332	1450
340	838922	1168	340887	498036	100	90	1.80443	0.892377	40	40	191873	217	1958	1.04606	0.875652	1450
341	891285	1072	408558	482727	100	90	1.90872	0.892377	40	40	191873	217	1958	1.0554	0.893435	1450
342	855675	935	412699	442976	100	90	1.97726	0.892377	40	40	191873	217	1958	1.06799	0.90564	1450
343	796680	809	394066	402614	100	90	2.02456	0.892377	40	40	191873	217	1958	1.07263	0.906133	1450
344	735746	696	368803	366942	100	90	2.0814	0.892377	40	40	191873	217	1958	1.07918	0.905933	1450
345	701229	639	353850	347378	100	90	2.11785	0.892377	40	40	191873	217	1958	1.08633	0.91746	1450
346	503728	586	178688	324593	100	90	2.1137	0.892377	40	40	370612	217	1958	1.10032	0.940767	1450
347	536216	525	230010	297549	100	90	2.08137	0.892377	40	40	370612	217	1958	1.13393	0.96332	1450
348	533801	468	248955	273650	100	90	2.08232	0.892377	40	40	370612	217	1958	1.125	0.943478	1450
349	386688	430	127432	256614	100	90	2.08363	0.892377	40	40	370612	217	1958	1.14412	0.969267	1450
350	424220	400	177134	244628	100	90	2.09941	0.892377	40	40	370612	217	1958	1.14149	0.971722	1450
351	435824	370	204119	231705	100	90	2.1286	0.892377	40	40	370612	217	1958	1.14439	0.985955	1450
352	300937	313	99078	201859	100	90	0.175567	0.892377	40	40	479884	217	1958	1.00554	0.894015	1450
353	396243	290	114910	281332	100	90	0.12993	0.892377	40	40	479884	217	1958	1.00432	0.892286	1450
354	715182	270	291425	423757	100	90	0.119085	0.892377	40	40	479884	217	1958	1.0037	0.897473	1450
355	939487	253	418967	520520	100	90	0.127259	0.892377	40	40	479884	217	1958	1.00394	0.912249	1450
356	976022	225	452899	523123	100	90	0.139149	0.892377	40	40	479884	217	1958	1.00436	0.934457	1450
357	991370	2732	473845	517525	100	90	1.13268	0.892377	40	40	479884	217	1958	1.00499	0.924807	1450
358	750391	2356	224781	525610	100	90	1.22329	0.892377	40	40	479884	217	1958	1.00665	0.915449	1450
359	837420	2058	327241	510179	100	90	1.41517	0.892377	40	40	479884	217	1958	1.00895	0.907111	1450
360	714818	1837	206514	508305	100	90	1.5253	0.892377	40	40	479884	217	1958	1.14374	1.13479	1450
361	821748	1567	331176	486915	100	90	1.20292	0.892377	40	40	0	217	1958	1.09604	1	1450
362	914612	1370	414074	495339	100	90	1.07212	0.892377	40	40	0	217	1958	1.07584	0.963631	1450
363	1.00545e+006	1180	478513	520439	100	90	1.00632	0.892377	40	40	0	217	1958	1.06481	0.946898	1450
364	802011	952	259965	540932	100	90	0.980879	0.892377	40	40	0	217	1958	1.06382	0.939488	1450
365	971119	1019	391931	578166	100	90	1.15911	0.892377	40	40	0	217	1958	1.07002	0.948494	1450
366	816340	1591	233350	582990	100	90	1.74703	0.892377	40	40	0	217	1958	1.07309	0.943011	1450
367	740267	1524	173452	566815	100	90	1.88588	0.892377	40	40	0	217	1958	1.0806	0.949326	1450
368	813519	1393	288990	524529	100	90	1.98149	0.892377	40	40	0	217	1958	1.08606	0.953612	1450
369	877380	1194	379790	497590	100	90	1.97571	0.892377	40	40	0	217	1958	1.09156	0.957371	1450
370	792030	1027	318178	473852	100	90	2.00558	0.892377	40	40	115524	217	1958	1.10468	0.96904	1450
371	856584	946	394311	462273	100	90	2.00795	0.892377	40	40	115524	217	1958	1.11485	0.979866	1450
372	869337	877	420144	449193	100	90	1.99786	0.892377	40	40	115524	217	1958	1.12525	0.984337	1450
373	623557	790	203528	420028	100	90	2.00762	0.892377	40	40	115524	217	1958	1.12642	0.981308	1450
374	656123	703	270064	386059	100	90	2.02087	0.892377	40	40	115524	217	1958	1.14531	1	1450
375	640120	606	296992	343128	100	90	2.04371	0.892377	40	40	115524	217	1958	1.1466	0.989529	1450
376	485203	527	179438	305039	100	90	2.05422	0.892377	40	40	247121	217	1958	1.14311	0.97996	1450
377	487885	453	216458	264769	100	90	2.12541	0.892377	40	40	247121	217	1958	1.12632	0.974178	1450
378	477993	401	228708	240988	100	90	2.11929	0.892377	40	40	247121	217	1958	1.1327	0.958333	1450
379	447827	355	218488	219916	100	90	2.07783	0.892377	40	40	247121	217	1958	1.144	0.982249	1450
380	432712	328	213861	210216	100	90	2.12163	0.892377	40	40	247121	217	1958	1.13947	0.983923	1450
381	401422	302	202989	198433	100	90	2.11337	0.892377	40	40	247121	217	1958	1.14194	0.98951	1450
382	287728	277	100995	186733	100	90	0.107306	0.892377	40	40	349420	217	1958	1.00313	0.832217	1450
383	600690	261	278376	322313	100	90	0.0887118	0.892377	40	40	349420	217	1958	1.00259	0.836992	1450
384	894600	234	423654	470947	100	90	0.0882191	0.892377	40	40	349420	217	1958	1.00258	0.847657	1450
385	932717	222	446200	486516	100	90	0.0933797	0.892377	40	40	349420	217	1958	1.00331	0.888193	1450
386	873232	217	426826	446406	100	90	0.109427	0.892377	40	40	349420	217	1958	1.00435	0.90913	1450
387	911328	2765	452892	458436	100	90	1.0438	0.892377	40	40	349420	217	1958	1.00579	0.899843	1450
388	1.00335e+006	2435	502976	500378	100	90	1.15825	0.892377	40	40	349420	217	1958	1.0063	0.901522	1450
389	755740	2151	242747	512993	100	90	1.37962	0.892377	40	40	349420	217	1958	1.00857	0.902716	1450
390	666912	1988	167836	499076	100	90	1.59	0.892377	38	40	349420	217	1958	1.09533	1.04146	1450
391	761577	1649	290024	469985	100	90	0.901213	0.892377	40	40	0	217	1958	1.04021	0.901338	1450
392	866837	1372	385635	478653	100	90	0.745861	0.892377	40	40	0	217	1958	1.02803	0.886089	1450
393	1.00184e+006	1178	475080	523531	100	90	0.730768	0.892377	40	40	0	217	1958	1.02605	0.886502	1450
394	1.09455e+006	1010	530831	560606	100	90	0.777751	0.892377	40	40	0	217	1958	1.02776	0.898668	1450
395	837396	982	266677	570259	100	90	0.896992	0.892377	40	40	0	217	1958	1.03499	0.909061	1450
396	922262	1895	371371	550891	100	90	1.58771	0.892377	40	40	0	217	1958	1.03526	0.90339	1450
397	997605	1730	454368	543238	100	90	1.67862	0.892377	40	40	0	217	1958	1.03631	0.898747	1450
398	1.00626e+006	1614	486376	519886	100	90	1.81709	0.892377	40	40	0	217	1958	1.04322	0.895475	1450
399	987006	1347	491318	495688	100	90	1.84577	0.892377	40	40	0	217	1958	1.05529	0.900612	1450
400	785733	1169	323286	462447	100	90	1.85855	0.892377	40	40	170758	217	1958	1.06215	0.902717	1450
401	794089	1025	368755	425334	100	90	1.90829	0.892377	40	40	170758	217	1958	1.07218	0.905378	1450
402	607582	953	196820	410763	100	90	1.96717	0.892377	40	40	170758	217	1958	1.07924	0.906351	1450
403	621906	803	257540	364367	100	90	2.05396	0.892377	40	40	170758	217	1958	1.09341	0.911311	1450
404	639586	724	299787	339798	100	90	2.09238	0.892377	40	40	170758	217	1958	1.1114	0.922747	1450
405	624112	657	307446	316666	100	90	2.08956	0.892377	40	40	170758	217	1958	1.12926	0.936909	1450
406	469661	587	179276	289543	100	90	2.07904	0.892377	40	40	308239	217	1958	1.13492	0.929577	1450
407	521611	560	231999	279160	100	90	2.08062	0.892377	40	40	308239	217	1958	1.15398	0.95709	1450
408	398902	521	131232	265297	100	90	2.09946	0.892377	40	40	308239	217	1958	1.15625	0.955645	1450
409	429440	468	177696	243010	100	90	2.10583	0.892377	40	40	308239	217	1958	1.16985	0.974828	1450
410	451765	436	211297	232538	100	90	2.12223	0.892377	40	40	308239	217	1958	1.18245	0.982759	1450
411	437507	401	217509	219998	100	90	2.13718	0.892377	40	40	308239	217	1958	1.19494	0.989276	1450
412	323435	365	115776	207660	100	90	0.147172	0.892377	40	40	411941	217	1958	1.00494	0.826619	1450
413	601783	327	279430	322353	100	90	0.115473	0.892377	40	40	411941	217	1958	1.00428	0.823855	1450
414	881343	262	418572	462771	100	90	0.101044	0.892377	40	40	411941	217	1958	1.00443	0.840931	1450
415	915280	240	440604	474676	100	90	0.102711	0.892377	40	40	411941	217	1958	1.00448	0.883379	1450
416	852704	224	419331	433373	100	90	0.1136	0.892377	39	40	411941	217	1958	1.00472	0.902906	1450
417	907494	2841	453104	454390	100	90	1.02326	0.892377	39	40	411941	217	1958	1.00641	0.894808	1450
418	722951	2516	227794	495157	100	90	1.14416	0.892377	39	40	411941	217	1958	1.00834	0.895449	1450
419	829285	2260	330467	498818	100	90	1.39922	0.892377	39	40	411941	217	1958	1.01155	0.897911	1450
420	726308	2115	211962	514346	100	90	1.61439	0.892377	37	40	411941	217	1958	1.10087	1.0455	1450
421	809896	1734	330551	478744	100	90	1.00687	0.892377	40	40	0	217	1958	1.04649	0.891231	1450
422	902568	1483	414946	486731	100	90	0.837481	0.892377	40	40	0	217	1958	1.03106	0.872515	1450
423	1.01763e+006	1268	491312	525361	100	90	0.771021	0.892377	40	40	0	217	1958	1.02609	0.868272	1450
424	1.13018e+006	1126	555427	573757	100	90	0.825784	0.892377	40	40	0	217	1958	1.03038	0.882778	1450
425	1.17517e+006	1074	584455	590013	100	90	0.897679	0.892377	40	40	0	217	1958	1.03424	0.895717	1450
426	1.15714e+006	1882	581274	575869	100	90	1.52914	0.892377	40	40	0	217	1958	1.03912	0.896955	1450
427	1.11807e+006	1718	566189	551878	100	90	1.59598	0.892377	40	40	0	217	1958	1.04709	0.899786	1450
428	1.07652e+006	1584	548916	527602	100	90	1.72801	0.892377	40	40	0	217	1958	1.05722	0.902995	1450
429	1.01987e+006	1354	523723	496144	100	90	1.74591	0.892377	40	40	0	217	1958	1.05703	0.894537	1450
430	789872	1188	319930	469943	100	90	1.78683	0.892377	40	40	198065	217	1958	1.06675	0.900433	1450
431	820625	1060	377090	443535	100	90	1.89344	0.892377	40	40	198065	217	1958	1.08034	0.907498	1450
432	597635	936	188851	408784	100	90	1.94963	0.892377	40	40	198065	217	1958	1.08942	0.917673	1450
433	513598	845	132284	381314	100	90	2.00515	0.892377	40	40	198065	217	1958	1.10319	0.927007	1450
434	464697	772	108339	356358	100	90	2.04786	0.892377	40	40	198065	217	1958	1.10278	0.929144	1450
435	507392	690	186643	320749	100	90	2.07735	0.892377	40	40	198065	217	1958	1.10833	0.941353	1450
436	460104	622	165893	292226	100	90	2.0689	0.892377	40	40	284735	217	1958	1.12716	0.954622	1450
437	507277	575	220384	275220	100	90	2.07951	0.892377	40	40	284735	217	1958	1.12394	0.950549	1450
438	482668	487	228026	241532	100	90	2.09351	0.892377	40	40	284735	217	1958	1.12072	0.928416	1450
439	477070	447	231812	228823	100	90	2.12586	0.892377	40	40	284735	217	1958	1.1191	0.933174	1450
440	450482	401	222361	213507	100	90	2.14089	0.892377	40	40	284735	217	1958	1.10777	0.933511	1450
441	398338	359	205055	193284	100	90	2.2162	0.892377	40	40	284735	217	1958	1.09375	0.904762	1450
442	276143	322	97098.7	179044	100	90	0.106629	0.892377	40	40	389013	217	1958	1.00224	0.847656	1450
443	628972	284	294093	334879	100	90	0.0873459	0.892377	40	40	389013	217	1958	1.00211	0.847858	1450
444	913788	242	434817	478971	100	90	0.0788255	0.892377	40	40	389013	217	1958	1.00225	0.86877	1450
445	899674	205	433645	466029	100	90	0.0736772	0.892377	40	40	389013	217	1958	1.00247	0.908859	1450
446	816935	173	403443	413492	100	90	0.0739583	0.892377	40	40	389013	217	1958	1.00294	0.917702	1450
447	862885	3188	432397	430488	100	90	0.981435	0.892377	40	40	389013	217	1958	1.0038	0.910381	1450
448	970934	2636	490311	480623	100	90	1.075	0.892377	40	40	389013	217	1958	1.00536	0.918934	1450
449	1.04722e+006	2365	530216	517008	100	90	1.30689	0.892377	40	40	389013	217	1958	1.00844	0.916456	1450
450	771063	2099	262635	508428	100	90	1.49346	0.892377	37	40	389013	217	1958	1.08711	1.05641	1450
451	887328	1795	385105	501906	100	90	0.827659	0.892377	40	40	0	217	1958	1.03466	0.897747	1450
452	980322	1482	463297	516545	100	90	0.678874	0.892377	40	40	0	217	1958	1.02446	0.883691	1450
453	1.08463e+006	1219	527506	556532	100	90	0.611588	0.892377	40	40	0	217	1958	1.01946	0.883279	1450
454	1.14871e+006	1074	565614	582494	100	90	0.667159	0.892377	40	40	0	217	1958	1.0222	0.902395	1450
455	1.11499e+006	965	554311	560203	100	90	0.700731	0.892377	40	40	0	217	1958	1.02472	0.914663	1450
456	1.08391e+006	2080	545117	538794	100	90	1.36542	0.892377	40	40	0	217	1958	1.02708	0.90538	1450
457	1.07521e+006	1751	545320	529886	100	90	1.38833	0.892377	40	40	0	217	1958	1.03189	0.897626	1450
458	751473	1637	248651	502822	100	90	1.57312	0.892377	40	40	0	217	1958	1.03839	0.892588	1450
459	648808	1435	166260	482548	100	90	1.68667	0.892377	40	40	0	217	1958	1.03914	0.887143	1450
460	598495	1292	135402	463093	100	90	1.82635	0.892377	40	40	1242.3	217	1958	1.04679	0.888712	1450
461	658998	1124	237495	421503	100	90	1.94261	0.892377	40	40	1242.3	217	1958	1.05051	0.884721	1450
462	713061	1012	315035	398026	100	90	1.99226	0.892377	40	40	1242.3	217	1958	1.05438	0.888211	1450
463	709248	878	340275	368973	100	90	1.97552	0.892377	40	40	1242.3	217	1958	1.07426	0.905993	1450
464	697303	796	347064	350239	100	90	1.98743	0.892377	40	40	1242.3	217	1958	1.09396	0.932468	1450
465	653314	702	331217	322097	100	90	1.97355	0.892377	40	40	1242.3	217	1958	1.09987	0.926686	1450
466	467501	624	172828	293924	100	90	1.9823	0.892377	40	40	166208	217	1958	1.1185	0.939145	1450
467	492459	556	214119	267501	100	90	1.99382	0.892377	40	40	166208	217	1958	1.12438	0.946197	1450
468	467268	480	220005	234204	100	90	2.01651	0.892377	40	40	166208	217	1958	1.13147	0.96087	1450
469	456450	429	221455	219350	100	90	2.02888	0.892377	40	40	166208	217	1958	1.14286	0.973105	1450
470	424218	377	209552	200821	100	90	2.0302	0.892377	40	40	166208	217	1958	1.13867	0.944134	1450
471	371625	329	191390	180235	100	90	2.03055	0.892377	40	40	166208	217	1958	1.14417	0.952077	1450
472	258164	305	88952.7	169211	100	90	0.101016	0.892377	40	40	267887	217	1958	1.00276	0.85254	1450
473	606020	275	282663	323357	100	90	0.0846321	0.892377	40	40	267887	217	1958	1.00251	0.852819	1450
474	899530	256	427555	471975	100	90	0.0841711	0.892377	40	40	267887	217	1958	1.00263	0.871704	1450
475	906031	233	435803	470228	100	90	0.0856351	0.892377	40	40	267887	217	1958	1.00306	0.905229	1450
476	824018	213	405352	418666	100	90	0.0936776	0.892377	40	40	267887	217	1958	1.00325	0.91329	1450
477	862570	2822	431082	431488	100	90	0.963081	0.892377	39	40	267887	217	1958	1.00367	0.899816	1450
478	945367	2360	476178	469189	100	90	1.06011	0.892377	39	40	267887	217	1958	1.00581	0.903111	1450
479	989490	2106	500689	488801	100	90	1.26953	0.892377	39	40	267887	217	1958	1.00884	0.904409	1450
480	747799	1889	255443	492356	100	90	1.45777	0.892377	39	40	267887	217	1958	1.11029	1.07528	1450
481	854170	1607	374826	478934	100	90	0.817403	0.892377	40	40	0	217	1958	1.04437	0.911424	1450
482	711957	1361	220891	490876	100	90	0.679034	0.892377	40	40	0	217	1958	1.02867	0.890879	1450
483	907686	1151	370768	536611	100	90	0.564654	0.892377	40	40	0	217	1958	1.02152	0.886166	1450
484	1.06003e+006	1033	480526	579119	100	90	0.611504	0.892377	40	40	0	217	1958	1.02307	0.896078	1450
485	1.10022e+006	1002	522169	577673	100	90	0.712248	0.892377	40	40	0	217	1958	1.02798	0.910937	1450
486	1.09312e+006	1967	534971	558150	100	90	1.33131	0.892377	40	40	0	217	1958	1.03333	0.908211	1450
487	1.08834e+006	1812	542405	545933	100	90	1.39751	0.892377	40	40	0	217	1958	1.03493	0.896204	1450
488	1.04637e+006	1672	527316	519051	100	90	1.56308	0.892377	40	40	0	217	1958	1.04172	0.883364	1450
489	992566	1365	504150	488416	100	90	1.61543	0.892377	40	40	0	217	1958	1.04535	0.869138	1450
490	763182	1175	302006	461176	100	90	1.71473	0.892377	40	40	200688	217	1958	1.05975	0.877193	1450
491	608170	1026	173967	434203	100	90	1.83212	0.892377	40	40	200688	217	1958	1.06692	0.873874	1450
492	653157	905	259333	393824	100	90	1.92058	0.892377	40	40	200688	217	1958	1.07858	0.887882	1450
493	686532	819	314615	371917	100	90	1.94147	0.892377	40	40	200688	217	1958	1.09829	0.912281	1450
494	652446	697	317622	334824	100	90	1.95087	0.892377	40	40	200688	217	1958	1.12581	0.943787	1450
495	614915	615	307706	307208	100	90	1.98085	0.892377	40	40	200688	217	1958	1.12331	0.937394	1450
496	445325	566	154455	290315	100	90	1.99237	0.892377	40	40	368973	217	1958	1.12438	0.930018	1450
497	490482	517	207542	272664	100	90	2.0135	0.892377	40	40	368973	217	1958	1.13704	0.935354	1450
498	493788	468	230293	250921	100	90	2.05678	0.892377	40	40	368973	217	1958	1.1289	0.93018	1450
499	502577	445	241650	243896	100	90	2.08773	0.892377	40	40	368973	217	1958	1.12277	0.91866	1450
500	355408	410	123120	229330	100	90	2.10003	0.892377	40	40	368973	217	1958	1.10513	0.901554	1450
501	371340	367	161585	209755	100	90	2.06881	0.892377	40	40	368973	217	1958	1.13008	0.924638	1450
502	286317	332	90796.8	195521	100	90	0.206797	0.892377	40	40	467111	217	1958	1.00605	0.875372	1450
503	466993	312	206704	260289	100	90	0.158285	0.892377	40	40	467111	217	1958	1.00463	0.875923	1450
504	759026	281	358936	400089	100	90	0.154562	0.892377	40	40	467111	217	1958	1.00493	0.882218	1450
505	972099	269	465308	506791	100	90	0.17001	0.892377	40	40	467111	217	1958	1.00622	0.900925	1450
506	1.02935e+006	247	497921	531424	100	90	0.189542	0.892377	40	40	467111	217	1958	1.00745	0.9125	1450
507	1.02342e+006	2589	503165	520256	100	90	1.2823	0.892377	40	40	467111	217	1958	1.00763	0.90693	1450
508	1.03857e+006	2164	517332	521235	100	90	1.2992	0.892377	40	40	467111	217	1958	1.0089	0.892799	1450
509	1.05216e+006	1779	530367	521794	100	90	1.35531	0.892377	40	40	467111	217	1958	1.01344	0.887739	1450
510	768847	1596	261964	506883	100	90	1.33657	0.892377	39	40	467111	217	1958	1.21753	1.26199	1450
511	846558	1381	370809	474883	100	90	1.18158	0.892377	40	40	0	217	1958	1.15896	1.0595	1450
512	891490	1204	422685	467453	100	90	1.08583	0.892377	40	40	0	217	1958	1.1158	0.990496	1450
513	986079	1129	483216	501194	100	90	1.10373	0.892377	40	40	0	217	1958	1.10369	0.962786	1450
514	1.02033e+006	963	506445	512181	100	90	1.12758	0.892377	40	40	0	217	1958	1.10181	0.949301	1450
515	1.09314e+006	1032	546141	545397	100	90	1.31495	0.892377	40	40	0	217	1958	1.11001	0.95615	1450
516	1.09362e+006	1300	549942	543673	100	90	1.72581	0.892377	40	40	0	217	1958	1.11056	0.955758	1450
517	1.1055e+006	1293	559158	546344	100	90	1.8259	0.892377	40	40	0	217	1958	1.11946	0.961334	1450
518	1.06082e+006	1230	538968	521854	100	90	1.92602	0.892377	40	40	0	217	1958	1.11744	0.96063	1450
519	1.00024e+006	1072	509167	491069	100	90	1.92542	0.892377	40	40	0	217	1958	1.1256	0.96333	1450
520	741565	964	275161	466404	100	90	1.92497	0.892377	40	40	227384	217	1958	1.13624	0.975771	1450
521	755673	837	333938	421734	100	90	1.96259	0.892377	40	40	227384	217	1958	1.14378	0.984829	1450
522	761369	765	363686	397683	100	90	1.97368	0.892377	40	40	227384	217	1958	1.1531	0.980769	1450
523	716659	685	353687	362972	100	90	1.99649	0.892377	40	40	227384	217	1958	1.16854	0.978362	1450
524	663882	621	333184	330697	100	90	1.98797	0.892377	40	40	227384	217	1958	1.18367	1.00346	1450
525	623587	565	316321	307266	100	90	1.99308	0.892377	40	40	227384	217	1958	1.19825	1.01916	1450
526	457813	541	158460	298737	100	90	1.99994	0.892377	40	40	400081	217	1958	1.21043	1.03024	1450
527	490866	487	207350	273795	100	90	1.97807	0.892377	40	40	400081	217	1958	1.22385	1.06803	1450
528	485006	438	225948	247017	100	90	1.99978	0.892377	40	40	400081	217	1958	1.22967	1.06122	1450
529	474520	407	226993	232501	100	90	2.02506	0.892377	40	40	400081	217	1958	1.21558	1.04121	1450
530	455032	379	221557	219853	100	90	2.04048	0.892377	40	40	400081	217	1958	1.22096	1.04805	1450
531	313393	352	106881	206513	100	90	2.04107	0.892377	40	40	400081	217	1958	1.23676	1.06494	1450
532	298880	334	98278.7	200601	100	90	0.102377	0.892377	40	40	456443	217	1958	1.00417	0.901059	1450
533	655964	303	297667	358297	100	90	0.0933392	0.892377	40	40	456443	217	1958	1.00382	0.901098	1450
534	936271	273	438548	497723	100	90	0.0914577	0.892377	40	40	456443	217	1958	1.00401	0.912004	1450
535	958781	264	454560	504221	100	90	0.0958164	0.892377	40	40	456443	217	1958	1.00458	0.935517	1450
536	875724	250	423622	452102	100	90	0.107683	0.892377	40	40	456443	217	1958	1.00505	0.946061	1450
537	906828	2972	446398	460431	100	90	0.945768	0.892377	40	40	456443	217	1958	1.00665	0.938955	1450
538	728360	2448	220591	507769	100	90	1.0192	0.892377	40	40	456443	217	1958	1.00945	0.943198	1450
539	834679	2245	325650	509029	100	90	1.27858	0.892377	40	40	456443	217	1958	1.013	0.944933	1450
540	626679	2118	99901.1	526778	100	90	1.52448	0.892377	38	40	456443	217	1958	1.10709	1.09396	1450
541	738107	1847	224341	512509	100	90	0.737524	0.892377	40	40	0	217	1958	1.03286	0.931281	1450
542	916017	1622	367621	547147	100	90	0.6652	0.892377	40	40	0	217	1958	1.02635	0.930002	1450
543	1.07542e+006	1388	480409	592362	100	90	0.656394	0.892377	40	40	0	217	1958	1.0259	0.934504	1450
544	1.15749e+006	1166	543108	611823	100	90	0.70519	0.892377	40	40	0	217	1958	1.02944	0.941187	1450
545	1.21262e+006	1133	584583	625721	100	90	0.802377	0.892377	40	40	0	217	1958	1.03403	0.947466	1450
546	1.17919e+006	2087	579786	599399	100	90	1.42547	0.892377	40	40	0	217	1958	1.03968	0.940453	1450
547	1.12359e+006	1738	559244	564348	100	90	1.43948	0.892377	40	40	0	217	1958	1.04622	0.936623	1450
548	1.06947e+006	1569	536790	532676	100	90	1.55464	0.892377	40	40	0	217	1958	1.05846	0.945069	1450
549	1.02946e+006	1342	520796	508667	100	90	1.60121	0.892377	40	40	0	217	1958	1.06162	0.933846	1450
550	823794	1208	328286	495508	100	90	1.698	0.892377	40	40	199133	217	1958	1.07519	0.945923	1450
551	843830	1057	381504	462326	100	90	1.79236	0.892377	40	40	199133	217	1958	1.09699	0.960707	1450
552	830261	944	397996	432265	100	90	1.87416	0.892377	40	40	199133	217	1958	1.11818	0.974558	1450
553	784283	835	386708	397575	100	90	1.91355	0.892377	40	40	199133	217	1958	1.1302	0.971286	1450
554	722407	741	362708	359699	100	90	1.94076	0.892377	40	40	199133	217	1958	1.14931	0.980254	1450
555	678684	663	343674	335009	100	90	1.96592	0.892377	40	40	199133	217	1958	1.14778	0.985692	1450
556	480923	595	170652	309582	100	90	1.95191	0.892377	40	40	375673	217	1958	1.15974	0.989381	1450
557	508562	529	216800	281903	100	90	1.95046	0.892377	40	40	375673	217	1958	1.17064	1.00602	1450
558	500122	458	231800	255931	100	90	1.99308	0.892377	40	40	375673	217	1958	1.1645	1	1450
559	498499	428	238662	244898	100	90	2.00142	0.892377	40	40	375673	217	1958	1.17564	1.0075	1450
560	447777	360	219033	215729	100	90	1.98446	0.892377	40	40	375673	217	1958	1.17631	1.00297	1450
561	310394	337	104636	205758	100	90	1.99441	0.892377	40	40	375673	217	1958	1.16418	0.993631	1450
562	261172	285	84261.5	176910	100	90	0.0912325	0.892377	40	40	435840	217	1958	1.00267	0.87201	1450
563	603406	243	276137	327269	100	90	0.0755465	0.892377	40	40	435840	217	1958	1.00259	0.872847	1450
564	901427	222	423503	477924	100	90	0.0743624	0.892377	40	40	435840	217	1958	1.00272	0.887129	1450
565	675943	201	197898	478045	100	90	0.074902	0.892377	40	40	435840	217	1958	1.00237	0.922114	1450
566	517350	179	104009	413341	100	90	0.0803794	0.892377	40	40	435840	217	1958	1.00242	0.939279	1450
567	498204	3504	89086.6	409117	100	90	1.10841	0.892377	40	40	435840	217	1958	1.00312	0.937893	1450
568	542608	3158	98530.7	444078	100	90	1.37999	0.892377	40	40	435840	217	1958	1.00462	0.942389	1450
569	682339	2816	217590	464749	100	90	1.61316	0.892377	40	40	435840	217	1958	1.00573	0.943192	1450
570	688792	2731	172537	516255	100	90	1.76086	0.892377	40	40	435840	217	1958	1.05025	1.00295	1450
571	823914	2199	307143	514701	100	90	0.938824	0.892377	40	40	0	217	1958	1.01953	0.908182	1450
572	934133	1706	407424	524562	100	90	0.756656	0.892377	40	40	0	217	1958	1.01523	0.900288	1450
573	1.08636e+006	1406	505465	577269	100	90	0.695795	0.892377	40	40	0	217	1958	1.01324	0.898657	1450
574	1.17628e+006	1158	563206	609864	100	90	0.711593	0.892377	40	40	0	217	1958	1.01461	0.910925	1450
575	1.21025e+006	1071	589304	618096	100	90	0.78941	0.892377	40	40	0	217	1958	1.01837	0.919328	1450
576	1.16845e+006	1994	577593	590852	100	90	1.36867	0.892377	40	40	0	217	1958	1.02187	0.914819	1450
577	1.13583e+006	1672	567018	568811	100	90	1.39788	0.892377	40	40	0	217	1958	1.02669	0.919577	1450
578	1.06983e+006	1525	538209	531624	100	90	1.54396	0.892377	40	40	0	217	1958	1.03392	0.925184	1450
579	741829	1252	246479	495350	100	90	1.59946	0.892377	40	40	0	217	1958	1.03818	0.917886	1450
580	741117	1108	269496	471621	100	90	1.71376	0.892377	40	40	72468.8	217	1958	1.05169	0.931985	1450
581	807357	999	354316	453041	100	90	1.83904	0.892377	40	40	72468.8	217	1958	1.06404	0.941777	1450
582	811466	883	383936	427530	100	90	1.90436	0.892377	40	40	72468.8	217	1958	1.08318	0.956927	1450
583	780448	780	381462	398986	100	90	1.9545	0.892377	40	40	72468.8	217	1958	1.11261	0.988032	1450
584	721478	681	359359	362120	100	90	1.95858	0.892377	40	40	72468.8	217	1958	1.11478	0.987842	1450
585	671378	603	337248	334130	100	90	1.95675	0.892377	40	40	72468.8	217	1958	1.12312	1	1450
586	465756	531	160243	305003	100	90	1.94022	0.892377	40	40	253086	217	1958	1.14751	1.02756	1450
587	521166	500	220095	291818	100	90	1.98413	0.892377	40	40	253086	217	1958	1.15066	1.01695	1450
588	546721	472	253674	280574	100	90	2.02354	0.892377	40	40	253086	217	1958	1.15289	1.02975	1450
589	517312	422	246516	255250	100	90	2.03832	0.892377	40	40	253086	217	1958	1.15765	1.01786	1450
590	494165	391	240479	239724	100	90	2.05986	0.892377	40	40	253086	217	1958	1.15927	1.01397	1450
591	446041	348	225537	220504	100	90	2.05916	0.892377	40	40	253086	217	1958	1.17313	1.02236	1450
592	307628	313	98747.3	208881	100	90	0.109231	0.892377	40	40	378310	217	1958	1.00408	0.879783	1450
593	656500	300	299674	356826	100	90	0.094715	0.892377	40	40	378310	217	1958	1.0036	0.879744	1450
594	942243	288	442716	499527	100	90	0.0980607	0.892377	40	40	378310	217	1958	1.00424	0.894232	1450
595	925680	235	441090	484589	100	90	0.089466	0.892377	40	40	378310	217	1958	1.00409	0.925041	1450
596	864779	219	420897	443882	100	90	0.0979814	0.892377	40	40	378310	217	1958	1.00447	0.938684	1450
597	891394	2831	441442	449952	100	90	0.960664	0.892377	40	40	378310	217	1958	1.00587	0.933333	1450
598	969915	2373	484572	485343	100	90	1.03794	0.892377	40	40	378310	217	1958	1.00758	0.941564	1450
599	1.02232e+006	2141	513671	508644	100	90	1.24801	0.892377	40	40	378310	217	1958	1.01044	0.945617	1450
600	788732	1974	266171	522561	100	90	1.41852	0.892377	37	40	378310	217	1958	1.10831	1.12789	1450
601	882038	1664	377504	502937	100	90	0.790093	0.892377	40	40	0	217	1958	1.04242	0.936546	1450
602	753749	1396	225714	527567	100	90	0.648331	0.892377	40	40	0	217	1958	1.02997	0.916384	1450
603	949872	1204	376429	572004	100	90	0.558785	0.892377	40	40	0	217	1958	1.02252	0.904825	1450
604	1.0984e+006	1039	486534	609956	100	90	0.57756	0.892377	40	40	0	217	1958	1.02301	0.919053	1450
605	1.11214e+006	960	520971	589440	100	90	0.635022	0.892377	40	40	0	217	1958	1.02302	0.933608	1450
606	1.09589e+006	1986	530365	565522	100	90	1.28381	0.892377	40	40	0	217	1958	1.02997	0.942349	1450
607	1.09837e+006	1796	541912	556459	100	90	1.33488	0.892377	40	40	0	217	1958	1.03094	0.93797	1450
608	1.0889e+006	1716	543100	545798	100	90	1.53528	0.892377	40	40	0	217	1958	1.03532	0.936754	1450
609	1.07189e+006	1449	538502	533384	100	90	1.62584	0.892377	40	40	0	217	1958	1.0471	0.937721	1450
610	858341	1245	344598	513743	100	90	1.73073	0.892377	40	40	193424	217	1958	1.05935	0.948718	1450
611	909171	1128	410978	498193	100	90	1.83166	0.892377	40	40	193424	217	1958	1.07216	0.959707	1450
612	863081	960	412642	450439	100	90	1.89686	0.892377	40	40	193424	217	1958	1.08448	0.962325	1450
613	856151	893	420943	435208	100	90	1.91433	0.892377	40	40	193424	217	1958	1.10029	0.97341	1450
614	600608	797	197779	402829	100	90	1.94929	0.892377	40	40	193424	217	1958	1.10901	0.981795	1450
615	623959	702	259814	364145	100	90	1.98209	0.892377	40	40	193424	217	1958	1.11436	0.985119	1450
616	515957	632	182128	332884	100	90	1.96901	0.892377	40	40	318263	217	1958	1.13901	1.01171	1450
617	577576	598	246432	320638	100	90	1.97675	0.892377	40	40	318263	217	1958	1.15385	1.02301	1450
618	597868	562	276401	307520	100	90	1.99937	0.892377	40	40	318263	217	1958	1.15451	1.02281	1450
619	578140	511	274477	287332	100	90	2.00991	0.892377	40	40	318263	217	1958	1.15759	1.02532	1450
620	525541	439	254007	257288	100	90	2.01887	0.892377	40	40	318263	217	1958	1.15	0.995134	1450
621	369798	414	123289	246510	100	90	2.01644	0.892377	40	40	318263	217	1958	1.15534	0.984496	1450
622	315739	385	80157.3	235582	100	90	0.120182	0.892377	40	40	325476	217	1958	1.00369	0.843814	1450
623	655289	319	281876	373413	100	90	0.0959499	0.892377	40	40	325476	217	1958	1.0033	0.843974	1450
624	936661	281	429289	507372	100	90	0.0908771	0.892377	40	40	325476	217	1958	1.00327	0.868752	1450
625	927070	247	435446	491624	100	90	0.0892258	0.892377	40	40	325476	217	1958	1.00335	0.912716	1450
626	860131	243	416597	443534	100	90	0.10469	0.892377	40	40	325476	217	1958	1.00398	0.928349	1450
627	900553	3146	445882	454671	100	90	1.00695	0.892377	40	40	325476	217	1958	1.00545	0.921181	1450
628	1.0126e+006	2546	506075	506521	100	90	1.0674	0.892377	40	40	325476	217	1958	1.0072	0.925979	1450
629	1.0604e+006	2151	532234	528167	100	90	1.24129	0.892377	40	40	325476	217	1958	1.01162	0.933517	1450
630	813815	2033	274244	539571	100	90	1.44322	0.892377	40	40	325476	217	1958	1.10759	1.09985	1450
631	716503	1724	191328	524955	100	90	0.86111	0.892377	40	40	0	217	1958	1.04761	0.907498	1450
632	870942	1484	325514	543945	100	90	0.65737	0.892377	40	40	0	217	1958	1.03081	0.880621	1450
633	1.03223e+006	1225	447846	582391	100	90	0.608038	0.892377	40	40	0	217	1958	1.02689	0.878023	1450
634	1.12098e+006	1044	518739	599819	100	90	0.647374	0.892377	40	40	0	217	1958	1.02887	0.90416	1450
635	1.15905e+006	1038	555413	601494	100	90	0.76597	0.892377	40	40	0	217	1958	1.03274	0.917657	1450
636	1.14842e+006	1937	563436	584988	100	90	1.34917	0.892377	40	40	0	217	1958	1.03413	0.909488	1450
637	1.12265e+006	1775	558429	564225	100	90	1.44287	0.892377	40	40	0	217	1958	1.03789	0.906513	1450
638	1.07948e+006	1525	541945	537531	100	90	1.56692	0.892377	40	40	0	217	1958	1.04671	0.910377	1450
639	1.03252e+006	1278	521379	511141	100	90	1.65004	0.892377	40	40	0	217	1958	1.05451	0.90931	1450
640	790188	1114	304868	485319	100	90	1.69959	0.892377	40	40	213473	217	1958	1.0665	0.914522	1450
641	805866	962	359551	446315	100	90	1.78516	0.892377	40	40	213473	217	1958	1.08163	0.930925	1450
642	609742	869	188993	420749	100	90	1.83501	0.892377	40	40	213473	217	1958	1.09556	0.949352	1450
643	673344	799	271097	402247	100	90	1.86852	0.892377	40	40	213473	217	1958	1.1082	0.965296	1450
644	672021	706	306199	365822	100	90	1.89178	0.892377	40	40	213473	217	1958	1.11728	0.969118	1450
645	494621	639	155356	339265	100	90	1.9127	0.892377	40	40	213473	217	1958	1.13295	0.970636	1450
646	462537	571	151234	309878	100	90	1.89596	0.892377	40	40	291000	217	1958	1.16667	1.00921	1450
647	495766	513	207091	278521	100	90	1.87997	0.892377	40	40	291000	217	1958	1.17712	1.02049	1450
648	513293	468	236351	264674	100	90	1.91174	0.892377	40	40	291000	217	1958	1.17184	1.02257	1450
649	517497	451	246003	256032	100	90	1.94828	0.892377	40	40	291000	217	1958	1.17333	1.00709	1450
650	503178	422	242981	245979	100	90	1.97487	0.892377	40	40	291000	217	1958	1.1715	0.994911	1450
651	445872	371	223389	222483	100	90	1.97561	0.892377	40	40	291000	217	1958	1.17984	1	1450
652	299883	334	96628.7	203254	100	90	0.111446	0.892377	40	40	415408	217	1958	1.00334	0.881388	1450
653	647669	306	295567	352102	100	90	0.0928698	0.892377	40	40	415408	217	1958	1.00289	0.885005	1450
654	946235	271	446413	499822	100	90	0.0879803	0.892377	40	40	415408	217	1958	1.00265	0.898322	1450
655	966798	255	461820	504977	100	90	0.0913757	0.892377	40	40	415408	217	1958	1.00307	0.926138	1450
656	866090	237	422370	443720	100	90	0.100204	0.892377	40	40	415408	217	1958	1.00356	0.943413	1450
657	892937	2883	443857	449080	100	90	0.913336	0.892377	40	40	415408	217	1958	1.00479	0.935918	1450
658	990718	2428	496709	494009	100	90	0.993378	0.892377	40	40	415408	217	1958	1.00624	0.939116	1450
659	1.05545e+006	2194	531837	523615	100	90	1.18805	0.892377	40	40	415408	217	1958	1.00795	0.942308	1450
660	654312	2033	125464	528847	100	90	1.38723	0.892377	38	40	415408	217	1958	1.10851	1.12202	1450
661	745928	1722	243390	501322	100	90	0.715164	0.892377	40	40	0	217	1958	1.03746	0.922245	1450
662	892153	1422	370400	520360	100	90	0.600247	0.892377	40	40	0	217	1958	1.02786	0.911132	1450
663	1.07883e+006	1230	490512	585936	100	90	0.58511	0.892377	40	40	0	217	1958	1.02489	0.909564	1450
664	1.18299e+006	1095	558552	622152	100	90	0.658865	0.892377	40	40	0	217	1958	1.02916	0.923682	1450
665	1.19639e+006	1083	577997	616369	100	90	0.7784	0.892377	40	40	0	217	1958	1.03345	0.932537	1450
666	873352	2022	271318	602034	100	90	1.37958	0.892377	40	40	0	217	1958	1.03957	0.934602	1450
667	971098	1796	381902	589196	100	90	1.44367	0.892377	40	40	0	217	1958	1.04514	0.939049	1450
668	1.06579e+006	1771	475051	590735	100	90	1.64937	0.892377	40	40	0	217	1958	1.04998	0.938199	1450
669	1.09018e+006	1517	516901	573281	100	90	1.72561	0.892377	40	40	0	217	1958	1.06316	0.951034	1450
670	875091	1286	339234	535856	100	90	1.78284	0.892377	40	40	192843	217	1958	1.07186	0.953771	1450
671	919581	1153	408493	511089	100	90	1.85832	0.892377	40	40	192843	217	1958	1.08273	0.962963	1450
672	916085	1031	434350	481735	100	90	1.87637	0.892377	40	40	192843	217	1958	1.09331	0.961886	1450
673	863958	899	422896	441062	100	90	1.90869	0.892377	40	40	192843	217	1958	1.10029	0.974771	1450
674	831018	817	414156	416862	100	90	1.93008	0.892377	40	40	192843	217	1958	1.11148	0.986111	1450
675	789740	748	397009	392731	100	90	1.93951	0.892377	40	40	192843	217	1958	1.12207	0.987517	1450
676	558467	680	194159	363867	100	90	1.95388	0.892377	40	40	402412	217	1958	1.1385	1.00929	1450
677	470944	627	129524	339823	100	90	1.96017	0.892377	40	40	402412	217	1958	1.15054	1.0303	1450
678	522799	572	196184	317476	100	90	1.96858	0.892377	40	40	402412	217	1958	1.16695	1.05214	1450
679	534210	507	233318	290342	100	90	1.96553	0.892377	40	40	402412	217	1958	1.1705	1.05672	1450
680	523346	458	245741	268218	100	90	1.95593	0.892377	40	40	402412	217	1958	1.1957	1.07765	1450
681	503291	430	247597	255694	100	90	1.97259	0.892377	40	40	402412	217	1958	1.22749	1.10459	1450
682	347943	410	99600.5	248342	100	90	0.159765	0.892377	40	40	427576	217	1958	1.00636	0.869904	1450
683	630656	364	274583	356073	100	90	0.122471	0.892377	40	40	427576	217	1958	1.00464	0.869018	1450
684	935152	319	432953	502199	100	90	0.115706	0.892377	40	40	427576	217	1958	1.00495	0.884092	1450
685	992402	296	468599	523803	100	90	0.1198	0.892377	40	40	427576	217	1958	1.00513	0.917177	1450
686	905291	278	437077	468214	100	90	0.134264	0.892377	40	40	427576	217	1958	1.00656	0.943329	1450
687	679105	2765	202375	476730	100	90	0.998471	0.892377	40	40	427576	217	1958	1.00763	0.936151	1450
688	797363	2456	306461	490902	100	90	1.15449	0.892377	40	40	427576	217	1958	1.00966	0.943859	1450
689	945033	2270	417417	527616	100	90	1.48411	0.892377	40	40	427576	217	1958	1.01434	0.946188	1450
690	808426	2084	250181	558245	100	90	1.62982	0.892377	37	40	427576	217	1958	1.14534	1.14397	1450
691	896885	1712	367610	527406	100	90	0.973677	0.892377	40	40	0	217	1958	1.06418	0.960927	1450
692	996747	1477	455282	538809	100	90	0.846377	0.892377	40	40	0	217	1958	1.04862	0.935727	1450
693	1.07037e+006	1205	511955	555684	100	90	0.740819	0.892377	40	40	0	217	1958	1.04066	0.921105	1450
694	1.16696e+006	1005	567549	596748	100	90	0.743898	0.892377	40	40	0	217	1958	1.04477	0.93225	1450
695	1.2295e+006	1040	604000	622930	100	90	0.858738	0.892377	40	40	0	217	1958	1.05079	0.950413	1450
696	883222	1840	279613	603609	100	90	1.43992	0.892377	40	40	0	217	1958	1.05829	0.966724	1450
697	955811	1766	381341	574470	100	90	1.53643	0.892377	40	40	0	217	1958	1.05769	0.963434	1450
698	990874	1614	448278	542597	100	90	1.66246	0.892377	40	40	0	217	1958	1.0634	0.964355	1450
699	1.01193e+006	1380	484981	526953	100	90	1.72022	0.892377	40	40	0	217	1958	1.07271	0.959848	1450
700	791864	1130	306183	485681	100	90	1.81128	0.892377	40	40	184855	217	1958	1.0903	0.975836	1450
701	635125	993	180590	454535	100	90	1.87967	0.892377	40	40	184855	217	1958	1.1028	0.977801	1450
702	648078	821	252307	395771	100	90	1.92872	0.892377	40	40	184855	217	1958	1.12221	0.988476	1450
703	676957	736	306337	370620	100	90	1.94599	0.892377	40	40	184855	217	1958	1.13504	1.01286	1450
704	649311	637	313420	335891	100	90	1.95207	0.892377	40	40	184855	217	1958	1.15318	1.02627	1450
705	649034	593	322018	327015	100	90	1.97514	0.892377	40	40	184855	217	1958	1.1632	1.03936	1450
706	472056	537	159304	312427	100	90	1.97182	0.892377	40	40	360983	217	1958	1.20144	1.06733	1450
707	500464	479	207948	284074	100	90	1.98904	0.892377	40	40	360983	217	1958	1.22653	1.07848	1450
708	534078	460	245462	276856	100	90	2.02418	0.892377	40	40	360983	217	1958	1.24722	1.10214	1450
709	531873	432	252730	264346	100	90	2.04222	0.892377	40	40	360983	217	1958	1.25182	1.10769	1450
710	500696	392	242504	245221	100	90	2.06513	0.892377	40	40	360983	217	1958	1.25135	1.11396	1450
711	458293	357	229678	228615	100	90	2.0967	0.892377	40	40	360983	217	1958	1.25602	1.11897	1450
712	317210	323	101027	216183	100	90	0.115183	0.892377	40	40	491421	217	1958	1.00522	0.903374	1450
713	661933	321	296273	365660	100	90	0.102022	0.892377	40	40	491421	217	1958	1.00479	0.904461	1450
714	954919	294	444778	510141	100	90	0.100961	0.892377	40	40	491421	217	1958	1.00557	0.914135	1450
715	975858	246	461425	514433	100	90	0.093144	0.892377	40	40	491421	217	1958	1.00552	0.938907	1450
716	903902	239	436190	467712	100	90	0.104815	0.892377	40	40	491421	217	1958	1.00634	0.958256	1450
717	658366	2881	191741	466625	100	90	0.952442	0.892377	40	40	491421	217	1958	1.0089	0.954479	1450
718	617586	2539	130948	486638	100	90	1.07291	0.892377	40	40	491421	217	1958	1.01175	0.957889	1450
719	605459	2341	113203	492256	100	90	1.3815	0.892377	40	40	491421	217	1958	1.01762	0.966957	1450
720	612555	2316	118488	494066	100	90	1.68003	0.892377	35	40	491421	217	1958	1.09338	1.08377	1450
721	766323	2006	259639	505148	100	90	0.857309	0.892377	40	40	0	217	1958	1.03331	0.943185	1450
722	941373	1715	391148	548517	100	90	0.750496	0.892377	40	40	0	217	1958	1.02732	0.933325	1450
723	1.09091e+006	1442	495110	592684	100	90	0.742073	0.892377	40	40	0	217	1958	1.02679	0.932334	1450
724	1.1995e+006	1241	566926	629500	100	90	0.795541	0.892377	40	40	0	217	1958	1.03037	0.947754	1450
725	1.19887e+006	1099	581447	614728	100	90	0.838155	0.892377	40	40	0	217	1958	1.0326	0.95448	1450
726	1.19254e+006	1965	588466	604073	100	90	1.43418	0.892377	40	40	0	217	1958	1.03763	0.957068	1450
727	1.16674e+006	1741	581869	584872	100	90	1.49332	0.892377	40	40	0	217	1958	1.03965	0.962402	1450
728	1.12393e+006	1589	565527	558404	100	90	1.64991	0.892377	40	40	0	217	1958	1.04042	0.952289	1450
729	1.05762e+006	1295	535641	521976	100	90	1.72003	0.892377	40	40	0	217	1958	1.05094	0.955012	1450
730	818583	1143	315222	503361	100	90	1.7815	0.892377	40	40	227063	217	1958	1.05806	0.961366	1450
731	821690	972	359796	461893	100	90	1.8696	0.892377	40	40	227063	217	1958	1.07538	0.97667	1450
732	830431	882	393251	437181	100	90	1.93338	0.892377	40	40	227063	217	1958	1.08131	0.970794	1450
733	601440	793	194438	407003	100	90	1.98569	0.892377	40	40	227063	217	1958	1.09392	0.980494	1450
734	648242	726	264116	384126	100	90	2.01213	0.892377	40	40	227063	217	1958	1.10533	0.997151	1450
735	664560	650	307234	357326	100	90	2.02599	0.892377	40	40	227063	217	1958	1.13087	1.00634	1450
736	503702	594	170147	332988	100	90	2.0265	0.892377	40	40	398116	217	1958	1.14488	1.02265	1450
737	532148	536	220930	302207	100	90	2.04906	0.892377	40	40	398116	217	1958	1.1637	1.03509	1450
738	546659	487	250249	284529	100	90	2.07005	0.892377	40	40	398116	217	1958	1.16534	1.02151	1450
739	540763	449	257622	268857	100	90	2.09616	0.892377	40	40	398116	217	1958	1.17724	1.02358	1450
740	503411	389	244706	246100	100	90	2.13661	0.892377	40	40	398116	217	1958	1.18394	1.01639	1450
741	423593	317	213450	210143	100	90	2.13558	0.892377	40	40	398116	217	1958	1.20645	1.02389	1450
742	292347	296	89022.8	203324	100	90	0.107611	0.892377	40	40	526145	217	1958	1.004	0.873821	1450
743	631407	269	284953	346454	100	90	0.0860607	0.892377	40	40	526145	217	1958	1.00343	0.872906	1450
744	923293	242	432798	490495	100	90	0.0852099	0.892377	40	40	526145	217	1958	1.0036	0.891205	1450
745	946077	219	449438	496640	100	90	0.0852239	0.892377	40	40	526145	217	1958	1.00358	0.919392	1450
746	845322	197	411798	433524	100	90	0.0901731	0.892377	40	40	526145	217	1958	1.00387	0.932244	1450
747	874203	2794	433483	440720	100	90	0.962105	0.892377	40	40	526145	217	1958	1.00576	0.920051	1450
748	689282	2382	212782	476500	100	90	1.06806	0.892377	40	40	526145	217	1958	1.00749	0.927352	1450
749	789105	2037	309200	479905	100	90	1.30089	0.892377	40	40	526145	217	1958	1.01166	0.939719	1450
750	603634	1946	96011.4	507623	100	90	1.60342	0.892377	33	40	526145	217	1958	1.11049	1.09652	1450
751	307728	729	94431.6	212796	100	90	0.368502	0.892377	40	40	0	217	1958	1.02822	0.883771	1450
752	491471	645	222842	268096	100	90	0.318187	0.892377	40	40	0	217	1958	1.01114	0.880623	1450
753	762475	596	365085	395880	100	90	0.326338	0.892377	40	40	0	217	1958	1.01059	0.886836	1450
754	921785	530	448390	471978	100	90	0.351912	0.892377	40	40	0	217	1958	1.01225	0.901299	1450
755	992187	511	488721	502121	100	90	0.414348	0.892377	40	40	0	217	1958	1.01419	0.913091	1450
756	1.01832e+006	1841	508083	510241	100	90	1.3479	0.892377	40	40	0	217	1958	1.01907	0.911093	1450
757	1.01126e+006	1566	508972	502292	100	90	1.38152	0.892377	40	40	0	217	1958	1.02427	0.909737	1450
758	715638	1457	234881	480757	100	90	1.54827	0.892377	40	40	0	217	1958	1.03102	0.910727	1450
759	624621	1228	156307	468314	100	90	1.63453	0.892377	40	40	0	217	1958	1.03825	0.908046	1450
760	680180	1091	232717	447463	100	90	1.76669	0.892377	40	40	35079.2	217	1958	1.04653	0.92215	1450
761	736441	925	319809	416633	100	90	1.88577	0.892377	40	40	35079.2	217	1958	1.0643	0.935165	1450
762	781353	860	372506	408847	100	90	1.97293	0.892377	40	40	35079.2	217	1958	1.07905	0.94306	1450
763	754307	752	372190	382117	100	90	2.01216	0.892377	40	40	35079.2	217	1958	1.09242	0.963165	1450
764	536932	665	177862	359070	100	90	2.00095	0.892377	40	40	35079.2	217	1958	1.10583	0.970679	1450
765	555532	574	233938	321594	100	90	2.00818	0.892377	40	40	35079.2	217	1958	1.11465	0.992806	1450
766	426882	497	140103	286048	100	90	1.97283	0.892377	40	40	175786	217	1958	1.14105	1.0124	1450
767	471870	463	196864	265738	100	90	2.00483	0.892377	40	40	175786	217	1958	1.15261	1.02709	1450
768	482054	419	223526	247021	100	90	2.03868	0.892377	40	40	175786	217	1958	1.15632	1.02785	1450
769	464511	370	222369	227459	100	90	2.0216	0.892377	40	40	175786	217	1958	1.15707	1.0085	1450
770	417934	311	204507	200892	100	90	2.03616	0.892377	40	40	175786	217	1958	1.16667	1.02778	1450
771	375428	272	191368	184060	100	90	2.06167	0.892377	40	40	175786	217	1958	1.16667	1.01587	1450
772	247737	250	73001.3	174736	100	90	0.092022	0.892377	40	40	296716	217	1958	1.0031	0.879104	1450
773	456884	238	131384	325500	100	90	0.0771327	0.892377	40	40	296716	217	1958	1.00264	0.878404	1450
774	734762	214	277515	457248	100	90	0.0655889	0.892377	40	40	296716	217	1958	1.00217	0.88853	1450
775	859458	190	359112	500346	100	90	0.0651798	0.892377	40	40	296716	217	1958	1.00203	0.91144	1450
776	819427	166	367004	452422	100	90	0.0705814	0.892377	40	40	296716	217	1958	1.00219	0.933198	1450
777	871164	2918	412293	458871	100	90	0.927572	0.892377	40	40	296716	217	1958	1.00301	0.925636	1450
778	984154	2668	481339	502815	100	90	1.09996	0.892377	40	40	296716	217	1958	1.0045	0.922485	1450
779	1.05742e+006	2335	525229	532190	100	90	1.31042	0.892377	39	40	296716	217	1958	1.00644	0.917173	1450
780	656924	2032	125145	531778	100	90	1.46179	0.892377	38	40	296716	217	1958	1.10754	1.09001	1450
781	749290	1713	242560	505582	100	90	0.842398	0.892377	40	40	0	217	1958	1.0433	0.92425	1450
782	909551	1484	376263	531915	100	90	0.731556	0.892377	40	40	0	217	1958	1.03251	0.917917	1450
783	824373	1290	240740	583433	100	90	0.724503	0.892377	40	40	0	217	1958	1.03234	0.919531	1450
784	1.00806e+006	1122	389966	616687	100	90	0.751284	0.892377	40	40	0	217	1958	1.03261	0.924311	1450
785	1.09609e+006	1070	480204	614630	100	90	0.841256	0.892377	40	40	0	217	1958	1.03457	0.93038	1450
786	1.14538e+006	2129	535623	609759	100	90	1.50259	0.892377	40	40	0	217	1958	1.03929	0.93503	1450
787	1.13779e+006	1812	551861	585925	100	90	1.53749	0.892377	40	40	0	217	1958	1.04291	0.927189	1450
788	1.11799e+006	1648	553740	564252	100	90	1.64021	0.892377	40	40	0	217	1958	1.05224	0.93605	1450
789	802621	1394	260847	541775	100	90	1.6919	0.892377	40	40	0	217	1958	1.06296	0.948775	1450
790	798608	1231	285598	513011	100	90	1.78202	0.892377	40	40	71620.4	217	1958	1.06735	0.948739	1450
791	867998	1125	374309	493688	100	90	1.89255	0.892377	40	40	71620.4	217	1958	1.08028	0.964945	1450
792	873094	1007	409380	463713	100	90	1.97393	0.892377	40	40	71620.4	217	1958	1.09544	0.977273	1450
793	850200	906	415360	434840	100	90	2.0077	0.892377	40	40	71620.4	217	1958	1.11025	0.982838	1450
794	825812	829	410794	415018	100	90	2.02298	0.892377	40	40	71620.4	217	1958	1.13195	1.0025	1450
795	758740	735	381949	376791	100	90	1.99929	0.892377	40	40	71620.4	217	1958	1.14655	1.01966	1450
796	522202	642	181876	339904	100	90	1.96269	0.892377	40	40	270811	217	1958	1.16152	1.03531	1450
797	581788	607	244678	327204	100	90	1.98227	0.892377	40	40	270811	217	1958	1.17863	1.04296	1450
798	571113	524	261936	296118	100	90	2.01925	0.892377	40	40	270811	217	1958	1.18018	1.04628	1450
799	565459	484	270093	279981	100	90	2.07545	0.892377	40	40	270811	217	1958	1.16963	1.03532	1450
800	554779	454	270851	270047	100	90	2.13648	0.892377	40	40	270811	217	1958	1.17982	1.03865	1450
801	506983	412	255823	251160	100	90	2.12253	0.892377	40	40	270811	217	1958	1.20936	1.06452	1450
802	354777	386	113987	240790	100	90	0.139713	0.892377	40	40	412268	217	1958	1.00505	0.880322	1450
803	661286	339	297923	363364	100	90	0.110082	0.892377	40	40	412268	217	1958	1.00404	0.878407	1450
804	924070	282	433797	490273	100	90	0.0982458	0.892377	40	40	412268	217	1958	1.00381	0.893772	1450
805	965672	264	459878	505794	100	90	0.0996071	0.892377	40	40	412268	217	1958	1.00395	0.919607	1450
806	879993	252	428869	451124	100	90	0.112636	0.892377	40	40	412268	217	1958	1.00501	0.932538	1450
807	884714	2880	439951	444763	100	90	0.986967	0.892377	40	40	412268	217	1958	1.00647	0.928144	1450
808	987621	2400	497507	490113	100	90	1.06732	0.892377	40	40	412268	217	1958	1.00783	0.936728	1450
809	1.06153e+006	2085	535505	526023	100	90	1.26705	0.892377	40	40	412268	217	1958	1.00994	0.933225	1450
810	800447	1938	271300	529146	100	90	1.5059	0.892377	39	40	412268	217	1958	1.12877	1.13973	1450
811	707847	1667	191068	516593	100	90	0.88584	0.892377	40	40	0	217	1958	1.05288	0.93981	1450
812	683235	1420	159610	523501	100	90	0.669267	0.892377	40	40	0	217	1958	1.03164	0.907428	1450
813	733221	1246	162074	571110	100	90	0.571019	0.892377	40	40	0	217	1958	1.02377	0.897401	1450
814	919707	1109	313805	605234	100	90	0.610099	0.892377	40	40	0	217	1958	1.02563	0.914424	1450
815	1.04519e+006	1069	431279	613306	100	90	0.690754	0.892377	40	40	0	217	1958	1.03016	0.930593	1450
816	1.08143e+006	2095	489597	591837	100	90	1.33194	0.892377	40	40	0	217	1958	1.03448	0.933124	1450
817	1.10317e+006	1875	527369	575805	100	90	1.45812	0.892377	40	40	0	217	1958	1.04026	0.932499	1450
818	1.10375e+006	1722	544921	558827	100	90	1.6662	0.892377	40	40	0	217	1958	1.04888	0.927761	1450
819	1.05581e+006	1398	530653	525152	100	90	1.72101	0.892377	40	40	0	217	1958	1.0609	0.935935	1450
820	798992	1199	305467	493525	100	90	1.81682	0.892377	40	40	229621	217	1958	1.0732	0.947459	1450
821	649141	1056	181292	467848	100	90	1.93918	0.892377	40	40	229621	217	1958	1.08676	0.955034	1450
822	696593	923	268375	428217	100	90	2.03847	0.892377	40	40	229621	217	1958	1.09603	0.963004	1450
823	743203	845	334556	408647	100	90	2.09236	0.892377	40	40	229621	217	1958	1.11571	0.992611	1450
824	743103	759	357695	385408	100	90	2.1138	0.892377	40	40	229621	217	1958	1.14514	1.01936	1450
825	726429	695	360638	365791	100	90	2.13428	0.892377	40	40	229621	217	1958	1.16736	1.04559	1450
826	518190	640	174504	343291	100	90	2.13466	0.892377	40	40	433669	217	1958	1.17372	1.0495	1450
827	565676	590	232821	322484	100	90	2.1359	0.892377	40	40	433669	217	1958	1.19231	1.0644	1450
828	571884	534	259641	298517	100	90	2.15778	0.892377	40	40	433669	217	1958	1.18889	1.04752	1450
829	559220	488	265025	277879	100	90	2.18799	0.892377	40	40	433669	217	1958	1.1893	1.04338	1450
830	536003	453	261063	260501	100	90	2.22737	0.892377	40	40	433669	217	1958	1.2032	1.04317	1450
831	510981	428	259099	251883	100	90	2.20378	0.892377	40	40	433669	217	1958	1.20144	1.03562	1450
832	359853	409	113202	246651	100	90	0.147365	0.892377	40	40	583847	217	1958	1.00532	0.890743	1450
833	682276	377	304148	378128	100	90	0.121589	0.892377	40	40	583847	217	1958	1.00491	0.892212	1450
834	966430	348	451868	514562	100	90	0.119876	0.892377	40	40	583847	217	1958	1.0049	0.905238	1450
835	990764	325	472300	518464	100	90	0.122927	0.892377	40	40	583847	217	1958	1.00476	0.93043	1450
836	891476	286	435609	455867	100	90	0.128498	0.892377	40	40	583847	217	1958	1.00512	0.942053	1450
837	914242	2748	454914	459328	100	90	0.991292	0.892377	40	40	583847	217	1958	1.00748	0.938598	1450
838	708185	2248	219309	488876	100	90	1.08661	0.892377	40	40	583847	217	1958	1.00887	0.946091	1450
839	826539	2100	327826	498713	100	90	1.3437	0.892377	40	40	583847	217	1958	1.01188	0.951406	1450
840	722080	2023	208610	513470	100	90	1.6199	0.892377	38	40	583847	217	1958	1.11456	1.11394	1450
841	812903	1687	327657	484544	100	90	0.844832	0.892377	40	40	0	217	1958	1.03773	0.937057	1450
842	926904	1398	422123	503900	100	90	0.676063	0.892377	40	40	0	217	1958	1.02656	0.917538	1450
843	806351	1160	253965	552354	100	90	0.597947	0.892377	40	40	0	217	1958	1.02235	0.915575	1450
844	984118	986	393582	590131	100	90	0.598739	0.892377	40	40	0	217	1958	1.02202	0.920562	1450
845	1.06291e+006	938	475300	587282	100	90	0.672811	0.892377	40	40	0	217	1958	1.02408	0.93578	1450
846	1.08644e+006	2127	516424	570012	100	90	1.36824	0.892377	40	40	0	217	1958	1.02622	0.933988	1450
847	1.08636e+006	1915	534152	552206	100	90	1.4591	0.892377	40	40	0	217	1958	1.03196	0.938576	1450
848	1.05548e+006	1701	529257	526226	100	90	1.61868	0.892377	40	40	0	217	1958	1.039	0.936336	1450
849	1.02966e+006	1408	522036	507628	100	90	1.67881	0.892377	40	40	0	217	1958	1.04579	0.938909	1450
850	767556	1182	293656	473900	100	90	1.76595	0.892377	40	40	225740	217	1958	1.06052	0.950478	1450
851	829229	1079	367279	461950	100	90	1.91392	0.892377	40	40	225740	217	1958	1.06837	0.954459	1450
852	821413	959	391957	429457	100	90	1.9907	0.892377	40	40	225740	217	1958	1.08101	0.970968	1450
853	811760	867	401532	410228	100	90	2.03589	0.892377	40	40	225740	217	1958	1.09198	0.973747	1450
854	577424	783	191738	385686	100	90	2.06125	0.892377	40	40	225740	217	1958	1.10771	0.982781	1450
855	607157	697	253994	353163	100	90	2.09086	0.892377	40	40	225740	217	1958	1.13245	1.00754	1450
856	475141	612	155352	319110	100	90	2.09267	0.892377	40	40	375619	217	1958	1.15221	1.01197	1450
857	548151	595	225784	311416	100	90	2.10894	0.892377	40	40	375619	217	1958	1.16587	1.02491	1450
858	570420	551	260792	295231	100	90	2.13025	0.892377	40	40	375619	217	1958	1.16901	1.02124	1450
859	557104	500	266373	273054	100	90	2.13324	0.892377	40	40	375619	217	1958	1.17751	1.02141	1450
860	556285	471	272559	267313	100	90	2.17068	0.892377	40	40	375619	217	1958	1.17811	1.01595	1450
861	495928	421	252900	243028	100	90	2.19002	0.892377	40	40	375619	217	1958	1.17241	1	1450
862	336834	398	103993	232841	100	90	0.138308	0.892377	40	40	528177	217	1958	1.00439	0.865492	1450
863	513450	337	151318	362131	100	90	0.104942	0.892377	40	40	528177	217	1958	1.00321	0.867185	1450
864	788965	312	301163	487802	100	90	0.0898358	0.892377	40	40	528177	217	1958	1.00263	0.879617	1450
865	863098	285	364223	498876	100	90	0.0952644	0.892377	40	40	528177	217	1958	1.00318	0.910909	1450
866	865289	262	392166	473123	100	90	0.10828	0.892377	40	40	528177	217	1958	1.00388	0.930353	1450
867	934637	3003	445138	489499	100	90	0.989789	0.892377	40	40	528177	217	1958	1.00504	0.927824	1450
868	1.01325e+006	2678	497518	515730	100	90	1.17998	0.892377	40	40	528177	217	1958	1.00717	0.922947	1450
869	1.08379e+006	2352	541616	542169	100	90	1.3943	0.892377	40	40	528177	217	1958	1.00973	0.920781	1450
870	789079	1971	266428	522651	100	90	1.53879	0.892377	39	40	528177	217	1958	1.09907	1.07963	1450
871	880019	1627	381878	497630	100	90	0.879309	0.892377	40	40	0	217	1958	1.04093	0.90903	1450
872	989674	1397	468470	520493	100	90	0.724807	0.892377	40	40	0	217	1958	1.02987	0.895683	1450
873	1.09796e+006	1159	534985	562166	100	90	0.647359	0.892377	40	40	0	217	1958	1.02429	0.889381	1450
874	1.1646e+006	1005	574292	589526	100	90	0.692044	0.892377	40	40	0	217	1958	1.02675	0.904131	1450
875	1.16454e+006	961	579891	583882	100	90	0.781895	0.892377	40	40	0	217	1958	1.03298	0.923534	1450
876	829853	1838	266291	563562	100	90	1.42856	0.892377	40	40	0	217	1958	1.03636	0.920404	1450
877	906872	1697	366373	540498	100	90	1.54848	0.892377	40	40	0	217	1958	1.04097	0.924658	1450
878	976950	1648	447641	529308	100	90	1.72586	0.892377	40	40	0	217	1958	1.04798	0.924859	1450
879	959828	1350	466253	493575	100	90	1.81145	0.892377	40	40	0	217	1958	1.05408	0.921733	1450
880	768967	1191	285866	483101	100	90	1.90148	0.892377	40	40	211902	217	1958	1.06626	0.92321	1450
881	813448	1060	354175	459273	100	90	2.01039	0.892377	40	40	211902	217	1958	1.0834	0.937864	1450
882	815100	938	386337	428763	100	90	2.0337	0.892377	40	40	211902	217	1958	1.09541	0.95585	1450
883	798821	842	394416	404405	100	90	2.08124	0.892377	40	40	211902	217	1958	1.11146	0.971605	1450
884	782059	769	393623	388436	100	90	2.09845	0.892377	40	40	211902	217	1958	1.12821	0.99455	1450
885	728992	690	370954	358038	100	90	2.1319	0.892377	40	40	211902	217	1958	1.12903	1.00611	1450
886	497712	636	163090	334306	100	90	2.13156	0.892377	40	40	428891	217	1958	1.13971	1.00826	1450
887	529657	568	214560	305211	100	90	2.15558	0.892377	40	40	428891	217	1958	1.15932	1.02607	1450
888	532618	505	241667	277532	100	90	2.15591	0.892377	40	40	428891	217	1958	1.15577	1.02326	1450
889	563168	497	269307	276323	100	90	2.18931	0.892377	40	40	428891	217	1958	1.16466	1.02407	1450
890	546155	456	268634	261639	100	90	2.23372	0.892377	40	40	428891	217	1958	1.15232	1	1450
891	368925	411	126832	242092	100	90	2.24266	0.892377	40	40	428891	217	1958	1.15842	1.00804	1450
892	335889	394	99585.3	236303	100	90	0.127679	0.892377	40	40	509943	217	1958	1.00359	0.878961	1450
893	678413	351	297404	381009	100	90	0.112129	0.892377	40	40	509943	217	1958	1.00319	0.879014	1450
894	949676	313	438676	511001	100	90	0.106483	0.892377	40	40	509943	217	1958	1.0031	0.894868	1450
895	926115	292	438673	487442	100	90	0.111843	0.892377	40	40	509943	217	1958	1.00367	0.927648	1450
896	867200	270	423297	443903	100	90	0.124482	0.892377	40	40	509943	217	1958	1.00427	0.937968	1450
897	917410	2960	457624	459786	100	90	1.06296	0.892377	40	40	509943	217	1958	1.00621	0.933976	1450
898	1.01477e+006	2500	511627	503141	100	90	1.19898	0.892377	40	40	509943	217	1958	1.00819	0.935788	1450
899	1.08104e+006	2171	546413	534628	100	90	1.41692	0.892377	40	40	509943	217	1958	1.0128	0.937803	1450
900	789321	1888	268750	520571	100	90	1.60081	0.892377	39	40	509943	217	1958	1.1224	1.12139	1450
901	868552	1553	377751	490265	100	90	0.848138	0.892377	40	40	0	217	1958	1.04447	0.930945	1450
902	979285	1345	463195	515216	100	90	0.701756	0.892377	40	40	0	217	1958	1.03023	0.906046	1450
903	1.10876e+006	1151	540931	566914	100	90	0.653514	0.892377	40	40	0	217	1958	1.02684	0.904343	1450
904	1.20641e+006	1027	595686	609790	100	90	0.704856	0.892377	40	40	0	217	1958	1.02896	0.914028	1450
905	1.1916e+006	959	594299	596467	100	90	0.772615	0.892377	40	40	0	217	1958	1.0308	0.926028	1450
906	1.14324e+006	1812	577328	565917	100	90	1.40969	0.892377	40	40	0	217	1958	1.03851	0.932175	1450
907	1.14291e+006	1751	582352	560554	100	90	1.51687	0.892377	40	40	0	217	1958	1.03947	0.930657	1450
908	1.12104e+006	1618	574933	546106	100	90	1.6742	0.892377	40	40	0	217	1958	1.04434	0.927894	1450
909	1.06797e+006	1329	550318	517653	100	90	1.78463	0.892377	40	40	0	217	1958	1.05349	0.933488	1450
910	750230	1127	269129	481101	100	90	1.87226	0.892377	40	40	274393	217	1958	1.06551	0.943379	1450
911	769664	963	327518	442147	100	90	2.01136	0.892377	40	40	274393	217	1958	1.08055	0.949571	1450
912	786040	863	367752	418288	100	90	2.06524	0.892377	40	40	274393	217	1958	1.10057	0.975962	1450
913	766280	758	377118	389162	100	90	2.11217	0.892377	40	40	274393	217	1958	1.10999	0.983516	1450
914	728483	679	367869	360614	100	90	2.17611	0.892377	40	40	274393	217	1958	1.12517	0.984592	1450
915	703574	617	359167	344407	100	90	2.21322	0.892377	40	40	274393	217	1958	1.14329	0.998294	1450
916	442344	529	134726	307456	100	90	2.20574	0.892377	40	40	501508	217	1958	1.16787	1.03414	1450
917	490217	488	192339	289092	100	90	2.27603	0.892377	40	40	501508	217	1958	1.1643	1.02203	1450
918	514595	452	230226	272074	100	90	2.34203	0.892377	40	40	501508	217	1958	1.15436	0.99284	1450
919	369281	398	121951	244709	100	90	2.30937	0.892377	40	40	501508	217	1958	1.17468	0.99729	1450
920	392817	355	165761	224724	100	90	2.31388	0.892377	40	40	501508	217	1958	1.20882	1.01852	1450
921	400507	319	191321	209186	100	90	2.33301	0.892377	40	40	501508	217	1958	1.2339	1.053	1450
922	266388	279	71919.3	194468	100	90	0.233234	0.892377	40	40	635413	217	1958	1.01156	0.887684	1450
923	421944	267	174879	247066	100	90	0.166815	0.892377	40	40	635413	217	1958	1.00765	0.879979	1450
924	718557	247	334249	384309	100	90	0.16645	0.892377	40	40	635413	217	1958	1.00781	0.880445	1450
925	986014	225	468280	517734	100	90	0.173917	0.892377	40	40	635413	217	1958	1.00808	0.896571	1450
926	1.06811e+006	208	513175	554937	100	90	0.19227	0.892377	40	40	635413	217	1958	1.01066	0.91189	1450
927	1.08545e+006	2339	530747	554700	100	90	1.38741	0.892377	40	40	635413	217	1958	1.01297	0.910508	1450
928	1.10426e+006	1945	547318	556945	100	90	1.43082	0.892377	40	40	635413	217	1958	1.01564	0.897794	1450
929	1.10452e+006	1590	554183	550333	100	90	1.44974	0.892377	40	40	635413	217	1958	1.01988	0.89183	1450
930	824534	1480	279276	545258	100	90	1.39009	0.892377	40	40	635413	217	1958	1.263	1.35034	1450
