Time	totMass	NInd	abovemass	belowmass	mean_ares	mean_bres	shannon	meanShannon	NPFT	meanNPFT	Cutted	NNonClonal	NClonal	mean_generation	mean_genet_size	NGenets
1	440.6	0	220.3	220.3	100	60	0	0.753823	39	38.1	0	12	1749	1	0.85413	1306
2	8565.47	0	3352.98	5212.49	100	60	0	0.753823	39	38.1	0	12	1749	1	0.858683	1306
3	40275.9	0	18823	21452.9	100	60	0	0.753823	39	38.1	0	12	1749	1	0.86961	1306
4	120858	0	56625	64232.5	100	60	0	0.753823	39	38.1	0	12	1749	1	0.870564	1306
5	270761	0	126759	144002	100	60	0	0.753823	39	38.1	0	12	1749	1	0.87114	1306
6	474691	553	222829	251862	100	60	2.45751	0.753823	39	38.1	0	12	1749	1.00535	0.876368	1306
7	686911	774	325210	361700	100	60	3.16793	0.753823	39	38.1	0	12	1749	1.0162	0.885617	1306
8	858036	841	411148	446888	100	60	3.34861	0.753823	39	38.1	0	12	1749	1.03156	0.902497	1306
9	996917	806	483723	513194	100	60	3.21429	0.753823	39	38.1	0	12	1749	1.05148	0.921836	1306
10	1.09311e+006	764	535702	557405	100	60	3.0831	0.753823	39	38.1	0	12	1749	1.06659	0.935864	1306
11	1.16472e+006	738	576408	588310	100	60	2.98686	0.753823	39	38.1	0	12	1749	1.08221	0.960598	1306
12	1.22134e+006	714	609415	611923	100	60	2.9156	0.753823	39	38.1	0	12	1749	1.09885	0.983122	1306
13	1.2706e+006	704	637855	632742	100	60	2.933	0.753823	39	38.1	0	12	1749	1.11058	0.99569	1306
14	1.30498e+006	688	658602	646382	100	60	2.92595	0.753823	39	38.1	0	12	1749	1.11916	0.994109	1306
15	1.33858e+006	681	678085	660491	100	60	2.94434	0.753823	39	38.1	0	12	1749	1.12944	1.00898	1306
16	1.37642e+006	684	688195	668174	100	60	2.94201	0.753823	39	38.1	0	12	1749	1.16188	1.03927	1306
17	1.39659e+006	676	689946	668317	100	60	2.9291	0.753823	39	38.1	0	12	1749	1.17925	1.06163	1306
18	1.42687e+006	673	703568	679573	100	60	2.99998	0.753823	39	38.1	0	12	1749	1.17434	1.03101	1306
19	1.4512e+006	667	716154	690228	100	60	3.04914	0.753823	39	38.1	0	12	1749	1.16714	1.01881	1306
20	1.46512e+006	665	724232	696616	100	60	3.12742	0.753823	39	38.1	0	12	1749	1.15789	1.00476	1306
21	1.42732e+006	664	727861	699462	100	60	3.17937	0.753823	39	38.1	0	12	1749	1.15327	0.99839	1306
22	1.43078e+006	669	730492	700292	100	60	0.768762	0.753823	39	38.1	0	12	1749	1.02594	0.887942	1306
23	1.4437e+006	658	730851	712847	100	60	0.769386	0.753823	39	38.1	0	12	1749	1.0282	0.893969	1306
24	1.44249e+006	640	726563	715929	100	60	0.777918	0.753823	39	38.1	0	12	1749	1.0315	0.922808	1306
25	1.44129e+006	629	727330	713958	100	60	0.866787	0.753823	39	38.1	0	12	1749	1.03907	0.960749	1306
26	1.46708e+006	624	739817	727262	100	60	1.00208	0.753823	39	38.1	0	12	1749	1.05426	0.993381	1306
27	1.4875e+006	1514	747253	740244	100	60	2.40554	0.753823	39	38.1	0	12	1749	1.07294	1.01693	1306
28	1.51614e+006	1368	760432	755710	100	60	2.51873	0.753823	39	38.1	0	12	1749	1.09133	1.02994	1306
29	1.52345e+006	1274	762533	760915	100	60	2.57754	0.753823	39	38.1	0	12	1749	1.10572	1.04567	1306
30	1.15613e+006	1210	385530	770599	100	60	2.18542	0.753823	39	38.1	0	12	1749	1.35122	1.47698	1306
31	1.16581e+006	1025	455733	709917	100	60	1.04265	0.753823	39	38.1	0	12	1749	1.10053	0.977825	1306
32	1.12753e+006	862	471584	655680	100	60	0.826267	0.753823	39	38.1	0	12	1749	1.06905	0.946016	1306
33	1.07916e+006	719	468203	610792	100	60	0.696781	0.753823	39	38.1	0	12	1749	1.05363	0.92748	1306
34	1.0631e+006	632	474122	588712	100	60	0.777547	0.753823	39	38.1	0	12	1749	1.06199	0.941353	1306
35	1.01548e+006	667	462259	553098	100	60	1.04773	0.753823	39	38.1	0	12	1749	1.07372	0.976399	1306
36	984181	769	456574	527607	100	60	1.43126	0.753823	39	38.1	0	12	1749	1.08818	1.00987	1306
37	939488	880	441746	497742	100	60	1.99546	0.753823	39	38.1	0	12	1749	1.10621	1.03125	1306
38	908893	953	432450	476442	100	60	2.56085	0.753823	39	38.1	0	12	1749	1.11624	1.02948	1306
39	882097	797	424134	457962	100	60	2.63402	0.753823	39	38.1	0	12	1749	1.13942	1.03654	1306
40	563628	663	142682	420946	100	60	2.67693	0.753823	39	38.1	292371	12	1749	1.14934	1.03734	1306
41	606282	590	198791	407492	100	60	2.73765	0.753823	39	38.1	292371	12	1749	1.17159	1.04927	1306
42	611715	489	234528	377187	100	60	2.81282	0.753823	39	38.1	292371	12	1749	1.20609	1.0643	1306
43	631862	438	267080	364783	100	60	2.85275	0.753823	39	38.1	292371	12	1749	1.22634	1.0642	1306
44	611491	393	274798	336693	100	60	2.84301	0.753823	39	38.1	292371	12	1749	1.23434	1.06775	1306
45	580873	347	272607	308265	100	60	2.91074	0.753823	39	38.1	292371	12	1749	1.23836	1.07812	1306
46	533092	298	254081	269860	100	60	2.95445	0.753823	39	38.1	292371	12	1749	1.24919	1.06522	1306
47	520574	275	249307	256086	100	60	2.99351	0.753823	39	38.1	292371	12	1749	1.26882	1.07031	1306
48	377413	253	123944	250146	100	60	3.02073	0.753823	39	38.1	292371	12	1749	1.26482	1.05532	1306
49	394319	231	152902	233486	100	60	3.01543	0.753823	39	38.1	292371	12	1749	1.26786	1.07109	1306
50	411401	218	177195	226828	100	60	3.03542	0.753823	39	38.1	292371	12	1749	1.26667	1.0603	1306
51	400308	200	186309	213999	100	60	2.95307	0.753823	39	38.1	292371	12	1749	1.31746	1.12707	1306
52	237810	178	45771.5	192038	100	60	0.139885	0.753823	39	38.1	444431	12	1749	1.00589	0.919603	1306
53	357555	167	112318	245237	100	60	0.095632	0.753823	39	38.1	444431	12	1749	1.00398	0.916785	1306
54	570351	153	218164	352187	100	60	0.0903834	0.753823	39	38.1	444431	12	1749	1.00392	0.921585	1306
55	676801	137	269287	407514	100	60	0.0925757	0.753823	39	38.1	444431	12	1749	1.00434	0.936227	1306
56	675688	136	277494	398194	100	60	0.115238	0.753823	39	38.1	444431	12	1749	1.00656	0.949306	1306
57	704629	1949	300894	403735	100	60	1.27079	0.753823	39	38.1	444431	12	1749	1.00837	0.954647	1306
58	786774	2083	344477	442298	100	60	1.59718	0.753823	39	38.1	444431	12	1749	1.00935	0.9534	1306
59	818982	1744	365346	453636	100	60	1.83062	0.753823	39	38.1	444431	12	1749	1.01312	0.958614	1306
60	634030	1465	186507	447523	100	60	1.86121	0.753823	39	38.1	444431	12	1749	1.12279	1.17046	1306
61	678402	1195	258475	419593	100	60	1.39596	0.753823	39	38.1	0	12	1749	1.07506	1.02103	1306
62	726292	993	307762	418070	100	60	1.20429	0.753823	39	38.1	0	12	1749	1.05083	0.979152	1306
63	760865	836	341806	418495	100	60	1.0938	0.753823	39	38.1	0	12	1749	1.03941	0.957366	1306
64	611635	703	181283	430029	100	60	1.10117	0.753823	39	38.1	0	12	1749	1.04252	0.959849	1306
65	705390	698	260220	444857	100	60	1.27635	0.753823	39	38.1	0	12	1749	1.04891	0.957203	1306
66	766980	1121	317582	449398	100	60	2.05503	0.753823	39	38.1	0	12	1749	1.05309	0.958599	1306
67	810280	1143	356511	453769	100	60	2.29152	0.753823	39	38.1	0	12	1749	1.05582	0.967615	1306
68	844472	1120	385327	459146	100	60	2.43696	0.753823	39	38.1	0	12	1749	1.062	0.965455	1306
69	830914	952	389135	441780	100	60	2.37467	0.753823	39	38.1	0	12	1749	1.06402	0.962647	1306
70	579162	831	154183	424979	100	60	2.40273	0.753823	39	38.1	38615.2	12	1749	1.07252	0.979115	1306
71	597172	712	208053	389119	100	60	2.43831	0.753823	39	38.1	38615.2	12	1749	1.08091	0.992795	1306
72	625917	638	256353	369565	100	60	2.50243	0.753823	39	38.1	38615.2	12	1749	1.08966	1.0016	1306
73	628914	572	279387	349527	100	60	2.55289	0.753823	39	38.1	38615.2	12	1749	1.1013	1.01071	1306
74	622155	514	290203	331952	100	60	2.65367	0.753823	39	38.1	38615.2	12	1749	1.10517	1.01807	1306
75	449011	451	141313	307697	100	60	2.71091	0.753823	39	38.1	38615.2	12	1749	1.12679	1.03687	1306
76	461284	402	174954	278600	100	60	2.78965	0.753823	39	38.1	38615.2	12	1749	1.1171	1.00254	1306
77	363510	372	103694	257461	100	60	2.83587	0.753823	39	38.1	38615.2	12	1749	1.10309	0.986226	1306
78	379520	336	136689	235424	100	60	2.76529	0.753823	39	38.1	38615.2	12	1749	1.12216	1.00306	1306
79	373964	297	158414	207594	100	60	2.71847	0.753823	39	38.1	38615.2	12	1749	1.13226	1.02431	1306
80	362126	270	166442	188550	100	60	2.71899	0.753823	39	38.1	38615.2	12	1749	1.1444	1.04669	1306
81	338911	238	164886	174025	100	60	2.76582	0.753823	39	38.1	38615.2	12	1749	1.15833	1.0531	1306
82	214173	214	51658.1	162515	100	60	0.120333	0.753823	38	38.1	70819.6	12	1749	1.00278	0.960461	1306
83	304351	190	66415.2	237936	100	60	0.0847959	0.753823	38	38.1	70819.6	12	1749	1.00226	0.958778	1306
84	528175	170	172539	355637	100	60	0.0723071	0.753823	38	38.1	70819.6	12	1749	1.00189	0.95852	1306
85	614642	143	221407	393235	100	60	0.071711	0.753823	38	38.1	70819.6	12	1749	1.00195	0.961122	1306
86	585863	128	225092	360771	100	60	0.0797756	0.753823	38	38.1	70819.6	12	1749	1.00223	0.967892	1306
87	620491	2236	256257	364234	100	60	1.08213	0.753823	38	38.1	70819.6	12	1749	1.00299	0.967698	1306
88	697547	2175	301066	396481	100	60	1.35061	0.753823	38	38.1	70819.6	12	1749	1.00377	0.964485	1306
89	756203	1933	335338	420866	100	60	1.6896	0.753823	38	38.1	70819.6	12	1749	1.00602	0.964419	1306
90	599406	1633	176226	423180	100	60	1.7843	0.753823	38	38.1	70819.6	12	1749	1.09126	1.11656	1306
91	638241	1301	244841	392705	100	60	1.18131	0.753823	39	38.1	0	12	1749	1.04568	1.00799	1306
92	728684	1144	311965	415766	100	60	1.03808	0.753823	39	38.1	0	12	1749	1.03013	0.985711	1306
93	784718	971	353973	429618	100	60	0.948455	0.753823	39	38.1	0	12	1749	1.01916	0.974779	1306
94	840359	844	388640	450644	100	60	0.985835	0.753823	39	38.1	0	12	1749	1.01903	0.974456	1306
95	883491	776	412466	470105	100	60	1.08453	0.753823	39	38.1	0	12	1749	1.02123	0.972132	1306
96	895401	1335	421022	474378	100	60	1.83231	0.753823	39	38.1	0	12	1749	1.02502	0.981181	1306
97	669949	1323	203078	466871	100	60	2.01049	0.753823	39	38.1	0	12	1749	1.02659	0.979592	1306
98	700706	1244	260226	440480	100	60	2.19395	0.753823	39	38.1	0	12	1749	1.02576	0.974878	1306
99	701020	1020	297640	403379	100	60	2.16922	0.753823	39	38.1	0	12	1749	1.02963	0.977384	1306
100	601668	874	215766	385902	100	60	2.21792	0.753823	39	38.1	122115	12	1749	1.03347	0.985075	1306
101	612602	768	256585	356017	100	60	2.29033	0.753823	39	38.1	122115	12	1749	1.035	0.989529	1306
102	636007	699	289245	346762	100	60	2.33948	0.753823	39	38.1	122115	12	1749	1.042	0.99569	1306
103	623867	624	298834	325032	100	60	2.34598	0.753823	39	38.1	122115	12	1749	1.05426	1.01125	1306
104	588780	544	289750	299030	100	60	2.40986	0.753823	39	38.1	122115	12	1749	1.06491	1.01842	1306
105	562900	490	281862	281038	100	60	2.44211	0.753823	39	38.1	122115	12	1749	1.07244	1.02459	1306
106	552601	452	274319	268812	100	60	2.4622	0.753823	39	38.1	122115	12	1749	1.09449	1.04709	1306
107	531478	411	261062	254013	100	60	2.47101	0.753823	39	38.1	122115	12	1749	1.11038	1.06234	1306
108	536793	395	264633	255601	100	60	2.55655	0.753823	39	38.1	122115	12	1749	1.11217	1.05789	1306
109	502672	354	249027	238020	100	60	2.58868	0.753823	39	38.1	122115	12	1749	1.10992	1.04425	1306
110	466422	317	231722	220647	100	60	2.59878	0.753823	39	38.1	122115	12	1749	1.11078	1.0363	1306
111	421928	290	216348	205581	100	60	2.65536	0.753823	39	38.1	122115	12	1749	1.11905	1.04029	1306
112	265204	264	74915.2	190289	100	60	0.106973	0.753823	39	38.1	261877	12	1749	1.00197	0.945442	1306
113	478776	237	175110	303667	100	60	0.0827129	0.753823	39	38.1	261877	12	1749	1.00177	0.944349	1306
114	629184	208	244652	384532	100	60	0.0772094	0.753823	39	38.1	261877	12	1749	1.00176	0.94794	1306
115	640363	193	257764	382599	100	60	0.0861598	0.753823	39	38.1	261877	12	1749	1.0021	0.952986	1306
116	611219	173	256983	354237	100	60	0.0924975	0.753823	39	38.1	261877	12	1749	1.00225	0.957059	1306
117	663743	2425	290899	372843	100	60	1.17155	0.753823	38	38.1	261877	12	1749	1.00351	0.959074	1306
118	733044	2222	326715	406329	100	60	1.38449	0.753823	38	38.1	261877	12	1749	1.00412	0.960348	1306
119	776705	1923	349987	426718	100	60	1.67324	0.753823	38	38.1	261877	12	1749	1.00519	0.958443	1306
120	609201	1750	181056	428145	100	60	1.83589	0.753823	35	38.1	261877	12	1749	1.08208	1.08825	1306
121	645767	1342	246674	398214	100	60	0.872796	0.753823	39	38.1	0	12	1749	1.02979	0.984814	1306
122	697393	1075	293658	402520	100	60	0.671239	0.753823	39	38.1	0	12	1749	1.01557	0.968403	1306
123	777815	888	344044	432367	100	60	0.588443	0.753823	39	38.1	0	12	1749	1.01088	0.962544	1306
124	859320	779	386608	471455	100	60	0.6299	0.753823	39	38.1	0	12	1749	1.01132	0.962675	1306
125	866126	705	393721	471354	100	60	0.686465	0.753823	39	38.1	0	12	1749	1.01326	0.966639	1306
126	830698	1573	383321	447376	100	60	1.48906	0.753823	39	38.1	0	12	1749	1.01483	0.971032	1306
127	631882	1494	185616	446266	100	60	1.6249	0.753823	39	38.1	0	12	1749	1.01651	0.967356	1306
128	684478	1478	249515	434963	100	60	1.91873	0.753823	39	38.1	0	12	1749	1.01752	0.968643	1306
129	728193	1233	302975	425219	100	60	1.97428	0.753823	39	38.1	0	12	1749	1.02147	0.970588	1306
130	645240	1040	234815	410424	100	60	2.07686	0.753823	39	38.1	106885	12	1749	1.02566	0.967022	1306
131	651642	872	268132	383510	100	60	2.19457	0.753823	39	38.1	106885	12	1749	1.03595	0.974537	1306
132	658592	773	295239	363353	100	60	2.26111	0.753823	39	38.1	106885	12	1749	1.04387	0.985602	1306
133	652011	691	307417	344595	100	60	2.31276	0.753823	39	38.1	106885	12	1749	1.05607	0.997085	1306
134	658279	652	318495	339783	100	60	2.3497	0.753823	39	38.1	106885	12	1749	1.07079	1.00933	1306
135	625104	579	306942	318163	100	60	2.41554	0.753823	39	38.1	106885	12	1749	1.08219	1.0123	1306
136	576894	510	282298	285097	100	60	2.45689	0.753823	39	38.1	106885	12	1749	1.09123	1.02794	1306
137	527648	441	256771	255364	100	60	2.45345	0.753823	39	38.1	106885	12	1749	1.09603	1.02304	1306
138	489957	391	240051	234866	100	60	2.47148	0.753823	39	38.1	106885	12	1749	1.08	1	1306
139	486178	374	239511	231681	100	60	2.50162	0.753823	39	38.1	106885	12	1749	1.08291	1.00271	1306
140	461917	345	228353	219668	100	60	2.52008	0.753823	39	38.1	106885	12	1749	1.08587	1.0118	1306
141	411940	312	210403	201538	100	60	2.5416	0.753823	39	38.1	106885	12	1749	1.09006	1.02303	1306
142	263247	270	82169.6	181077	100	60	0.104926	0.753823	39	38.1	228586	12	1749	1.00158	0.958519	1306
143	479363	244	182665	296698	100	60	0.0838512	0.753823	39	38.1	228586	12	1749	1.00154	0.958948	1306
144	615354	203	244713	370641	100	60	0.0740657	0.753823	39	38.1	228586	12	1749	1.00155	0.961545	1306
145	610398	190	251407	358990	100	60	0.0838589	0.753823	39	38.1	228586	12	1749	1.00204	0.964203	1306
146	580241	174	248528	331713	100	60	0.0922021	0.753823	39	38.1	228586	12	1749	1.00227	0.965477	1306
147	639468	2256	284202	355266	100	60	1.11761	0.753823	39	38.1	228586	12	1749	1.00364	0.964401	1306
148	718173	2084	323641	394532	100	60	1.33185	0.753823	39	38.1	228586	12	1749	1.00548	0.965324	1306
149	751571	1844	342130	409442	100	60	1.64955	0.753823	39	38.1	228586	12	1749	1.00651	0.963066	1306
150	593250	1685	177863	415387	100	60	1.80876	0.753823	37	38.1	228586	12	1749	1.09311	1.10946	1306
151	633638	1310	243515	389413	100	60	0.82128	0.753823	39	38.1	0	12	1749	1.02975	0.993666	1306
152	727481	1120	307223	419100	100	60	0.669431	0.753823	39	38.1	0	12	1749	1.01869	0.976757	1306
153	798755	927	353809	443783	100	60	0.594086	0.753823	39	38.1	0	12	1749	1.01248	0.969653	1306
154	848191	762	381775	465280	100	60	0.597514	0.753823	39	38.1	0	12	1749	1.01284	0.968998	1306
155	862834	731	395015	466800	100	60	0.715981	0.753823	39	38.1	0	12	1749	1.01618	0.970946	1306
156	831364	1494	385929	445434	100	60	1.42129	0.753823	39	38.1	0	12	1749	1.01803	0.971213	1306
157	815391	1439	383709	431682	100	60	1.59176	0.753823	39	38.1	0	12	1749	1.01939	0.971704	1306
158	801775	1334	381732	420042	100	60	1.82911	0.753823	39	38.1	0	12	1749	1.02305	0.976533	1306
159	770236	1061	372883	397353	100	60	1.94552	0.753823	39	38.1	0	12	1749	1.02973	0.98	1306
160	586811	884	218986	367825	100	60	2.08895	0.753823	39	38.1	155973	12	1749	1.03384	0.985075	1306
161	598677	770	250162	348515	100	60	2.18966	0.753823	39	38.1	155973	12	1749	1.04409	0.989432	1306
162	592244	672	268605	323639	100	60	2.18966	0.753823	39	38.1	155973	12	1749	1.05814	1.00152	1306
163	585208	601	277720	307487	100	60	2.26118	0.753823	39	38.1	155973	12	1749	1.06749	1.01017	1306
164	573236	552	279420	293817	100	60	2.29008	0.753823	39	38.1	155973	12	1749	1.07988	1.02597	1306
165	551034	505	272830	278204	100	60	2.32375	0.753823	39	38.1	155973	12	1749	1.09441	1.03862	1306
166	542277	481	266522	267048	100	60	2.387	0.753823	39	38.1	155973	12	1749	1.10232	1.0406	1306
167	517645	446	252068	251170	100	60	2.40151	0.753823	39	38.1	155973	12	1749	1.11422	1.04872	1306
168	463144	382	226925	223081	100	60	2.41755	0.753823	39	38.1	155973	12	1749	1.13144	1.05995	1306
169	422908	332	209015	201764	100	60	2.39021	0.753823	39	38.1	155973	12	1749	1.14793	1.0721	1306
170	410732	311	204279	194991	100	60	2.40558	0.753823	39	38.1	155973	12	1749	1.15974	1.07797	1306
171	369900	281	189844	180056	100	60	2.45247	0.753823	39	38.1	155973	12	1749	1.15357	1.07197	1306
172	256013	273	80301.4	175712	100	60	0.107362	0.753823	39	38.1	267093	12	1749	1.00256	0.959492	1306
173	477283	255	181492	295791	100	60	0.0871542	0.753823	39	38.1	267093	12	1749	1.0022	0.960979	1306
174	519712	230	125759	393953	100	60	0.0840924	0.753823	39	38.1	267093	12	1749	1.00249	0.960419	1306
175	545277	191	162042	383235	100	60	0.0732468	0.753823	38	38.1	267093	12	1749	1.00218	0.955916	1306
176	536004	166	184068	351935	100	60	0.0796401	0.753823	38	38.1	267093	12	1749	1.00242	0.957502	1306
177	599175	2427	233047	366128	100	60	1.00822	0.753823	38	38.1	267093	12	1749	1.00372	0.961566	1306
178	688157	2246	286800	401357	100	60	1.24677	0.753823	38	38.1	267093	12	1749	1.00547	0.963852	1306
179	742549	1896	320318	422231	100	60	1.47293	0.753823	38	38.1	267093	12	1749	1.00794	0.969156	1306
180	597442	1820	171001	426442	100	60	1.73521	0.753823	36	38.1	267093	12	1749	1.07545	1.09316	1306
181	679411	1498	254961	423365	100	60	0.994443	0.753823	39	38.1	0	12	1749	1.03073	0.991005	1306
182	729079	1202	303276	424227	100	60	0.800168	0.753823	39	38.1	0	12	1749	1.01965	0.976038	1306
183	614638	978	170900	443026	100	60	0.70331	0.753823	39	38.1	0	12	1749	1.01379	0.971045	1306
184	724594	844	255771	467726	100	60	0.723206	0.753823	39	38.1	0	12	1749	1.01386	0.97141	1306
185	783116	767	312900	469293	100	60	0.799614	0.753823	39	38.1	0	12	1749	1.01611	0.975445	1306
186	815041	1629	349210	465831	100	60	1.59712	0.753823	39	38.1	0	12	1749	1.01782	0.978934	1306
187	833496	1493	372575	460921	100	60	1.68452	0.753823	39	38.1	0	12	1749	1.01889	0.982719	1306
188	840091	1423	386399	453692	100	60	1.87441	0.753823	39	38.1	0	12	1749	1.02198	0.986477	1306
189	835302	1189	392306	442996	100	60	1.93118	0.753823	39	38.1	0	12	1749	1.0238	0.991468	1306
190	686458	1024	255585	430873	100	60	2.07714	0.753823	39	38.1	146655	12	1749	1.03078	0.995045	1306
191	677277	865	281615	395662	100	60	2.1864	0.753823	39	38.1	146655	12	1749	1.03944	1.00235	1306
192	684289	768	306305	377984	100	60	2.21175	0.753823	39	38.1	146655	12	1749	1.05635	1.01995	1306
193	659571	674	308008	351563	100	60	2.2515	0.753823	39	38.1	146655	12	1749	1.07759	1.03933	1306
194	652052	622	312452	339600	100	60	2.30325	0.753823	39	38.1	146655	12	1749	1.07586	1.03783	1306
195	601835	542	292009	309826	100	60	2.38366	0.753823	39	38.1	146655	12	1749	1.08292	1.03605	1306
196	579757	499	279704	290603	100	60	2.40234	0.753823	39	38.1	146655	12	1749	1.09427	1.05417	1306
197	552213	457	265110	271193	100	60	2.43848	0.753823	39	38.1	146655	12	1749	1.09691	1.04082	1306
198	520083	414	249839	254996	100	60	2.45228	0.753823	39	38.1	146655	12	1749	1.09908	1.04051	1306
199	489054	381	237677	237116	100	60	2.45406	0.753823	39	38.1	146655	12	1749	1.10406	1.04384	1306
200	465622	353	227384	225030	100	60	2.47414	0.753823	39	38.1	146655	12	1749	1.11204	1.0506	1306
201	421858	331	212740	209117	100	60	2.49983	0.753823	39	38.1	146655	12	1749	1.11621	1.03503	1306
202	267229	299	73892.9	193336	100	60	0.115444	0.753823	39	38.1	175585	12	1749	1.00254	0.961521	1306
203	487307	278	178481	308827	100	60	0.0931115	0.753823	39	38.1	175585	12	1749	1.00194	0.962766	1306
204	633962	231	247690	386272	100	60	0.0833532	0.753823	39	38.1	175585	12	1749	1.00169	0.960281	1306
205	640990	212	259831	381159	100	60	0.0898685	0.753823	39	38.1	175585	12	1749	1.00178	0.959842	1306
206	595943	197	251412	344531	100	60	0.100686	0.753823	39	38.1	175585	12	1749	1.00181	0.957697	1306
207	638964	2246	280318	358645	100	60	1.06054	0.753823	39	38.1	175585	12	1749	1.00275	0.959454	1306
208	706002	2133	315834	390169	100	60	1.25535	0.753823	39	38.1	175585	12	1749	1.00361	0.963349	1306
209	748994	1800	339945	409049	100	60	1.49047	0.753823	39	38.1	175585	12	1749	1.00522	0.961436	1306
210	588823	1693	176264	412558	100	60	1.72081	0.753823	37	38.1	175585	12	1749	1.09663	1.12322	1306
211	639054	1343	247026	391231	100	60	0.840999	0.753823	39	38.1	0	12	1749	1.03368	0.993779	1306
212	714877	1100	303271	410365	100	60	0.658114	0.753823	39	38.1	0	12	1749	1.02145	0.979875	1306
213	799214	929	353514	444376	100	60	0.605155	0.753823	39	38.1	0	12	1749	1.01579	0.973724	1306
214	870536	823	390824	478406	100	60	0.669357	0.753823	39	38.1	0	12	1749	1.01775	0.971352	1306
215	854795	742	388884	464812	100	60	0.736875	0.753823	39	38.1	0	12	1749	1.01838	0.970517	1306
216	853239	1534	394672	458567	100	60	1.52691	0.753823	39	38.1	0	12	1749	1.0223	0.97251	1306
217	835951	1444	391668	444283	100	60	1.68387	0.753823	39	38.1	0	12	1749	1.02756	0.97157	1306
218	844429	1330	400657	443772	100	60	1.85955	0.753823	39	38.1	0	12	1749	1.03208	0.973986	1306
219	840656	1116	403110	437546	100	60	1.94897	0.753823	39	38.1	0	12	1749	1.03438	0.973588	1306
220	655745	942	235031	420714	100	60	2.0699	0.753823	39	38.1	173165	12	1749	1.04295	0.980541	1306
221	519784	815	132661	387123	100	60	2.16427	0.753823	39	38.1	173165	12	1749	1.05056	0.990025	1306
222	558364	743	193641	364722	100	60	2.22029	0.753823	39	38.1	173165	12	1749	1.05319	0.990424	1306
223	546791	625	225202	321589	100	60	2.2792	0.753823	39	38.1	173165	12	1749	1.06366	0.988636	1306
224	561713	563	253603	308110	100	60	2.34768	0.753823	39	38.1	173165	12	1749	1.06308	0.981949	1306
225	562032	524	266261	295771	100	60	2.3651	0.753823	39	38.1	173165	12	1749	1.07301	0.994186	1306
226	527194	459	251771	266347	100	60	2.38032	0.753823	39	38.1	173165	12	1749	1.09018	1.01559	1306
227	523924	432	250750	257735	100	60	2.40549	0.753823	39	38.1	173165	12	1749	1.10307	1.02138	1306
228	499476	394	240666	243695	100	60	2.42137	0.753823	39	38.1	173165	12	1749	1.0978	1.01571	1306
229	475480	363	230750	230427	100	60	2.45993	0.753823	39	38.1	173165	12	1749	1.08919	1.01437	1306
230	445581	327	217260	215304	100	60	2.46299	0.753823	39	38.1	173165	12	1749	1.08408	1.00318	1306
231	298619	296	100288	198332	100	60	2.4792	0.753823	39	38.1	173165	12	1749	1.10101	1.01418	1306
232	243874	250	70957.7	172917	100	60	0.0900945	0.753823	39	38.1	226103	12	1749	1.00139	0.938571	1306
233	463411	219	171654	291757	100	60	0.0743649	0.753823	39	38.1	226103	12	1749	1.00118	0.938594	1306
234	621685	187	242855	378830	100	60	0.0673189	0.753823	39	38.1	226103	12	1749	1.00109	0.94351	1306
235	622429	176	251274	371156	100	60	0.077556	0.753823	39	38.1	226103	12	1749	1.00142	0.940223	1306
236	575067	165	242429	332637	100	60	0.0877373	0.753823	39	38.1	226103	12	1749	1.00168	0.935376	1306
237	616500	2389	270699	345800	100	60	1.11726	0.753823	39	38.1	226103	12	1749	1.00255	0.934483	1306
238	697999	2050	311211	386788	100	60	1.23395	0.753823	39	38.1	226103	12	1749	1.00292	0.932642	1306
239	741212	1841	334312	406900	100	60	1.61001	0.753823	39	38.1	226103	12	1749	1.00443	0.931829	1306
240	490782	1613	81308.8	409473	100	60	1.71967	0.753823	37	38.1	226103	12	1749	1.08325	1.08266	1306
241	523561	1291	149304	373383	100	60	0.703084	0.753823	39	38.1	0	12	1749	1.02237	0.969171	1306
242	627382	1095	230640	395775	100	60	0.589749	0.753823	39	38.1	0	12	1749	1.01369	0.96106	1306
243	749366	952	310228	437630	100	60	0.561527	0.753823	39	38.1	0	12	1749	1.01082	0.960803	1306
244	631357	804	170784	460129	100	60	0.602138	0.753823	39	38.1	0	12	1749	1.01147	0.960763	1306
245	679899	704	236289	443200	100	60	0.650536	0.753823	39	38.1	0	12	1749	1.01296	0.963764	1306
246	726081	1579	290065	436015	100	60	1.40656	0.753823	39	38.1	0	12	1749	1.0155	0.967323	1306
247	739736	1472	319482	420254	100	60	1.54747	0.753823	39	38.1	0	12	1749	1.01715	0.973427	1306
248	568584	1383	157566	411018	100	60	1.82468	0.753823	39	38.1	0	12	1749	1.02237	0.972283	1306
249	609049	1155	217358	391691	100	60	1.87796	0.753823	39	38.1	0	12	1749	1.02464	0.979895	1306
250	582231	961	213229	369002	100	60	1.9768	0.753823	39	38.1	54566	12	1749	1.02923	0.984227	1306
251	582902	800	245909	336993	100	60	2.10304	0.753823	39	38.1	54566	12	1749	1.03515	0.987406	1306
252	590018	701	268831	321188	100	60	2.21239	0.753823	39	38.1	54566	12	1749	1.04333	0.992785	1306
253	413571	580	128238	285333	100	60	2.24015	0.753823	39	38.1	54566	12	1749	1.04762	0.994774	1306
254	415363	498	161760	253604	100	60	2.25399	0.753823	39	38.1	54566	12	1749	1.0625	1.01012	1306
255	423935	436	188116	235818	100	60	2.29456	0.753823	39	38.1	54566	12	1749	1.07968	1.02546	1306
256	441040	407	204827	228135	100	60	2.30957	0.753823	39	38.1	54566	12	1749	1.08991	1.04467	1306
257	432574	369	204918	215543	100	60	2.33048	0.753823	39	38.1	54566	12	1749	1.09653	1.0551	1306
258	293628	316	98668.7	192553	100	60	2.32074	0.753823	39	38.1	54566	12	1749	1.09412	1.05128	1306
259	311608	292	123998	181367	100	60	2.30436	0.753823	39	38.1	54566	12	1749	1.11254	1.08042	1306
260	315132	268	141546	168002	100	60	2.33465	0.753823	39	38.1	54566	12	1749	1.11032	1.0856	1306
261	237864	257	75650.4	162214	100	60	2.34238	0.753823	39	38.1	54566	12	1749	1.11698	1.0898	1306
262	227962	244	70608.4	157354	100	60	0.113215	0.753823	39	38.1	89729.1	12	1749	1.00219	0.995756	1306
263	394025	219	149769	244256	100	60	0.0898008	0.753823	39	38.1	89729.1	12	1749	1.00162	0.995192	1306
264	605915	196	245011	360904	100	60	0.0860155	0.753823	39	38.1	89729.1	12	1749	1.00178	0.995978	1306
265	672493	171	274116	398377	100	60	0.086408	0.753823	38	38.1	89729.1	12	1749	1.00175	0.995513	1306
266	633170	158	265385	367785	100	60	0.0953006	0.753823	37	38.1	89729.1	12	1749	1.00194	0.995373	1306
267	635421	2322	277213	358208	100	60	1.08814	0.753823	37	38.1	89729.1	12	1749	1.00274	0.996492	1306
268	728201	2035	325283	402918	100	60	1.16887	0.753823	37	38.1	89729.1	12	1749	1.00328	0.995985	1306
269	795096	1823	360052	435044	100	60	1.444	0.753823	37	38.1	89729.1	12	1749	1.00469	0.996281	1306
270	619621	1652	185631	433989	100	60	1.58164	0.753823	31	38.1	89729.1	12	1749	1.11157	1.18723	1306
271	647389	1284	250010	396481	100	60	1.06509	0.753823	39	38.1	0	12	1749	1.05898	1.05781	1306
272	688979	1049	295499	392214	100	60	0.894387	0.753823	39	38.1	0	12	1749	1.03596	1.02747	1306
273	564394	892	162522	401131	100	60	0.809253	0.753823	39	38.1	0	12	1749	1.02323	1.00899	1306
274	664384	769	245263	418204	100	60	0.824844	0.753823	39	38.1	0	12	1749	1.02278	1.00636	1306
275	748489	716	313038	434649	100	60	0.902161	0.753823	39	38.1	0	12	1749	1.02557	1.00427	1306
276	609065	1338	170298	438767	100	60	1.60856	0.753823	39	38.1	0	12	1749	1.02615	1.00401	1306
277	651240	1338	234899	416342	100	60	1.77783	0.753823	39	38.1	0	12	1749	1.0263	1.00507	1306
278	703507	1313	293020	410488	100	60	1.91758	0.753823	39	38.1	0	12	1749	1.0263	1.0054	1306
279	558318	1118	158451	399867	100	60	1.89433	0.753823	39	38.1	0	12	1749	1.02773	1.0109	1306
280	554377	938	192927	361451	100	60	1.92815	0.753823	39	38.1	21451.8	12	1749	1.03286	1.01838	1306
281	574390	803	239181	335210	100	60	1.99659	0.753823	39	38.1	21451.8	12	1749	1.0404	1.02138	1306
282	598223	727	273061	325162	100	60	2.06042	0.753823	39	38.1	21451.8	12	1749	1.04736	1.02643	1306
283	611522	679	291863	319659	100	60	2.09619	0.753823	39	38.1	21451.8	12	1749	1.05529	1.03566	1306
284	428864	591	138173	290691	100	60	2.1363	0.753823	39	38.1	21451.8	12	1749	1.06619	1.04966	1306
285	436853	524	173903	262951	100	60	2.19772	0.753823	39	38.1	21451.8	12	1749	1.07483	1.05642	1306
286	444183	465	196425	239736	100	60	2.2235	0.753823	39	38.1	21451.8	12	1749	1.07859	1.05947	1306
287	440610	421	204876	224028	100	60	2.25323	0.753823	39	38.1	21451.8	12	1749	1.07743	1.05366	1306
288	384358	338	184652	188110	100	60	2.2604	0.753823	39	38.1	21451.8	12	1749	1.07003	1.04863	1306
289	362064	299	177717	173547	100	60	2.26526	0.753823	39	38.1	21451.8	12	1749	1.06688	1.04452	1306
290	342841	270	170220	162839	100	60	2.29863	0.753823	39	38.1	21451.8	12	1749	1.07527	1.0458	1306
291	310968	245	160170	150798	100	60	2.27014	0.753823	39	38.1	21451.8	12	1749	1.088	1.06303	1306
292	210344	222	70794.7	139550	100	60	0.0848368	0.753823	39	38.1	110743	12	1749	1.00107	0.992364	1306
293	432478	202	170164	262314	100	60	0.068376	0.753823	39	38.1	110743	12	1749	1.00107	0.992099	1306
294	598447	177	241007	357440	100	60	0.0642399	0.753823	39	38.1	110743	12	1749	1.00113	0.991397	1306
295	600716	149	247060	353655	100	60	0.0645841	0.753823	39	38.1	110743	12	1749	1.00111	0.991171	1306
296	562910	131	240685	322226	100	60	0.0664873	0.753823	39	38.1	110743	12	1749	1.00103	0.989843	1306
297	452976	2510	115389	337587	100	60	1.04727	0.753823	39	38.1	110743	12	1749	1.00128	0.99122	1306
298	551872	2323	190429	361443	100	60	1.25923	0.753823	39	38.1	110743	12	1749	1.00194	0.992936	1306
299	655980	2056	259649	396330	100	60	1.48595	0.753823	39	38.1	110743	12	1749	1.00255	0.993809	1306
300	482461	1883	72140.7	410321	100	60	1.68496	0.753823	38	38.1	110743	12	1749	1.06256	1.09202	1306
301	509049	1509	141917	366083	100	60	0.756086	0.753823	39	38.1	0	12	1749	1.0178	1.01026	1306
302	620087	1268	227973	391128	100	60	0.62783	0.753823	39	38.1	0	12	1749	1.01209	1.00329	1306
303	579230	1083	148619	430092	100	60	0.615342	0.753823	39	38.1	0	12	1749	1.00909	0.999573	1306
304	696690	969	241516	454010	100	60	0.678254	0.753823	39	38.1	0	12	1749	1.01003	0.997274	1306
305	762775	869	306182	455606	100	60	0.746641	0.753823	39	38.1	0	12	1749	1.01209	0.998578	1306
306	613225	1717	161157	452068	100	60	1.45504	0.753823	39	38.1	0	12	1749	1.01484	1.00209	1306
307	668374	1586	235797	432578	100	60	1.57476	0.753823	39	38.1	0	12	1749	1.01596	1.00435	1306
308	736857	1517	303951	432907	100	60	1.77625	0.753823	39	38.1	0	12	1749	1.01748	1.00332	1306
309	787116	1309	352280	434837	100	60	1.85503	0.753823	39	38.1	0	12	1749	1.02038	1.00691	1306
310	680955	1085	275483	405472	100	60	1.91505	0.753823	39	38.1	92494.7	12	1749	1.02731	1.01576	1306
311	687835	941	306214	381622	100	60	1.98799	0.753823	39	38.1	92494.7	12	1749	1.03088	1.01494	1306
312	664270	809	313212	351058	100	60	2.05511	0.753823	39	38.1	92494.7	12	1749	1.04216	1.02488	1306
313	667539	741	324736	342802	100	60	2.06417	0.753823	39	38.1	92494.7	12	1749	1.05349	1.03804	1306
314	606219	627	300643	305576	100	60	2.09051	0.753823	39	38.1	92494.7	12	1749	1.06507	1.04647	1306
315	583043	574	293116	289926	100	60	2.13692	0.753823	39	38.1	92494.7	12	1749	1.06907	1.04561	1306
316	540725	507	269324	262258	100	60	2.19691	0.753823	39	38.1	92494.7	12	1749	1.06151	1.03984	1306
317	500139	445	247144	238189	100	60	2.177	0.753823	39	38.1	92494.7	12	1749	1.07317	1.05227	1306
318	480918	410	238274	228245	100	60	2.19104	0.753823	39	38.1	92494.7	12	1749	1.06682	1.04715	1306
319	448691	369	223568	211581	100	60	2.20063	0.753823	39	38.1	92494.7	12	1749	1.07557	1.04683	1306
320	402223	330	201501	188941	100	60	2.20459	0.753823	39	38.1	92494.7	12	1749	1.06877	1.03086	1306
321	354187	299	184122	170065	100	60	2.21764	0.753823	39	38.1	92494.7	12	1749	1.08387	1.0411	1306
322	245213	272	84102.1	161111	100	60	0.0968012	0.753823	39	38.1	188455	12	1749	1.00167	0.990654	1306
323	482906	260	190083	292823	100	60	0.0841768	0.753823	39	38.1	188455	12	1749	1.00163	0.99	1306
324	627866	243	255637	372230	100	60	0.083749	0.753823	39	38.1	188455	12	1749	1.00158	0.991655	1306
325	626319	233	262298	364021	100	60	0.0967542	0.753823	39	38.1	188455	12	1749	1.00177	0.991624	1306
326	581120	204	252446	328674	100	60	0.10143	0.753823	39	38.1	188455	12	1749	1.00221	0.990984	1306
327	646481	2424	289462	357019	100	60	1.10777	0.753823	39	38.1	188455	12	1749	1.0037	0.991236	1306
328	742044	2212	335904	406140	100	60	1.28407	0.753823	39	38.1	188455	12	1749	1.0055	0.992246	1306
329	767490	1819	350445	417045	100	60	1.48389	0.753823	39	38.1	188455	12	1749	1.00775	0.994118	1306
330	572591	1619	172968	399623	100	60	1.59448	0.753823	36	38.1	188455	12	1749	1.10219	1.16335	1306
331	635645	1337	248817	385984	100	60	0.777565	0.753823	39	38.1	0	12	1749	1.03158	1.02143	1306
332	698892	1102	300605	397053	100	60	0.626117	0.753823	39	38.1	0	12	1749	1.01765	1.00642	1306
333	806309	980	361596	443154	100	60	0.592386	0.753823	39	38.1	0	12	1749	1.01173	0.999703	1306
334	858272	846	389744	467157	100	60	0.636956	0.753823	39	38.1	0	12	1749	1.0121	0.999801	1306
335	868868	771	399538	468152	100	60	0.684398	0.753823	39	38.1	0	12	1749	1.01286	0.999153	1306
336	834006	1582	389247	444758	100	60	1.38244	0.753823	39	38.1	0	12	1749	1.01574	1.00298	1306
337	835927	1485	396516	439411	100	60	1.54025	0.753823	39	38.1	0	12	1749	1.01786	1.00117	1306
338	819719	1398	392563	427156	100	60	1.79052	0.753823	39	38.1	0	12	1749	1.02045	1.00361	1306
339	617442	1203	194466	422975	100	60	1.86335	0.753823	39	38.1	0	12	1749	1.02514	1.0067	1306
340	630823	1066	221987	408836	100	60	1.95361	0.753823	39	38.1	39303.4	12	1749	1.03075	1.01135	1306
341	653341	921	271619	381722	100	60	2.02661	0.753823	39	38.1	39303.4	12	1749	1.03878	1.01969	1306
342	643104	784	291349	351755	100	60	2.05592	0.753823	39	38.1	39303.4	12	1749	1.04491	1.02439	1306
343	663485	738	314738	348746	100	60	2.09005	0.753823	39	38.1	39303.4	12	1749	1.05275	1.03146	1306
344	495642	694	158264	337378	100	60	2.12377	0.753823	39	38.1	39303.4	12	1749	1.05897	1.03796	1306
345	518481	631	204443	314038	100	60	2.19613	0.753823	39	38.1	39303.4	12	1749	1.06751	1.04032	1306
346	518320	560	225841	283546	100	60	2.21245	0.753823	39	38.1	39303.4	12	1749	1.07593	1.03597	1306
347	525343	520	241963	269942	100	60	2.24319	0.753823	39	38.1	39303.4	12	1749	1.08288	1.0407	1306
348	533462	498	252933	264995	100	60	2.26429	0.753823	39	38.1	39303.4	12	1749	1.09441	1.04703	1306
349	489275	435	235708	239309	100	60	2.2512	0.753823	39	38.1	39303.4	12	1749	1.09111	1.03505	1306
350	451459	390	220523	218328	100	60	2.26695	0.753823	39	38.1	39303.4	12	1749	1.0932	1.03947	1306
351	401991	339	203896	198095	100	60	2.25702	0.753823	39	38.1	39303.4	12	1749	1.09169	1.03939	1306
352	267013	298	89176.9	177837	100	60	0.107498	0.753823	39	38.1	149296	12	1749	1.00189	0.979083	1306
353	489299	268	191024	298276	100	60	0.0866611	0.753823	39	38.1	149296	12	1749	1.00182	0.979396	1306
354	624471	248	251472	372999	100	60	0.085531	0.753823	39	38.1	149296	12	1749	1.00168	0.979612	1306
355	604220	226	251375	352845	100	60	0.0953217	0.753823	38	38.1	149296	12	1749	1.00191	0.981246	1306
356	564881	185	243410	321472	100	60	0.0946456	0.753823	38	38.1	149296	12	1749	1.00185	0.980713	1306
357	470675	2296	121660	349014	100	60	1.04742	0.753823	38	38.1	149296	12	1749	1.00264	0.982277	1306
358	560071	2163	190514	369558	100	60	1.30455	0.753823	38	38.1	149296	12	1749	1.00437	0.989721	1306
359	631960	1816	247648	384312	100	60	1.51089	0.753823	38	38.1	149296	12	1749	1.00536	0.989212	1306
360	553596	1727	149588	404008	100	60	1.67432	0.753823	35	38.1	149296	12	1749	1.07771	1.11227	1306
361	609510	1394	224855	383584	100	60	0.723827	0.753823	39	38.1	0	12	1749	1.02224	1.002	1306
362	689952	1154	284835	403655	100	60	0.582643	0.753823	39	38.1	0	12	1749	1.01377	0.991013	1306
363	767926	964	334467	431756	100	60	0.532405	0.753823	39	38.1	0	12	1749	1.00922	0.98433	1306
364	811655	806	361080	449065	100	60	0.551672	0.753823	39	38.1	0	12	1749	1.00938	0.986159	1306
365	798680	701	362131	435255	100	60	0.580267	0.753823	39	38.1	0	12	1749	1.00956	0.987249	1306
366	587475	1599	168656	418818	100	60	1.29474	0.753823	39	38.1	0	12	1749	1.01064	0.985749	1306
367	633646	1510	233104	400542	100	60	1.40408	0.753823	39	38.1	0	12	1749	1.01235	0.989242	1306
368	702674	1510	294765	407908	100	60	1.71888	0.753823	39	38.1	0	12	1749	1.01314	0.987992	1306
369	725319	1242	325999	399321	100	60	1.8227	0.753823	39	38.1	0	12	1749	1.01811	1	1306
370	622235	1019	245640	376595	100	60	1.91912	0.753823	39	38.1	94894.2	12	1749	1.02268	0.999011	1306
371	621296	864	272438	348858	100	60	1.97841	0.753823	39	38.1	94894.2	12	1749	1.03144	1.0035	1306
372	610419	739	286128	324290	100	60	2.0039	0.753823	39	38.1	94894.2	12	1749	1.04197	1.01231	1306
373	599661	658	291394	308267	100	60	2.05215	0.753823	39	38.1	94894.2	12	1749	1.05441	1.02458	1306
374	580423	597	286985	293438	100	60	2.08542	0.753823	39	38.1	94894.2	12	1749	1.06215	1.03559	1306
375	531280	523	266367	264913	100	60	2.1179	0.753823	39	38.1	94894.2	12	1749	1.06046	1.04054	1306
376	376999	477	127900	247802	100	60	2.1701	0.753823	39	38.1	94894.2	12	1749	1.07561	1.05757	1306
377	315025	441	82429.6	231342	100	60	2.19058	0.753823	39	38.1	94894.2	12	1749	1.08298	1.06019	1306
378	328015	389	116655	205493	100	60	2.1735	0.753823	39	38.1	94894.2	12	1749	1.10437	1.0873	1306
379	349466	362	148699	194242	100	60	2.18844	0.753823	39	38.1	94894.2	12	1749	1.12432	1.10694	1306
380	353860	330	164276	183557	100	60	2.20904	0.753823	39	38.1	94894.2	12	1749	1.11712	1.09236	1306
381	338109	299	166078	172031	100	60	2.19836	0.753823	39	38.1	94894.2	12	1749	1.12333	1.09541	1306
382	247605	275	83781.2	163824	100	60	0.117569	0.753823	39	38.1	183293	12	1749	1.00244	0.995656	1306
383	435943	257	173727	262216	100	60	0.0941337	0.753823	39	38.1	183293	12	1749	1.00201	0.99559	1306
384	631303	250	260192	371111	100	60	0.0977218	0.753823	39	38.1	183293	12	1749	1.00252	0.996277	1306
385	662138	222	275748	386390	100	60	0.101837	0.753823	39	38.1	183293	12	1749	1.00261	0.996331	1306
386	610520	203	261450	349070	100	60	0.112879	0.753823	39	38.1	183293	12	1749	1.00289	0.997925	1306
387	624640	2197	276660	347980	100	60	1.03073	0.753823	39	38.1	183293	12	1749	1.0045	0.999488	1306
388	534421	2003	145551	388870	100	60	1.18161	0.753823	39	38.1	183293	12	1749	1.00599	1.0007	1306
389	581756	1711	205096	376660	100	60	1.43394	0.753823	39	38.1	183293	12	1749	1.0087	1.00096	1306
390	511026	1636	130767	380259	100	60	1.60303	0.753823	36	38.1	183293	12	1749	1.09021	1.14207	1306
391	579690	1351	211961	365965	100	60	0.877881	0.753823	39	38.1	0	12	1749	1.0329	1.02832	1306
392	644919	1110	268131	374615	100	60	0.715259	0.753823	39	38.1	0	12	1749	1.02061	1.01345	1306
393	727865	944	323995	401037	100	60	0.656107	0.753823	39	38.1	0	12	1749	1.01507	1.00716	1306
394	783094	769	355926	424610	100	60	0.647239	0.753823	39	38.1	0	12	1749	1.01555	1.00546	1306
395	830310	692	381066	447112	100	60	0.680642	0.753823	39	38.1	0	12	1749	1.01629	1.00568	1306
396	822047	1596	382617	439430	100	60	1.45246	0.753823	39	38.1	0	12	1749	1.01913	1.00714	1306
397	795332	1488	375729	419602	100	60	1.56882	0.753823	39	38.1	0	12	1749	1.02079	1.01235	1306
398	578444	1361	175145	403298	100	60	1.74183	0.753823	39	38.1	0	12	1749	1.02184	1.00964	1306
399	607114	1125	230425	376689	100	60	1.75762	0.753823	39	38.1	0	12	1749	1.02228	1.00984	1306
400	589510	963	228689	360821	100	60	1.86284	0.753823	39	38.1	51342.7	12	1749	1.0324	1.0209	1306
401	583552	808	256912	326639	100	60	1.98947	0.753823	39	38.1	51342.7	12	1749	1.03494	1.0236	1306
402	582705	717	274634	308071	100	60	2.05615	0.753823	39	38.1	51342.7	12	1749	1.03906	1.02661	1306
403	575506	641	282346	293160	100	60	2.07595	0.753823	39	38.1	51342.7	12	1749	1.05426	1.03918	1306
404	564783	592	282659	282124	100	60	2.10515	0.753823	39	38.1	51342.7	12	1749	1.06881	1.05782	1306
405	537137	540	271338	265799	100	60	2.12014	0.753823	39	38.1	51342.7	12	1749	1.07843	1.06916	1306
406	492005	471	245938	237671	100	60	2.16092	0.753823	39	38.1	51342.7	12	1749	1.07707	1.06867	1306
407	451624	415	224070	214655	100	60	2.16554	0.753823	39	38.1	51342.7	12	1749	1.07937	1.06618	1306
408	453453	403	225347	215123	100	60	2.19651	0.753823	39	38.1	51342.7	12	1749	1.07416	1.05612	1306
409	402575	354	201138	189734	100	60	2.19717	0.753823	39	38.1	51342.7	12	1749	1.07397	1.05831	1306
410	371152	318	186133	174429	100	60	2.16342	0.753823	39	38.1	51342.7	12	1749	1.09726	1.07792	1306
411	261230	306	90587.8	170642	100	60	2.20519	0.753823	39	38.1	51342.7	12	1749	1.08333	1.05763	1306
412	228952	264	74874.9	154077	100	60	0.0853614	0.753823	39	38.1	89080.1	12	1749	1.0014	0.992055	1306
413	471884	236	179127	292757	100	60	0.0736548	0.753823	39	38.1	89080.1	12	1749	1.00118	0.991762	1306
414	607143	206	238480	368663	100	60	0.0700641	0.753823	38	38.1	89080.1	12	1749	1.00127	0.992428	1306
415	594973	197	242629	352344	100	60	0.0815253	0.753823	38	38.1	89080.1	12	1749	1.00134	0.993251	1306
416	566751	180	241022	325729	100	60	0.0901566	0.753823	38	38.1	89080.1	12	1749	1.00165	0.993022	1306
417	637506	2455	280971	356535	100	60	1.07257	0.753823	38	38.1	89080.1	12	1749	1.00218	0.992042	1306
418	535527	2105	143779	391748	100	60	1.22454	0.753823	38	38.1	89080.1	12	1749	1.00287	0.994258	1306
419	583729	1822	202070	381659	100	60	1.4867	0.753823	38	38.1	89080.1	12	1749	1.00389	0.993154	1306
420	516261	1673	128184	388077	100	60	1.66089	0.753823	35	38.1	89080.1	12	1749	1.08092	1.1229	1306
421	474829	1375	100472	373669	100	60	0.73907	0.753823	39	38.1	0	12	1749	1.02238	1.0126	1306
422	552249	1123	178734	372067	100	60	0.532983	0.753823	39	38.1	0	12	1749	1.01176	1.00034	1306
423	695096	965	270830	422572	100	60	0.48998	0.753823	39	38.1	0	12	1749	1.00866	0.998372	1306
424	778846	821	325592	451389	100	60	0.530323	0.753823	39	38.1	0	12	1749	1.00868	0.997238	1306
425	806481	754	351022	453819	100	60	0.603732	0.753823	39	38.1	0	12	1749	1.00989	0.997507	1306
426	794660	1642	358145	436515	100	60	1.31704	0.753823	39	38.1	0	12	1749	1.01171	0.999603	1306
427	778978	1586	359049	419929	100	60	1.48961	0.753823	39	38.1	0	12	1749	1.01265	1.0022	1306
428	765331	1436	360883	404448	100	60	1.69024	0.753823	39	38.1	0	12	1749	1.01441	1.00562	1306
429	564343	1182	171771	392573	100	60	1.74472	0.753823	39	38.1	0	12	1749	1.01882	1.00939	1306
430	568629	1015	202965	365663	100	60	1.833	0.753823	39	38.1	28067	12	1749	1.02369	1.01292	1306
431	612230	902	258630	353600	100	60	1.93914	0.753823	39	38.1	28067	12	1749	1.03509	1.02908	1306
432	628971	803	288188	340783	100	60	2.0171	0.753823	39	38.1	28067	12	1749	1.0473	1.04156	1306
433	467134	715	146217	320917	100	60	2.09933	0.753823	39	38.1	28067	12	1749	1.06279	1.05241	1306
434	478581	624	188556	290025	100	60	2.14064	0.753823	39	38.1	28067	12	1749	1.06621	1.05528	1306
435	367989	551	104916	263074	100	60	2.20807	0.753823	39	38.1	28067	12	1749	1.07377	1.05556	1306
436	387893	498	141261	240418	100	60	2.22215	0.753823	39	38.1	28067	12	1749	1.07222	1.05123	1306
437	410318	458	174625	227716	100	60	2.22957	0.753823	39	38.1	28067	12	1749	1.08097	1.05556	1306
438	401222	409	183597	206899	100	60	2.24069	0.753823	39	38.1	28067	12	1749	1.08817	1.06801	1306
439	389380	363	184950	193468	100	60	2.24663	0.753823	39	38.1	28067	12	1749	1.08947	1.0618	1306
440	378522	336	184195	184163	100	60	2.25369	0.753823	39	38.1	28067	12	1749	1.09012	1.06116	1306
441	240091	281	79732.5	160358	100	60	2.29516	0.753823	39	38.1	28067	12	1749	1.1	1.08148	1306
442	230697	264	75361.9	155335	100	60	0.0873492	0.753823	39	38.1	59954.1	12	1749	1.00157	0.994127	1306
443	466703	242	177832	288872	100	60	0.0787492	0.753823	39	38.1	59954.1	12	1749	1.00165	0.994336	1306
444	622279	213	245485	376794	100	60	0.0736405	0.753823	39	38.1	59954.1	12	1749	1.00168	0.994329	1306
445	616007	198	251095	364912	100	60	0.0837097	0.753823	39	38.1	59954.1	12	1749	1.00223	0.995427	1306
446	579229	194	246625	332604	100	60	0.0971667	0.753823	39	38.1	59954.1	12	1749	1.00249	0.996259	1306
447	648128	2493	286576	361552	100	60	1.09291	0.753823	39	38.1	59954.1	12	1749	1.00318	0.997915	1306
448	746108	2193	334787	411322	100	60	1.20932	0.753823	39	38.1	59954.1	12	1749	1.00383	0.998073	1306
449	768222	1923	349618	418604	100	60	1.50075	0.753823	39	38.1	59954.1	12	1749	1.00471	0.995953	1306
450	600798	1688	180965	419833	100	60	1.63525	0.753823	34	38.1	59954.1	12	1749	1.10449	1.16558	1306
451	668864	1400	259171	408411	100	60	0.84085	0.753823	39	38.1	0	12	1749	1.03556	1.03062	1306
452	577848	1185	152325	424510	100	60	0.699564	0.753823	39	38.1	0	12	1749	1.02336	1.01485	1306
453	687506	994	245282	440740	100	60	0.566669	0.753823	39	38.1	0	12	1749	1.0137	1.00436	1306
454	769085	830	311376	456242	100	60	0.577213	0.753823	39	38.1	0	12	1749	1.01334	1.00281	1306
455	794265	764	341280	451792	100	60	0.664965	0.753823	39	38.1	0	12	1749	1.01554	1.00215	1306
456	803135	1578	359962	443173	100	60	1.35634	0.753823	39	38.1	0	12	1749	1.01952	1.00579	1306
457	813055	1486	374654	438401	100	60	1.48082	0.753823	39	38.1	0	12	1749	1.02358	1.01414	1306
458	824590	1465	388009	436581	100	60	1.73772	0.753823	39	38.1	0	12	1749	1.02958	1.02345	1306
459	831563	1251	397734	433829	100	60	1.78105	0.753823	39	38.1	0	12	1749	1.03078	1.02583	1306
460	687124	1080	276258	410866	100	60	1.88362	0.753823	39	38.1	123585	12	1749	1.03718	1.02988	1306
461	683859	920	301399	382460	100	60	1.95721	0.753823	39	38.1	123585	12	1749	1.04334	1.03622	1306
462	681907	824	319877	362030	100	60	2.00385	0.753823	39	38.1	123585	12	1749	1.04597	1.04167	1306
463	638407	714	310714	327693	100	60	2.04829	0.753823	39	38.1	123585	12	1749	1.05809	1.0507	1306
464	620068	655	306903	313165	100	60	2.1244	0.753823	39	38.1	123585	12	1749	1.06702	1.05846	1306
465	577711	589	289705	288006	100	60	2.15871	0.753823	39	38.1	123585	12	1749	1.07927	1.06885	1306
466	547551	529	272244	265984	100	60	2.17795	0.753823	39	38.1	123585	12	1749	1.09408	1.07824	1306
467	376417	471	129053	245112	100	60	2.1938	0.753823	39	38.1	123585	12	1749	1.10079	1.08405	1306
468	410313	448	166887	235479	100	60	2.21192	0.753823	39	38.1	123585	12	1749	1.1097	1.08884	1306
469	407492	399	183134	215507	100	60	2.24878	0.753823	39	38.1	123585	12	1749	1.10412	1.0799	1306
470	404308	374	192426	203745	100	60	2.26034	0.753823	39	38.1	123585	12	1749	1.11488	1.09116	1306
471	361381	330	180130	181251	100	60	2.22032	0.753823	39	38.1	123585	12	1749	1.13595	1.11746	1306
472	251778	285	89588.5	162190	100	60	0.113123	0.753823	39	38.1	208773	12	1749	1.00241	0.997835	1306
473	438409	242	174632	263777	100	60	0.0842752	0.753823	39	38.1	208773	12	1749	1.00201	0.997626	1306
474	616592	207	251367	365225	100	60	0.0746646	0.753823	39	38.1	208773	12	1749	1.00173	0.998729	1306
475	628059	190	259593	368466	100	60	0.0814437	0.753823	39	38.1	208773	12	1749	1.00204	0.999751	1306
476	587659	176	251357	336302	100	60	0.0907801	0.753823	39	38.1	208773	12	1749	1.00234	1.0009	1306
477	605534	2288	268343	337190	100	60	1.02219	0.753823	39	38.1	208773	12	1749	1.00294	1.00197	1306
478	690888	2083	312336	378551	100	60	1.16276	0.753823	39	38.1	208773	12	1749	1.00404	1.00526	1306
479	747882	1858	341475	406407	100	60	1.47334	0.753823	39	38.1	208773	12	1749	1.00588	1.00615	1306
480	578344	1638	174215	404129	100	60	1.62077	0.753823	35	38.1	208773	12	1749	1.0977	1.16769	1306
481	632970	1321	246782	384910	100	60	0.848157	0.753823	39	38.1	0	12	1749	1.03494	1.03534	1306
482	686827	1096	294356	390684	100	60	0.692893	0.753823	39	38.1	0	12	1749	1.02129	1.0172	1306
483	761931	918	342483	417362	100	60	0.614129	0.753823	39	38.1	0	12	1749	1.01535	1.00916	1306
484	813250	784	371882	439445	100	60	0.637738	0.753823	39	38.1	0	12	1749	1.01564	1.00745	1306
485	835549	744	386693	447187	100	60	0.73786	0.753823	39	38.1	0	12	1749	1.01828	1.00765	1306
486	828758	1528	389053	439705	100	60	1.43722	0.753823	39	38.1	0	12	1749	1.02173	1.00888	1306
487	809688	1407	384960	424728	100	60	1.5327	0.753823	39	38.1	0	12	1749	1.02302	1.01186	1306
488	805022	1389	387284	417738	100	60	1.77121	0.753823	39	38.1	0	12	1749	1.02822	1.02047	1306
489	785742	1130	383292	402450	100	60	1.80319	0.753823	39	38.1	0	12	1749	1.03268	1.02695	1306
490	651967	990	264022	387946	100	60	1.8977	0.753823	39	38.1	124559	12	1749	1.04116	1.04209	1306
491	660632	870	293715	366918	100	60	1.97739	0.753823	39	38.1	124559	12	1749	1.04266	1.0422	1306
492	656147	773	309046	347101	100	60	2.03686	0.753823	39	38.1	124559	12	1749	1.05226	1.05145	1306
493	641038	701	312245	328793	100	60	2.09509	0.753823	39	38.1	124559	12	1749	1.05958	1.05378	1306
494	607710	629	302242	305469	100	60	2.10199	0.753823	39	38.1	124559	12	1749	1.0793	1.07131	1306
495	583531	579	293686	289845	100	60	2.12655	0.753823	39	38.1	124559	12	1749	1.09474	1.09364	1306
496	566262	538	282176	275105	100	60	2.17185	0.753823	39	38.1	124559	12	1749	1.1042	1.09733	1306
497	515751	474	254617	247076	100	60	2.16352	0.753823	39	38.1	124559	12	1749	1.12524	1.11354	1306
498	477634	424	236345	227860	100	60	2.17304	0.753823	39	38.1	124559	12	1749	1.12444	1.11111	1306
499	465189	400	231386	220808	100	60	2.18334	0.753823	39	38.1	124559	12	1749	1.12085	1.10444	1306
500	418084	349	208683	198015	100	60	2.20418	0.753823	39	38.1	124559	12	1749	1.12155	1.1018	1306
501	365746	304	188296	177450	100	60	2.18005	0.753823	39	38.1	124559	12	1749	1.14286	1.11458	1306
502	236855	280	71127.3	165728	100	60	0.0984719	0.753823	39	38.1	144409	12	1749	1.00254	0.996859	1306
503	469622	257	178503	291119	100	60	0.08013	0.753823	39	38.1	144409	12	1749	1.00241	0.996894	1306
504	624171	245	249293	374878	100	60	0.0812839	0.753823	39	38.1	144409	12	1749	1.00267	0.99765	1306
505	596243	213	246147	350096	100	60	0.0872931	0.753823	38	38.1	144409	12	1749	1.00324	0.999314	1306
506	560682	191	241243	319439	100	60	0.0934002	0.753823	38	38.1	144409	12	1749	1.00394	1.0023	1306
507	618009	2340	274952	343056	100	60	1.07615	0.753823	38	38.1	144409	12	1749	1.00614	1.00577	1306
508	698256	2135	313749	384508	100	60	1.22763	0.753823	38	38.1	144409	12	1749	1.00725	1.00699	1306
509	721481	1842	328237	393244	100	60	1.45759	0.753823	38	38.1	144409	12	1749	1.00987	1.0081	1306
510	565113	1666	170241	394872	100	60	1.58605	0.753823	31	38.1	144409	12	1749	1.08412	1.15203	1306
511	615901	1313	241098	373428	100	60	0.720898	0.753823	39	38.1	0	12	1749	1.02669	1.02335	1306
512	525192	1061	140312	384132	100	60	0.572819	0.753823	39	38.1	0	12	1749	1.0162	1.00988	1306
513	664134	924	239561	423044	100	60	0.481317	0.753823	39	38.1	0	12	1749	1.00988	1.00286	1306
514	763754	805	309236	452795	100	60	0.51316	0.753823	39	38.1	0	12	1749	1.00973	1.00063	1306
515	768392	686	329748	437278	100	60	0.539636	0.753823	39	38.1	0	12	1749	1.01143	1.00189	1306
516	761130	1600	341079	420051	100	60	1.23139	0.753823	39	38.1	0	12	1749	1.01423	1.00339	1306
517	752542	1406	347557	404985	100	60	1.36241	0.753823	39	38.1	0	12	1749	1.01525	1.0054	1306
518	760122	1426	359089	401033	100	60	1.67861	0.753823	39	38.1	0	12	1749	1.02057	1.00846	1306
519	775871	1193	373190	402680	100	60	1.76779	0.753823	39	38.1	0	12	1749	1.02559	1.01348	1306
520	638492	999	258012	380480	100	60	1.89098	0.753823	39	38.1	114627	12	1749	1.03299	1.01811	1306
521	642345	856	285080	357265	100	60	1.98045	0.753823	39	38.1	114627	12	1749	1.04287	1.03169	1306
522	618666	726	290632	328034	100	60	2.05008	0.753823	39	38.1	114627	12	1749	1.05954	1.04571	1306
523	599187	649	291007	308180	100	60	2.09685	0.753823	39	38.1	114627	12	1749	1.06616	1.05426	1306
524	574166	580	285178	288988	100	60	2.1226	0.753823	39	38.1	114627	12	1749	1.08419	1.07143	1306
525	533582	516	268198	265384	100	60	2.15647	0.753823	39	38.1	114627	12	1749	1.10708	1.08858	1306
526	512288	471	255672	247954	100	60	2.18735	0.753823	39	38.1	114627	12	1749	1.12281	1.09698	1306
527	363724	440	126418	234919	100	60	2.20924	0.753823	39	38.1	114627	12	1749	1.13305	1.10441	1306
528	355110	372	144076	204361	100	60	2.219	0.753823	39	38.1	114627	12	1749	1.13144	1.10193	1306
529	373672	346	169792	195684	100	60	2.24959	0.753823	39	38.1	114627	12	1749	1.11978	1.09226	1306
530	353261	299	170404	175781	100	60	2.22556	0.753823	39	38.1	114627	12	1749	1.13826	1.09966	1306
531	331682	272	167373	164308	100	60	2.21055	0.753823	39	38.1	114627	12	1749	1.15194	1.10227	1306
532	229934	250	77111	152823	100	60	0.103158	0.753823	39	38.1	207630	12	1749	1.00282	0.999058	1306
533	418284	222	163662	254622	100	60	0.0796078	0.753823	39	38.1	207630	12	1749	1.00178	0.998587	1306
534	601425	187	244712	356714	100	60	0.0707628	0.753823	39	38.1	207630	12	1749	1.00157	0.998412	1306
535	622368	159	256779	365589	100	60	0.0713944	0.753823	39	38.1	207630	12	1749	1.002	0.999423	1306
536	585924	148	249202	336722	100	60	0.0786942	0.753823	39	38.1	207630	12	1749	1.00225	1	1306
537	607092	2297	268713	338379	100	60	1.00991	0.753823	39	38.1	207630	12	1749	1.00285	1.00093	1306
538	689654	2096	311422	378232	100	60	1.14961	0.753823	39	38.1	207630	12	1749	1.00311	1.00101	1306
539	750694	1887	343163	407531	100	60	1.47755	0.753823	39	38.1	207630	12	1749	1.00392	1	1306
540	486248	1664	81158.1	405090	100	60	1.62621	0.753823	34	38.1	207630	12	1749	1.09509	1.15593	1306
541	507216	1346	145740	360225	100	60	0.790651	0.753823	39	38.1	0	12	1749	1.02916	1.02598	1306
542	607720	1142	226767	379551	100	60	0.664392	0.753823	39	38.1	0	12	1749	1.01721	1.01267	1306
543	717865	969	301727	414131	100	60	0.625194	0.753823	39	38.1	0	12	1749	1.01274	1.00651	1306
544	794021	831	349061	443116	100	60	0.686763	0.753823	39	38.1	0	12	1749	1.01345	1.00547	1306
545	819077	749	369657	447903	100	60	0.761172	0.753823	39	38.1	0	12	1749	1.01683	1.00592	1306
546	826898	1595	381223	445675	100	60	1.52056	0.753823	39	38.1	0	12	1749	1.01878	1.00565	1306
547	803275	1473	376082	427193	100	60	1.64797	0.753823	39	38.1	0	12	1749	1.01999	1.01057	1306
548	814002	1406	387312	426689	100	60	1.82657	0.753823	39	38.1	0	12	1749	1.02366	1.018	1306
549	790757	1165	382372	408385	100	60	1.83925	0.753823	39	38.1	0	12	1749	1.02944	1.0287	1306
550	651673	984	265714	385959	100	60	1.91539	0.753823	39	38.1	117214	12	1749	1.03758	1.03399	1306
551	656875	855	292593	364282	100	60	1.99932	0.753823	39	38.1	117214	12	1749	1.03952	1.03436	1306
552	629320	734	296812	332509	100	60	2.05147	0.753823	39	38.1	117214	12	1749	1.04717	1.03448	1306
553	618993	667	303129	315864	100	60	2.10164	0.753823	39	38.1	117214	12	1749	1.06112	1.04545	1306
554	581295	585	290227	291068	100	60	2.1512	0.753823	39	38.1	117214	12	1749	1.07445	1.05729	1306
555	523477	503	264771	258706	100	60	2.19041	0.753823	39	38.1	117214	12	1749	1.08541	1.07099	1306
556	370023	455	127841	240913	100	60	2.20952	0.753823	39	38.1	117214	12	1749	1.08818	1.07416	1306
557	308478	425	80960.1	226377	100	60	2.2139	0.753823	39	38.1	117214	12	1749	1.10022	1.08717	1306
558	319028	375	112138	201550	100	60	2.2218	0.753823	39	38.1	117214	12	1749	1.12183	1.09972	1306
559	329842	336	140333	183546	100	60	2.18669	0.753823	39	38.1	117214	12	1749	1.14613	1.12112	1306
560	333953	310	155276	173218	100	60	2.22469	0.753823	39	38.1	117214	12	1749	1.12579	1.09492	1306
561	311273	272	153454	157819	100	60	2.19653	0.753823	39	38.1	117214	12	1749	1.15884	1.12214	1306
562	231834	250	82243.3	149591	100	60	0.108353	0.753823	39	38.1	191504	12	1749	1.00329	0.998053	1306
563	425610	236	170521	255089	100	60	0.0879636	0.753823	39	38.1	191504	12	1749	1.00266	0.996893	1306
564	615710	209	254076	361634	100	60	0.0819172	0.753823	39	38.1	191504	12	1749	1.0025	0.996957	1306
565	640835	182	266861	373974	100	60	0.083257	0.753823	39	38.1	191504	12	1749	1.00247	0.998077	1306
566	592485	167	254310	338174	100	60	0.0905743	0.753823	38	38.1	191504	12	1749	1.00298	1	1306
567	608658	2290	271086	337572	100	60	1.0152	0.753823	38	38.1	191504	12	1749	1.00358	1.00052	1306
568	530223	2063	143559	386665	100	60	1.14165	0.753823	38	38.1	191504	12	1749	1.00417	1.00315	1306
569	610306	1844	214320	395986	100	60	1.4065	0.753823	38	38.1	191504	12	1749	1.00586	1.00456	1306
570	458584	1685	62655	395929	100	60	1.60771	0.753823	35	38.1	191504	12	1749	1.08808	1.14235	1306
571	476744	1349	125519	349793	100	60	0.801385	0.753823	39	38.1	0	12	1749	1.02965	1.02626	1306
572	573570	1154	207339	364711	100	60	0.672022	0.753823	39	38.1	0	12	1749	1.01905	1.01258	1306
573	685758	998	283471	399670	100	60	0.650036	0.753823	39	38.1	0	12	1749	1.01558	1.00803	1306
574	605110	860	168925	435683	100	60	0.690262	0.753823	39	38.1	0	12	1749	1.01724	1.00423	1306
575	687092	760	247249	439564	100	60	0.738743	0.753823	39	38.1	0	12	1749	1.01791	1.0045	1306
576	750849	1632	308516	442334	100	60	1.46817	0.753823	39	38.1	0	12	1749	1.02126	1.00834	1306
577	773799	1570	341881	431917	100	60	1.58138	0.753823	39	38.1	0	12	1749	1.02019	1.00662	1306
578	775381	1434	359164	416218	100	60	1.69976	0.753823	39	38.1	0	12	1749	1.02209	1.00983	1306
579	754079	1157	359669	394410	100	60	1.70524	0.753823	39	38.1	0	12	1749	1.02572	1.01303	1306
580	672323	1019	283953	388370	100	60	1.78915	0.753823	39	38.1	92747.1	12	1749	1.03259	1.02071	1306
581	703606	931	321819	381786	100	60	1.895	0.753823	39	38.1	92747.1	12	1749	1.03928	1.02811	1306
582	683563	822	327595	355968	100	60	1.95993	0.753823	39	38.1	92747.1	12	1749	1.04499	1.03554	1306
583	649768	735	321097	328671	100	60	2.0157	0.753823	39	38.1	92747.1	12	1749	1.06	1.04945	1306
584	626036	666	313897	312139	100	60	2.03569	0.753823	39	38.1	92747.1	12	1749	1.08077	1.06798	1306
585	592256	612	300138	292118	100	60	2.05232	0.753823	39	38.1	92747.1	12	1749	1.10519	1.09106	1306
586	549973	543	275522	265931	100	60	2.06398	0.753823	39	38.1	92747.1	12	1749	1.12604	1.10428	1306
587	384350	495	132372	249808	100	60	2.09277	0.753823	39	38.1	92747.1	12	1749	1.12593	1.10041	1306
588	421862	475	171325	243258	100	60	2.12995	0.753823	39	38.1	92747.1	12	1749	1.1255	1.09914	1306
589	440514	449	199531	231984	100	60	2.16202	0.753823	39	38.1	92747.1	12	1749	1.12903	1.09722	1306
590	421244	401	201422	211673	100	60	2.18121	0.753823	39	38.1	92747.1	12	1749	1.12808	1.09896	1306
591	416278	387	207942	208335	100	60	2.17825	0.753823	39	38.1	92747.1	12	1749	1.13918	1.11111	1306
592	317266	358	119218	198048	100	60	0.147318	0.753823	39	38.1	180537	12	1749	1.0038	1.00285	1306
593	508731	345	209273	299458	100	60	0.124043	0.753823	39	38.1	180537	12	1749	1.00309	1.00235	1306
594	666804	306	279039	387765	100	60	0.117354	0.753823	39	38.1	180537	12	1749	1.0032	1.00249	1306
595	695764	285	296113	399651	100	60	0.125832	0.753823	38	38.1	180537	12	1749	1.0037	1.0039	1306
596	647093	255	281823	365270	100	60	0.131605	0.753823	38	38.1	180537	12	1749	1.00412	1.00577	1306
597	655966	2200	294979	360987	100	60	1.02503	0.753823	38	38.1	180537	12	1749	1.00707	1.01051	1306
598	734755	2025	334987	399768	100	60	1.14788	0.753823	38	38.1	180537	12	1749	1.00849	1.01247	1306
599	589991	1763	166497	423494	100	60	1.39517	0.753823	38	38.1	180537	12	1749	1.01193	1.01602	1306
600	520455	1681	114133	406322	100	60	1.59701	0.753823	30	38.1	180537	12	1749	1.10379	1.17816	1306
601	570772	1359	193052	377030	100	60	0.813865	0.753823	39	38.1	0	12	1749	1.03464	1.03563	1306
602	667454	1162	267685	398803	100	60	0.690742	0.753823	39	38.1	0	12	1749	1.02279	1.02009	1306
603	773202	1013	335750	436197	100	60	0.658664	0.753823	39	38.1	0	12	1749	1.01779	1.01334	1306
604	833695	882	374589	457826	100	60	0.735285	0.753823	39	38.1	0	12	1749	1.0201	1.0151	1306
605	846325	803	387804	457450	100	60	0.813904	0.753823	39	38.1	0	12	1749	1.02361	1.01394	1306
606	842967	1542	393691	449276	100	60	1.47502	0.753823	39	38.1	0	12	1749	1.02732	1.01847	1306
607	825905	1433	392870	433035	100	60	1.60437	0.753823	39	38.1	0	12	1749	1.03037	1.02307	1306
608	606370	1343	186089	420280	100	60	1.80752	0.753823	39	38.1	0	12	1749	1.0343	1.02725	1306
609	644708	1140	247296	397412	100	60	1.82863	0.753823	39	38.1	0	12	1749	1.02946	1.02313	1306
610	629427	996	246270	383158	100	60	1.93496	0.753823	39	38.1	55232.3	12	1749	1.03403	1.02749	1306
611	640538	872	282908	357630	100	60	2.00672	0.753823	39	38.1	55232.3	12	1749	1.04938	1.03828	1306
612	638902	773	301811	337091	100	60	2.0769	0.753823	39	38.1	55232.3	12	1749	1.06765	1.0565	1306
613	634357	706	310088	324269	100	60	2.11324	0.753823	39	38.1	55232.3	12	1749	1.08473	1.0705	1306
614	602993	635	301452	301540	100	60	2.13523	0.753823	39	38.1	55232.3	12	1749	1.08186	1.06539	1306
615	545185	553	275614	269572	100	60	2.17776	0.753823	39	38.1	55232.3	12	1749	1.08766	1.06227	1306
616	490631	475	245780	236513	100	60	2.21395	0.753823	39	38.1	55232.3	12	1749	1.10609	1.07725	1306
617	485064	449	240607	229960	100	60	2.22895	0.753823	39	38.1	55232.3	12	1749	1.11864	1.08219	1306
618	464697	415	231357	218999	100	60	2.22531	0.753823	39	38.1	55232.3	12	1749	1.12529	1.08479	1306
619	417332	353	209294	195253	100	60	2.24182	0.753823	39	38.1	55232.3	12	1749	1.12466	1.07895	1306
620	410827	339	206778	192004	100	60	2.26198	0.753823	39	38.1	55232.3	12	1749	1.12857	1.08642	1306
621	380935	318	198165	182770	100	60	2.27218	0.753823	39	38.1	55232.3	12	1749	1.1319	1.08278	1306
622	253743	307	79021.3	174721	100	60	0.108005	0.753823	39	38.1	75654.8	12	1749	1.00271	0.995721	1306
623	492577	289	188009	304568	100	60	0.0904785	0.753823	39	38.1	75654.8	12	1749	1.00249	0.995678	1306
624	637696	270	256410	381286	100	60	0.0902285	0.753823	39	38.1	75654.8	12	1749	1.00252	0.997322	1306
625	607378	237	252740	354638	100	60	0.0980238	0.753823	39	38.1	75654.8	12	1749	1.00298	1	1306
626	573088	216	249939	323149	100	60	0.107097	0.753823	39	38.1	75654.8	12	1749	1.00304	1.00062	1306
627	645159	2319	291090	354070	100	60	1.0972	0.753823	39	38.1	75654.8	12	1749	1.00528	1.00382	1306
628	717650	2107	325936	391715	100	60	1.26508	0.753823	39	38.1	75654.8	12	1749	1.00652	1.00664	1306
629	746280	1788	341721	404559	100	60	1.48341	0.753823	39	38.1	75654.8	12	1749	1.00753	1.00728	1306
630	482582	1637	80975.4	401606	100	60	1.58775	0.753823	38	38.1	75654.8	12	1749	1.10402	1.18344	1306
631	503274	1282	144714	357721	100	60	0.620407	0.753823	39	38.1	0	12	1749	1.02548	1.0201	1306
632	596559	1068	223322	372294	100	60	0.513444	0.753823	39	38.1	0	12	1749	1.01507	1.00821	1306
633	700650	876	293024	406304	100	60	0.470789	0.753823	39	38.1	0	12	1749	1.00982	1.003	1306
634	773786	735	336972	435670	100	60	0.489984	0.753823	39	38.1	0	12	1749	1.0085	1.00163	1306
635	787630	648	352926	433741	100	60	0.531431	0.753823	39	38.1	0	12	1749	1.00981	1.0038	1306
636	600901	1753	171189	429713	100	60	1.34981	0.753823	39	38.1	0	12	1749	1.01293	1.00907	1306
637	626573	1564	227292	399281	100	60	1.44813	0.753823	39	38.1	0	12	1749	1.01269	1.00889	1306
638	670998	1470	282761	388238	100	60	1.71801	0.753823	39	38.1	0	12	1749	1.01384	1.01094	1306
639	697146	1194	317075	380070	100	60	1.77179	0.753823	39	38.1	0	12	1749	1.01841	1.01516	1306
640	523476	1015	153567	369909	100	60	1.89182	0.753823	39	38.1	7704.09	12	1749	1.0213	1.02081	1306
641	547347	872	208280	339066	100	60	1.97349	0.753823	39	38.1	7704.09	12	1749	1.02831	1.02765	1306
642	572710	762	252665	320045	100	60	2.02655	0.753823	39	38.1	7704.09	12	1749	1.04322	1.04485	1306
643	595011	709	282145	312866	100	60	2.07482	0.753823	39	38.1	7704.09	12	1749	1.05543	1.05548	1306
644	578755	636	284325	294430	100	60	2.12845	0.753823	39	38.1	7704.09	12	1749	1.06085	1.05696	1306
645	543177	563	272434	270743	100	60	2.17939	0.753823	39	38.1	7704.09	12	1749	1.08044	1.0772	1306
646	513541	507	255678	248785	100	60	2.18946	0.753823	39	38.1	7704.09	12	1749	1.075	1.076	1306
647	359879	464	123735	233400	100	60	2.20007	0.753823	39	38.1	7704.09	12	1749	1.10241	1.0967	1306
648	371522	412	152250	211620	100	60	2.23052	0.753823	39	38.1	7704.09	12	1749	1.09908	1.0975	1306
649	375535	369	173491	193131	100	60	2.24849	0.753823	39	38.1	7704.09	12	1749	1.10104	1.08964	1306
650	278324	342	92468.5	183955	100	60	2.26778	0.753823	39	38.1	7704.09	12	1749	1.08914	1.08563	1306
651	278349	300	114531	163817	100	60	2.23953	0.753823	39	38.1	7704.09	12	1749	1.11859	1.11579	1306
652	236657	275	85500.8	151156	100	60	0.181231	0.753823	39	38.1	60826.6	12	1749	1.00459	1.00326	1306
653	351955	254	145543	206412	100	60	0.136275	0.753823	39	38.1	60826.6	12	1749	1.00336	1.00241	1306
654	552947	243	242900	310048	100	60	0.135487	0.753823	39	38.1	60826.6	12	1749	1.00321	1.00225	1306
655	681492	219	297051	384441	100	60	0.136672	0.753823	39	38.1	60826.6	12	1749	1.00351	1.00276	1306
656	703386	202	308202	395184	100	60	0.151123	0.753823	39	38.1	60826.6	12	1749	1.00442	1.00498	1306
657	695634	2131	312131	383504	100	60	0.99124	0.753823	38	38.1	60826.6	12	1749	1.00671	1.0088	1306
658	531793	1900	145968	385826	100	60	1.07945	0.753823	38	38.1	60826.6	12	1749	1.00762	1.01017	1306
659	565666	1630	201612	364054	100	60	1.24374	0.753823	38	38.1	60826.6	12	1749	1.01064	1.01583	1306
660	513821	1497	135454	378367	100	60	1.30602	0.753823	37	38.1	60826.6	12	1749	1.13002	1.2347	1306
661	567046	1238	212357	351764	100	60	1.03294	0.753823	39	38.1	0	12	1749	1.07819	1.08782	1306
662	626848	1054	271965	351283	100	60	0.944881	0.753823	39	38.1	0	12	1749	1.05352	1.04849	1306
663	676032	917	316643	354281	100	60	0.888214	0.753823	39	38.1	0	12	1749	1.03677	1.02923	1306
664	708770	774	344565	359518	100	60	0.896414	0.753823	39	38.1	0	12	1749	1.03429	1.02162	1306
665	777908	752	384523	389167	100	60	0.975659	0.753823	39	38.1	0	12	1749	1.0379	1.02383	1306
666	783303	1188	391923	391380	100	60	1.4457	0.753823	39	38.1	0	12	1749	1.04077	1.02103	1306
667	576589	1165	191240	385349	100	60	1.56911	0.753823	39	38.1	0	12	1749	1.04824	1.02446	1306
668	624436	1132	253515	370921	100	60	1.70925	0.753823	39	38.1	0	12	1749	1.04726	1.0288	1306
669	666790	994	306140	360651	100	60	1.6973	0.753823	39	38.1	0	12	1749	1.05259	1.0359	1306
670	631914	886	283186	348728	100	60	1.68881	0.753823	39	38.1	58850.5	12	1749	1.06148	1.05057	1306
671	641065	790	311062	330004	100	60	1.69479	0.753823	39	38.1	58850.5	12	1749	1.07099	1.06072	1306
672	644491	726	326271	318220	100	60	1.75619	0.753823	39	38.1	58850.5	12	1749	1.07368	1.06197	1306
673	594871	618	308384	286487	100	60	1.76401	0.753823	39	38.1	58850.5	12	1749	1.10042	1.08251	1306
674	573702	564	301480	272222	100	60	1.78722	0.753823	39	38.1	58850.5	12	1749	1.12097	1.10766	1306
675	548061	518	289760	258302	100	60	1.803	0.753823	39	38.1	58850.5	12	1749	1.1444	1.13078	1306
676	497172	446	261725	228632	100	60	1.80198	0.753823	39	38.1	58850.5	12	1749	1.16488	1.15294	1306
677	434103	364	227369	196098	100	60	1.79774	0.753823	39	38.1	58850.5	12	1749	1.18351	1.17052	1306
678	392246	322	207050	175501	100	60	1.75594	0.753823	39	38.1	58850.5	12	1749	1.20988	1.2	1306
679	385284	310	204447	171374	100	60	1.71209	0.753823	39	38.1	58850.5	12	1749	1.23529	1.21754	1306
680	370886	295	197574	164569	100	60	1.70945	0.753823	39	38.1	58850.5	12	1749	1.23675	1.23396	1306
681	331527	261	180687	150840	100	60	1.73974	0.753823	39	38.1	58850.5	12	1749	1.2253	1.23504	1306
682	237302	235	96170.1	141132	100	60	0.0750125	0.753823	39	38.1	138124	12	1749	1.00348	0.998282	1306
683	375009	223	98145.8	276863	100	60	0.065328	0.753823	39	38.1	138124	12	1749	1.00296	0.996943	1306
684	538268	206	176443	361824	100	60	0.0583724	0.753823	39	38.1	138124	12	1749	1.00255	0.998522	1306
685	547993	172	198808	349185	100	60	0.0592382	0.753823	39	38.1	138124	12	1749	1.00284	0.998523	1306
686	523654	144	209211	314443	100	60	0.0601364	0.753823	39	38.1	138124	12	1749	1.00319	1	1306
687	604628	2532	260834	343794	100	60	0.901012	0.753823	39	38.1	138124	12	1749	1.00514	1.00325	1306
688	531717	2337	141081	390636	100	60	1.11257	0.753823	39	38.1	138124	12	1749	1.0077	1.00799	1306
689	573036	2146	199397	373639	100	60	1.39929	0.753823	39	38.1	138124	12	1749	1.01106	1.01227	1306
690	521153	1938	132472	388681	100	60	1.54335	0.753823	34	38.1	138124	12	1749	1.05901	1.09834	1306
691	482105	1589	103864	377492	100	60	0.744054	0.753823	39	38.1	0	12	1749	1.01806	1.01477	1306
692	555100	1286	180526	372494	100	60	0.555828	0.753823	39	38.1	0	12	1749	1.00996	1.00446	1306
693	684375	1063	272558	409026	100	60	0.501354	0.753823	39	38.1	0	12	1749	1.00676	1.00173	1306
694	773570	896	331473	438685	100	60	0.527893	0.753823	39	38.1	0	12	1749	1.00783	1.00363	1306
695	790352	777	355422	432095	100	60	0.579323	0.753823	39	38.1	0	12	1749	1.00949	1.00468	1306
696	799984	1753	374226	425757	100	60	1.20974	0.753823	39	38.1	0	12	1749	1.01211	1.00848	1306
697	808521	1628	389660	418861	100	60	1.33234	0.753823	39	38.1	0	12	1749	1.01363	1.01111	1306
698	617803	1562	193464	424339	100	60	1.53927	0.753823	39	38.1	0	12	1749	1.0199	1.01737	1306
699	520529	1293	120934	399595	100	60	1.63452	0.753823	39	38.1	0	12	1749	1.02599	1.02486	1306
700	543179	1104	181418	361761	100	60	1.72665	0.753823	39	38.1	2477.81	12	1749	1.02603	1.02459	1306
701	583632	966	240792	342839	100	60	1.80105	0.753823	39	38.1	2477.81	12	1749	1.03286	1.03326	1306
702	580278	806	267448	312830	100	60	1.83076	0.753823	39	38.1	2477.81	12	1749	1.04572	1.04732	1306
703	572131	702	282021	290110	100	60	1.87892	0.753823	39	38.1	2477.81	12	1749	1.06762	1.06763	1306
704	549348	607	280550	268798	100	60	1.92196	0.753823	39	38.1	2477.81	12	1749	1.08777	1.08319	1306
705	525652	541	273058	252594	100	60	1.9421	0.753823	39	38.1	2477.81	12	1749	1.10066	1.09142	1306
706	517262	501	267412	242341	100	60	1.9625	0.753823	39	38.1	2477.81	12	1749	1.12384	1.11813	1306
707	464794	423	239249	213058	100	60	1.98706	0.753823	39	38.1	2477.81	12	1749	1.13901	1.12591	1306
708	321616	387	117730	201642	100	60	2.02151	0.753823	39	38.1	2477.81	12	1749	1.11692	1.09814	1306
709	318759	339	132246	181344	100	60	2.03314	0.753823	39	38.1	2477.81	12	1749	1.14162	1.11854	1306
710	310332	302	145013	160793	100	60	1.98508	0.753823	39	38.1	2477.81	12	1749	1.15434	1.12628	1306
711	273570	252	137016	136554	100	60	1.97109	0.753823	39	38.1	2477.81	12	1749	1.16996	1.13333	1306
712	212248	226	84047.6	128201	100	60	0.0861407	0.753823	39	38.1	61865.2	12	1749	1.0028	1.00155	1306
713	330191	206	84606.3	245585	100	60	0.0698756	0.753823	39	38.1	61865.2	12	1749	1.00265	1.00179	1306
714	541282	196	182424	358858	100	60	0.0648772	0.753823	39	38.1	61865.2	12	1749	1.00236	1.00148	1306
715	592599	165	217862	374736	100	60	0.0647861	0.753823	39	38.1	61865.2	12	1749	1.00262	1.00198	1306
716	421135	126	92436.4	328698	100	60	0.0621557	0.753823	39	38.1	61865.2	12	1749	1.00277	1.00224	1306
717	449640	2429	144760	304880	100	60	0.915501	0.753823	39	38.1	61865.2	12	1749	1.00366	1.00278	1306
718	560289	2273	217147	343142	100	60	1.16264	0.753823	39	38.1	61865.2	12	1749	1.0048	1.00272	1306
719	514496	2193	130642	383853	100	60	1.42669	0.753823	39	38.1	61865.2	12	1749	1.00513	1.00318	1306
720	472933	2007	98587.3	374346	100	60	1.6066	0.753823	37	38.1	61865.2	12	1749	1.04024	1.05941	1306
721	526833	1587	175373	349061	100	60	0.900657	0.753823	39	38.1	0	12	1749	1.01673	1.01451	1306
722	616610	1290	247987	366309	100	60	0.733178	0.753823	39	38.1	0	12	1749	1.00838	1.00412	1306
723	727904	1117	321420	402473	100	60	0.694871	0.753823	39	38.1	0	12	1749	1.00675	1.0021	1306
724	782628	900	358079	421164	100	60	0.704054	0.753823	39	38.1	0	12	1749	1.00706	1.00226	1306
725	795471	761	372664	420023	100	60	0.743232	0.753823	39	38.1	0	12	1749	1.00847	1.00253	1306
726	631742	1646	193461	438280	100	60	1.36786	0.753823	39	38.1	0	12	1749	1.01114	1.00633	1306
727	647607	1505	244748	402859	100	60	1.47407	0.753823	39	38.1	0	12	1749	1.00946	1.00462	1306
728	708867	1418	306787	402080	100	60	1.62066	0.753823	39	38.1	0	12	1749	1.01571	1.01414	1306
729	548340	1174	162938	385402	100	60	1.65716	0.753823	39	38.1	0	12	1749	1.0232	1.02479	1306
730	559212	984	211570	347642	100	60	1.75281	0.753823	39	38.1	5345.19	12	1749	1.02293	1.0265	1306
731	567305	826	251504	315801	100	60	1.8228	0.753823	39	38.1	5345.19	12	1749	1.03131	1.03398	1306
732	598837	761	287929	310909	100	60	1.86819	0.753823	39	38.1	5345.19	12	1749	1.04619	1.04993	1306
733	562275	647	283236	279039	100	60	1.9055	0.753823	39	38.1	5345.19	12	1749	1.06577	1.06977	1306
734	549938	591	284191	265747	100	60	1.92946	0.753823	39	38.1	5345.19	12	1749	1.07939	1.0802	1306
735	520037	527	272716	247321	100	60	1.93915	0.753823	39	38.1	5345.19	12	1749	1.09683	1.09405	1306
736	494531	481	257749	229703	100	60	1.92281	0.753823	39	38.1	5345.19	12	1749	1.11176	1.11392	1306
737	452195	425	234359	206390	100	60	1.89081	0.753823	39	38.1	5345.19	12	1749	1.1448	1.14599	1306
738	414121	371	215267	188161	100	60	1.89479	0.753823	39	38.1	5345.19	12	1749	1.14698	1.14045	1306
739	387263	334	201856	174998	100	60	1.88511	0.753823	39	38.1	5345.19	12	1749	1.1585	1.15094	1306
740	372650	312	194574	168322	100	60	1.87541	0.753823	39	38.1	5345.19	12	1749	1.18437	1.17627	1306
741	347552	295	186278	161274	100	60	1.88674	0.753823	39	38.1	5345.19	12	1749	1.19048	1.18315	1306
742	248455	264	100532	147923	100	60	0.0865581	0.753823	39	38.1	83685.6	12	1749	1.00322	1.00266	1306
743	485216	249	201610	283606	100	60	0.0766564	0.753823	39	38.1	83685.6	12	1749	1.00305	1.00254	1306
744	638100	238	265766	372334	100	60	0.0765434	0.753823	39	38.1	83685.6	12	1749	1.00309	1.00295	1306
745	637018	223	270719	366298	100	60	0.0861348	0.753823	38	38.1	83685.6	12	1749	1.00372	1.00355	1306
746	592111	202	259911	332200	100	60	0.0933988	0.753823	38	38.1	83685.6	12	1749	1.00398	1.00477	1306
747	486055	2574	127227	358829	100	60	1.04241	0.753823	38	38.1	83685.6	12	1749	1.00593	1.0065	1306
748	560309	2344	192049	368260	100	60	1.23501	0.753823	38	38.1	83685.6	12	1749	1.00691	1.00591	1306
749	652498	2196	259406	393092	100	60	1.52459	0.753823	38	38.1	83685.6	12	1749	1.00814	1.0059	1306
750	565873	2007	155697	410176	100	60	1.71852	0.753823	35	38.1	83685.6	12	1749	1.077	1.1155	1306
751	594018	1616	201104	390865	100	60	0.788184	0.753823	39	38.1	0	12	1749	1.02316	1.02306	1306
752	681781	1330	275005	404609	100	60	0.630363	0.753823	39	38.1	0	12	1749	1.0138	1.01112	1306
753	776336	1098	339859	433377	100	60	0.557015	0.753823	39	38.1	0	12	1749	1.0096	1.00609	1306
754	633280	908	183333	449646	100	60	0.568768	0.753823	39	38.1	0	12	1749	1.00874	1.004	1306
755	664790	759	241091	423409	100	60	0.576093	0.753823	39	38.1	0	12	1749	1.00964	1.0039	1306
756	719848	1826	298808	421039	100	60	1.27389	0.753823	39	38.1	0	12	1749	1.0108	1.00348	1306
757	743675	1692	332530	411145	100	60	1.40186	0.753823	39	38.1	0	12	1749	1.01278	1.00574	1306
758	579573	1670	171186	408387	100	60	1.66226	0.753823	39	38.1	0	12	1749	1.01822	1.0126	1306
759	620270	1378	232016	388254	100	60	1.72586	0.753823	39	38.1	0	12	1749	1.01759	1.01164	1306
760	619040	1129	254183	364856	100	60	1.79607	0.753823	39	38.1	25641	12	1749	1.02227	1.02131	1306
761	643379	974	293336	350042	100	60	1.89108	0.753823	39	38.1	25641	12	1749	1.03276	1.03399	1306
762	660628	878	319025	341603	100	60	1.9813	0.753823	39	38.1	25641	12	1749	1.04537	1.04577	1306
763	649631	785	325254	324377	100	60	1.9959	0.753823	39	38.1	25641	12	1749	1.05924	1.0613	1306
764	449494	690	151216	298278	100	60	2.02737	0.753823	39	38.1	25641	12	1749	1.06168	1.06686	1306
765	442325	590	180496	261830	100	60	2.07099	0.753823	39	38.1	25641	12	1749	1.07349	1.07836	1306
766	426620	501	192872	227216	100	60	2.06358	0.753823	39	38.1	25641	12	1749	1.08636	1.08982	1306
767	407941	432	196955	201117	100	60	2.05501	0.753823	39	38.1	25641	12	1749	1.10288	1.10023	1306
768	407481	402	203268	193362	100	60	2.08427	0.753823	39	38.1	25641	12	1749	1.1106	1.1066	1306
769	380960	352	193184	177637	100	60	2.12417	0.753823	39	38.1	25641	12	1749	1.10484	1.09593	1306
770	377961	337	193640	174857	100	60	2.16433	0.753823	39	38.1	25641	12	1749	1.09827	1.09816	1306
771	364133	328	192383	171750	100	60	2.12817	0.753823	39	38.1	25641	12	1749	1.11782	1.12102	1306
772	274138	309	108175	165963	100	60	0.111456	0.753823	39	38.1	108607	12	1749	1.00251	0.999771	1306
773	485980	289	200667	285314	100	60	0.0948216	0.753823	39	38.1	108607	12	1749	1.00247	0.999597	1306
774	646409	262	269914	376495	100	60	0.0921636	0.753823	39	38.1	108607	12	1749	1.00268	1.00059	1306
775	666108	248	282760	383348	100	60	0.101083	0.753823	39	38.1	108607	12	1749	1.0031	1.00248	1306
776	628024	241	275546	352477	100	60	0.118756	0.753823	39	38.1	108607	12	1749	1.00354	1.00555	1306
777	661354	2494	299702	361651	100	60	1.12133	0.753823	39	38.1	108607	12	1749	1.00566	1.00801	1306
778	751197	2268	343951	407246	100	60	1.26767	0.753823	39	38.1	108607	12	1749	1.00687	1.01096	1306
779	775049	1905	359809	415240	100	60	1.49171	0.753823	39	38.1	108607	12	1749	1.01078	1.0175	1306
780	599243	1810	185145	414098	100	60	1.65885	0.753823	36	38.1	108607	12	1749	1.09496	1.16546	1306
781	656706	1487	259043	396893	100	60	0.895413	0.753823	39	38.1	0	12	1749	1.03323	1.03506	1306
782	730315	1270	316929	412158	100	60	0.752192	0.753823	39	38.1	0	12	1749	1.019	1.01571	1306
783	791790	1064	361474	429082	100	60	0.67324	0.753823	39	38.1	0	12	1749	1.01199	1.00746	1306
784	850548	907	394571	454748	100	60	0.697914	0.753823	39	38.1	0	12	1749	1.01201	1.00692	1306
785	876235	841	411967	463183	100	60	0.786854	0.753823	39	38.1	0	12	1749	1.01463	1.00978	1306
786	859937	1697	408570	451367	100	60	1.45239	0.753823	39	38.1	0	12	1749	1.01493	1.01102	1306
787	843000	1610	406645	436355	100	60	1.59116	0.753823	39	38.1	0	12	1749	1.01758	1.01366	1306
788	808867	1496	394984	413883	100	60	1.76106	0.753823	39	38.1	0	12	1749	1.01962	1.01886	1306
789	781910	1216	387646	394264	100	60	1.81287	0.753823	39	38.1	0	12	1749	1.02674	1.02732	1306
790	675668	1091	282015	393653	100	60	1.90602	0.753823	39	38.1	122476	12	1749	1.03151	1.03416	1306
791	685793	960	312017	373775	100	60	1.95791	0.753823	39	38.1	122476	12	1749	1.03823	1.04412	1306
792	676633	846	324998	351636	100	60	2.00086	0.753823	39	38.1	122476	12	1749	1.05115	1.05707	1306
793	656034	748	325557	330478	100	60	2.09963	0.753823	39	38.1	122476	12	1749	1.04803	1.05533	1306
794	624356	668	316098	308258	100	60	2.13357	0.753823	39	38.1	122476	12	1749	1.05714	1.06515	1306
795	581905	596	298759	283145	100	60	2.17495	0.753823	39	38.1	122476	12	1749	1.06619	1.07131	1306
796	554944	542	283536	261938	100	60	2.20345	0.753823	39	38.1	122476	12	1749	1.07273	1.0824	1306
797	513645	478	260533	237598	100	60	2.2157	0.753823	39	38.1	122476	12	1749	1.09615	1.10213	1306
798	473215	414	240827	217506	100	60	2.28987	0.753823	39	38.1	122476	12	1749	1.08295	1.08374	1306
799	438516	372	224421	200332	100	60	2.34879	0.753823	39	38.1	122476	12	1749	1.07368	1.06944	1306
800	397497	334	204448	180929	100	60	2.38638	0.753823	39	38.1	122476	12	1749	1.06928	1.0625	1306
801	357274	304	190127	167147	100	60	2.38887	0.753823	39	38.1	122476	12	1749	1.06557	1.04762	1306
802	242583	274	88101.9	154482	100	60	0.0947742	0.753823	39	38.1	220148	12	1749	1.00129	0.996135	1306
803	479480	257	192148	287332	100	60	0.0821528	0.753823	39	38.1	220148	12	1749	1.00145	0.996363	1306
804	637466	239	260808	376658	100	60	0.0797159	0.753823	39	38.1	220148	12	1749	1.00154	0.996741	1306
805	638341	223	268087	370254	100	60	0.0896915	0.753823	39	38.1	220148	12	1749	1.00196	0.998094	1306
806	578821	187	251911	326910	100	60	0.0898989	0.753823	39	38.1	220148	12	1749	1.00208	0.999449	1306
807	639019	2714	288030	350989	100	60	1.14034	0.753823	39	38.1	220148	12	1749	1.00267	0.998756	1306
808	720169	2378	329374	390796	100	60	1.28101	0.753823	39	38.1	220148	12	1749	1.00294	0.998836	1306
809	764490	2147	354115	410375	100	60	1.57431	0.753823	39	38.1	220148	12	1749	1.00392	1	1306
810	500980	2006	86974.2	414006	100	60	1.72672	0.753823	36	38.1	220148	12	1749	1.07579	1.12	1306
811	520200	1594	150026	369311	100	60	0.70857	0.753823	39	38.1	0	12	1749	1.0195	1.01541	1306
812	625513	1311	231005	393625	100	60	0.577055	0.753823	39	38.1	0	12	1749	1.01168	1.00637	1306
813	778555	1173	322560	454618	100	60	0.563034	0.753823	39	38.1	0	12	1749	1.00808	1.00302	1306
814	845561	1015	368345	475895	100	60	0.617764	0.753823	39	38.1	0	12	1749	1.00721	1.00158	1306
815	842109	877	379455	461498	100	60	0.675447	0.753823	39	38.1	0	12	1749	1.00842	1.00195	1306
816	825583	1899	384046	441536	100	60	1.44169	0.753823	39	38.1	0	12	1749	1.00916	1.00149	1306
817	616436	1742	185655	430781	100	60	1.55042	0.753823	39	38.1	0	12	1749	1.01054	1.0039	1306
818	651316	1629	242742	408574	100	60	1.81322	0.753823	39	38.1	0	12	1749	1.01398	1.00493	1306
819	692493	1367	294698	397795	100	60	1.92197	0.753823	39	38.1	0	12	1749	1.01622	1.00881	1306
820	523091	1136	150362	372729	100	60	1.98979	0.753823	39	38.1	5743.67	12	1749	1.02399	1.01589	1306
821	560964	1007	208826	352138	100	60	2.08466	0.753823	39	38.1	5743.67	12	1749	1.02666	1.02191	1306
822	461129	890	125750	335379	100	60	2.12348	0.753823	39	38.1	5743.67	12	1749	1.03145	1.0259	1306
823	468024	760	169762	298262	100	60	2.18436	0.753823	39	38.1	5743.67	12	1749	1.03965	1.0343	1306
824	491697	685	211914	279783	100	60	2.2277	0.753823	39	38.1	5743.67	12	1749	1.05102	1.04539	1306
825	484082	589	228122	255960	100	60	2.25655	0.753823	39	38.1	5743.67	12	1749	1.06626	1.0566	1306
826	505311	557	245150	251613	100	60	2.28516	0.753823	39	38.1	5743.67	12	1749	1.07525	1.06727	1306
827	359776	495	124673	232466	100	60	2.28565	0.753823	39	38.1	5743.67	12	1749	1.09751	1.08197	1306
828	369925	442	151454	211452	100	60	2.26858	0.753823	39	38.1	5743.67	12	1749	1.09208	1.07569	1306
829	369688	391	169159	191878	100	60	2.30208	0.753823	39	38.1	5743.67	12	1749	1.08845	1.07292	1306
830	332200	314	161908	163427	100	60	2.26872	0.753823	39	38.1	5743.67	12	1749	1.10769	1.09804	1306
831	313525	283	160918	152607	100	60	2.29885	0.753823	39	38.1	5743.67	12	1749	1.10764	1.09455	1306
832	223365	255	79819.7	143546	100	60	0.101572	0.753823	39	38.1	89078.8	12	1749	1.00204	0.997424	1306
833	424781	231	167868	256913	100	60	0.0809616	0.753823	39	38.1	89078.8	12	1749	1.00167	0.996965	1306
834	620750	214	255080	365670	100	60	0.0778766	0.753823	39	38.1	89078.8	12	1749	1.00174	0.997331	1306
835	656557	202	273616	382941	100	60	0.0855142	0.753823	39	38.1	89078.8	12	1749	1.00193	0.997301	1306
836	617120	190	265530	351590	100	60	0.0948636	0.753823	39	38.1	89078.8	12	1749	1.00225	0.99888	1306
837	641157	2635	287618	353539	100	60	1.07793	0.753823	39	38.1	89078.8	12	1749	1.00356	1	1306
838	536544	2351	146589	389955	100	60	1.2139	0.753823	39	38.1	89078.8	12	1749	1.00424	1.00189	1306
839	602108	2078	211399	390709	100	60	1.48729	0.753823	39	38.1	89078.8	12	1749	1.00578	1.00124	1306
840	540305	1923	136531	403775	100	60	1.72549	0.753823	34	38.1	89078.8	12	1749	1.07226	1.10925	1306
841	629928	1637	226014	402060	100	60	0.961173	0.753823	39	38.1	0	12	1749	1.02636	1.02356	1306
842	695674	1347	286811	406753	100	60	0.791056	0.753823	39	38.1	0	12	1749	1.01558	1.01163	1306
843	753173	1102	334883	415456	100	60	0.71506	0.753823	39	38.1	0	12	1749	1.01093	1.00529	1306
844	631829	939	187580	443710	100	60	0.748632	0.753823	39	38.1	0	12	1749	1.01024	1.00461	1306
845	698022	841	256651	440952	100	60	0.805845	0.753823	39	38.1	0	12	1749	1.0114	1.00479	1306
846	745694	1677	311400	434294	100	60	1.52785	0.753823	39	38.1	0	12	1749	1.01537	1.00998	1306
847	587296	1565	162515	424781	100	60	1.66682	0.753823	39	38.1	0	12	1749	1.01768	1.01203	1306
848	624357	1478	226427	397930	100	60	1.87294	0.753823	39	38.1	0	12	1749	1.02096	1.01366	1306
849	660536	1244	279785	380752	100	60	1.89506	0.753823	39	38.1	0	12	1749	1.02144	1.01214	1306
850	627818	1074	262353	365466	100	60	1.94284	0.753823	39	38.1	57792.5	12	1749	1.03462	1.02715	1306
851	661673	972	302378	359295	100	60	2.00345	0.753823	39	38.1	57792.5	12	1749	1.0536	1.04658	1306
852	674583	883	325823	348760	100	60	2.03908	0.753823	39	38.1	57792.5	12	1749	1.06261	1.05473	1306
853	642286	778	320978	321308	100	60	2.06856	0.753823	39	38.1	57792.5	12	1749	1.06765	1.05556	1306
854	597023	676	304631	292392	100	60	2.11735	0.753823	39	38.1	57792.5	12	1749	1.07116	1.05037	1306
855	544706	585	283035	261671	100	60	2.12735	0.753823	39	38.1	57792.5	12	1749	1.08258	1.05308	1306
856	527817	540	272795	246888	100	60	2.16335	0.753823	39	38.1	57792.5	12	1749	1.10455	1.07491	1306
857	507127	490	260736	232163	100	60	2.1715	0.753823	39	38.1	57792.5	12	1749	1.11509	1.08025	1306
858	471086	437	242136	215158	100	60	2.19606	0.753823	39	38.1	57792.5	12	1749	1.10828	1.07176	1306
859	436856	396	225540	198513	100	60	2.17901	0.753823	39	38.1	57792.5	12	1749	1.11189	1.0687	1306
860	420419	370	218203	190236	100	60	2.22972	0.753823	39	38.1	57792.5	12	1749	1.09974	1.06319	1306
861	404031	357	216256	187774	100	60	2.24616	0.753823	39	38.1	57792.5	12	1749	1.10512	1.06877	1306
862	293227	340	111082	182145	100	60	0.117039	0.753823	39	38.1	161425	12	1749	1.00231	0.994731	1306
863	513544	317	208849	304695	100	60	0.100944	0.753823	39	38.1	161425	12	1749	1.00213	0.99487	1306
864	669337	298	278417	390921	100	60	0.100188	0.753823	39	38.1	161425	12	1749	1.00224	0.994722	1306
865	649268	256	275353	373915	100	60	0.102586	0.753823	39	38.1	161425	12	1749	1.00245	0.996339	1306
866	619878	243	272403	347475	100	60	0.117726	0.753823	39	38.1	161425	12	1749	1.00265	0.998055	1306
867	666508	2709	302765	363743	100	60	1.14386	0.753823	39	38.1	161425	12	1749	1.0039	0.997465	1306
868	718024	2358	330523	387501	100	60	1.29017	0.753823	39	38.1	161425	12	1749	1.00362	0.996041	1306
869	762370	2080	354771	407599	100	60	1.52687	0.753823	39	38.1	161425	12	1749	1.00619	0.999589	1306
870	576296	1836	179277	397019	100	60	1.67457	0.753823	38	38.1	161425	12	1749	1.088	1.13188	1306
871	609837	1447	242549	366598	100	60	0.759481	0.753823	39	38.1	0	12	1749	1.02272	1.01557	1306
872	687866	1212	299933	387002	100	60	0.603251	0.753823	39	38.1	0	12	1749	1.01001	1.00209	1306
873	781783	1038	355437	425237	100	60	0.554588	0.753823	39	38.1	0	12	1749	1.00617	0.996956	1306
874	834607	880	383924	449691	100	60	0.578359	0.753823	39	38.1	0	12	1749	1.00632	0.995528	1306
875	834198	776	389714	443605	100	60	0.6201	0.753823	39	38.1	0	12	1749	1.00892	0.998552	1306
876	830373	1747	394556	435817	100	60	1.31993	0.753823	39	38.1	0	12	1749	1.01142	1.00178	1306
877	607060	1673	185234	421826	100	60	1.48099	0.753823	39	38.1	0	12	1749	1.01318	1.00582	1306
878	662622	1679	247546	415076	100	60	1.782	0.753823	39	38.1	0	12	1749	1.01622	1.00838	1306
879	711155	1409	301748	409406	100	60	1.85975	0.753823	39	38.1	0	12	1749	1.01912	1.00927	1306
880	677786	1233	274134	403652	100	60	1.9375	0.753823	39	38.1	72525	12	1749	1.02903	1.02286	1306
881	684214	1064	304453	379761	100	60	2.00226	0.753823	39	38.1	72525	12	1749	1.03005	1.02365	1306
882	662412	911	314775	347637	100	60	2.02134	0.753823	39	38.1	72525	12	1749	1.03577	1.03094	1306
883	630015	790	311992	318023	100	60	2.04818	0.753823	39	38.1	72525	12	1749	1.04425	1.03831	1306
884	630905	732	320679	310226	100	60	2.07052	0.753823	39	38.1	72525	12	1749	1.05818	1.05372	1306
885	609122	671	315385	293737	100	60	2.08294	0.753823	39	38.1	72525	12	1749	1.07855	1.07831	1306
886	569852	594	293601	266861	100	60	2.14911	0.753823	39	38.1	72525	12	1749	1.08371	1.07483	1306
887	536989	532	274387	246665	100	60	2.18843	0.753823	39	38.1	72525	12	1749	1.08503	1.06629	1306
888	526025	493	269530	240013	100	60	2.2232	0.753823	39	38.1	72525	12	1749	1.07978	1.05714	1306
889	504466	460	259968	228592	100	60	2.27593	0.753823	39	38.1	72525	12	1749	1.06531	1.03974	1306
890	462093	409	238629	209195	100	60	2.27571	0.753823	39	38.1	72525	12	1749	1.0543	1.0273	1306
891	422396	372	225540	196856	100	60	2.28174	0.753823	39	38.1	72525	12	1749	1.05224	1.02452	1306
892	278547	358	85575	192972	100	60	0.118224	0.753823	39	38.1	99330	12	1749	1.00153	0.986945	1306
893	506566	320	191422	315144	100	60	0.0979435	0.753823	39	38.1	99330	12	1749	1.00142	0.987315	1306
894	651775	293	260866	390909	100	60	0.0943856	0.753823	39	38.1	99330	12	1749	1.00139	0.987895	1306
895	639985	264	265177	374807	100	60	0.102482	0.753823	39	38.1	99330	12	1749	1.00181	0.988571	1306
896	446828	241	106170	340658	100	60	0.114408	0.753823	39	38.1	99330	12	1749	1.00175	0.988814	1306
897	509239	2598	167999	341240	100	60	1.07319	0.753823	39	38.1	99330	12	1749	1.00205	0.988632	1306
898	605152	2417	233305	371847	100	60	1.35576	0.753823	39	38.1	99330	12	1749	1.00252	0.988605	1306
899	681845	2170	285554	396292	100	60	1.55162	0.753823	39	38.1	99330	12	1749	1.00273	0.987575	1306
900	555227	1964	157896	397331	100	60	1.74343	0.753823	37	38.1	99330	12	1749	1.07198	1.09485	1306
901	484750	1580	110346	374195	100	60	0.738399	0.753823	39	38.1	0	12	1749	1.01695	1.00655	1306
902	579186	1300	190788	387672	100	60	0.525989	0.753823	39	38.1	0	12	1749	1.00785	0.99513	1306
903	713395	1092	280918	431601	100	60	0.491632	0.753823	39	38.1	0	12	1749	1.00412	0.989537	1306
904	779528	888	327901	450565	100	60	0.505105	0.753823	39	38.1	0	12	1749	1.00473	0.987407	1306
905	810147	811	356800	452319	100	60	0.573265	0.753823	39	38.1	0	12	1749	1.00587	0.986813	1306
906	800383	1908	367322	433062	100	60	1.34941	0.753823	39	38.1	0	12	1749	1.00675	0.985735	1306
907	790705	1760	373571	417133	100	60	1.53349	0.753823	39	38.1	0	12	1749	1.00827	0.986493	1306
908	790236	1617	380615	409621	100	60	1.79355	0.753823	39	38.1	0	12	1749	1.00982	0.990718	1306
909	761456	1291	373293	388163	100	60	1.91529	0.753823	39	38.1	0	12	1749	1.00935	0.988381	1306
910	629433	1078	260487	368946	100	60	1.98685	0.753823	39	38.1	119144	12	1749	1.01113	0.986085	1306
911	475603	914	135648	339955	100	60	2.08289	0.753823	39	38.1	119144	12	1749	1.02163	0.994536	1306
912	474524	776	173815	300709	100	60	2.11124	0.753823	39	38.1	119144	12	1749	1.02541	0.993573	1306
913	480109	666	206285	273823	100	60	2.15264	0.753823	39	38.1	119144	12	1749	1.02676	0.989505	1306
914	485387	595	227574	257813	100	60	2.19771	0.753823	39	38.1	119144	12	1749	1.04323	1.00337	1306
915	493187	551	243861	249326	100	60	2.19273	0.753823	39	38.1	119144	12	1749	1.0619	1.02377	1306
916	491695	510	245217	238227	100	60	2.20437	0.753823	39	38.1	119144	12	1749	1.07168	1.03564	1306
917	500834	484	250222	235535	100	60	2.22594	0.753823	39	38.1	119144	12	1749	1.07276	1.03333	1306
918	475233	429	239344	221283	100	60	2.27522	0.753823	39	38.1	119144	12	1749	1.06009	1.01882	1306
919	337981	401	121365	213452	100	60	2.33747	0.753823	39	38.1	119144	12	1749	1.05701	1.01777	1306
920	274438	369	73816.3	200165	100	60	2.32146	0.753823	39	38.1	119144	12	1749	1.07068	1.02778	1306
921	227704	326	47612.8	180092	100	60	2.30334	0.753823	39	38.1	119144	12	1749	1.09172	1.03785	1306
922	236204	304	68400.2	167804	100	60	0.269556	0.753823	39	38.1	125483	12	1749	1.00635	1.00098	1306
923	302587	268	110377	192210	100	60	0.201005	0.753823	39	38.1	125483	12	1749	1.00475	1.00013	1306
924	462036	241	198641	263395	100	60	0.181622	0.753823	39	38.1	125483	12	1749	1.00457	0.999617	1306
925	645142	224	283603	361539	100	60	0.189309	0.753823	39	38.1	125483	12	1749	1.00474	0.999553	1306
926	739057	192	325668	413389	100	60	0.195153	0.753823	39	38.1	125483	12	1749	1.00453	1.00041	1306
927	730372	2029	327353	403019	100	60	0.977191	0.753823	37	38.1	125483	12	1749	1.00573	1	1306
928	727235	1725	335766	391469	100	60	1.03237	0.753823	37	38.1	125483	12	1749	1.00708	1.00186	1306
929	556217	1510	162818	393399	100	60	1.11456	0.753823	37	38.1	125483	12	1749	1.0083	1.00245	1306
930	468264	1309	108203	360061	100	60	1.07413	0.753823	36	38.1	125483	12	1749	1.18406	1.3392	1306
