Time	totMass	NInd	abovemass	belowmass	mean_ares	mean_bres	shannon	meanShannon	NPFT	meanNPFT	Cutted	NNonClonal	NClonal	mean_generation	mean_genet_size	NGenets
1	578	0	289	289	100	90	0	0.789464	52	51.4	0	581	1782	1	0.769521	2083
2	16823.6	0	8173.58	8650.03	100	90	0	0.789464	52	51.4	0	581	1782	1	0.767279	2083
3	76550.4	0	40901.6	35648.9	100	90	0	0.789464	52	51.4	0	581	1782	1	0.761468	2083
4	228276	0	121322	106954	100	90	0	0.789464	52	51.4	0	581	1782	1	0.761942	2083
5	496128	0	262217	233912	100	90	0	0.789464	52	51.4	0	581	1782	1.00079	0.765523	2083
6	823029	762	434601	388428	100	90	2.71783	0.789464	52	51.4	0	581	1782	1.00405	0.768054	2083
7	1.11133e+006	994	589816	521512	100	90	3.32149	0.789464	52	51.4	0	581	1782	1.01962	0.782805	2083
8	1.31877e+006	1026	704741	614025	100	90	3.42729	0.789464	52	51.4	0	581	1782	1.02745	0.785575	2083
9	1.45696e+006	953	782700	674256	100	90	3.24406	0.789464	52	51.4	0	581	1782	1.04149	0.801679	2083
10	1.55367e+006	910	839879	713794	100	90	3.13864	0.789464	52	51.4	0	581	1782	1.06076	0.820682	2083
11	1.61073e+006	867	874370	736356	100	90	3.09742	0.789464	52	51.4	0	581	1782	1.06685	0.828704	2083
12	1.64724e+006	832	896738	750505	100	90	3.03377	0.789464	52	51.4	0	581	1782	1.08318	0.846902	2083
13	1.69193e+006	810	923019	768914	100	90	3.03766	0.789464	52	51.4	0	581	1782	1.10049	0.87202	2083
14	1.71524e+006	798	937212	778025	100	90	3.06548	0.789464	52	51.4	0	581	1782	1.12266	0.906615	2083
15	1.75128e+006	797	958762	792522	100	90	3.09289	0.789464	52	51.4	0	581	1782	1.12862	0.919631	2083
16	1.76988e+006	788	956338	788524	100	90	3.12756	0.789464	52	51.4	0	581	1782	1.14174	0.933694	2083
17	1.81089e+006	779	966167	795933	100	90	3.14855	0.789464	52	51.4	0	581	1782	1.15197	0.936552	2083
18	1.85616e+006	785	987936	813175	100	90	3.27026	0.789464	52	51.4	0	581	1782	1.14927	0.930362	2083
19	1.87459e+006	785	998194	820155	100	90	3.35014	0.789464	52	51.4	0	581	1782	1.14806	0.918539	2083
20	1.87665e+006	784	1.00165e+006	819494	100	90	3.3823	0.789464	52	51.4	0	581	1782	1.15237	0.913793	2083
21	1.84501e+006	779	1.0165e+006	828508	100	90	3.40163	0.789464	52	51.4	0	581	1782	1.15776	0.915942	2083
22	1.84029e+006	775	1.0148e+006	825491	100	90	1.38925	0.789464	52	51.4	0	581	1782	1.05288	0.749526	2083
23	1.8622e+006	772	1.0238e+006	838396	100	90	1.35982	0.789464	52	51.4	0	581	1782	1.05479	0.753252	2083
24	1.88746e+006	763	1.03594e+006	851521	100	90	1.37042	0.789464	52	51.4	0	581	1782	1.05843	0.765645	2083
25	1.89467e+006	756	1.04016e+006	854518	100	90	1.45548	0.789464	52	51.4	0	581	1782	1.06938	0.803039	2083
26	1.90935e+006	748	1.04908e+006	860264	100	90	1.59154	0.789464	52	51.4	0	581	1782	1.08349	0.827236	2083
27	1.90479e+006	1276	1.04671e+006	858078	100	90	2.68892	0.789464	52	51.4	0	581	1782	1.10802	0.856571	2083
28	1.92806e+006	1204	1.05917e+006	868887	100	90	2.83921	0.789464	52	51.4	0	581	1782	1.13464	0.883186	2083
29	1.95351e+006	1131	1.07254e+006	880963	100	90	2.8721	0.789464	52	51.4	0	581	1782	1.15246	0.8875	2083
30	1.4463e+006	1097	547151	899152	100	90	2.35144	0.789464	52	51.4	0	581	1782	1.4992	1.46922	2083
31	1.488e+006	967	657504	828143	100	90	1.33255	0.789464	52	51.4	0	581	1782	1.15868	0.886364	2083
32	1.48109e+006	863	698424	779010	100	90	1.04737	0.789464	52	51.4	0	581	1782	1.09863	0.784623	2083
33	1.44663e+006	751	708510	734652	100	90	0.85414	0.789464	52	51.4	0	581	1782	1.07185	0.760351	2083
34	1.44611e+006	672	724272	718361	100	90	0.95949	0.789464	52	51.4	0	581	1782	1.08174	0.774436	2083
35	1.40268e+006	739	714025	685450	100	90	1.23096	0.789464	52	51.4	0	581	1782	1.09915	0.801905	2083
36	1.34941e+006	760	698244	651164	100	90	1.46014	0.789464	52	51.4	0	581	1782	1.10845	0.828929	2083
37	1.31149e+006	875	685615	625875	100	90	1.92302	0.789464	52	51.4	0	581	1782	1.12221	0.841155	2083
38	1.24518e+006	979	656486	588690	100	90	2.49176	0.789464	52	51.4	0	581	1782	1.1387	0.847973	2083
39	1.19904e+006	826	636786	562251	100	90	2.62049	0.789464	52	51.4	0	581	1782	1.16185	0.865772	2083
40	1.14811e+006	677	614102	534005	100	90	2.64755	0.789464	52	51.4	0	581	1782	1.18531	0.866337	2083
41	1.07537e+006	567	578356	497010	100	90	2.59812	0.789464	52	51.4	0	581	1782	1.20446	0.889328	2083
42	1.05224e+006	510	568580	483661	100	90	2.68796	0.789464	52	51.4	0	581	1782	1.24094	0.917595	2083
43	992150	459	538334	453816	100	90	2.71351	0.789464	52	51.4	0	581	1782	1.28125	0.943069	2083
44	931352	415	507100	424252	100	90	2.73234	0.789464	52	51.4	0	581	1782	1.29167	0.953168	2083
45	889123	385	485522	403601	100	90	2.74869	0.789464	52	51.4	0	581	1782	1.32477	0.98209	2083
46	863532	357	465660	384048	100	90	2.76606	0.789464	52	51.4	0	581	1782	1.37037	1.01639	2083
47	790281	323	421952	345267	100	90	2.84261	0.789464	52	51.4	0	581	1782	1.38462	1.00362	2083
48	719746	279	384911	311581	100	90	2.84604	0.789464	52	51.4	0	581	1782	1.39855	0.983264	2083
49	678113	254	363565	292287	100	90	2.94804	0.789464	52	51.4	0	581	1782	1.41152	0.958716	2083
50	659107	237	355331	283091	100	90	3.04308	0.789464	52	51.4	0	581	1782	1.42857	0.954774	2083
51	574578	214	321091	253488	100	90	3.11508	0.789464	52	51.4	0	581	1782	1.39487	0.954286	2083
52	290652	198	49209.5	241442	100	90	0.112098	0.789464	52	51.4	284860	581	1782	1.0056	0.738252	2083
53	550663	183	201247	349416	100	90	0.076184	0.789464	52	51.4	284860	581	1782	1.00387	0.735645	2083
54	825493	162	354859	470633	100	90	0.0758776	0.789464	52	51.4	284860	581	1782	1.00423	0.742955	2083
55	812999	132	369408	443591	100	90	0.0732774	0.789464	52	51.4	284860	581	1782	1.00444	0.756941	2083
56	832387	125	401518	430869	100	90	0.090451	0.789464	52	51.4	284860	581	1782	1.00606	0.765168	2083
57	976667	2518	489021	487646	100	90	1.42698	0.789464	52	51.4	284860	581	1782	1.00822	0.756612	2083
58	1.03782e+006	2203	526578	511239	100	90	1.80636	0.789464	52	51.4	284860	581	1782	1.01263	0.755771	2083
59	1.09868e+006	1813	565512	533169	100	90	1.92623	0.789464	52	51.4	284860	581	1782	1.01707	0.762475	2083
60	817986	1559	288337	529649	100	90	1.99273	0.789464	51	51.4	284860	581	1782	1.14231	1.00714	2083
61	920346	1319	400866	514686	100	90	1.18898	0.789464	52	51.4	0	581	1782	1.06744	0.811917	2083
62	1.0191e+006	1135	483149	528592	100	90	1.00781	0.789464	52	51.4	0	581	1782	1.05166	0.784441	2083
63	1.10932e+006	960	549320	552279	100	90	0.933014	0.789464	52	51.4	0	581	1782	1.04967	0.771416	2083
64	1.16454e+006	779	588388	569287	100	90	0.929062	0.789464	52	51.4	0	581	1782	1.05535	0.772148	2083
65	1.18831e+006	733	608514	574176	100	90	1.0087	0.789464	52	51.4	0	581	1782	1.05728	0.766389	2083
66	1.20243e+006	1409	625605	576827	100	90	1.95394	0.789464	52	51.4	0	581	1782	1.05758	0.756912	2083
67	1.20376e+006	1291	632949	570814	100	90	2.12368	0.789464	52	51.4	0	581	1782	1.06025	0.760467	2083
68	1.15008e+006	1179	611011	539067	100	90	2.29617	0.789464	52	51.4	0	581	1782	1.06216	0.758261	2083
69	1.14508e+006	996	613240	531845	100	90	2.35437	0.789464	52	51.4	0	581	1782	1.06741	0.752058	2083
70	1.13949e+006	870	614546	524942	100	90	2.4291	0.789464	52	51.4	0	581	1782	1.07554	0.766509	2083
71	1.09621e+006	757	593664	502547	100	90	2.54993	0.789464	52	51.4	0	581	1782	1.09328	0.767253	2083
72	1.0367e+006	638	563879	472819	100	90	2.57925	0.789464	52	51.4	0	581	1782	1.10079	0.792271	2083
73	991642	564	541384	450257	100	90	2.61156	0.789464	52	51.4	0	581	1782	1.12133	0.815693	2083
74	915523	489	500713	414810	100	90	2.6825	0.789464	52	51.4	0	581	1782	1.11429	0.786307	2083
75	870781	439	477627	393154	100	90	2.68075	0.789464	52	51.4	0	581	1782	1.13273	0.803738	2083
76	787540	388	426323	348877	100	90	2.70494	0.789464	52	51.4	0	581	1782	1.15767	0.84	2083
77	773865	365	413494	338486	100	90	2.75234	0.789464	52	51.4	0	581	1782	1.18095	0.87106	2083
78	734888	342	393081	319939	100	90	2.79271	0.789464	52	51.4	0	581	1782	1.21108	0.87037	2083
79	690941	318	369444	301180	100	90	2.82872	0.789464	52	51.4	0	581	1782	1.23032	0.880399	2083
80	628824	281	337282	273822	100	90	2.87558	0.789464	52	51.4	0	581	1782	1.23746	0.882129	2083
81	573837	259	318349	255488	100	90	2.92365	0.789464	52	51.4	0	581	1782	1.22344	0.8625	2083
82	277980	228	48581.4	229399	100	90	0.115262	0.789464	52	51.4	272831	581	1782	1.00403	0.734002	2083
83	563185	208	213920	349265	100	90	0.079256	0.789464	52	51.4	272831	581	1782	1.00268	0.729582	2083
84	829364	172	363840	465524	100	90	0.0724208	0.789464	52	51.4	272831	581	1782	1.0023	0.73874	2083
85	834379	161	385439	448939	100	90	0.0780524	0.789464	52	51.4	272831	581	1782	1.00267	0.767839	2083
86	845206	150	413041	432165	100	90	0.0924097	0.789464	52	51.4	272831	581	1782	1.00347	0.776477	2083
87	691474	2731	213722	477752	100	90	1.24087	0.789464	52	51.4	272831	581	1782	1.00352	0.764133	2083
88	787681	2564	306929	480752	100	90	1.62873	0.789464	52	51.4	272831	581	1782	1.00501	0.759237	2083
89	920236	2154	410215	510020	100	90	1.81957	0.789464	52	51.4	272831	581	1782	1.00714	0.757024	2083
90	767832	1931	242331	525501	100	90	2.03697	0.789464	51	51.4	272831	581	1782	1.10266	0.918229	2083
91	857345	1552	354497	496788	100	90	1.10411	0.789464	52	51.4	0	581	1782	1.0415	0.790609	2083
92	989807	1296	456971	524892	100	90	0.91113	0.789464	52	51.4	0	581	1782	1.03094	0.773124	2083
93	1.12773e+006	1092	548688	569527	100	90	0.872978	0.789464	52	51.4	0	581	1782	1.03001	0.76428	2083
94	1.21919e+006	934	608315	602131	100	90	0.933277	0.789464	52	51.4	0	581	1782	1.03523	0.763665	2083
95	1.2228e+006	841	621487	593801	100	90	1.01165	0.789464	52	51.4	0	581	1782	1.03895	0.765917	2083
96	1.21704e+006	1548	631756	585288	100	90	1.83377	0.789464	52	51.4	0	581	1782	1.04288	0.762053	2083
97	1.17398e+006	1339	618001	555977	100	90	1.9848	0.789464	52	51.4	0	581	1782	1.04809	0.748991	2083
98	1.17104e+006	1266	622723	548319	100	90	2.19229	0.789464	52	51.4	0	581	1782	1.04845	0.753834	2083
99	1.13331e+006	1042	607466	525846	100	90	2.29204	0.789464	52	51.4	0	581	1782	1.05473	0.744848	2083
100	1.07361e+006	874	578393	495214	100	90	2.33266	0.789464	52	51.4	0	581	1782	1.05586	0.738876	2083
101	990290	735	535359	454931	100	90	2.34259	0.789464	52	51.4	0	581	1782	1.07205	0.750693	2083
102	940316	645	510981	429335	100	90	2.42375	0.789464	52	51.4	0	581	1782	1.09292	0.783228	2083
103	844656	541	461116	383540	100	90	2.46077	0.789464	52	51.4	0	581	1782	1.10699	0.785311	2083
104	785129	482	428795	356335	100	90	2.53534	0.789464	52	51.4	0	581	1782	1.12436	0.780127	2083
105	723673	420	395764	327909	100	90	2.50324	0.789464	52	51.4	0	581	1782	1.15936	0.826829	2083
106	690059	383	373484	306188	100	90	2.54371	0.789464	52	51.4	0	581	1782	1.16258	0.842391	2083
107	646823	344	347014	282327	100	90	2.67589	0.789464	52	51.4	0	581	1782	1.16273	0.828221	2083
108	613890	318	329392	267137	100	90	2.72502	0.789464	52	51.4	0	581	1782	1.16568	0.833887	2083
109	592836	300	318282	258158	100	90	2.75014	0.789464	52	51.4	0	581	1782	1.17363	0.849462	2083
110	566146	282	304693	246346	100	90	2.8031	0.789464	52	51.4	0	581	1782	1.15753	0.827586	2083
111	473706	234	262947	210759	100	90	2.80781	0.789464	52	51.4	0	581	1782	1.1498	0.802752	2083
112	259669	229	46489.5	213179	100	90	0.0986396	0.789464	52	51.4	225921	581	1782	1.00242	0.690967	2083
113	570612	199	225424	345188	100	90	0.0696465	0.789464	52	51.4	225921	581	1782	1.00152	0.685634	2083
114	825465	180	366785	458680	100	90	0.0689666	0.789464	52	51.4	225921	581	1782	1.00167	0.701959	2083
115	797753	173	370521	427233	100	90	0.0766829	0.789464	52	51.4	225921	581	1782	1.00196	0.723215	2083
116	848605	167	416773	431832	100	90	0.095292	0.789464	52	51.4	225921	581	1782	1.00253	0.735696	2083
117	975677	2939	491916	483761	100	90	1.27328	0.789464	52	51.4	225921	581	1782	1.00368	0.743967	2083
118	1.02465e+006	2487	523197	501448	100	90	1.5153	0.789464	51	51.4	225921	581	1782	1.00514	0.746386	2083
119	1.03091e+006	2083	533065	497842	100	90	1.63816	0.789464	51	51.4	225921	581	1782	1.00691	0.747899	2083
120	782965	1851	278287	504677	100	90	1.75059	0.789464	49	51.4	225921	581	1782	1.09109	0.903034	2083
121	898999	1560	394877	497214	100	90	0.94688	0.789464	52	51.4	0	581	1782	1.0387	0.748824	2083
122	1.04575e+006	1355	498424	536910	100	90	0.812274	0.789464	52	51.4	0	581	1782	1.03015	0.733792	2083
123	1.17283e+006	1156	579514	581874	100	90	0.774983	0.789464	52	51.4	0	581	1782	1.03041	0.73035	2083
124	1.22348e+006	993	616296	596279	100	90	0.84515	0.789464	52	51.4	0	581	1782	1.03423	0.74901	2083
125	1.22295e+006	911	626143	587509	100	90	0.917352	0.789464	52	51.4	0	581	1782	1.03514	0.755002	2083
126	1.24729e+006	1656	651913	595380	100	90	1.6538	0.789464	52	51.4	0	581	1782	1.03868	0.74795	2083
127	1.17298e+006	1539	618590	554388	100	90	1.85487	0.789464	52	51.4	0	581	1782	1.04019	0.748144	2083
128	1.09007e+006	1374	579728	510338	100	90	2.02251	0.789464	52	51.4	0	581	1782	1.04121	0.736377	2083
129	1.09415e+006	1164	586243	507905	100	90	2.1251	0.789464	52	51.4	0	581	1782	1.04664	0.736063	2083
130	1.04279e+006	983	562561	480227	100	90	2.21272	0.789464	52	51.4	0	581	1782	1.0526	0.742503	2083
131	993795	854	539516	454279	100	90	2.30738	0.789464	52	51.4	0	581	1782	1.05748	0.742551	2083
132	973308	779	530500	442808	100	90	2.38503	0.789464	52	51.4	0	581	1782	1.06856	0.750983	2083
133	896057	689	489569	406488	100	90	2.40517	0.789464	52	51.4	0	581	1782	1.08922	0.778107	2083
134	844413	623	462554	381859	100	90	2.45138	0.789464	52	51.4	0	581	1782	1.0988	0.797054	2083
135	768020	538	421377	346643	100	90	2.48799	0.789464	52	51.4	0	581	1782	1.11252	0.798095	2083
136	724675	484	393178	321967	100	90	2.49838	0.789464	52	51.4	0	581	1782	1.12341	0.824153	2083
137	705425	452	378561	309889	100	90	2.51031	0.789464	52	51.4	0	581	1782	1.12745	0.826087	2083
138	632102	406	339171	277536	100	90	2.54823	0.789464	52	51.4	0	581	1782	1.12444	0.816062	2083
139	590081	368	316793	258721	100	90	2.56397	0.789464	52	51.4	0	581	1782	1.135	0.819767	2083
140	548850	331	295018	240909	100	90	2.59808	0.789464	52	51.4	0	581	1782	1.14571	0.851133	2083
141	472614	289	261031	211584	100	90	2.5966	0.789464	52	51.4	0	581	1782	1.15719	0.847015	2083
142	254712	269	50414.7	204297	100	90	0.102714	0.789464	52	51.4	217984	581	1782	1.00263	0.717561	2083
143	602613	235	248773	353840	100	90	0.075252	0.789464	52	51.4	217984	581	1782	1.00185	0.716472	2083
144	847111	214	384609	462502	100	90	0.0739199	0.789464	52	51.4	217984	581	1782	1.00205	0.732584	2083
145	799529	193	378620	420909	100	90	0.0764457	0.789464	52	51.4	217984	581	1782	1.00226	0.762716	2083
146	843192	176	421610	421582	100	90	0.089686	0.789464	51	51.4	217984	581	1782	1.00305	0.768404	2083
147	981371	3494	500228	481143	100	90	1.31401	0.789464	51	51.4	217984	581	1782	1.00454	0.767352	2083
148	1.07043e+006	2964	548751	521676	100	90	1.58425	0.789464	51	51.4	217984	581	1782	1.0072	0.771548	2083
149	1.10574e+006	2322	571042	534702	100	90	1.60688	0.789464	51	51.4	217984	581	1782	1.00951	0.76673	2083
150	833225	2044	294484	538740	100	90	1.6651	0.789464	48	51.4	217984	581	1782	1.08894	0.90927	2083
151	937789	1681	409391	520827	100	90	0.965968	0.789464	52	51.4	0	581	1782	1.03887	0.775859	2083
152	1.05908e+006	1418	502367	545920	100	90	0.830318	0.789464	52	51.4	0	581	1782	1.02943	0.764257	2083
153	1.18291e+006	1199	583847	587066	100	90	0.761737	0.789464	52	51.4	0	581	1782	1.02783	0.759563	2083
154	1.25092e+006	1031	627615	611851	100	90	0.795239	0.789464	52	51.4	0	581	1782	1.02821	0.75944	2083
155	1.22455e+006	939	624604	590080	100	90	0.884114	0.789464	52	51.4	0	581	1782	1.03096	0.767829	2083
156	1.18652e+006	1728	619423	567094	100	90	1.58703	0.789464	52	51.4	0	581	1782	1.03515	0.759772	2083
157	1.15134e+006	1476	607591	543753	100	90	1.7124	0.789464	52	51.4	0	581	1782	1.0419	0.753754	2083
158	1.13007e+006	1393	601636	528438	100	90	1.9281	0.789464	52	51.4	0	581	1782	1.04273	0.753846	2083
159	1.14453e+006	1222	612476	532054	100	90	2.02201	0.789464	52	51.4	0	581	1782	1.0521	0.756892	2083
160	1.06184e+006	1005	570886	490959	100	90	2.12225	0.789464	52	51.4	0	581	1782	1.05594	0.755601	2083
161	1.04033e+006	899	561150	479176	100	90	2.21868	0.789464	52	51.4	0	581	1782	1.06805	0.759725	2083
162	998817	808	540208	458609	100	90	2.27505	0.789464	52	51.4	0	581	1782	1.07767	0.768838	2083
163	901461	688	488981	412481	100	90	2.34126	0.789464	52	51.4	0	581	1782	1.08685	0.77429	2083
164	851238	620	463347	387892	100	90	2.38785	0.789464	52	51.4	0	581	1782	1.09405	0.77907	2083
165	817314	570	445253	372061	100	90	2.38149	0.789464	52	51.4	0	581	1782	1.10638	0.785199	2083
166	782757	530	422102	350850	100	90	2.4181	0.789464	52	51.4	0	581	1782	1.11755	0.796477	2083
167	710381	459	379813	314170	100	90	2.43658	0.789464	52	51.4	0	581	1782	1.1144	0.776286	2083
168	652382	420	348862	288451	100	90	2.48163	0.789464	52	51.4	0	581	1782	1.11556	0.786967	2083
169	618954	388	330861	273274	100	90	2.51018	0.789464	52	51.4	0	581	1782	1.11736	0.779891	2083
170	578798	350	309273	255954	100	90	2.52452	0.789464	52	51.4	0	581	1782	1.12262	0.78852	2083
171	512072	309	280528	231544	100	90	2.51566	0.789464	52	51.4	0	581	1782	1.14465	0.797203	2083
172	256419	266	48826.9	207592	100	90	0.101741	0.789464	52	51.4	233447	581	1782	1.00263	0.644419	2083
173	597724	238	244321	353403	100	90	0.0754173	0.789464	52	51.4	233447	581	1782	1.00195	0.638033	2083
174	851880	225	384210	467670	100	90	0.0775839	0.789464	52	51.4	233447	581	1782	1.00228	0.654542	2083
175	823919	210	388110	435810	100	90	0.0834395	0.789464	52	51.4	233447	581	1782	1.00249	0.68974	2083
176	857949	193	425997	431952	100	90	0.0973276	0.789464	52	51.4	233447	581	1782	1.00354	0.703439	2083
177	984666	3304	500604	484062	100	90	1.20026	0.789464	52	51.4	233447	581	1782	1.00434	0.708925	2083
178	1.039e+006	2864	531745	507251	100	90	1.43682	0.789464	52	51.4	233447	581	1782	1.00614	0.711883	2083
179	1.06357e+006	2306	550733	512833	100	90	1.52496	0.789464	52	51.4	233447	581	1782	1.00831	0.714887	2083
180	791775	2025	280989	510786	100	90	1.63147	0.789464	47	51.4	233447	581	1782	1.07177	0.840818	2083
181	914537	1700	399560	507042	100	90	0.901289	0.789464	52	51.4	0	581	1782	1.03071	0.696951	2083
182	1.02172e+006	1388	484998	525457	100	90	0.736515	0.789464	52	51.4	0	581	1782	1.02372	0.682444	2083
183	1.11943e+006	1113	552069	555441	100	90	0.658949	0.789464	52	51.4	0	581	1782	1.02155	0.684902	2083
184	1.20961e+006	970	606676	591382	100	90	0.692945	0.789464	52	51.4	0	581	1782	1.02287	0.700918	2083
185	1.18702e+006	898	605272	571672	100	90	0.778552	0.789464	52	51.4	0	581	1782	1.02587	0.719846	2083
186	1.19633e+006	1810	624360	571972	100	90	1.50126	0.789464	52	51.4	0	581	1782	1.028	0.717896	2083
187	1.18163e+006	1620	622388	559243	100	90	1.63416	0.789464	52	51.4	0	581	1782	1.03075	0.706076	2083
188	1.16477e+006	1536	618129	546638	100	90	1.82699	0.789464	52	51.4	0	581	1782	1.03078	0.703384	2083
189	1.18175e+006	1335	631250	550504	100	90	1.98581	0.789464	52	51.4	0	581	1782	1.03925	0.70827	2083
190	1.12531e+006	1121	604066	521249	100	90	2.05849	0.789464	52	51.4	0	581	1782	1.04394	0.706096	2083
191	1.0961e+006	1002	591420	504680	100	90	2.16009	0.789464	52	51.4	0	581	1782	1.04889	0.708037	2083
192	1.00082e+006	856	541283	459533	100	90	2.18585	0.789464	52	51.4	0	581	1782	1.05654	0.70868	2083
193	923609	748	501352	422258	100	90	2.2864	0.789464	52	51.4	0	581	1782	1.07018	0.726531	2083
194	862425	665	469208	393218	100	90	2.2948	0.789464	52	51.4	0	581	1782	1.08091	0.727829	2083
195	786973	583	429369	357604	100	90	2.28155	0.789464	52	51.4	0	581	1782	1.0896	0.743902	2083
196	790125	563	426825	353595	100	90	2.32485	0.789464	52	51.4	0	581	1782	1.09077	0.745027	2083
197	758660	524	405562	336406	100	90	2.41507	0.789464	52	51.4	0	581	1782	1.09756	0.742188	2083
198	710661	486	380193	314113	100	90	2.42295	0.789464	52	51.4	0	581	1782	1.09263	0.733615	2083
199	661999	448	354596	292269	100	90	2.44989	0.789464	52	51.4	0	581	1782	1.10338	0.745921	2083
200	620202	414	332889	273626	100	90	2.46206	0.789464	52	51.4	0	581	1782	1.11189	0.765903	2083
201	569817	381	312852	256964	100	90	2.48061	0.789464	52	51.4	0	581	1782	1.11825	0.773481	2083
202	285988	330	54959	231029	100	90	0.124239	0.789464	52	51.4	258562	581	1782	1.00255	0.646317	2083
203	630570	305	255305	375265	100	90	0.0933646	0.789464	52	51.4	258562	581	1782	1.00184	0.639185	2083
204	871911	274	392844	479067	100	90	0.0912669	0.789464	52	51.4	258562	581	1782	1.00171	0.654454	2083
205	828107	245	391919	436189	100	90	0.0942369	0.789464	52	51.4	258562	581	1782	1.00188	0.684786	2083
206	857908	208	427856	430052	100	90	0.102814	0.789464	52	51.4	258562	581	1782	1.0023	0.705426	2083
207	988832	3281	505311	483521	100	90	1.20405	0.789464	52	51.4	258562	581	1782	1.00371	0.714766	2083
208	1.0592e+006	2951	544682	514520	100	90	1.46856	0.789464	52	51.4	258562	581	1782	1.00508	0.719456	2083
209	1.05478e+006	2295	547034	507745	100	90	1.51589	0.789464	52	51.4	258562	581	1782	1.0056	0.720352	2083
210	796256	1992	282943	513313	100	90	1.64506	0.789464	50	51.4	258562	581	1782	1.07429	0.841654	2083
211	885735	1607	388674	489116	100	90	0.840291	0.789464	52	51.4	0	581	1782	1.03012	0.694102	2083
212	1.02793e+006	1354	489381	526946	100	90	0.701063	0.789464	52	51.4	0	581	1782	1.02271	0.678216	2083
213	1.18193e+006	1183	582315	586558	100	90	0.690141	0.789464	52	51.4	0	581	1782	1.02134	0.683722	2083
214	1.21039e+006	1009	606918	590826	100	90	0.73129	0.789464	52	51.4	0	581	1782	1.02351	0.699202	2083
215	1.18307e+006	909	603585	568543	100	90	0.800569	0.789464	52	51.4	0	581	1782	1.0236	0.711063	2083
216	1.17716e+006	1709	614096	563069	100	90	1.47237	0.789464	52	51.4	0	581	1782	1.02537	0.70389	2083
217	1.16236e+006	1592	611992	550365	100	90	1.66458	0.789464	52	51.4	0	581	1782	1.03037	0.707921	2083
218	843626	1526	297499	546127	100	90	1.85325	0.789464	52	51.4	0	581	1782	1.0313	0.711706	2083
219	910326	1291	388562	521764	100	90	1.9591	0.789464	52	51.4	0	581	1782	1.03655	0.719619	2083
220	958881	1103	457260	501621	100	90	2.06538	0.789464	52	51.4	0	581	1782	1.04392	0.724395	2083
221	964016	957	489269	474747	100	90	2.17479	0.789464	52	51.4	0	581	1782	1.05151	0.724731	2083
222	941262	847	492338	448924	100	90	2.21426	0.789464	52	51.4	0	581	1782	1.06215	0.726496	2083
223	928905	766	493689	435216	100	90	2.24354	0.789464	52	51.4	0	581	1782	1.06886	0.725806	2083
224	888911	693	476225	412686	100	90	2.30648	0.789464	52	51.4	0	581	1782	1.06675	0.714286	2083
225	805458	599	432975	372483	100	90	2.30633	0.789464	52	51.4	0	581	1782	1.07627	0.723183	2083
226	755386	546	403394	342505	100	90	2.32236	0.789464	52	51.4	0	581	1782	1.08202	0.720227	2083
227	672008	454	356765	300238	100	90	2.37758	0.789464	52	51.4	0	581	1782	1.07797	0.714612	2083
228	624478	402	332263	278228	100	90	2.448	0.789464	52	51.4	0	581	1782	1.07339	0.709091	2083
229	609141	384	324818	270418	100	90	2.49968	0.789464	52	51.4	0	581	1782	1.08794	0.726027	2083
230	547636	335	292310	243019	100	90	2.47691	0.789464	52	51.4	0	581	1782	1.10787	0.756329	2083
231	484912	300	265542	219370	100	90	2.48058	0.789464	52	51.4	0	581	1782	1.10968	0.758741	2083
232	254677	273	47892	206785	100	90	0.101389	0.789464	52	51.4	221649	581	1782	1.00177	0.649281	2083
233	607703	245	247369	360334	100	90	0.0764995	0.789464	52	51.4	221649	581	1782	1.00121	0.645514	2083
234	841054	220	379087	461967	100	90	0.0741609	0.789464	52	51.4	221649	581	1782	1.00116	0.665229	2083
235	803870	207	378757	425113	100	90	0.0810086	0.789464	52	51.4	221649	581	1782	1.00121	0.699933	2083
236	832357	179	414348	418009	100	90	0.0911865	0.789464	52	51.4	221649	581	1782	1.00153	0.715408	2083
237	961783	3233	489705	472078	100	90	1.17626	0.789464	52	51.4	221649	581	1782	1.00215	0.721032	2083
238	1.03911e+006	2749	533386	505720	100	90	1.38761	0.789464	52	51.4	221649	581	1782	1.00345	0.724701	2083
239	1.04705e+006	2168	542619	504429	100	90	1.47248	0.789464	52	51.4	221649	581	1782	1.00475	0.724235	2083
240	625401	1910	127446	497955	100	90	1.5973	0.789464	48	51.4	221649	581	1782	1.07367	0.850236	2083
241	714558	1615	232734	475732	100	90	0.715583	0.789464	52	51.4	0	581	1782	1.02317	0.681231	2083
242	886063	1354	368866	509311	100	90	0.604838	0.789464	52	51.4	0	581	1782	1.01815	0.675121	2083
243	1.06396e+006	1127	489811	563157	100	90	0.581351	0.789464	52	51.4	0	581	1782	1.01756	0.68317	2083
244	1.13505e+006	971	547351	576599	100	90	0.643213	0.789464	52	51.4	0	581	1782	1.02065	0.70612	2083
245	1.13578e+006	882	567076	558982	100	90	0.712032	0.789464	52	51.4	0	581	1782	1.02373	0.719842	2083
246	1.13601e+006	1888	585827	550184	100	90	1.44299	0.789464	52	51.4	0	581	1782	1.0231	0.718934	2083
247	1.1424e+006	1688	597262	545136	100	90	1.59396	0.789464	52	51.4	0	581	1782	1.02496	0.716132	2083
248	1.11816e+006	1552	590382	527780	100	90	1.76114	0.789464	52	51.4	0	581	1782	1.02527	0.710268	2083
249	1.09079e+006	1259	581287	509507	100	90	1.84974	0.789464	52	51.4	0	581	1782	1.03137	0.702659	2083
250	1.03331e+006	1055	555108	478202	100	90	1.94743	0.789464	52	51.4	0	581	1782	1.03681	0.703846	2083
251	984202	923	531829	452373	100	90	2.05565	0.789464	52	51.4	0	581	1782	1.04666	0.713971	2083
252	906997	778	491790	415207	100	90	2.15359	0.789464	52	51.4	0	581	1782	1.05649	0.715776	2083
253	842986	673	457872	385114	100	90	2.22714	0.789464	52	51.4	0	581	1782	1.06227	0.713213	2083
254	772617	583	420543	352074	100	90	2.24107	0.789464	52	51.4	0	581	1782	1.07703	0.717014	2083
255	520273	518	191832	328440	100	90	2.27326	0.789464	52	51.4	0	581	1782	1.09259	0.720157	2083
256	540541	464	235735	299603	100	90	2.31736	0.789464	52	51.4	0	581	1782	1.08654	0.697368	2083
257	567412	433	272773	285186	100	90	2.34891	0.789464	52	51.4	0	581	1782	1.09283	0.691943	2083
258	586919	415	298026	278200	100	90	2.37844	0.789464	52	51.4	0	581	1782	1.09172	0.68642	2083
259	537585	367	280104	246789	100	90	2.37616	0.789464	52	51.4	0	581	1782	1.09694	0.701408	2083
260	484815	315	255942	219364	100	90	2.42371	0.789464	52	51.4	0	581	1782	1.1	0.688742	2083
261	452999	290	245752	207247	100	90	2.42869	0.789464	52	51.4	0	581	1782	1.10231	0.700361	2083
262	233569	258	42476.7	191093	100	90	0.0984265	0.789464	52	51.4	207839	581	1782	1.00166	0.633655	2083
263	587476	246	239595	347881	100	90	0.0777964	0.789464	52	51.4	207839	581	1782	1.00124	0.626284	2083
264	824557	210	373699	450858	100	90	0.0725357	0.789464	52	51.4	207839	581	1782	1.00125	0.653475	2083
265	768898	176	365518	403379	100	90	0.0695948	0.789464	52	51.4	207839	581	1782	1.00115	0.702428	2083
266	829419	170	415034	414385	100	90	0.0866199	0.789464	52	51.4	207839	581	1782	1.0016	0.70638	2083
267	964287	3223	492350	471937	100	90	1.1821	0.789464	51	51.4	207839	581	1782	1.00215	0.716458	2083
268	1.00421e+006	2657	517221	486987	100	90	1.44065	0.789464	51	51.4	207839	581	1782	1.00373	0.725059	2083
269	1.02332e+006	2115	532698	490619	100	90	1.52435	0.789464	51	51.4	207839	581	1782	1.0055	0.713986	2083
270	759357	1831	271587	487770	100	90	1.602	0.789464	48	51.4	207839	581	1782	1.08556	0.850795	2083
271	839272	1461	373100	457842	100	90	0.865036	0.789464	52	51.4	0	581	1782	1.03684	0.694243	2083
272	953911	1230	459795	482052	100	90	0.709501	0.789464	52	51.4	0	581	1782	1.02735	0.685651	2083
273	1.07456e+006	1010	534030	526951	100	90	0.632653	0.789464	52	51.4	0	581	1782	1.02491	0.686236	2083
274	1.17001e+006	891	589944	566892	100	90	0.69127	0.789464	52	51.4	0	581	1782	1.02743	0.700251	2083
275	1.17361e+006	825	599745	562435	100	90	0.758058	0.789464	52	51.4	0	581	1782	1.0299	0.717153	2083
276	1.165e+006	1713	609465	555537	100	90	1.47814	0.789464	52	51.4	0	581	1782	1.02864	0.712245	2083
277	1.12524e+006	1636	593423	531815	100	90	1.65059	0.789464	52	51.4	0	581	1782	1.03093	0.710641	2083
278	1.0853e+006	1457	577382	507917	100	90	1.79722	0.789464	52	51.4	0	581	1782	1.03331	0.705307	2083
279	1.06768e+006	1225	571575	496108	100	90	1.88976	0.789464	52	51.4	0	581	1782	1.03445	0.695761	2083
280	1.03391e+006	1048	556498	477414	100	90	1.94889	0.789464	52	51.4	0	581	1782	1.03589	0.686408	2083
281	958520	878	518411	440109	100	90	2.08666	0.789464	52	51.4	0	581	1782	1.04642	0.696512	2083
282	877269	748	476835	400433	100	90	2.14144	0.789464	52	51.4	0	581	1782	1.05622	0.706849	2083
283	803340	650	438347	364993	100	90	2.21601	0.789464	52	51.4	0	581	1782	1.0599	0.714961	2083
284	745643	569	407668	337975	100	90	2.28317	0.789464	52	51.4	0	581	1782	1.06765	0.710669	2083
285	705788	520	386533	319254	100	90	2.28363	0.789464	52	51.4	0	581	1782	1.08237	0.714851	2083
286	658376	474	357365	293716	100	90	2.30322	0.789464	52	51.4	0	581	1782	1.10056	0.736842	2083
287	627873	442	338077	277686	100	90	2.34233	0.789464	52	51.4	0	581	1782	1.11392	0.753555	2083
288	619333	425	332983	273646	100	90	2.3718	0.789464	52	51.4	0	581	1782	1.11556	0.74321	2083
289	566648	371	304518	250039	100	90	2.39125	0.789464	52	51.4	0	581	1782	1.12145	0.728045	2083
290	491277	310	264226	216527	100	90	2.4254	0.789464	52	51.4	0	581	1782	1.11987	0.731034	2083
291	446480	280	245613	200866	100	90	2.43829	0.789464	52	51.4	0	581	1782	1.1324	0.744275	2083
292	226641	248	40820.3	185821	100	90	0.0903738	0.789464	52	51.4	208661	581	1782	1.00198	0.592184	2083
293	596197	231	244367	351830	100	90	0.0720783	0.789464	52	51.4	208661	581	1782	1.00151	0.585985	2083
294	778788	189	353027	425761	100	90	0.0647115	0.789464	52	51.4	208661	581	1782	1.00158	0.630666	2083
295	715659	168	342043	373616	100	90	0.0656149	0.789464	51	51.4	208661	581	1782	1.00181	0.68824	2083
296	838279	156	423830	414449	100	90	0.0820044	0.789464	51	51.4	208661	581	1782	1.00216	0.692586	2083
297	972940	3300	498577	474363	100	90	1.22485	0.789464	50	51.4	208661	581	1782	1.00308	0.701227	2083
298	1.02006e+006	2773	525399	494665	100	90	1.4984	0.789464	50	51.4	208661	581	1782	1.0047	0.718561	2083
299	1.00964e+006	2118	525381	484255	100	90	1.48916	0.789464	50	51.4	208661	581	1782	1.00713	0.721182	2083
300	757766	1839	271759	486006	100	90	1.54	0.789464	47	51.4	208661	581	1782	1.08301	0.866448	2083
301	875503	1551	389697	477017	100	90	0.826662	0.789464	52	51.4	0	581	1782	1.0333	0.673604	2083
302	1.01284e+006	1295	487337	512647	100	90	0.701487	0.789464	52	51.4	0	581	1782	1.02705	0.65383	2083
303	1.14166e+006	1116	566936	560156	100	90	0.680726	0.789464	52	51.4	0	581	1782	1.02703	0.653672	2083
304	1.17523e+006	938	593031	568993	100	90	0.719677	0.789464	52	51.4	0	581	1782	1.02936	0.689108	2083
305	1.13835e+006	861	583846	543204	100	90	0.787492	0.789464	52	51.4	0	581	1782	1.03051	0.708223	2083
306	1.15094e+006	1659	605585	545354	100	90	1.4794	0.789464	52	51.4	0	581	1782	1.03465	0.712912	2083
307	1.137e+006	1514	603314	533691	100	90	1.66557	0.789464	52	51.4	0	581	1782	1.03914	0.704888	2083
308	1.09348e+006	1365	584025	509458	100	90	1.81361	0.789464	52	51.4	0	581	1782	1.0421	0.698042	2083
309	1.04184e+006	1112	559831	482010	100	90	1.91322	0.789464	52	51.4	0	581	1782	1.0494	0.695291	2083
310	996038	940	538188	457849	100	90	1.98962	0.789464	52	51.4	0	581	1782	1.05838	0.695415	2083
311	931203	815	505540	425664	100	90	2.08441	0.789464	52	51.4	0	581	1782	1.06562	0.708543	2083
312	889069	727	484148	404921	100	90	2.13026	0.789464	52	51.4	0	581	1782	1.07468	0.717514	2083
313	840027	659	458620	381407	100	90	2.18092	0.789464	52	51.4	0	581	1782	1.08603	0.720062	2083
314	768477	587	419788	348689	100	90	2.21815	0.789464	52	51.4	0	581	1782	1.09593	0.729494	2083
315	701829	522	382808	319021	100	90	2.24174	0.789464	52	51.4	0	581	1782	1.09966	0.736111	2083
316	653644	468	353588	293074	100	90	2.28022	0.789464	52	51.4	0	581	1782	1.10019	0.724062	2083
317	639682	444	342821	284006	100	90	2.34155	0.789464	52	51.4	0	581	1782	1.10737	0.7277	2083
318	598587	407	321389	265026	100	90	2.35868	0.789464	52	51.4	0	581	1782	1.10648	0.721649	2083
319	553632	373	297699	244538	100	90	2.42515	0.789464	52	51.4	0	581	1782	1.11609	0.736994	2083
320	501890	327	270348	221321	100	90	2.43076	0.789464	52	51.4	0	581	1782	1.12195	0.732673	2083
321	439566	286	242143	197423	100	90	2.43517	0.789464	52	51.4	0	581	1782	1.13571	0.751908	2083
322	221939	252	41179.2	180759	100	90	0.0908788	0.789464	52	51.4	202387	581	1782	1.00192	0.649126	2083
323	577734	220	241863	335871	100	90	0.0683181	0.789464	52	51.4	202387	581	1782	1.00137	0.644254	2083
324	804255	200	366110	438145	100	90	0.0669033	0.789464	52	51.4	202387	581	1782	1.00133	0.670078	2083
325	723753	150	346777	376976	100	90	0.0593981	0.789464	51	51.4	202387	581	1782	1.00118	0.700566	2083
326	838342	148	422745	415597	100	90	0.0766383	0.789464	51	51.4	202387	581	1782	1.00175	0.697157	2083
327	969545	3308	494618	474927	100	90	1.19165	0.789464	51	51.4	202387	581	1782	1.00238	0.698164	2083
328	1.01365e+006	2748	520867	492788	100	90	1.3951	0.789464	51	51.4	202387	581	1782	1.00374	0.70851	2083
329	1.02325e+006	2176	531385	491869	100	90	1.45179	0.789464	50	51.4	202387	581	1782	1.00556	0.712783	2083
330	764634	1889	272088	492546	100	90	1.51081	0.789464	46	51.4	202387	581	1782	1.07772	0.851064	2083
331	867643	1583	383587	474986	100	90	0.818318	0.789464	52	51.4	0	581	1782	1.03259	0.70901	2083
332	994617	1301	476079	505939	100	90	0.64956	0.789464	52	51.4	0	581	1782	1.02375	0.691647	2083
333	1.11846e+006	1084	554491	550323	100	90	0.603954	0.789464	52	51.4	0	581	1782	1.02187	0.693344	2083
334	1.16884e+006	911	588824	567327	100	90	0.643261	0.789464	52	51.4	0	581	1782	1.02474	0.716821	2083
335	1.1273e+006	815	577971	538617	100	90	0.689203	0.789464	52	51.4	0	581	1782	1.02475	0.727683	2083
336	1.10653e+006	1810	581448	525083	100	90	1.45821	0.789464	52	51.4	0	581	1782	1.0239	0.713178	2083
337	1.08827e+006	1606	576090	512183	100	90	1.57836	0.789464	52	51.4	0	581	1782	1.02507	0.706215	2083
338	1.0511e+006	1444	561346	489755	100	90	1.72572	0.789464	52	51.4	0	581	1782	1.02554	0.712175	2083
339	1.00976e+006	1167	543498	466263	100	90	1.85643	0.789464	52	51.4	0	581	1782	1.03198	0.70619	2083
340	976927	993	528605	448322	100	90	1.92384	0.789464	52	51.4	0	581	1782	1.03562	0.706064	2083
341	908160	841	493302	414858	100	90	1.98027	0.789464	52	51.4	0	581	1782	1.04017	0.710814	2083
342	832557	717	454020	378537	100	90	2.01737	0.789464	52	51.4	0	581	1782	1.04472	0.712251	2083
343	758498	608	415000	343498	100	90	2.08244	0.789464	52	51.4	0	581	1782	1.04557	0.710438	2083
344	688775	522	378733	310042	100	90	2.12587	0.789464	52	51.4	0	581	1782	1.05657	0.72549	2083
345	646783	472	355837	290946	100	90	2.16167	0.789464	52	51.4	0	581	1782	1.06806	0.75	2083
346	593927	420	323995	263657	100	90	2.20643	0.789464	52	51.4	0	581	1782	1.07884	0.769608	2083
347	556386	372	301032	244768	100	90	2.24032	0.789464	52	51.4	0	581	1782	1.07895	0.761111	2083
348	509814	330	276016	223970	100	90	2.29436	0.789464	52	51.4	0	581	1782	1.10571	0.806349	2083
349	470561	294	254805	206356	100	90	2.30504	0.789464	52	51.4	0	581	1782	1.12378	0.833935	2083
350	431234	263	234131	188690	100	90	2.31894	0.789464	52	51.4	0	581	1782	1.12774	0.83871	2083
351	385357	237	213789	171567	100	90	2.3184	0.789464	52	51.4	0	581	1782	1.16034	0.863014	2083
352	200124	219	35341.9	164782	100	90	0.0793399	0.789464	52	51.4	182912	581	1782	1.00201	0.649539	2083
353	575053	201	238923	336130	100	90	0.0620075	0.789464	52	51.4	182912	581	1782	1.00151	0.64458	2083
354	775181	162	352592	422589	100	90	0.0555632	0.789464	52	51.4	182912	581	1782	1.00133	0.675344	2083
355	721027	157	343406	377622	100	90	0.0621092	0.789464	52	51.4	182912	581	1782	1.00162	0.720379	2083
356	836480	148	420520	415961	100	90	0.0774926	0.789464	52	51.4	182912	581	1782	1.00246	0.725589	2083
357	958975	3208	489168	469807	100	90	1.18	0.789464	52	51.4	182912	581	1782	1.00325	0.736972	2083
358	1.02724e+006	2735	527482	499754	100	90	1.3739	0.789464	52	51.4	182912	581	1782	1.00473	0.755488	2083
359	1.04264e+006	2149	542390	500252	100	90	1.39671	0.789464	52	51.4	182912	581	1782	1.00727	0.748425	2083
360	768322	1887	274614	493707	100	90	1.47982	0.789464	47	51.4	182912	581	1782	1.08933	0.90977	2083
361	866259	1565	383314	473754	100	90	0.878221	0.789464	52	51.4	0	581	1782	1.03954	0.724144	2083
362	1.03026e+006	1378	493470	522541	100	90	0.746373	0.789464	52	51.4	0	581	1782	1.03016	0.700975	2083
363	1.10943e+006	1117	549579	544438	100	90	0.684965	0.789464	52	51.4	0	581	1782	1.02756	0.693598	2083
364	1.16499e+006	954	586612	564412	100	90	0.728343	0.789464	52	51.4	0	581	1782	1.03044	0.709532	2083
365	1.14326e+006	856	585759	545587	100	90	0.789791	0.789464	52	51.4	0	581	1782	1.03282	0.723658	2083
366	1.13625e+006	1616	596730	539524	100	90	1.44129	0.789464	52	51.4	0	581	1782	1.03374	0.726015	2083
367	1.13228e+006	1534	600504	531778	100	90	1.65635	0.789464	52	51.4	0	581	1782	1.03622	0.727055	2083
368	1.09384e+006	1365	584330	509513	100	90	1.79106	0.789464	52	51.4	0	581	1782	1.03635	0.71985	2083
369	1.05615e+006	1145	568398	487754	100	90	1.90963	0.789464	52	51.4	0	581	1782	1.04583	0.720286	2083
370	1.01933e+006	991	551678	467652	100	90	1.97969	0.789464	52	51.4	0	581	1782	1.05161	0.711637	2083
371	952914	858	517955	434959	100	90	2.06872	0.789464	52	51.4	0	581	1782	1.05189	0.703088	2083
372	900610	757	491209	409401	100	90	2.14259	0.789464	52	51.4	0	581	1782	1.06618	0.704301	2083
373	860319	694	470893	389426	100	90	2.19063	0.789464	52	51.4	0	581	1782	1.08014	0.712813	2083
374	834321	651	457950	376370	100	90	2.22318	0.789464	52	51.4	0	581	1782	1.07884	0.72126	2083
375	791978	602	435313	356665	100	90	2.25753	0.789464	52	51.4	0	581	1782	1.08676	0.723842	2083
376	733492	527	399580	326051	100	90	2.29373	0.789464	52	51.4	0	581	1782	1.1059	0.734252	2083
377	684314	478	369882	301061	100	90	2.33191	0.789464	52	51.4	0	581	1782	1.10916	0.732609	2083
378	622319	413	336752	272790	100	90	2.34394	0.789464	52	51.4	0	581	1782	1.12414	0.741772	2083
379	575607	375	312041	251862	100	90	2.36537	0.789464	52	51.4	0	581	1782	1.14691	0.763533	2083
380	525984	338	285919	229835	100	90	2.38762	0.789464	52	51.4	0	581	1782	1.14493	0.77673	2083
381	482000	310	267412	214589	100	90	2.38269	0.789464	52	51.4	0	581	1782	1.1619	0.790378	2083
382	240961	276	43188.4	197772	100	90	0.100813	0.789464	52	51.4	226557	581	1782	1.00243	0.658396	2083
383	607202	263	244645	362557	100	90	0.0802253	0.789464	52	51.4	226557	581	1782	1.00203	0.64689	2083
384	788970	234	352557	436412	100	90	0.0778742	0.789464	52	51.4	226557	581	1782	1.00193	0.668962	2083
385	738489	219	349384	389105	100	90	0.0849926	0.789464	51	51.4	226557	581	1782	1.0021	0.698241	2083
386	863057	203	432581	430476	100	90	0.107917	0.789464	50	51.4	226557	581	1782	1.00284	0.707154	2083
387	1.00881e+006	3010	513851	494963	100	90	1.18443	0.789464	50	51.4	226557	581	1782	1.00474	0.7171	2083
388	1.05549e+006	2619	542862	512628	100	90	1.45762	0.789464	50	51.4	226557	581	1782	1.00696	0.725315	2083
389	1.06018e+006	2057	551940	508236	100	90	1.47821	0.789464	50	51.4	226557	581	1782	1.00922	0.720675	2083
390	785330	1826	280804	504526	100	90	1.53581	0.789464	48	51.4	226557	581	1782	1.10722	0.907387	2083
391	872341	1494	386718	476632	100	90	0.823824	0.789464	52	51.4	0	581	1782	1.04386	0.721776	2083
392	990185	1239	476036	501089	100	90	0.674005	0.789464	52	51.4	0	581	1782	1.03108	0.699349	2083
393	1.08841e+006	994	540430	534472	100	90	0.591554	0.789464	52	51.4	0	581	1782	1.02715	0.697834	2083
394	1.14262e+006	860	576727	553329	100	90	0.637634	0.789464	52	51.4	0	581	1782	1.02924	0.712279	2083
395	1.14826e+006	815	589175	548020	100	90	0.714697	0.789464	52	51.4	0	581	1782	1.03266	0.717378	2083
396	1.1484e+006	1638	603486	544916	100	90	1.38842	0.789464	52	51.4	0	581	1782	1.03502	0.712789	2083
397	1.13092e+006	1484	600101	530820	100	90	1.58898	0.789464	52	51.4	0	581	1782	1.03955	0.689533	2083
398	1.09794e+006	1348	587901	510035	100	90	1.81085	0.789464	52	51.4	0	581	1782	1.04211	0.688066	2083
399	1.0592e+006	1143	570689	488515	100	90	1.91675	0.789464	52	51.4	0	581	1782	1.04815	0.695459	2083
400	993055	965	537530	455525	100	90	1.97141	0.789464	52	51.4	0	581	1782	1.04765	0.697994	2083
401	939761	843	511016	428745	100	90	2.05884	0.789464	52	51.4	0	581	1782	1.05282	0.707729	2083
402	899420	762	490122	409298	100	90	2.1253	0.789464	52	51.4	0	581	1782	1.05139	0.701473	2083
403	833757	668	455026	378731	100	90	2.17772	0.789464	52	51.4	0	581	1782	1.05231	0.692661	2083
404	767802	589	420065	347736	100	90	2.17954	0.789464	52	51.4	0	581	1782	1.0696	0.685864	2083
405	741867	538	406449	335418	100	90	2.22383	0.789464	52	51.4	0	581	1782	1.08239	0.688931	2083
406	703022	489	381858	313086	100	90	2.21952	0.789464	52	51.4	0	581	1782	1.09286	0.688285	2083
407	637962	429	343886	280694	100	90	2.24125	0.789464	52	51.4	0	581	1782	1.07787	0.679426	2083
408	599618	393	323752	262946	100	90	2.24048	0.789464	52	51.4	0	581	1782	1.08145	0.675325	2083
409	558538	359	301967	244569	100	90	2.29118	0.789464	52	51.4	0	581	1782	1.07653	0.66289	2083
410	489048	302	264692	213960	100	90	2.29568	0.789464	52	51.4	0	581	1782	1.06647	0.644295	2083
411	452064	281	250463	201601	100	90	2.32478	0.789464	52	51.4	0	581	1782	1.07641	0.654545	2083
412	228655	256	39393.2	189262	100	90	0.0917533	0.789464	52	51.4	215544	581	1782	1.00121	0.619863	2083
413	590051	225	241589	348462	100	90	0.0691247	0.789464	52	51.4	215544	581	1782	1.00094	0.609031	2083
414	784427	206	354849	429577	100	90	0.0693655	0.789464	52	51.4	215544	581	1782	1.00089	0.633508	2083
415	745674	191	354963	390711	100	90	0.0743618	0.789464	52	51.4	215544	581	1782	1.00121	0.663002	2083
416	866068	184	435005	431063	100	90	0.0934657	0.789464	51	51.4	215544	581	1782	1.00171	0.670686	2083
417	1.00461e+006	3137	512240	492374	100	90	1.11852	0.789464	51	51.4	215544	581	1782	1.00258	0.676493	2083
418	1.04742e+006	2630	537958	509465	100	90	1.29502	0.789464	50	51.4	215544	581	1782	1.00333	0.693053	2083
419	1.03212e+006	2058	536182	495940	100	90	1.32861	0.789464	50	51.4	215544	581	1782	1.00315	0.68232	2083
420	771447	1924	275581	495867	100	90	1.46661	0.789464	48	51.4	215544	581	1782	1.07424	0.812826	2083
421	862851	1576	381751	471846	100	90	0.802335	0.789464	52	51.4	0	581	1782	1.03172	0.672609	2083
422	960705	1263	461518	486721	100	90	0.637353	0.789464	52	51.4	0	581	1782	1.02169	0.660543	2083
423	1.10115e+006	1050	547330	539937	100	90	0.570893	0.789464	52	51.4	0	581	1782	1.01881	0.663588	2083
424	1.14488e+006	892	578843	552988	100	90	0.601143	0.789464	52	51.4	0	581	1782	1.02015	0.681428	2083
425	1.11759e+006	791	574720	531779	100	90	0.636704	0.789464	52	51.4	0	581	1782	1.02171	0.690286	2083
426	1.12985e+006	1678	596367	533480	100	90	1.30621	0.789464	52	51.4	0	581	1782	1.02126	0.684383	2083
427	1.11389e+006	1502	593537	520351	100	90	1.47787	0.789464	52	51.4	0	581	1782	1.02316	0.683023	2083
428	1.07667e+006	1433	577624	499047	100	90	1.68705	0.789464	52	51.4	0	581	1782	1.02196	0.672523	2083
429	1.05315e+006	1177	568506	484639	100	90	1.82482	0.789464	52	51.4	0	581	1782	1.02897	0.666667	2083
430	1.01813e+006	1028	552632	465501	100	90	1.88855	0.789464	52	51.4	0	581	1782	1.03401	0.668959	2083
431	979785	909	533755	446030	100	90	1.98476	0.789464	52	51.4	0	581	1782	1.0366	0.660377	2083
432	926816	800	506258	420558	100	90	2.04773	0.789464	52	51.4	0	581	1782	1.03504	0.654477	2083
433	859033	696	470378	388654	100	90	2.08666	0.789464	52	51.4	0	581	1782	1.04186	0.652111	2083
434	800922	618	439448	361474	100	90	2.14251	0.789464	52	51.4	0	581	1782	1.04365	0.645799	2083
435	765011	573	420768	344243	100	90	2.16591	0.789464	52	51.4	0	581	1782	1.04685	0.642478	2083
436	709308	514	386597	314462	100	90	2.23416	0.789464	52	51.4	0	581	1782	1.05729	0.640159	2083
437	633159	454	342473	277646	100	90	2.25289	0.789464	52	51.4	0	581	1782	1.06883	0.668934	2083
438	578980	400	313278	253140	100	90	2.23868	0.789464	52	51.4	0	581	1782	1.07621	0.663239	2083
439	545138	367	295475	237768	100	90	2.24118	0.789464	52	51.4	0	581	1782	1.08205	0.662921	2083
440	491950	325	267219	214432	100	90	2.23271	0.789464	52	51.4	0	581	1782	1.08455	0.657143	2083
441	471484	311	261584	209900	100	90	2.21805	0.789464	52	51.4	0	581	1782	1.08182	0.656667	2083
442	228278	274	40510.5	187768	100	90	0.0957777	0.789464	52	51.4	222589	581	1782	1.00153	0.598271	2083
443	588581	244	242409	346172	100	90	0.0719769	0.789464	52	51.4	222589	581	1782	1.00102	0.589594	2083
444	803427	240	362154	441273	100	90	0.0766137	0.789464	52	51.4	222589	581	1782	1.00111	0.605593	2083
445	748991	216	357597	391394	100	90	0.080529	0.789464	52	51.4	222589	581	1782	1.00125	0.652007	2083
446	865550	200	436649	428901	100	90	0.100066	0.789464	52	51.4	222589	581	1782	1.00136	0.662274	2083
447	995751	3202	509556	486195	100	90	1.16258	0.789464	51	51.4	222589	581	1782	1.00194	0.678295	2083
448	1.06189e+006	2749	547896	513990	100	90	1.4084	0.789464	51	51.4	222589	581	1782	1.00296	0.688252	2083
449	1.07382e+006	2226	559694	514123	100	90	1.45243	0.789464	51	51.4	222589	581	1782	1.00359	0.685714	2083
450	808379	1927	289057	519321	100	90	1.4711	0.789464	48	51.4	222589	581	1782	1.07836	0.818939	2083
451	912598	1560	404618	498779	100	90	0.829	0.789464	52	51.4	0	581	1782	1.03444	0.672443	2083
452	1.00467e+006	1261	483646	508300	100	90	0.664522	0.789464	52	51.4	0	581	1782	1.02573	0.656877	2083
453	1.14105e+006	1070	567196	559432	100	90	0.600752	0.789464	52	51.4	0	581	1782	1.02419	0.656041	2083
454	1.15419e+006	879	582565	558489	100	90	0.620223	0.789464	52	51.4	0	581	1782	1.02522	0.66904	2083
455	1.12514e+006	819	578266	535502	100	90	0.695994	0.789464	52	51.4	0	581	1782	1.02779	0.688712	2083
456	1.1501e+006	1696	604884	545216	100	90	1.33623	0.789464	52	51.4	0	581	1782	1.0279	0.678079	2083
457	1.14697e+006	1581	608746	538225	100	90	1.50175	0.789464	52	51.4	0	581	1782	1.02665	0.668106	2083
458	1.13918e+006	1540	608899	530281	100	90	1.70024	0.789464	52	51.4	0	581	1782	1.02642	0.662483	2083
459	1.0887e+006	1257	585714	502985	100	90	1.80504	0.789464	52	51.4	0	581	1782	1.02844	0.666128	2083
460	1.04148e+006	1070	564188	477290	100	90	1.86008	0.789464	52	51.4	0	581	1782	1.03193	0.653042	2083
461	995793	932	541746	454047	100	90	1.90497	0.789464	52	51.4	0	581	1782	1.04012	0.644809	2083
462	918896	801	501632	417265	100	90	1.92549	0.789464	52	51.4	0	581	1782	1.04823	0.64631	2083
463	853943	695	467629	386313	100	90	2.00064	0.789464	52	51.4	0	581	1782	1.05587	0.648094	2083
464	749040	572	411091	337949	100	90	2.03638	0.789464	52	51.4	0	581	1782	1.05866	0.638146	2083
465	716326	522	394245	322080	100	90	2.09479	0.789464	52	51.4	0	581	1782	1.06688	0.643137	2083
466	698840	493	380974	310004	100	90	2.12853	0.789464	52	51.4	0	581	1782	1.07626	0.647182	2083
467	644531	437	348000	283054	100	90	2.14422	0.789464	52	51.4	0	581	1782	1.07937	0.649289	2083
468	591162	381	319259	258810	100	90	2.18868	0.789464	52	51.4	0	581	1782	1.08333	0.653005	2083
469	557341	352	301405	243852	100	90	2.26565	0.789464	52	51.4	0	581	1782	1.09284	0.654762	2083
470	500798	313	271722	218525	100	90	2.2916	0.789464	52	51.4	0	581	1782	1.10398	0.665541	2083
471	436005	277	242481	193524	100	90	2.31768	0.789464	52	51.4	0	581	1782	1.10714	0.687259	2083
472	215902	247	37137.7	178764	100	90	0.0877884	0.789464	52	51.4	210024	581	1782	1.00156	0.600532	2083
473	591406	227	242532	348873	100	90	0.0680314	0.789464	52	51.4	210024	581	1782	1.00118	0.594893	2083
474	771365	199	348156	423208	100	90	0.0658095	0.789464	52	51.4	210024	581	1782	1.00124	0.621482	2083
475	692799	181	330698	362101	100	90	0.0700183	0.789464	52	51.4	210024	581	1782	1.00148	0.670481	2083
476	823059	166	416452	406607	100	90	0.0875824	0.789464	52	51.4	210024	581	1782	1.00179	0.681027	2083
477	967549	3167	495902	471647	100	90	1.17568	0.789464	52	51.4	210024	581	1782	1.00253	0.698173	2083
478	1.01281e+006	2669	523098	489714	100	90	1.40798	0.789464	52	51.4	210024	581	1782	1.00371	0.710588	2083
479	1.04189e+006	2138	544148	497740	100	90	1.43062	0.789464	52	51.4	210024	581	1782	1.00488	0.711941	2083
480	761169	1837	273159	488010	100	90	1.48778	0.789464	47	51.4	210024	581	1782	1.07893	0.843801	2083
481	849401	1486	379099	461976	100	90	0.776818	0.789464	52	51.4	0	581	1782	1.02872	0.660538	2083
482	986909	1259	476505	498397	100	90	0.649132	0.789464	52	51.4	0	581	1782	1.02212	0.653064	2083
483	1.09625e+006	1010	545286	538331	100	90	0.576606	0.789464	52	51.4	0	581	1782	1.01913	0.65269	2083
484	1.12649e+006	847	568378	546463	100	90	0.607015	0.789464	52	51.4	0	581	1782	1.02181	0.676712	2083
485	1.1248e+006	797	577591	536840	100	90	0.682032	0.789464	52	51.4	0	581	1782	1.02172	0.683839	2083
486	1.11939e+006	1693	587801	531586	100	90	1.35982	0.789464	52	51.4	0	581	1782	1.02145	0.678617	2083
487	1.09758e+006	1567	580981	516602	100	90	1.51442	0.789464	52	51.4	0	581	1782	1.02472	0.672808	2083
488	1.09504e+006	1458	584962	510079	100	90	1.67414	0.789464	52	51.4	0	581	1782	1.02751	0.670833	2083
489	1.05297e+006	1206	565584	487382	100	90	1.78547	0.789464	52	51.4	0	581	1782	1.03418	0.663866	2083
490	961463	971	519873	441590	100	90	1.83548	0.789464	52	51.4	0	581	1782	1.03391	0.6625	2083
491	887943	808	482432	405511	100	90	1.91504	0.789464	52	51.4	0	581	1782	1.04303	0.661654	2083
492	833751	701	455431	378320	100	90	1.97649	0.789464	52	51.4	0	581	1782	1.05603	0.654624	2083
493	778019	618	426132	351888	100	90	2.04224	0.789464	52	51.4	0	581	1782	1.06464	0.658979	2083
494	754371	581	413916	340455	100	90	2.11163	0.789464	52	51.4	0	581	1782	1.06714	0.664912	2083
495	652953	486	358429	294523	100	90	2.11844	0.789464	52	51.4	0	581	1782	1.07666	0.651992	2083
496	617125	449	335623	274304	100	90	2.17708	0.789464	52	51.4	0	581	1782	1.07921	0.651376	2083
497	561538	392	302987	247102	100	90	2.18968	0.789464	52	51.4	0	581	1782	1.08966	0.66313	2083
498	513632	347	277380	225191	100	90	2.24696	0.789464	52	51.4	0	581	1782	1.08895	0.670695	2083
499	352081	318	135227	215490	100	90	2.25039	0.789464	52	51.4	0	581	1782	1.09552	0.667774	2083
500	366091	282	169981	194906	100	90	2.2475	0.789464	52	51.4	0	581	1782	1.10811	0.684211	2083
501	272610	259	94080.8	178529	100	90	2.23255	0.789464	52	51.4	0	581	1782	1.12782	0.72428	2083
502	194776	232	34194.4	160582	100	90	0.0805263	0.789464	52	51.4	107861	581	1782	1.00162	0.74591	2083
503	561251	216	232189	329063	100	90	0.0680138	0.789464	52	51.4	107861	581	1782	1.00129	0.744218	2083
504	800234	195	364010	436224	100	90	0.0679059	0.789464	52	51.4	107861	581	1782	1.00123	0.784015	2083
505	742982	184	354045	388938	100	90	0.0738547	0.789464	52	51.4	107861	581	1782	1.0015	0.844755	2083
506	855307	163	431163	424143	100	90	0.0838826	0.789464	52	51.4	107861	581	1782	1.00182	0.847331	2083
507	984283	3392	503635	480648	100	90	1.10103	0.789464	52	51.4	107861	581	1782	1.00223	0.837006	2083
508	1.03299e+006	2695	533024	499967	100	90	1.27622	0.789464	52	51.4	107861	581	1782	1.00347	0.839747	2083
509	1.02434e+006	2084	535126	489213	100	90	1.29113	0.789464	51	51.4	107861	581	1782	1.00487	0.836478	2083
510	741011	1810	268079	472932	100	90	1.3374	0.789464	48	51.4	107861	581	1782	1.10073	1.00999	2083
511	837112	1515	376620	447435	100	90	0.844088	0.789464	52	51.4	0	581	1782	1.04969	0.81793	2083
512	952975	1308	463590	470426	100	90	0.722932	0.789464	52	51.4	0	581	1782	1.03957	0.800808	2083
513	1.07355e+006	1143	539040	512627	100	90	0.708793	0.789464	52	51.4	0	581	1782	1.03923	0.79063	2083
514	1.12336e+006	985	571720	531281	100	90	0.763295	0.789464	52	51.4	0	581	1782	1.04401	0.800847	2083
515	1.1188e+006	937	578099	522408	100	90	0.849202	0.789464	52	51.4	0	581	1782	1.04826	0.817404	2083
516	1.12047e+006	1657	595784	524687	100	90	1.39028	0.789464	52	51.4	0	581	1782	1.04552	0.820121	2083
517	1.13049e+006	1645	605512	524978	100	90	1.5278	0.789464	52	51.4	0	581	1782	1.04617	0.812641	2083
518	1.11308e+006	1525	600323	512752	100	90	1.63909	0.789464	52	51.4	0	581	1782	1.04864	0.809812	2083
519	1.06113e+006	1273	575922	485210	100	90	1.70524	0.789464	52	51.4	0	581	1782	1.05232	0.808219	2083
520	1.02243e+006	1132	557602	464824	100	90	1.76402	0.789464	52	51.4	0	581	1782	1.0493	0.80724	2083
521	949651	979	519797	429854	100	90	1.85942	0.789464	52	51.4	0	581	1782	1.05769	0.809474	2083
522	892245	872	489130	403115	100	90	1.89875	0.789464	52	51.4	0	581	1782	1.06679	0.822064	2083
523	800192	743	439000	361192	100	90	1.94144	0.789464	52	51.4	0	581	1782	1.08074	0.828929	2083
524	746540	671	410442	336099	100	90	1.97038	0.789464	52	51.4	0	581	1782	1.09019	0.832308	2083
525	698322	609	384644	313678	100	90	2.01589	0.789464	52	51.4	0	581	1782	1.09786	0.84589	2083
526	642966	547	352602	286875	100	90	2.03786	0.789464	52	51.4	0	581	1782	1.109	0.855212	2083
527	633441	528	346441	281135	100	90	2.05629	0.789464	52	51.4	0	581	1782	1.117	0.862903	2083
528	585302	483	320314	259483	100	90	2.05378	0.789464	52	51.4	0	581	1782	1.13618	0.889135	2083
529	528086	423	289378	233595	100	90	2.07024	0.789464	52	51.4	0	581	1782	1.15059	0.900763	2083
530	511847	400	280593	226263	100	90	2.08667	0.789464	52	51.4	0	581	1782	1.16414	0.910326	2083
531	489243	381	270894	218349	100	90	2.10545	0.789464	52	51.4	0	581	1782	1.16578	0.908309	2083
532	245764	336	47707.7	198056	100	90	0.108918	0.789464	52	51.4	223542	581	1782	1.00298	0.697102	2083
533	623618	318	260806	362812	100	90	0.0878079	0.789464	52	51.4	223542	581	1782	1.00242	0.696746	2083
534	773010	302	352580	420431	100	90	0.0899305	0.789464	51	51.4	223542	581	1782	1.00257	0.733811	2083
535	688179	247	335127	353052	100	90	0.0856385	0.789464	51	51.4	223542	581	1782	1.00266	0.798547	2083
536	829104	219	425875	403229	100	90	0.105744	0.789464	51	51.4	223542	581	1782	1.00379	0.81445	2083
537	938240	3087	486387	451853	100	90	1.1242	0.789464	51	51.4	223542	581	1782	1.00435	0.833535	2083
538	1.01241e+006	2739	527230	485182	100	90	1.37868	0.789464	51	51.4	223542	581	1782	1.00667	0.845575	2083
539	1.00297e+006	2231	527242	475730	100	90	1.45022	0.789464	51	51.4	223542	581	1782	1.00758	0.842148	2083
540	734047	1832	265844	468203	100	90	1.42447	0.789464	49	51.4	223542	581	1782	1.11118	1.03249	2083
541	830500	1545	370442	448131	100	90	0.679814	0.789464	52	51.4	0	581	1782	1.03657	0.754993	2083
542	978609	1269	468862	492272	100	90	0.551314	0.789464	52	51.4	0	581	1782	1.02894	0.738962	2083
543	1.1038e+006	1069	543644	541419	100	90	0.523848	0.789464	52	51.4	0	581	1782	1.02851	0.75241	2083
544	1.0985e+006	873	550214	531707	100	90	0.541936	0.789464	52	51.4	0	581	1782	1.03126	0.79401	2083
545	1.08146e+006	852	553906	513332	100	90	0.61651	0.789464	52	51.4	0	581	1782	1.03415	0.824276	2083
546	1.09222e+006	1972	575332	516891	100	90	1.30217	0.789464	52	51.4	0	581	1782	1.03234	0.818688	2083
547	1.09043e+006	1806	580507	509921	100	90	1.49387	0.789464	52	51.4	0	581	1782	1.039	0.814701	2083
548	1.02897e+006	1528	551527	477438	100	90	1.61463	0.789464	52	51.4	0	581	1782	1.04681	0.802817	2083
549	1.00707e+006	1278	543407	463661	100	90	1.7372	0.789464	52	51.4	0	581	1782	1.05656	0.800643	2083
550	955567	1073	519125	436443	100	90	1.80109	0.789464	52	51.4	0	581	1782	1.05806	0.800191	2083
551	915039	941	499422	415617	100	90	1.87508	0.789464	52	51.4	0	581	1782	1.0673	0.802617	2083
552	849084	813	465248	383836	100	90	1.92313	0.789464	52	51.4	0	581	1782	1.081	0.806818	2083
553	781880	710	429431	352449	100	90	1.96402	0.789464	52	51.4	0	581	1782	1.07841	0.795977	2083
554	731070	634	401993	329077	100	90	2.01035	0.789464	52	51.4	0	581	1782	1.08742	0.803543	2083
555	694190	575	383014	311176	100	90	2.05312	0.789464	52	51.4	0	581	1782	1.09437	0.809269	2083
556	620557	502	340661	275891	100	90	2.07213	0.789464	52	51.4	0	581	1782	1.10357	0.808943	2083
557	589399	475	322716	260130	100	90	2.08352	0.789464	52	51.4	0	581	1782	1.12745	0.827214	2083
558	556429	440	304826	245187	100	90	2.10327	0.789464	52	51.4	0	581	1782	1.13853	0.832941	2083
559	498850	388	272925	220044	100	90	2.11148	0.789464	52	51.4	0	581	1782	1.1464	0.850267	2083
560	493723	374	270368	217727	100	90	2.13197	0.789464	52	51.4	0	581	1782	1.16446	0.859944	2083
561	449647	342	249204	200442	100	90	2.144	0.789464	52	51.4	0	581	1782	1.17404	0.856698	2083
562	230652	314	44538.3	186114	100	90	0.104023	0.789464	52	51.4	207040	581	1782	1.0028	0.727489	2083
563	474877	274	126848	348029	100	90	0.0787576	0.789464	52	51.4	207040	581	1782	1.00209	0.726226	2083
564	653649	266	226384	427266	100	90	0.0742974	0.789464	52	51.4	207040	581	1782	1.00193	0.747823	2083
565	682917	217	278089	404828	100	90	0.0737562	0.789464	52	51.4	207040	581	1782	1.00199	0.783788	2083
566	790774	173	367749	423025	100	90	0.0789794	0.789464	52	51.4	207040	581	1782	1.00224	0.794802	2083
567	914163	3341	449011	465152	100	90	1.10923	0.789464	52	51.4	207040	581	1782	1.0027	0.797208	2083
568	1.01853e+006	3025	514199	504335	100	90	1.3099	0.789464	52	51.4	207040	581	1782	1.00407	0.807457	2083
569	1.01995e+006	2407	525709	494240	100	90	1.36142	0.789464	52	51.4	207040	581	1782	1.00576	0.8	2083
570	747238	1998	265938	481299	100	90	1.42132	0.789464	45	51.4	207040	581	1782	1.08585	0.938847	2083
571	834882	1615	368503	455257	100	90	0.781123	0.789464	52	51.4	0	581	1782	1.03702	0.78493	2083
572	1.00228e+006	1413	479839	506078	100	90	0.668295	0.789464	52	51.4	0	581	1782	1.02919	0.76918	2083
573	1.13059e+006	1191	559488	553037	100	90	0.633521	0.789464	52	51.4	0	581	1782	1.02736	0.769865	2083
574	1.19716e+006	1010	602707	577591	100	90	0.656199	0.789464	52	51.4	0	581	1782	1.03103	0.788142	2083
575	1.163e+006	951	596336	551813	100	90	0.734246	0.789464	52	51.4	0	581	1782	1.0351	0.803083	2083
576	1.13273e+006	1917	596806	535927	100	90	1.38522	0.789464	52	51.4	0	581	1782	1.0353	0.803663	2083
577	1.12053e+006	1748	595840	524689	100	90	1.53012	0.789464	52	51.4	0	581	1782	1.04029	0.796935	2083
578	1.08223e+006	1505	580341	501886	100	90	1.67672	0.789464	52	51.4	0	581	1782	1.04292	0.794854	2083
579	1.04933e+006	1253	566610	482725	100	90	1.79213	0.789464	52	51.4	0	581	1782	1.05054	0.793469	2083
580	1.00163e+006	1081	543817	457815	100	90	1.82033	0.789464	52	51.4	0	581	1782	1.05025	0.791864	2083
581	940560	937	513212	427347	100	90	1.87218	0.789464	52	51.4	0	581	1782	1.05666	0.79235	2083
582	848701	805	465160	383541	100	90	1.93834	0.789464	52	51.4	0	581	1782	1.06673	0.791878	2083
583	766550	679	420613	345936	100	90	1.99911	0.789464	52	51.4	0	581	1782	1.0908	0.811463	2083
584	698681	582	383977	314704	100	90	2.05733	0.789464	52	51.4	0	581	1782	1.11193	0.819788	2083
585	658282	527	362666	295616	100	90	2.09613	0.789464	52	51.4	0	581	1782	1.12416	0.823183	2083
586	600518	458	328941	266795	100	90	2.13063	0.789464	52	51.4	0	581	1782	1.13636	0.816742	2083
587	563187	424	306774	248762	100	90	2.13027	0.789464	52	51.4	0	581	1782	1.14967	0.841975	2083
588	557351	418	304353	245296	100	90	2.17582	0.789464	52	51.4	0	581	1782	1.15402	0.847328	2083
589	490238	362	267761	215644	100	90	2.16033	0.789464	52	51.4	0	581	1782	1.16533	0.877976	2083
590	448943	329	245931	196910	100	90	2.19328	0.789464	52	51.4	0	581	1782	1.17073	0.874587	2083
591	412782	296	229489	183293	100	90	2.18641	0.789464	52	51.4	0	581	1782	1.18182	0.881481	2083
592	208288	262	38634	169654	100	90	0.0867127	0.789464	52	51.4	193479	581	1782	1.00257	0.694801	2083
593	592147	241	247837	344310	100	90	0.070264	0.789464	52	51.4	193479	581	1782	1.00214	0.691069	2083
594	771631	211	351611	420020	100	90	0.0667688	0.789464	52	51.4	193479	581	1782	1.00199	0.724983	2083
595	706907	177	338820	368087	100	90	0.0644992	0.789464	52	51.4	193479	581	1782	1.00222	0.771009	2083
596	825744	153	418753	406991	100	90	0.0748011	0.789464	52	51.4	193479	581	1782	1.00287	0.776798	2083
597	957031	3505	492097	464933	100	90	1.15824	0.789464	52	51.4	193479	581	1782	1.00451	0.786371	2083
598	1.03745e+006	2939	535805	501642	100	90	1.34981	0.789464	52	51.4	193479	581	1782	1.00639	0.799634	2083
599	1.0334e+006	2310	538712	494689	100	90	1.34624	0.789464	51	51.4	193479	581	1782	1.00764	0.797123	2083
600	761917	2040	273707	488211	100	90	1.44116	0.789464	48	51.4	193479	581	1782	1.08505	0.928008	2083
601	848194	1654	374515	462536	100	90	0.753333	0.789464	52	51.4	0	581	1782	1.03572	0.756285	2083
602	1.00535e+006	1438	481141	507295	100	90	0.65161	0.789464	52	51.4	0	581	1782	1.02859	0.740414	2083
603	1.11735e+006	1175	552144	546980	100	90	0.592085	0.789464	52	51.4	0	581	1782	1.02604	0.735457	2083
604	1.17893e+006	1004	592590	569211	100	90	0.624168	0.789464	52	51.4	0	581	1782	1.02846	0.755299	2083
605	1.14281e+006	919	585046	543025	100	90	0.697822	0.789464	52	51.4	0	581	1782	1.03193	0.769388	2083
606	1.15422e+006	1826	607677	546544	100	90	1.31781	0.789464	52	51.4	0	581	1782	1.03134	0.767822	2083
607	1.10897e+006	1659	588956	520014	100	90	1.49171	0.789464	52	51.4	0	581	1782	1.03345	0.76117	2083
608	1.03898e+006	1485	557726	481254	100	90	1.64259	0.789464	52	51.4	0	581	1782	1.03323	0.754098	2083
609	1.00111e+006	1199	542416	458693	100	90	1.73665	0.789464	52	51.4	0	581	1782	1.04413	0.751695	2083
610	970334	1034	528827	441507	100	90	1.79589	0.789464	52	51.4	0	581	1782	1.04507	0.745098	2083
611	924818	901	505711	419107	100	90	1.87251	0.789464	52	51.4	0	581	1782	1.05395	0.751412	2083
612	853275	780	467494	385780	100	90	1.92735	0.789464	52	51.4	0	581	1782	1.0567	0.75817	2083
613	790966	682	433626	357340	100	90	1.98864	0.789464	52	51.4	0	581	1782	1.0634	0.753731	2083
614	766061	629	420257	345804	100	90	2.03076	0.789464	52	51.4	0	581	1782	1.07152	0.75974	2083
615	711694	560	391123	320571	100	90	2.07218	0.789464	52	51.4	0	581	1782	1.07911	0.760148	2083
616	641391	488	350707	285639	100	90	2.08556	0.789464	52	51.4	0	581	1782	1.08318	0.76	2083
617	608579	447	331265	268590	100	90	2.13357	0.789464	52	51.4	0	581	1782	1.09853	0.768349	2083
618	545355	385	296692	240505	100	90	2.11486	0.789464	52	51.4	0	581	1782	1.1068	0.77748	2083
619	494982	336	269849	217709	100	90	2.11617	0.789464	52	51.4	0	581	1782	1.12113	0.797508	2083
620	467628	314	255638	205320	100	90	2.13803	0.789464	52	51.4	0	581	1782	1.1319	0.826087	2083
621	414604	276	230095	184509	100	90	2.09229	0.789464	52	51.4	0	581	1782	1.14947	0.8659	2083
622	199256	240	36032.2	163224	100	90	0.0802231	0.789464	52	51.4	196758	581	1782	1.00204	0.681952	2083
623	582675	220	243870	338805	100	90	0.0635857	0.789464	52	51.4	196758	581	1782	1.00153	0.676805	2083
624	783915	205	354774	429140	100	90	0.0642507	0.789464	52	51.4	196758	581	1782	1.00166	0.703593	2083
625	729792	179	348589	381203	100	90	0.0639864	0.789464	52	51.4	196758	581	1782	1.0018	0.74391	2083
626	857796	161	433612	424184	100	90	0.0756825	0.789464	52	51.4	196758	581	1782	1.00244	0.751627	2083
627	987200	3684	506459	480741	100	90	1.14435	0.789464	52	51.4	196758	581	1782	1.00344	0.765763	2083
628	1.02373e+006	3023	528563	495164	100	90	1.34166	0.789464	52	51.4	196758	581	1782	1.00468	0.775616	2083
629	1.03233e+006	2331	538631	493700	100	90	1.34156	0.789464	52	51.4	196758	581	1782	1.00601	0.773655	2083
630	765809	2037	274909	490899	100	90	1.3973	0.789464	46	51.4	196758	581	1782	1.08457	0.924482	2083
631	865615	1702	382237	471944	100	90	0.779938	0.789464	52	51.4	0	581	1782	1.03543	0.744903	2083
632	1.01431e+006	1462	485000	512387	100	90	0.667542	0.789464	52	51.4	0	581	1782	1.02814	0.726783	2083
633	1.12726e+006	1218	557235	551760	100	90	0.618406	0.789464	52	51.4	0	581	1782	1.02549	0.724979	2083
634	1.16634e+006	1038	588247	560740	100	90	0.651205	0.789464	52	51.4	0	581	1782	1.02835	0.741891	2083
635	1.15628e+006	973	595792	544783	100	90	0.74127	0.789464	52	51.4	0	581	1782	1.03348	0.760829	2083
636	1.15126e+006	1799	609907	541358	100	90	1.3138	0.789464	52	51.4	0	581	1782	1.03144	0.752056	2083
637	1.16012e+006	1680	619041	541076	100	90	1.49876	0.789464	52	51.4	0	581	1782	1.0355	0.747512	2083
638	1.13562e+006	1569	610483	525138	100	90	1.67652	0.789464	52	51.4	0	581	1782	1.03292	0.746918	2083
639	1.09093e+006	1316	590057	500873	100	90	1.79525	0.789464	52	51.4	0	581	1782	1.03405	0.738829	2083
640	1.02322e+006	1114	556059	467162	100	90	1.82324	0.789464	52	51.4	0	581	1782	1.03556	0.734973	2083
641	962873	953	525159	437713	100	90	1.86695	0.789464	52	51.4	0	581	1782	1.04799	0.744409	2083
642	877966	813	480687	397278	100	90	1.88907	0.789464	52	51.4	0	581	1782	1.04824	0.748443	2083
643	838161	737	460073	378088	100	90	1.96269	0.789464	52	51.4	0	581	1782	1.05464	0.758242	2083
644	789577	665	433338	356239	100	90	1.99279	0.789464	52	51.4	0	581	1782	1.07152	0.775229	2083
645	716602	560	393331	323271	100	90	2.00341	0.789464	52	51.4	0	581	1782	1.08716	0.778986	2083
646	669458	506	365521	298595	100	90	2.05938	0.789464	52	51.4	0	581	1782	1.09027	0.775967	2083
647	634256	462	344204	280503	100	90	2.08512	0.789464	52	51.4	0	581	1782	1.11268	0.804054	2083
648	603186	430	327605	266034	100	90	2.11072	0.789464	52	51.4	0	581	1782	1.117	0.811138	2083
649	558000	390	303451	245589	100	90	2.09789	0.789464	52	51.4	0	581	1782	1.12069	0.797333	2083
650	513387	349	279737	225447	100	90	2.11679	0.789464	52	51.4	0	581	1782	1.12291	0.794562	2083
651	482275	326	267461	214814	100	90	2.11282	0.789464	52	51.4	0	581	1782	1.12952	0.801303	2083
652	234858	285	41619.4	193238	100	90	0.0946794	0.789464	52	51.4	228551	581	1782	1.00189	0.657576	2083
653	602189	251	246219	355970	100	90	0.0720384	0.789464	52	51.4	228551	581	1782	1.00156	0.647385	2083
654	804935	235	361149	443786	100	90	0.0721	0.789464	52	51.4	228551	581	1782	1.00163	0.671786	2083
655	757962	205	359176	398786	100	90	0.0726622	0.789464	52	51.4	228551	581	1782	1.00161	0.707401	2083
656	846631	173	425071	421560	100	90	0.0824955	0.789464	52	51.4	228551	581	1782	1.00186	0.727169	2083
657	968205	3409	495823	472382	100	90	1.11847	0.789464	52	51.4	228551	581	1782	1.00268	0.748105	2083
658	1.01445e+006	2896	523985	490469	100	90	1.32708	0.789464	52	51.4	228551	581	1782	1.00355	0.757183	2083
659	1.0309e+006	2373	538295	492606	100	90	1.41124	0.789464	52	51.4	228551	581	1782	1.00552	0.759984	2083
660	751602	1954	269661	481941	100	90	1.42978	0.789464	47	51.4	228551	581	1782	1.08107	0.893464	2083
661	840623	1582	371337	458413	100	90	0.716027	0.789464	52	51.4	0	581	1782	1.03102	0.705473	2083
662	978102	1331	467044	495309	100	90	0.590888	0.789464	52	51.4	0	581	1782	1.02433	0.694643	2083
663	1.12932e+006	1101	557493	554507	100	90	0.528619	0.789464	52	51.4	0	581	1782	1.02113	0.687653	2083
664	1.16239e+006	934	583748	562637	100	90	0.548664	0.789464	52	51.4	0	581	1782	1.02184	0.703879	2083
665	1.1029e+006	830	564054	525388	100	90	0.581002	0.789464	52	51.4	0	581	1782	1.02278	0.71506	2083
666	1.10656e+006	1928	582471	524090	100	90	1.25977	0.789464	52	51.4	0	581	1782	1.02251	0.713351	2083
667	1.13082e+006	1818	600178	530637	100	90	1.41525	0.789464	52	51.4	0	581	1782	1.02362	0.726699	2083
668	1.12747e+006	1705	602687	524781	100	90	1.60999	0.789464	52	51.4	0	581	1782	1.02721	0.718825	2083
669	1.06889e+006	1407	575113	493779	100	90	1.71536	0.789464	52	51.4	0	581	1782	1.03246	0.717297	2083
670	1.0247e+006	1181	555063	469636	100	90	1.72633	0.789464	52	51.4	0	581	1782	1.03628	0.715026	2083
671	965917	1014	525797	440121	100	90	1.77519	0.789464	52	51.4	0	581	1782	1.04396	0.721328	2083
672	911741	888	498034	413708	100	90	1.82086	0.789464	52	51.4	0	581	1782	1.05224	0.72069	2083
673	857665	782	469996	387669	100	90	1.86463	0.789464	52	51.4	0	581	1782	1.05767	0.708877	2083
674	794677	685	436257	358421	100	90	1.92133	0.789464	52	51.4	0	581	1782	1.07363	0.722388	2083
675	741656	618	407484	334172	100	90	1.97531	0.789464	52	51.4	0	581	1782	1.08628	0.731219	2083
676	682959	549	372799	304519	100	90	1.99514	0.789464	52	51.4	0	581	1782	1.10265	0.767619	2083
677	648810	509	352008	287277	100	90	2.0094	0.789464	52	51.4	0	581	1782	1.122	0.796258	2083
678	602223	461	327146	265878	100	90	2.02065	0.789464	52	51.4	0	581	1782	1.13608	0.79405	2083
679	562226	416	305599	247848	100	90	2.04687	0.789464	52	51.4	0	581	1782	1.14554	0.805128	2083
680	526528	377	286248	232102	100	90	2.07992	0.789464	52	51.4	0	581	1782	1.14248	0.803977	2083
681	479533	347	265272	214261	100	90	2.09308	0.789464	52	51.4	0	581	1782	1.14869	0.817035	2083
682	245621	313	45006.4	200614	100	90	0.103885	0.789464	52	51.4	225690	581	1782	1.00224	0.651122	2083
683	607740	280	250578	357162	100	90	0.0796825	0.789464	52	51.4	225690	581	1782	1.00187	0.646172	2083
684	818679	243	371099	447579	100	90	0.0746772	0.789464	52	51.4	225690	581	1782	1.00209	0.669792	2083
685	764959	225	363691	401268	100	90	0.0797409	0.789464	52	51.4	225690	581	1782	1.00251	0.701237	2083
686	848895	183	425617	423277	100	90	0.0862855	0.789464	52	51.4	225690	581	1782	1.00295	0.716765	2083
687	976463	3474	498538	477925	100	90	1.12041	0.789464	52	51.4	225690	581	1782	1.00397	0.73	2083
688	1.02604e+006	2912	527665	498375	100	90	1.31478	0.789464	51	51.4	225690	581	1782	1.00552	0.745514	2083
689	1.03991e+006	2311	540084	499829	100	90	1.35203	0.789464	51	51.4	225690	581	1782	1.0072	0.744292	2083
690	744504	1959	266039	478465	100	90	1.40731	0.789464	50	51.4	225690	581	1782	1.07895	0.874101	2083
691	841195	1610	370742	460089	100	90	0.733394	0.789464	52	51.4	0	581	1782	1.03101	0.701957	2083
692	979173	1358	467657	496094	100	90	0.615932	0.789464	52	51.4	0	581	1782	1.02438	0.68948	2083
693	1.11963e+006	1158	551993	550421	100	90	0.577281	0.789464	52	51.4	0	581	1782	1.02279	0.694419	2083
694	1.17633e+006	997	590126	569612	100	90	0.619991	0.789464	52	51.4	0	581	1782	1.02618	0.718359	2083
695	1.15494e+006	927	590169	550214	100	90	0.672332	0.789464	52	51.4	0	581	1782	1.02938	0.736372	2083
696	1.16993e+006	1876	613657	556271	100	90	1.29232	0.789464	52	51.4	0	581	1782	1.03082	0.729297	2083
697	1.18649e+006	1772	627722	558771	100	90	1.4822	0.789464	52	51.4	0	581	1782	1.03369	0.73703	2083
698	1.16229e+006	1622	619663	542630	100	90	1.63379	0.789464	52	51.4	0	581	1782	1.03833	0.734385	2083
699	1.13439e+006	1326	609207	525179	100	90	1.72853	0.789464	52	51.4	0	581	1782	1.04443	0.73065	2083
700	1.09374e+006	1154	589795	503941	100	90	1.8018	0.789464	52	51.4	0	581	1782	1.04703	0.732382	2083
701	1.02199e+006	999	553510	468481	100	90	1.88376	0.789464	52	51.4	0	581	1782	1.05107	0.726434	2083
702	939156	854	510754	428401	100	90	1.93173	0.789464	52	51.4	0	581	1782	1.0586	0.734132	2083
703	885655	779	482967	402688	100	90	2.01005	0.789464	52	51.4	0	581	1782	1.06223	0.746053	2083
704	799800	663	436754	363046	100	90	2.03294	0.789464	52	51.4	0	581	1782	1.07713	0.746106	2083
705	730508	580	400084	330424	100	90	2.01674	0.789464	52	51.4	0	581	1782	1.09633	0.759358	2083
706	655458	496	357367	292632	100	90	2.0404	0.789464	52	51.4	0	581	1782	1.10747	0.76875	2083
707	604066	443	327630	266970	100	90	2.05958	0.789464	52	51.4	0	581	1782	1.10879	0.762791	2083
708	591639	423	320705	261219	100	90	2.08788	0.789464	52	51.4	0	581	1782	1.11461	0.77887	2083
709	535358	375	290052	236252	100	90	2.08817	0.789464	52	51.4	0	581	1782	1.11929	0.765363	2083
710	498891	346	271028	219689	100	90	2.09565	0.789464	52	51.4	0	581	1782	1.13165	0.775385	2083
711	415568	289	230312	185256	100	90	2.02842	0.789464	52	51.4	0	581	1782	1.13531	0.790441	2083
712	208459	258	37286.6	171172	100	90	0.0850867	0.789464	52	51.4	198305	581	1782	1.00206	0.652676	2083
713	577553	213	242888	334665	100	90	0.0607628	0.789464	52	51.4	198305	581	1782	1.00139	0.647723	2083
714	793402	202	362056	431346	100	90	0.0623046	0.789464	52	51.4	198305	581	1782	1.00138	0.670354	2083
715	735671	181	351666	384005	100	90	0.0649643	0.789464	52	51.4	198305	581	1782	1.00156	0.701114	2083
716	844616	170	426620	417997	100	90	0.0811668	0.789464	52	51.4	198305	581	1782	1.0018	0.709383	2083
717	967299	3519	495823	471475	100	90	1.12766	0.789464	52	51.4	198305	581	1782	1.00234	0.722016	2083
718	1.04145e+006	3044	537724	503726	100	90	1.33834	0.789464	51	51.4	198305	581	1782	1.00394	0.736371	2083
719	1.03487e+006	2368	540458	494414	100	90	1.34674	0.789464	51	51.4	198305	581	1782	1.00428	0.733877	2083
720	757581	2023	272488	485093	100	90	1.40407	0.789464	46	51.4	198305	581	1782	1.07448	0.856647	2083
721	863437	1660	382468	470188	100	90	0.743284	0.789464	52	51.4	0	581	1782	1.03095	0.708545	2083
722	1.02497e+006	1430	490581	518506	100	90	0.632648	0.789464	52	51.4	0	581	1782	1.02542	0.694594	2083
723	1.13284e+006	1190	559340	556174	100	90	0.591259	0.789464	52	51.4	0	581	1782	1.02252	0.690808	2083
724	1.16392e+006	1009	585986	561757	100	90	0.626424	0.789464	52	51.4	0	581	1782	1.02351	0.705498	2083
725	1.13978e+006	868	584008	541981	100	90	0.638844	0.789464	52	51.4	0	581	1782	1.024	0.727638	2083
726	1.1221e+006	1848	589528	532574	100	90	1.29224	0.789464	52	51.4	0	581	1782	1.02272	0.723225	2083
727	1.10217e+006	1664	586378	515797	100	90	1.48296	0.789464	52	51.4	0	581	1782	1.02913	0.711475	2083
728	1.08175e+006	1509	580023	501726	100	90	1.62079	0.789464	52	51.4	0	581	1782	1.03416	0.714575	2083
729	1.04935e+006	1252	565895	483455	100	90	1.71453	0.789464	52	51.4	0	581	1782	1.0375	0.712653	2083
730	1.00472e+006	1079	544249	460467	100	90	1.79446	0.789464	52	51.4	0	581	1782	1.0415	0.7109	2083
731	952962	925	517879	435083	100	90	1.87619	0.789464	52	51.4	0	581	1782	1.0541	0.707965	2083
732	887542	804	484226	403316	100	90	1.90673	0.789464	52	51.4	0	581	1782	1.05917	0.713198	2083
733	826625	702	452403	374222	100	90	1.9748	0.789464	52	51.4	0	581	1782	1.07168	0.721168	2083
734	770760	613	422587	348173	100	90	1.99809	0.789464	52	51.4	0	581	1782	1.07367	0.708333	2083
735	690249	528	379450	310799	100	90	2.01444	0.789464	52	51.4	0	581	1782	1.09135	0.718929	2083
736	638944	479	348788	284055	100	90	2.04248	0.789464	52	51.4	0	581	1782	1.1028	0.725532	2083
737	602184	439	326218	265852	100	90	2.06467	0.789464	52	51.4	0	581	1782	1.1195	0.745283	2083
738	511311	358	277024	225026	100	90	2.07529	0.789464	52	51.4	0	581	1782	1.12794	0.740525	2083
739	468031	308	253952	205564	100	90	2.09	0.789464	52	51.4	0	581	1782	1.14024	0.72973	2083
740	426229	270	232019	187006	100	90	2.10038	0.789464	52	51.4	0	581	1782	1.13495	0.713178	2083
741	371603	229	206291	165312	100	90	2.09767	0.789464	52	51.4	0	581	1782	1.14694	0.694064	2083
742	184147	208	31649.4	152498	100	90	0.0701729	0.789464	52	51.4	179963	581	1782	1.00187	0.644506	2083
743	571635	190	238830	332805	100	90	0.0556233	0.789464	52	51.4	179963	581	1782	1.00136	0.639485	2083
744	769602	164	350836	418766	100	90	0.0523562	0.789464	52	51.4	179963	581	1782	1.00146	0.663678	2083
745	697288	138	334413	362875	100	90	0.0515049	0.789464	52	51.4	179963	581	1782	1.00144	0.710644	2083
746	827783	126	419080	408703	100	90	0.0621001	0.789464	52	51.4	179963	581	1782	1.00182	0.720103	2083
747	972275	3477	497651	474625	100	90	1.12607	0.789464	52	51.4	179963	581	1782	1.00243	0.725537	2083
748	1.01473e+006	2915	522493	492241	100	90	1.31898	0.789464	51	51.4	179963	581	1782	1.00382	0.739343	2083
749	1.01732e+006	2293	530280	487043	100	90	1.35049	0.789464	51	51.4	179963	581	1782	1.00539	0.738912	2083
750	764320	1979	274275	490046	100	90	1.42619	0.789464	46	51.4	179963	581	1782	1.07558	0.859827	2083
751	807130	1598	334128	462260	100	90	0.777302	0.789464	52	51.4	0	581	1782	1.03176	0.701991	2083
752	936174	1339	437623	484696	100	90	0.626498	0.789464	52	51.4	0	581	1782	1.02357	0.694547	2083
753	1.08233e+006	1136	529665	536244	100	90	0.572453	0.789464	52	51.4	0	581	1782	1.02087	0.697948	2083
754	1.10426e+006	916	551800	537444	100	90	0.578999	0.789464	52	51.4	0	581	1782	1.02349	0.714207	2083
755	1.09957e+006	843	561575	524800	100	90	0.648754	0.789464	52	51.4	0	581	1782	1.02627	0.730617	2083
756	1.09398e+006	1771	574503	519473	100	90	1.29713	0.789464	52	51.4	0	581	1782	1.02798	0.722222	2083
757	1.07364e+006	1640	569058	504582	100	90	1.42596	0.789464	52	51.4	0	581	1782	1.02963	0.723257	2083
758	1.04767e+006	1527	560186	487483	100	90	1.59227	0.789464	52	51.4	0	581	1782	1.02742	0.713524	2083
759	1.00014e+006	1203	539464	460679	100	90	1.69548	0.789464	52	51.4	0	581	1782	1.03264	0.695101	2083
760	949474	1024	514932	434542	100	90	1.76058	0.789464	52	51.4	0	581	1782	1.04291	0.700099	2083
761	940383	925	512296	428087	100	90	1.81566	0.789464	52	51.4	0	581	1782	1.05167	0.706271	2083
762	872200	798	476257	395943	100	90	1.87892	0.789464	52	51.4	0	581	1782	1.05931	0.708974	2083
763	790969	680	433478	357491	100	90	1.92259	0.789464	52	51.4	0	581	1782	1.06591	0.72006	2083
764	753558	615	413887	339671	100	90	1.97669	0.789464	52	51.4	0	581	1782	1.0761	0.719934	2083
765	693391	551	381645	311746	100	90	1.99097	0.789464	52	51.4	0	581	1782	1.09008	0.724584	2083
766	617910	473	338239	275060	100	90	2.00675	0.789464	52	51.4	0	581	1782	1.1	0.706009	2083
767	585194	428	318514	258248	100	90	2.00778	0.789464	52	51.4	0	581	1782	1.11983	0.730769	2083
768	540252	388	294745	237822	100	90	2.05247	0.789464	52	51.4	0	581	1782	1.11321	0.728723	2083
769	476828	328	260974	209383	100	90	2.04975	0.789464	52	51.4	0	581	1782	1.12994	0.761755	2083
770	431453	290	236223	189471	100	90	2.05349	0.789464	52	51.4	0	581	1782	1.13419	0.777778	2083
771	375312	251	208712	166600	100	90	2.09219	0.789464	52	51.4	0	581	1782	1.14504	0.782427	2083
772	196658	239	34545.4	162112	100	90	0.0792857	0.789464	52	51.4	179093	581	1782	1.00173	0.66361	2083
773	576399	214	241732	334667	100	90	0.062961	0.789464	52	51.4	179093	581	1782	1.00148	0.656967	2083
774	777370	175	355270	422100	100	90	0.0556721	0.789464	52	51.4	179093	581	1782	1.00143	0.687713	2083
775	710136	155	340177	369959	100	90	0.0571745	0.789464	52	51.4	179093	581	1782	1.00135	0.751222	2083
776	821105	138	416136	404969	100	90	0.0678662	0.789464	52	51.4	179093	581	1782	1.00178	0.758656	2083
777	972667	3489	497905	474761	100	90	1.11606	0.789464	52	51.4	179093	581	1782	1.00239	0.765728	2083
778	1.02792e+006	2825	528452	499465	100	90	1.29403	0.789464	52	51.4	179093	581	1782	1.0035	0.777868	2083
779	1.03349e+006	2244	537255	496230	100	90	1.34064	0.789464	52	51.4	179093	581	1782	1.00437	0.765717	2083
780	757035	1907	270183	486851	100	90	1.40997	0.789464	50	51.4	179093	581	1782	1.08188	0.901847	2083
781	889944	1655	394648	484225	100	90	0.799379	0.789464	52	51.4	0	581	1782	1.03549	0.721767	2083
782	1.0219e+006	1399	490154	515738	100	90	0.679042	0.789464	52	51.4	0	581	1782	1.02842	0.706037	2083
783	1.12293e+006	1142	556973	548645	100	90	0.623987	0.789464	52	51.4	0	581	1782	1.02531	0.701666	2083
784	1.15216e+006	943	580830	555613	100	90	0.634963	0.789464	52	51.4	0	581	1782	1.0274	0.721281	2083
785	1.136e+006	891	582603	539402	100	90	0.705986	0.789464	52	51.4	0	581	1782	1.03035	0.749684	2083
786	1.10923e+006	1786	583864	525363	100	90	1.34183	0.789464	52	51.4	0	581	1782	1.03073	0.747688	2083
787	1.08453e+006	1579	575540	508987	100	90	1.4861	0.789464	52	51.4	0	581	1782	1.03974	0.755067	2083
788	1.05657e+006	1430	565441	491126	100	90	1.65095	0.789464	52	51.4	0	581	1782	1.04309	0.737976	2083
789	987047	1152	532367	454680	100	90	1.74735	0.789464	52	51.4	0	581	1782	1.04433	0.725089	2083
790	931275	959	505331	425943	100	90	1.8095	0.789464	52	51.4	0	581	1782	1.04832	0.722401	2083
791	909808	865	495835	413973	100	90	1.86361	0.789464	52	51.4	0	581	1782	1.05837	0.726303	2083
792	863811	779	472587	391224	100	90	1.94296	0.789464	52	51.4	0	581	1782	1.074	0.731481	2083
793	782621	667	429004	353617	100	90	1.99117	0.789464	52	51.4	0	581	1782	1.07702	0.732198	2083
794	718002	593	394084	323918	100	90	2.02083	0.789464	52	51.4	0	581	1782	1.09531	0.744308	2083
795	643715	514	354056	289658	100	90	2.03493	0.789464	52	51.4	0	581	1782	1.09727	0.756539	2083
796	570717	443	311841	253883	100	90	2.05687	0.789464	52	51.4	0	581	1782	1.09553	0.75406	2083
797	526807	400	286006	233076	100	90	2.04943	0.789464	52	51.4	0	581	1782	1.11213	0.774026	2083
798	493756	364	268060	218152	100	90	2.08251	0.789464	52	51.4	0	581	1782	1.12987	0.788406	2083
799	456823	335	248729	201167	100	90	2.10789	0.789464	52	51.4	0	581	1782	1.13411	0.787302	2083
800	411675	292	224313	181235	100	90	2.10157	0.789464	52	51.4	0	581	1782	1.14333	0.781022	2083
801	369137	267	204315	164822	100	90	2.12988	0.789464	52	51.4	0	581	1782	1.15849	0.804878	2083
802	184371	234	33544.1	150827	100	90	0.0762277	0.789464	52	51.4	171145	581	1782	1.00192	0.687996	2083
803	584683	222	248102	336581	100	90	0.0648293	0.789464	52	51.4	171145	581	1782	1.00168	0.681548	2083
804	777321	190	356619	420703	100	90	0.060176	0.789464	52	51.4	171145	581	1782	1.00184	0.708443	2083
805	720486	178	346651	373836	100	90	0.0648212	0.789464	52	51.4	171145	581	1782	1.00203	0.752123	2083
806	836749	165	424774	411975	100	90	0.0806499	0.789464	52	51.4	171145	581	1782	1.00291	0.761271	2083
807	974415	3532	500970	473445	100	90	1.16481	0.789464	52	51.4	171145	581	1782	1.00382	0.767388	2083
808	1.02615e+006	2831	529527	496626	100	90	1.35218	0.789464	52	51.4	171145	581	1782	1.00509	0.770296	2083
809	1.04796e+006	2260	546634	501327	100	90	1.34542	0.789464	52	51.4	171145	581	1782	1.00625	0.764321	2083
810	747830	1889	268581	479249	100	90	1.38125	0.789464	48	51.4	171145	581	1782	1.08712	0.9008	2083
811	848809	1571	377320	460697	100	90	0.751096	0.789464	52	51.4	0	581	1782	1.03513	0.736946	2083
812	989348	1332	474975	498907	100	90	0.629129	0.789464	52	51.4	0	581	1782	1.02746	0.724347	2083
813	1.07634e+006	1050	532314	527825	100	90	0.555554	0.789464	52	51.4	0	581	1782	1.02524	0.734418	2083
814	1.13456e+006	924	571127	547684	100	90	0.611042	0.789464	52	51.4	0	581	1782	1.02897	0.748062	2083
815	1.10773e+006	831	568028	526423	100	90	0.653443	0.789464	52	51.4	0	581	1782	1.03077	0.761635	2083
816	1.10004e+006	1780	578700	521338	100	90	1.29587	0.789464	52	51.4	0	581	1782	1.03064	0.754314	2083
817	1.08026e+006	1590	573979	506283	100	90	1.45524	0.789464	52	51.4	0	581	1782	1.03365	0.745205	2083
818	1.0413e+006	1503	558314	482988	100	90	1.61148	0.789464	52	51.4	0	581	1782	1.03337	0.740691	2083
819	1.00676e+006	1225	544594	462162	100	90	1.69324	0.789464	52	51.4	0	581	1782	1.04145	0.729909	2083
820	946218	1029	516000	430218	100	90	1.74347	0.789464	52	51.4	0	581	1782	1.04554	0.720632	2083
821	914116	911	500689	413426	100	90	1.81457	0.789464	52	51.4	0	581	1782	1.0535	0.719866	2083
822	869989	819	478021	391968	100	90	1.88158	0.789464	52	51.4	0	581	1782	1.05653	0.719801	2083
823	812326	734	447195	365132	100	90	1.95218	0.789464	52	51.4	0	581	1782	1.07167	0.736034	2083
824	752536	658	414728	337809	100	90	1.97435	0.789464	52	51.4	0	581	1782	1.07516	0.730949	2083
825	703500	601	387924	315576	100	90	1.99102	0.789464	52	51.4	0	581	1782	1.08857	0.748727	2083
826	625817	510	342553	277801	100	90	2.00647	0.789464	52	51.4	0	581	1782	1.09722	0.760563	2083
827	555156	433	302762	244239	100	90	2.02909	0.789464	52	51.4	0	581	1782	1.10625	0.77327	2083
828	507453	380	277026	222482	100	90	2.05372	0.789464	52	51.4	0	581	1782	1.10501	0.751366	2083
829	500106	364	273492	218640	100	90	2.09155	0.789464	52	51.4	0	581	1782	1.10204	0.741379	2083
830	443236	316	242639	193715	100	90	2.08241	0.789464	52	51.4	0	581	1782	1.1018	0.726667	2083
831	402381	283	224202	178179	100	90	2.0966	0.789464	52	51.4	0	581	1782	1.10403	0.724907	2083
832	201346	254	36241.2	165105	100	90	0.0843137	0.789464	52	51.4	191513	581	1782	1.0018	0.630688	2083
833	581819	225	245284	336535	100	90	0.0650091	0.789464	52	51.4	191513	581	1782	1.00137	0.625194	2083
834	772672	220	352910	419762	100	90	0.0689534	0.789464	52	51.4	191513	581	1782	1.00155	0.66206	2083
835	709952	191	342350	367602	100	90	0.0693414	0.789464	52	51.4	191513	581	1782	1.00169	0.709479	2083
836	835269	173	424874	410395	100	90	0.0835787	0.789464	52	51.4	191513	581	1782	1.00232	0.722903	2083
837	996071	3399	512960	483111	100	90	1.11968	0.789464	52	51.4	191513	581	1782	1.00367	0.737287	2083
838	1.03475e+006	2840	535571	499182	100	90	1.30512	0.789464	52	51.4	191513	581	1782	1.0054	0.755058	2083
839	1.07785e+006	2317	562814	515032	100	90	1.34008	0.789464	52	51.4	191513	581	1782	1.00699	0.748058	2083
840	795790	2008	284871	510919	100	90	1.41795	0.789464	51	51.4	191513	581	1782	1.08634	0.895238	2083
841	886256	1626	392638	482878	100	90	0.81177	0.789464	52	51.4	0	581	1782	1.03838	0.717254	2083
842	987480	1318	473664	498570	100	90	0.640301	0.789464	52	51.4	0	581	1782	1.02916	0.696573	2083
843	1.09715e+006	1071	543893	536367	100	90	0.567399	0.789464	52	51.4	0	581	1782	1.02643	0.690922	2083
844	1.11625e+006	884	561649	539349	100	90	0.583778	0.789464	52	51.4	0	581	1782	1.0287	0.715181	2083
845	1.1488e+006	897	589057	545801	100	90	0.694091	0.789464	52	51.4	0	581	1782	1.03189	0.729501	2083
846	1.13224e+006	1777	595852	536388	100	90	1.3171	0.789464	52	51.4	0	581	1782	1.03478	0.740772	2083
847	1.12452e+006	1675	597879	526639	100	90	1.50619	0.789464	52	51.4	0	581	1782	1.03904	0.7424	2083
848	1.09499e+006	1544	586011	508981	100	90	1.64712	0.789464	52	51.4	0	581	1782	1.04218	0.729622	2083
849	1.03554e+006	1247	557859	477677	100	90	1.77728	0.789464	52	51.4	0	581	1782	1.05166	0.732787	2083
850	1.00771e+006	1078	545613	462096	100	90	1.81168	0.789464	52	51.4	0	581	1782	1.05545	0.731429	2083
851	964139	953	523634	440505	100	90	1.86049	0.789464	52	51.4	0	581	1782	1.05847	0.726882	2083
852	880141	827	479649	400492	100	90	1.92514	0.789464	52	51.4	0	581	1782	1.05904	0.740695	2083
853	803942	711	438605	365337	100	90	1.96204	0.789464	52	51.4	0	581	1782	1.07383	0.752533	2083
854	762977	647	417217	345760	100	90	2.00035	0.789464	52	51.4	0	581	1782	1.07554	0.757188	2083
855	744181	611	407945	336235	100	90	2.04291	0.789464	52	51.4	0	581	1782	1.08523	0.759322	2083
856	711329	569	387254	317837	100	90	2.07577	0.789464	52	51.4	0	581	1782	1.09621	0.767399	2083
857	670047	523	363175	296531	100	90	2.08385	0.789464	52	51.4	0	581	1782	1.109	0.780876	2083
858	601075	453	326206	265070	100	90	2.1083	0.789464	52	51.4	0	581	1782	1.13196	0.808314	2083
859	574858	424	312260	253377	100	90	2.09794	0.789464	52	51.4	0	581	1782	1.14477	0.82963	2083
860	535827	391	291166	236301	100	90	2.10733	0.789464	52	51.4	0	581	1782	1.15479	0.847826	2083
861	481025	344	265762	215263	100	90	2.10158	0.789464	52	51.4	0	581	1782	1.14754	0.825153	2083
862	247138	313	44577.3	202561	100	90	0.104962	0.789464	52	51.4	224467	581	1782	1.00256	0.652006	2083
863	614653	298	250249	364404	100	90	0.0865093	0.789464	52	51.4	224467	581	1782	1.00235	0.648155	2083
864	808100	271	364172	443928	100	90	0.084694	0.789464	52	51.4	224467	581	1782	1.00228	0.674586	2083
865	755758	245	360983	394775	100	90	0.0880294	0.789464	52	51.4	224467	581	1782	1.00238	0.706764	2083
866	610781	202	190468	420312	100	90	0.0971806	0.789464	52	51.4	224467	581	1782	1.00243	0.713805	2083
867	735053	3305	292221	442832	100	90	1.15962	0.789464	52	51.4	224467	581	1782	1.00359	0.732247	2083
868	904276	3059	407096	497180	100	90	1.45229	0.789464	52	51.4	224467	581	1782	1.00472	0.744518	2083
869	972259	2512	469642	502618	100	90	1.52366	0.789464	52	51.4	224467	581	1782	1.0053	0.749822	2083
870	747118	2126	252861	494257	100	90	1.51727	0.789464	49	51.4	224467	581	1782	1.07684	0.870983	2083
871	827188	1684	357296	459635	100	90	0.759537	0.789464	52	51.4	0	581	1782	1.03013	0.707414	2083
872	968049	1389	458342	494944	100	90	0.614764	0.789464	52	51.4	0	581	1782	1.02249	0.694589	2083
873	1.09357e+006	1141	537131	540057	100	90	0.55655	0.789464	52	51.4	0	581	1782	1.0205	0.689794	2083
874	1.13376e+006	973	567987	550478	100	90	0.59283	0.789464	52	51.4	0	581	1782	1.02189	0.708809	2083
875	1.13049e+006	903	578068	538922	100	90	0.654085	0.789464	52	51.4	0	581	1782	1.02254	0.726522	2083
876	1.15258e+006	1905	605586	546999	100	90	1.30672	0.789464	52	51.4	0	581	1782	1.02585	0.729096	2083
877	1.16787e+006	1784	619641	548231	100	90	1.47431	0.789464	52	51.4	0	581	1782	1.02992	0.738664	2083
878	1.14389e+006	1644	611865	532022	100	90	1.66939	0.789464	52	51.4	0	581	1782	1.03335	0.751553	2083
879	1.08136e+006	1345	582563	498795	100	90	1.76828	0.789464	52	51.4	0	581	1782	1.03801	0.747912	2083
880	988711	1078	535926	452784	100	90	1.79485	0.789464	52	51.4	0	581	1782	1.04394	0.742453	2083
881	913167	912	497628	415539	100	90	1.8499	0.789464	52	51.4	0	581	1782	1.06053	0.755879	2083
882	857576	799	468887	388689	100	90	1.88846	0.789464	52	51.4	0	581	1782	1.06835	0.761844	2083
883	819672	732	449625	370047	100	90	1.98071	0.789464	52	51.4	0	581	1782	1.07854	0.774194	2083
884	775111	657	426161	348949	100	90	2.03069	0.789464	52	51.4	0	581	1782	1.09363	0.784038	2083
885	705898	579	388866	317032	100	90	2.05414	0.789464	52	51.4	0	581	1782	1.11246	0.80322	2083
886	678593	538	370832	301835	100	90	2.07302	0.789464	52	51.4	0	581	1782	1.13233	0.821359	2083
887	624112	473	338626	275081	100	90	2.09436	0.789464	52	51.4	0	581	1782	1.14729	0.824053	2083
888	566020	418	307203	249189	100	90	2.09466	0.789464	52	51.4	0	581	1782	1.16036	0.843038	2083
889	541901	388	294396	238014	100	90	2.11682	0.789464	52	51.4	0	581	1782	1.17561	0.864641	2083
890	531399	375	288719	233710	100	90	2.11711	0.789464	52	51.4	0	581	1782	1.17995	0.862069	2083
891	488089	349	269723	218366	100	90	2.12255	0.789464	52	51.4	0	581	1782	1.18663	0.88162	2083
892	256296	324	47945.7	208351	100	90	0.108317	0.789464	52	51.4	226594	581	1782	1.00318	0.661027	2083
893	633338	318	259701	373637	100	90	0.0905033	0.789464	52	51.4	226594	581	1782	1.00263	0.659017	2083
894	844395	298	382337	462058	100	90	0.0913119	0.789464	52	51.4	226594	581	1782	1.00284	0.688087	2083
895	786073	250	375114	410959	100	90	0.0898326	0.789464	51	51.4	226594	581	1782	1.00271	0.728042	2083
896	867007	234	435000	432007	100	90	0.108737	0.789464	51	51.4	226594	581	1782	1.00336	0.746178	2083
897	974616	3404	497062	477554	100	90	1.16087	0.789464	51	51.4	226594	581	1782	1.00443	0.752759	2083
898	1.0482e+006	2946	538912	509288	100	90	1.37618	0.789464	51	51.4	226594	581	1782	1.00638	0.763893	2083
899	1.02667e+006	2322	532742	493925	100	90	1.41516	0.789464	51	51.4	226594	581	1782	1.00737	0.764431	2083
900	766878	1978	273427	493451	100	90	1.48876	0.789464	48	51.4	226594	581	1782	1.0803	0.896991	2083
901	868436	1633	382754	475713	100	90	0.745657	0.789464	52	51.4	0	581	1782	1.03058	0.730403	2083
902	986161	1343	471186	501095	100	90	0.601644	0.789464	52	51.4	0	581	1782	1.02303	0.713003	2083
903	1.12209e+006	1122	553293	553828	100	90	0.565275	0.789464	52	51.4	0	581	1782	1.02229	0.714576	2083
904	1.17897e+006	967	590942	573828	100	90	0.60129	0.789464	52	51.4	0	581	1782	1.02456	0.738856	2083
905	1.13426e+006	895	579280	542605	100	90	0.658538	0.789464	52	51.4	0	581	1782	1.0262	0.751206	2083
906	1.1312e+006	1999	593412	537790	100	90	1.34895	0.789464	52	51.4	0	581	1782	1.02729	0.749511	2083
907	1.12928e+006	1686	598297	530982	100	90	1.44097	0.789464	52	51.4	0	581	1782	1.03128	0.737629	2083
908	1.09554e+006	1601	585263	510276	100	90	1.66074	0.789464	52	51.4	0	581	1782	1.03184	0.736341	2083
909	1.07938e+006	1314	580125	499252	100	90	1.79529	0.789464	52	51.4	0	581	1782	1.04041	0.737209	2083
910	1.00394e+006	1075	542211	461727	100	90	1.83917	0.789464	52	51.4	0	581	1782	1.04815	0.734848	2083
911	943295	934	512464	430831	100	90	1.88684	0.789464	52	51.4	0	581	1782	1.06195	0.743478	2083
912	882222	816	480665	401556	100	90	1.89735	0.789464	52	51.4	0	581	1782	1.06215	0.738213	2083
913	832517	729	454623	377894	100	90	1.95203	0.789464	52	51.4	0	581	1782	1.07383	0.759053	2083
914	801952	676	437839	364114	100	90	2.00041	0.789464	52	51.4	0	581	1782	1.09149	0.769231	2083
915	766472	624	417829	348643	100	90	2.04236	0.789464	52	51.4	0	581	1782	1.10458	0.778325	2083
916	701468	557	379290	315940	100	90	2.06607	0.789464	52	51.4	0	581	1782	1.11311	0.787823	2083
917	658640	517	354668	293334	100	90	2.10321	0.789464	52	51.4	0	581	1782	1.11636	0.791165	2083
918	635031	486	341963	282230	100	90	2.13	0.789464	52	51.4	0	581	1782	1.12525	0.801296	2083
919	600374	446	323448	266163	100	90	2.15771	0.789464	52	51.4	0	581	1782	1.12889	0.801418	2083
920	513457	370	277414	227079	100	90	2.13885	0.789464	52	51.4	0	581	1782	1.13564	0.817143	2083
921	472489	340	260716	211773	100	90	2.13518	0.789464	52	51.4	0	581	1782	1.13994	0.823899	2083
922	240363	303	44091.2	196272	100	90	0.101875	0.789464	52	51.4	219306	581	1782	1.00278	0.677995	2083
923	607083	275	248949	358134	100	90	0.0788299	0.789464	52	51.4	219306	581	1782	1.00204	0.672452	2083
924	829115	232	377107	452008	100	90	0.0714662	0.789464	52	51.4	219306	581	1782	1.00189	0.696381	2083
925	769564	214	365761	403803	100	90	0.075886	0.789464	52	51.4	219306	581	1782	1.0019	0.734492	2083
926	843192	192	423009	420183	100	90	0.0885363	0.789464	52	51.4	219306	581	1782	1.00247	0.742752	2083
927	976962	3434	497715	479247	100	90	1.12219	0.789464	52	51.4	219306	581	1782	1.00343	0.747686	2083
928	1.05354e+006	2969	540911	512627	100	90	1.33572	0.789464	52	51.4	219306	581	1782	1.00481	0.752972	2083
929	1.05716e+006	2391	548373	508791	100	90	1.408	0.789464	52	51.4	219306	581	1782	1.00597	0.742586	2083
930	798593	2095	284581	514012	100	90	1.47695	0.789464	46	51.4	219306	581	1782	1.07076	0.855497	2083
